#!ascii label  , from subject sub-v1s22x0050497_ses-1 vox2ras=TkReg
1121
40811  -2.346  -43.191  82.847 0.0000000000
52858  -29.830  -31.432  75.327 0.0000000000
58706  -27.209  -25.383  72.050 0.0000000000
51854  -19.857  -30.225  80.242 0.0000000000
63714  -32.356  -19.598  63.343 0.0000000000
64663  -25.850  -18.662  66.518 0.0000000000
51847  -30.238  -29.887  80.368 0.0000000000
141038  -24.990  -30.301  77.206 0.0000000000
121968  -36.638  -17.240  65.473 0.0000000000
66719  -40.161  -16.368  63.228 0.0000000000
69482  -42.359  -13.340  60.807 0.0000000000
61582  -27.135  -20.929  74.952 0.0000000000
60663  -24.444  -22.534  69.534 0.0000000000
64605  -29.026  -18.236  71.330 0.0000000000
66649  -30.728  -15.849  68.816 0.0000000000
46830  -14.910  -37.041  77.283 0.0000000000
37055  1.007  -46.295  84.481 0.0000000000
56814  -31.481  -26.991  72.788 0.0000000000
119608  -27.608  -24.246  77.062 0.0000000000
50051  -15.556  -33.375  75.319 0.0000000000
53810  -19.446  -29.289  73.521 0.0000000000
69519  -38.805  -13.146  56.012 0.0000000000
72229  -43.518  -10.546  58.502 0.0000000000
63697  -30.345  -18.449  64.099 0.0000000000
64636  -34.352  -18.224  68.249 0.0000000000
42702  -4.383  -40.599  79.612 0.0000000000
33579  2.740  -51.045  80.019 0.0000000000
65704  -38.469  -16.739  64.044 0.0000000000
124131  -28.585  -19.807  73.317 0.0000000000
44752  -13.321  -38.362  75.322 0.0000000000
37956  -0.595  -44.687  83.968 0.0000000000
53825  -29.887  -29.545  72.269 0.0000000000
136299  -31.758  -29.560  74.009 0.0000000000
135225  -16.776  -30.506  77.912 0.0000000000
52852  -16.573  -30.505  75.019 0.0000000000
53765  -19.031  -29.459  77.269 0.0000000000
51911  -27.493  -31.564  76.220 0.0000000000
51936  -24.578  -31.253  74.453 0.0000000000
51951  -27.414  -30.912  73.809 0.0000000000
51824  -17.760  -30.511  81.595 0.0000000000
50028  -15.457  -33.529  78.945 0.0000000000
66750  -36.058  -16.537  58.714 0.0000000000
68595  -38.211  -13.920  57.233 0.0000000000
71301  -42.581  -11.650  59.397 0.0000000000
62613  -24.920  -20.787  68.014 0.0000000000
64679  -27.874  -17.450  65.034 0.0000000000
66665  -32.926  -16.388  68.319 0.0000000000
121653  -9.626  -36.956  77.495 0.0000000000
45774  -7.221  -36.711  79.554 0.0000000000
45749  -5.467  -37.487  81.367 0.0000000000
44725  -5.438  -38.726  77.701 0.0000000000
34425  1.228  -49.432  79.417 0.0000000000
51914  -30.530  -31.972  76.489 0.0000000000
53776  -32.058  -29.527  76.082 0.0000000000
53753  -32.923  -28.812  79.084 0.0000000000
52774  -22.495  -30.327  81.889 0.0000000000
51873  -22.077  -29.688  79.180 0.0000000000
53751  -25.047  -29.404  79.609 0.0000000000
130310  -28.042  -30.138  78.020 0.0000000000
63701  -34.404  -19.116  64.463 0.0000000000
64726  -36.132  -17.831  63.163 0.0000000000
138629  -37.079  -16.682  62.119 0.0000000000
142418  -37.980  -14.483  60.983 0.0000000000
69479  -38.680  -13.494  60.251 0.0000000000
68569  -40.918  -14.881  61.471 0.0000000000
129566  -26.181  -22.982  73.673 0.0000000000
128548  -25.166  -24.001  71.423 0.0000000000
61605  -25.379  -21.639  71.761 0.0000000000
63619  -26.645  -19.793  70.806 0.0000000000
64621  -27.607  -18.121  69.431 0.0000000000
143924  -28.474  -17.026  67.792 0.0000000000
66628  -29.575  -16.798  71.041 0.0000000000
119645  -13.209  -39.184  77.673 0.0000000000
44736  -11.791  -38.038  76.212 0.0000000000
74216  -42.540  -8.064  54.492 0.0000000000
36139  2.522  -46.639  84.590 0.0000000000
55856  -30.147  -28.018  71.040 0.0000000000
56813  -29.201  -25.966  71.929 0.0000000000
57708  -31.372  -26.207  75.642 0.0000000000
58672  -29.854  -25.136  74.477 0.0000000000
58670  -27.893  -24.560  74.364 0.0000000000
60591  -26.541  -22.680  76.365 0.0000000000
129539  -21.977  -30.269  75.517 0.0000000000
140923  -15.282  -35.465  79.813 0.0000000000
131650  -14.927  -35.357  76.843 0.0000000000
71299  -39.885  -11.774  58.801 0.0000000000
72236  -40.468  -10.574  57.046 0.0000000000
73215  -41.745  -9.683  56.082 0.0000000000
74197  -44.643  -8.387  57.321 0.0000000000
38993  -2.976  -44.156  79.522 0.0000000000
37097  -1.082  -45.726  80.271 0.0000000000
62665  -31.768  -19.759  63.590 0.0000000000
65666  -30.497  -17.130  67.098 0.0000000000
64667  -32.566  -18.753  66.580 0.0000000000
62643  -33.288  -19.730  65.718 0.0000000000
64656  -35.863  -18.663  67.468 0.0000000000
41711  -3.627  -41.726  81.139 0.0000000000
36183  0.224  -46.793  81.112 0.0000000000
35239  2.266  -48.182  82.230 0.0000000000
35243  3.058  -48.701  81.648 0.0000000000
138842  -1.666  -44.370  82.900 0.0000000000
52884  -29.186  -30.584  73.610 0.0000000000
53813  -30.091  -30.070  73.331 0.0000000000
52871  -30.447  -31.099  74.910 0.0000000000
52799  -17.921  -30.074  79.037 0.0000000000
131788  -18.379  -29.829  77.814 0.0000000000
52816  -19.611  -29.976  78.979 0.0000000000
51926  -28.429  -31.751  75.680 0.0000000000
51939  -26.847  -31.103  74.667 0.0000000000
52869  -28.549  -30.898  74.274 0.0000000000
52882  -27.612  -30.809  72.750 0.0000000000
51841  -20.734  -30.591  81.992 0.0000000000
51814  -19.928  -31.160  82.435 0.0000000000
51839  -18.745  -30.153  80.978 0.0000000000
50943  -16.573  -31.171  79.856 0.0000000000
130863  -37.985  -14.576  57.703 0.0000000000
123761  -27.830  -26.538  71.016 0.0000000000
57756  -26.196  -26.077  70.908 0.0000000000
64647  -25.432  -19.391  67.135 0.0000000000
63667  -24.822  -19.858  65.758 0.0000000000
64664  -26.618  -17.822  66.156 0.0000000000
46828  -8.246  -36.180  77.204 0.0000000000
45787  -8.145  -36.486  79.040 0.0000000000
45786  -7.209  -36.463  78.456 0.0000000000
45785  -5.833  -37.532  78.966 0.0000000000
45798  -6.340  -37.602  77.253 0.0000000000
129686  -30.175  -30.126  78.397 0.0000000000
52821  -31.396  -30.250  77.333 0.0000000000
126015  -31.394  -29.157  79.322 0.0000000000
52763  -23.361  -30.051  82.762 0.0000000000
53737  -23.320  -29.498  81.089 0.0000000000
53726  -24.943  -28.951  81.401 0.0000000000
51829  -29.184  -30.381  80.862 0.0000000000
51844  -28.440  -29.886  79.827 0.0000000000
51863  -29.395  -30.038  79.162 0.0000000000
50952  -29.147  -31.237  77.834 0.0000000000
64697  -35.479  -18.623  65.211 0.0000000000
64725  -35.509  -18.269  63.620 0.0000000000
64698  -36.183  -18.059  64.494 0.0000000000
66705  -39.760  -16.725  63.865 0.0000000000
65727  -37.759  -16.951  63.139 0.0000000000
67662  -38.691  -15.986  62.714 0.0000000000
67677  -37.329  -15.667  61.766 0.0000000000
131906  -39.070  -15.440  62.328 0.0000000000
68567  -39.398  -14.581  61.425 0.0000000000
67664  -40.587  -15.560  62.303 0.0000000000
128189  -26.284  -21.974  74.115 0.0000000000
60633  -25.708  -22.717  72.867 0.0000000000
61593  -26.436  -21.218  73.651 0.0000000000
64597  -28.647  -18.881  71.951 0.0000000000
62585  -27.141  -20.046  72.040 0.0000000000
63621  -27.951  -19.095  71.351 0.0000000000
141864  -26.645  -19.372  70.174 0.0000000000
64608  -27.882  -18.485  70.157 0.0000000000
64622  -28.296  -17.799  69.703 0.0000000000
65617  -29.482  -17.630  71.628 0.0000000000
45791  -15.695  -37.489  78.495 0.0000000000
122952  -14.931  -39.146  78.142 0.0000000000
44715  -14.329  -38.854  77.646 0.0000000000
44737  -12.654  -38.359  75.875 0.0000000000
75104  -43.946  -7.281  55.763 0.0000000000
76013  -43.823  -6.729  54.414 0.0000000000
138327  1.956  -46.598  84.841 0.0000000000
133882  -30.600  -28.646  72.392 0.0000000000
53843  -29.988  -28.826  71.132 0.0000000000
55840  -30.452  -27.626  71.703 0.0000000000
56827  -29.656  -26.608  71.465 0.0000000000
123667  -29.964  -26.271  72.171 0.0000000000
55804  -31.847  -27.775  77.323 0.0000000000
142404  -31.817  -27.592  75.577 0.0000000000
57702  -31.115  -26.227  76.768 0.0000000000
58643  -28.432  -24.494  77.818 0.0000000000
120243  -29.800  -25.412  75.851 0.0000000000
58660  -29.033  -24.909  75.937 0.0000000000
58671  -28.976  -24.918  74.432 0.0000000000
58659  -27.443  -24.371  75.385 0.0000000000
59646  -26.602  -23.656  75.144 0.0000000000
59631  -26.686  -23.137  76.995 0.0000000000
53795  -17.775  -29.643  73.982 0.0000000000
51893  -23.545  -29.715  77.788 0.0000000000
52831  -22.434  -29.847  77.164 0.0000000000
51907  -23.761  -30.687  76.635 0.0000000000
52868  -23.205  -30.944  73.700 0.0000000000
48931  -15.606  -34.779  81.146 0.0000000000
50036  -15.707  -33.134  77.653 0.0000000000
141889  -15.457  -34.136  77.598 0.0000000000
48973  -15.371  -34.052  76.037 0.0000000000
47921  -14.831  -35.486  74.499 0.0000000000
122949  -40.821  -13.604  60.644 0.0000000000
70418  -39.398  -12.345  59.229 0.0000000000
70419  -40.245  -12.245  59.521 0.0000000000
71313  -43.070  -11.139  58.894 0.0000000000
71311  -41.061  -11.264  58.659 0.0000000000
72238  -42.346  -10.357  57.602 0.0000000000
72245  -41.166  -10.192  56.531 0.0000000000
73210  -42.858  -9.778  57.195 0.0000000000
73217  -43.338  -9.195  56.800 0.0000000000
123166  -44.195  -9.322  57.862 0.0000000000
59688  -24.720  -23.123  70.986 0.0000000000
57754  -24.725  -24.815  70.267 0.0000000000
62683  -30.384  -20.249  62.063 0.0000000000
63713  -30.822  -19.334  63.723 0.0000000000
65645  -29.504  -16.632  68.347 0.0000000000
134794  -29.677  -16.821  67.543 0.0000000000
66663  -30.396  -16.423  68.211 0.0000000000
65649  -33.696  -17.222  68.275 0.0000000000
65668  -32.531  -17.490  67.281 0.0000000000
64652  -32.986  -18.347  67.175 0.0000000000
63670  -32.965  -19.552  66.246 0.0000000000
63658  -34.277  -19.595  67.184 0.0000000000
62633  -34.549  -19.765  66.609 0.0000000000
64637  -35.127  -18.574  68.309 0.0000000000
44674  -4.835  -38.931  80.871 0.0000000000
42669  -4.092  -39.802  81.776 0.0000000000
139207  -3.754  -40.621  81.902 0.0000000000
41720  -4.004  -41.050  80.547 0.0000000000
137136  -3.785  -42.208  79.691 0.0000000000
120121  -4.161  -41.254  78.874 0.0000000000
36205  -0.618  -47.149  78.876 0.0000000000
37096  -0.435  -46.286  80.617 0.0000000000
142275  -0.137  -47.664  79.122 0.0000000000
34424  2.007  -50.002  79.831 0.0000000000
35251  1.613  -48.631  80.846 0.0000000000
34417  2.307  -49.043  80.975 0.0000000000
34404  2.721  -48.423  82.085 0.0000000000
34416  2.791  -49.496  80.776 0.0000000000
53715  -27.445  -29.790  82.499 0.0000000000
66684  -37.748  -16.010  66.154 0.0000000000
65695  -37.355  -16.744  65.019 0.0000000000
67636  -38.717  -15.647  65.711 0.0000000000
62536  -27.964  -20.407  74.237 0.0000000000
45823  -14.323  -37.436  75.874 0.0000000000
44753  -13.951  -38.136  76.169 0.0000000000
38904  -0.051  -44.431  85.666 0.0000000000
37056  0.521  -45.822  84.109 0.0000000000
52897  -29.227  -30.109  72.531 0.0000000000
53826  -30.554  -29.317  72.760 0.0000000000
54809  -31.887  -28.414  73.481 0.0000000000
60577  -27.305  -22.401  78.582 0.0000000000
51889  -15.949  -31.757  77.189 0.0000000000
50979  -16.034  -31.980  75.167 0.0000000000
51905  -16.707  -30.362  77.007 0.0000000000
53771  -17.861  -29.450  75.753 0.0000000000
53782  -19.363  -29.100  75.581 0.0000000000
122441  -26.346  -30.898  76.746 0.0000000000
51924  -24.635  -31.139  75.685 0.0000000000
136613  -25.892  -31.201  75.620 0.0000000000
144015  -25.588  -31.405  73.816 0.0000000000
51964  -26.869  -31.087  71.934 0.0000000000
50005  -16.710  -32.578  82.106 0.0000000000
50013  -15.571  -33.321  80.496 0.0000000000
131388  -15.908  -32.276  80.311 0.0000000000
50950  -15.681  -32.138  78.630 0.0000000000
66749  -35.526  -16.686  59.059 0.0000000000
69510  -38.465  -13.317  56.671 0.0000000000
129820  -43.152  -13.281  60.831 0.0000000000
70421  -42.113  -12.265  59.836 0.0000000000
61646  -24.736  -21.785  69.080 0.0000000000
64707  -27.198  -18.582  63.386 0.0000000000
64694  -28.575  -17.672  64.311 0.0000000000
67597  -32.676  -15.131  70.404 0.0000000000
66650  -31.930  -15.748  68.530 0.0000000000
67613  -33.236  -15.823  69.798 0.0000000000
45777  -10.122  -37.900  78.745 0.0000000000
45776  -9.762  -37.489  79.456 0.0000000000
120503  -7.804  -37.028  81.267 0.0000000000
45761  -6.014  -37.212  80.791 0.0000000000
44694  -5.467  -38.377  79.551 0.0000000000
43703  -4.923  -39.787  78.878 0.0000000000
119838  -4.782  -40.780  77.433 0.0000000000
42730  -5.310  -39.980  77.024 0.0000000000
52844  -29.920  -31.687  75.606 0.0000000000
53785  -31.325  -31.014  75.383 0.0000000000
143816  -31.610  -30.477  76.235 0.0000000000
54781  -32.689  -29.411  77.419 0.0000000000
51842  -20.828  -30.247  81.478 0.0000000000
51871  -20.873  -29.945  79.516 0.0000000000
51857  -21.471  -29.825  80.419 0.0000000000
52802  -23.705  -29.112  78.718 0.0000000000
52820  -25.595  -29.669  78.166 0.0000000000
53740  -26.496  -29.426  80.703 0.0000000000
52805  -26.751  -29.780  79.094 0.0000000000
51877  -26.580  -30.415  77.400 0.0000000000
50951  -28.432  -30.893  77.714 0.0000000000
50970  -28.956  -32.153  76.952 0.0000000000
50923  -21.951  -31.368  82.963 0.0000000000
63715  -33.299  -19.354  63.700 0.0000000000
63746  -32.429  -18.741  61.672 0.0000000000
63732  -33.741  -18.812  63.151 0.0000000000
64738  -33.797  -17.760  61.793 0.0000000000
65740  -35.501  -17.228  61.787 0.0000000000
124528  -37.645  -17.087  63.755 0.0000000000
65741  -36.476  -17.278  62.264 0.0000000000
66731  -36.046  -16.575  61.449 0.0000000000
67686  -36.171  -15.942  60.783 0.0000000000
67693  -36.852  -15.103  59.652 0.0000000000
68583  -37.433  -14.566  59.320 0.0000000000
69488  -37.822  -14.066  59.067 0.0000000000
68578  -38.351  -14.138  60.728 0.0000000000
68580  -40.237  -14.281  61.012 0.0000000000
137872  -41.085  -14.330  61.058 0.0000000000
134196  -42.315  -15.491  62.790 0.0000000000
69472  -42.661  -13.926  61.348 0.0000000000
130724  -26.085  -24.305  72.416 0.0000000000
58704  -25.808  -24.639  71.649 0.0000000000
59671  -25.614  -23.424  72.353 0.0000000000
59678  -25.237  -23.261  71.726 0.0000000000
61621  -25.078  -21.493  70.836 0.0000000000
62568  -26.641  -20.516  72.405 0.0000000000
62583  -25.639  -20.851  71.314 0.0000000000
61638  -25.054  -21.162  69.869 0.0000000000
62601  -25.658  -20.022  69.233 0.0000000000
63648  -25.771  -19.536  68.743 0.0000000000
64632  -26.530  -18.080  68.177 0.0000000000
64649  -27.153  -17.539  67.711 0.0000000000
64634  -28.018  -17.533  69.052 0.0000000000
65630  -29.158  -16.735  69.214 0.0000000000
131800  -30.027  -15.997  69.510 0.0000000000
67575  -30.768  -15.588  71.745 0.0000000000
67596  -31.570  -15.092  70.223 0.0000000000
44713  -12.724  -39.500  78.232 0.0000000000
44738  -13.476  -38.611  76.455 0.0000000000
44727  -12.710  -38.761  76.889 0.0000000000
142500  -11.532  -38.505  77.789 0.0000000000
45801  -10.218  -37.267  76.976 0.0000000000
56826  -28.684  -26.389  71.313 0.0000000000
57734  -28.014  -25.428  72.243 0.0000000000
53801  -32.070  -30.013  75.008 0.0000000000
55823  -32.145  -27.850  74.027 0.0000000000
144271  -31.925  -26.667  73.365 0.0000000000
57707  -30.945  -25.565  74.957 0.0000000000
139467  -30.571  -25.523  73.488 0.0000000000
57722  -29.907  -25.310  73.275 0.0000000000
58699  -28.292  -25.108  72.886 0.0000000000
58698  -27.400  -25.093  72.634 0.0000000000
136375  -26.368  -24.005  73.557 0.0000000000
60614  -26.389  -22.814  74.607 0.0000000000
143726  -26.728  -21.368  75.503 0.0000000000
61548  -27.220  -21.694  77.753 0.0000000000
62506  -27.786  -20.926  77.160 0.0000000000
52818  -20.982  -29.920  78.674 0.0000000000
52841  -20.686  -29.367  76.784 0.0000000000
53784  -20.766  -29.355  74.933 0.0000000000
141363  -23.141  -30.915  75.393 0.0000000000
52879  -21.801  -30.320  73.600 0.0000000000
46798  -15.639  -36.742  79.234 0.0000000000
46812  -15.333  -36.493  78.555 0.0000000000
48949  -15.434  -34.004  79.592 0.0000000000
47852  -15.098  -35.615  78.454 0.0000000000
47869  -14.871  -36.084  77.099 0.0000000000
46851  -14.584  -36.511  75.588 0.0000000000
69494  -38.167  -13.274  58.282 0.0000000000
70427  -38.457  -12.586  57.951 0.0000000000
71308  -38.806  -11.956  57.575 0.0000000000
129580  -40.710  -11.735  59.173 0.0000000000
71310  -40.219  -11.303  58.290 0.0000000000
71326  -39.108  -11.449  56.260 0.0000000000
72252  -39.631  -10.968  55.637 0.0000000000
72261  -39.982  -10.866  54.868 0.0000000000
73228  -41.115  -9.862  54.589 0.0000000000
74208  -42.105  -8.881  54.821 0.0000000000
74210  -43.226  -8.259  55.975 0.0000000000
39913  -2.787  -43.872  81.088 0.0000000000
38963  -2.197  -44.372  81.540 0.0000000000
38992  -2.457  -44.633  79.485 0.0000000000
57755  -25.270  -25.645  70.568 0.0000000000
125426  -32.045  -19.765  63.241 0.0000000000
65680  -28.099  -16.931  66.329 0.0000000000
65681  -29.097  -16.856  66.366 0.0000000000
129501  -30.366  -17.578  65.190 0.0000000000
133443  -31.940  -16.769  67.441 0.0000000000
64650  -31.374  -17.422  66.797 0.0000000000
64696  -30.759  -18.244  64.781 0.0000000000
63699  -31.524  -19.505  64.505 0.0000000000
62653  -32.163  -19.793  64.491 0.0000000000
62667  -32.888  -19.690  64.170 0.0000000000
63685  -34.298  -19.244  65.191 0.0000000000
63686  -34.819  -19.151  65.810 0.0000000000
125596  -36.085  -17.858  67.052 0.0000000000
41693  -2.524  -42.032  83.600 0.0000000000
41703  -3.080  -41.681  82.441 0.0000000000
39900  -3.046  -42.737  81.669 0.0000000000
39946  -3.288  -43.408  79.868 0.0000000000
39964  -3.504  -43.260  78.304 0.0000000000
37083  -0.937  -45.272  82.283 0.0000000000
122350  -0.219  -45.892  82.218 0.0000000000
37081  0.774  -46.658  83.002 0.0000000000
135452  1.008  -48.179  80.529 0.0000000000
35245  1.398  -47.900  81.246 0.0000000000
36153  1.574  -47.031  83.543 0.0000000000
35231  1.972  -47.383  83.369 0.0000000000
35230  2.543  -47.456  83.034 0.0000000000
32766  2.838  -51.051  80.112 0.0000000000
34415  3.118  -49.917  80.510 0.0000000000
133282  -1.937  -43.793  83.110 0.0000000000
52870  -29.540  -31.018  74.627 0.0000000000
122783  -30.037  -30.783  74.152 0.0000000000
52800  -18.881  -29.928  79.461 0.0000000000
52815  -18.643  -29.917  78.664 0.0000000000
52801  -19.858  -30.043  79.677 0.0000000000
51941  -28.985  -31.432  75.076 0.0000000000
51940  -28.021  -31.275  74.884 0.0000000000
129358  -20.055  -30.411  81.391 0.0000000000
51840  -19.509  -30.057  80.235 0.0000000000
51853  -18.498  -30.041  80.096 0.0000000000
68589  -37.671  -14.522  58.420 0.0000000000
57749  -27.734  -25.942  71.628 0.0000000000
56825  -27.085  -26.317  71.003 0.0000000000
57748  -26.787  -25.694  71.548 0.0000000000
63668  -24.848  -20.025  66.668 0.0000000000
136963  -25.276  -19.405  66.351 0.0000000000
63680  -25.467  -19.130  65.644 0.0000000000
64677  -26.143  -18.456  65.532 0.0000000000
46827  -7.502  -36.863  76.929 0.0000000000
46808  -7.601  -36.319  77.638 0.0000000000
142384  -6.909  -37.291  77.078 0.0000000000
45799  -6.901  -36.875  77.567 0.0000000000
52807  -30.813  -29.709  78.476 0.0000000000
51865  -30.496  -29.597  79.370 0.0000000000
53712  -24.257  -29.792  83.210 0.0000000000
119542  -24.594  -29.254  82.353 0.0000000000
51846  -29.543  -30.035  80.185 0.0000000000
51864  -29.890  -29.900  79.269 0.0000000000
51881  -29.770  -30.387  78.266 0.0000000000
122252  -36.079  -18.074  65.532 0.0000000000
66718  -39.082  -16.386  63.331 0.0000000000
67663  -39.574  -15.837  62.675 0.0000000000
67679  -39.680  -15.226  62.028 0.0000000000
66720  -41.049  -16.304  63.118 0.0000000000
133453  -26.628  -21.288  74.352 0.0000000000
62535  -27.030  -20.713  73.990 0.0000000000
64604  -28.476  -18.605  71.174 0.0000000000
63625  -28.063  -18.691  70.772 0.0000000000
64609  -28.614  -18.172  70.513 0.0000000000
46811  -15.180  -37.131  77.939 0.0000000000
45790  -15.179  -38.177  77.971 0.0000000000
45802  -14.798  -37.961  77.457 0.0000000000
76002  -43.650  -7.136  55.079 0.0000000000
76003  -44.231  -6.729  55.267 0.0000000000
37042  0.671  -45.733  84.939 0.0000000000
37041  1.017  -46.168  85.283 0.0000000000
37040  1.459  -46.297  85.471 0.0000000000
36127  1.323  -46.522  84.695 0.0000000000
133041  -30.895  -28.053  72.258 0.0000000000
54820  -30.347  -28.312  71.763 0.0000000000
55829  -30.996  -27.331  72.209 0.0000000000
56828  -30.391  -26.946  71.785 0.0000000000
134367  -30.751  -26.600  72.463 0.0000000000
56785  -31.438  -26.769  77.144 0.0000000000
57697  -31.307  -26.437  77.642 0.0000000000
58649  -28.693  -24.668  76.771 0.0000000000
122806  -28.093  -24.501  76.099 0.0000000000
58648  -27.138  -24.199  76.197 0.0000000000
59632  -27.024  -23.638  77.580 0.0000000000
48986  -15.168  -34.029  74.987 0.0000000000
50060  -15.448  -33.437  74.336 0.0000000000
51875  -24.280  -29.739  77.796 0.0000000000
51906  -23.200  -30.032  77.376 0.0000000000
51894  -24.224  -30.384  77.147 0.0000000000
50041  -15.706  -33.328  76.222 0.0000000000
50035  -15.642  -33.694  77.092 0.0000000000
70449  -39.056  -12.601  55.580 0.0000000000
70407  -40.538  -12.787  60.155 0.0000000000
70408  -41.616  -12.959  60.378 0.0000000000
72228  -42.631  -10.680  58.327 0.0000000000
72239  -43.169  -10.162  57.870 0.0000000000
73211  -43.606  -9.546  57.513 0.0000000000
73200  -43.920  -9.926  58.162 0.0000000000
60645  -24.539  -22.598  70.313 0.0000000000
58713  -24.483  -24.156  69.940 0.0000000000
136801  -24.250  -23.160  69.171 0.0000000000
63696  -29.291  -18.134  63.647 0.0000000000
63711  -29.066  -19.052  62.901 0.0000000000
140651  -29.937  -18.850  63.461 0.0000000000
63712  -30.125  -19.560  62.869 0.0000000000
65631  -34.463  -17.386  68.926 0.0000000000
64635  -33.365  -17.918  67.750 0.0000000000
64653  -33.854  -18.860  67.605 0.0000000000
64654  -34.759  -19.172  67.830 0.0000000000
43664  -4.825  -39.457  80.433 0.0000000000
121494  -4.511  -39.655  81.033 0.0000000000
42690  -4.490  -40.157  80.442 0.0000000000
42680  -4.123  -40.399  81.160 0.0000000000
41728  -3.996  -41.516  79.683 0.0000000000
33566  2.722  -50.383  80.316 0.0000000000
140714  2.441  -49.683  80.515 0.0000000000
63572  -29.442  -19.799  74.567 0.0000000000
44766  -13.890  -37.878  74.940 0.0000000000
38921  -0.884  -44.033  84.284 0.0000000000
38905  -0.584  -43.856  85.075 0.0000000000
37948  -0.287  -44.549  84.813 0.0000000000
37955  0.100  -45.206  84.485 0.0000000000
37967  -0.148  -45.333  83.661 0.0000000000
136208  -31.052  -29.940  73.620 0.0000000000
54815  -31.196  -28.831  73.017 0.0000000000
51904  -16.160  -30.996  76.613 0.0000000000
51890  -16.189  -30.887  77.425 0.0000000000
139460  -18.126  -29.594  76.946 0.0000000000
53772  -18.629  -29.291  76.251 0.0000000000
53781  -18.490  -29.205  75.245 0.0000000000
53773  -19.688  -29.250  76.578 0.0000000000
51910  -26.533  -31.216  76.272 0.0000000000
136370  -26.716  -31.242  75.542 0.0000000000
120016  -25.994  -31.209  74.375 0.0000000000
51950  -26.269  -31.251  73.611 0.0000000000
51949  -25.501  -31.599  73.184 0.0000000000
120213  -26.775  -31.076  72.930 0.0000000000
50920  -18.345  -31.020  82.407 0.0000000000
50908  -19.091  -31.639  83.047 0.0000000000
120299  -17.551  -31.894  82.743 0.0000000000
50919  -17.067  -31.647  81.901 0.0000000000
50931  -16.149  -32.657  81.292 0.0000000000
50932  -16.742  -31.420  80.927 0.0000000000
51870  -16.895  -30.634  78.893 0.0000000000
51851  -16.111  -31.429  79.027 0.0000000000
51869  -16.033  -31.291  78.157 0.0000000000
50960  -15.766  -32.374  77.799 0.0000000000
66744  -35.882  -16.187  59.390 0.0000000000
135080  -24.803  -21.370  68.381 0.0000000000
134851  -24.560  -21.931  68.223 0.0000000000
61661  -24.553  -21.458  67.656 0.0000000000
64706  -26.599  -18.655  64.009 0.0000000000
64693  -27.325  -17.964  64.287 0.0000000000
64708  -28.168  -18.135  63.532 0.0000000000
68510  -32.783  -14.757  71.076 0.0000000000
66653  -34.665  -16.874  69.667 0.0000000000
45788  -10.179  -37.647  77.918 0.0000000000
126607  -9.525  -36.989  78.455 0.0000000000
45775  -8.353  -36.803  79.965 0.0000000000
45763  -7.576  -36.887  80.494 0.0000000000
119780  -6.940  -36.841  81.106 0.0000000000
45762  -6.628  -36.936  80.242 0.0000000000
45772  -5.824  -37.485  79.926 0.0000000000
44709  -5.461  -38.531  78.655 0.0000000000
43689  -5.217  -39.166  79.226 0.0000000000
43704  -5.192  -39.263  78.340 0.0000000000
42720  -4.980  -39.939  77.950 0.0000000000
43712  -5.279  -39.383  77.508 0.0000000000
128211  -29.960  -31.981  75.891 0.0000000000
52845  -30.568  -31.470  75.719 0.0000000000
51915  -30.739  -30.996  76.310 0.0000000000
53752  -32.669  -29.318  78.673 0.0000000000
53759  -32.369  -29.695  77.734 0.0000000000
54775  -33.010  -29.257  78.300 0.0000000000
51843  -21.396  -30.252  81.514 0.0000000000
142982  -21.227  -29.972  81.122 0.0000000000
52787  -22.130  -29.906  81.032 0.0000000000
53738  -24.246  -29.171  80.514 0.0000000000
128024  -22.922  -29.262  79.984 0.0000000000
53750  -23.939  -29.160  79.573 0.0000000000
52803  -24.793  -29.444  78.741 0.0000000000
53728  -27.617  -29.999  81.824 0.0000000000
53727  -26.775  -29.376  81.720 0.0000000000
126567  -28.253  -29.908  78.893 0.0000000000
52806  -27.653  -29.818  79.520 0.0000000000
51861  -27.478  -29.861  78.597 0.0000000000
51860  -26.798  -29.930  78.181 0.0000000000
123452  -27.314  -30.178  77.897 0.0000000000
51878  -27.611  -30.720  77.466 0.0000000000
50963  -30.150  -32.222  77.378 0.0000000000
50962  -29.510  -32.152  77.419 0.0000000000
50971  -29.685  -32.372  76.847 0.0000000000
51913  -29.164  -32.150  76.101 0.0000000000
51828  -22.700  -30.702  82.645 0.0000000000
51827  -22.116  -30.732  82.300 0.0000000000
50934  -21.324  -30.853  82.371 0.0000000000
63716  -34.206  -19.127  63.877 0.0000000000
126833  -35.286  -18.027  62.958 0.0000000000
65723  -34.889  -17.678  62.200 0.0000000000
65724  -35.898  -17.624  62.557 0.0000000000
65696  -38.210  -16.635  64.463 0.0000000000
124682  -37.604  -17.095  64.156 0.0000000000
66732  -37.635  -16.864  62.712 0.0000000000
65726  -37.197  -17.332  62.759 0.0000000000
66738  -35.656  -16.338  60.654 0.0000000000
67676  -36.623  -15.954  61.437 0.0000000000
68565  -37.694  -14.928  61.311 0.0000000000
67687  -36.789  -15.256  60.862 0.0000000000
68577  -37.551  -14.571  60.424 0.0000000000
68584  -38.020  -14.031  59.849 0.0000000000
68568  -40.233  -14.922  61.603 0.0000000000
68570  -42.674  -14.660  61.909 0.0000000000
59663  -25.979  -23.746  72.993 0.0000000000
61597  -25.644  -21.791  72.561 0.0000000000
60632  -25.371  -22.515  72.137 0.0000000000
60637  -25.055  -22.376  71.398 0.0000000000
62554  -28.265  -20.123  73.571 0.0000000000
62553  -27.602  -20.355  73.432 0.0000000000
62569  -27.390  -20.206  72.687 0.0000000000
63620  -27.257  -19.668  71.427 0.0000000000
62584  -26.476  -20.310  71.567 0.0000000000
62595  -26.049  -20.316  70.863 0.0000000000
62594  -25.476  -20.651  70.484 0.0000000000
138602  -25.450  -20.485  69.742 0.0000000000
62602  -25.951  -19.927  70.132 0.0000000000
119646  -27.103  -18.796  69.829 0.0000000000
63636  -26.246  -19.235  69.414 0.0000000000
64620  -26.762  -18.386  69.036 0.0000000000
63649  -26.089  -18.847  68.539 0.0000000000
64633  -27.414  -17.685  68.583 0.0000000000
65621  -28.872  -17.368  69.863 0.0000000000
66637  -29.406  -16.671  69.946 0.0000000000
66638  -29.949  -15.995  70.405 0.0000000000
67576  -31.369  -15.086  72.169 0.0000000000
67583  -31.402  -14.949  71.195 0.0000000000
68509  -32.138  -14.743  70.990 0.0000000000
44714  -13.804  -39.413  78.192 0.0000000000
43705  -13.292  -39.926  78.714 0.0000000000
44739  -14.195  -38.487  76.972 0.0000000000
123429  -11.729  -38.194  77.062 0.0000000000
45789  -10.970  -37.841  77.419 0.0000000000
45812  -10.992  -37.567  76.548 0.0000000000
119911  2.687  -46.608  84.184 0.0000000000
55855  -29.702  -27.795  70.471 0.0000000000
56812  -28.485  -25.791  71.913 0.0000000000
53786  -32.007  -30.492  75.782 0.0000000000
53787  -32.041  -29.466  75.582 0.0000000000
120703  -31.801  -26.757  75.565 0.0000000000
55815  -32.109  -27.222  74.786 0.0000000000
56805  -32.165  -26.837  73.910 0.0000000000
56797  -32.012  -26.299  74.727 0.0000000000
58662  -30.390  -25.644  75.351 0.0000000000
58673  -30.557  -25.322  74.599 0.0000000000
57716  -31.130  -25.497  74.147 0.0000000000
57715  -30.331  -25.180  73.964 0.0000000000
58684  -29.507  -25.048  73.764 0.0000000000
58683  -28.602  -24.903  73.635 0.0000000000
58682  -27.593  -24.788  73.387 0.0000000000
58681  -26.865  -24.408  73.893 0.0000000000
60600  -26.466  -22.713  75.540 0.0000000000
61581  -26.508  -21.813  75.016 0.0000000000
61556  -26.581  -21.778  76.053 0.0000000000
61540  -27.701  -21.506  78.664 0.0000000000
122997  -27.666  -20.771  76.309 0.0000000000
51934  -16.249  -31.294  74.605 0.0000000000
50988  -16.086  -32.077  74.199 0.0000000000
51872  -21.300  -29.855  79.717 0.0000000000
51891  -21.727  -29.856  78.783 0.0000000000
52843  -22.229  -30.154  76.262 0.0000000000
52842  -21.633  -29.622  76.878 0.0000000000
136861  -21.724  -29.882  75.997 0.0000000000
52854  -21.145  -29.443  75.982 0.0000000000
52855  -21.463  -29.934  75.220 0.0000000000
133952  -24.388  -31.152  75.145 0.0000000000
51923  -23.855  -31.042  75.782 0.0000000000
51935  -23.717  -31.106  74.689 0.0000000000
142048  -15.429  -36.117  79.793 0.0000000000
47837  -15.282  -35.935  79.192 0.0000000000
50020  -15.501  -33.127  79.692 0.0000000000
136541  -15.499  -33.734  80.007 0.0000000000
121610  -15.237  -34.571  77.069 0.0000000000
48957  -15.179  -34.648  78.159 0.0000000000
47870  -14.986  -35.398  77.613 0.0000000000
47887  -14.801  -35.885  76.226 0.0000000000
69489  -38.303  -13.445  59.243 0.0000000000
69493  -37.928  -13.848  58.537 0.0000000000
70417  -38.655  -12.714  58.838 0.0000000000
70428  -39.027  -12.081  58.426 0.0000000000
70434  -38.467  -12.570  57.107 0.0000000000
129818  -43.080  -12.212  59.889 0.0000000000
71300  -41.601  -11.686  59.308 0.0000000000
72226  -40.774  -10.875  57.865 0.0000000000
71320  -39.883  -11.011  57.535 0.0000000000
71319  -39.193  -11.390  57.146 0.0000000000
72243  -39.661  -10.871  56.655 0.0000000000
73214  -40.952  -9.983  55.729 0.0000000000
72253  -40.353  -10.413  55.319 0.0000000000
72262  -40.586  -10.419  54.509 0.0000000000
73221  -40.873  -9.998  55.063 0.0000000000
73222  -41.519  -9.542  55.183 0.0000000000
74196  -44.072  -8.864  57.234 0.0000000000
74201  -42.936  -8.801  56.170 0.0000000000
74202  -43.598  -8.538  56.542 0.0000000000
75095  -43.730  -7.877  56.210 0.0000000000
74203  -44.205  -8.168  56.826 0.0000000000
38980  -2.958  -43.853  80.365 0.0000000000
38979  -2.475  -44.366  80.428 0.0000000000
57747  -25.980  -25.303  71.330 0.0000000000
58714  -25.240  -24.752  71.067 0.0000000000
62664  -30.968  -19.865  62.855 0.0000000000
62684  -31.731  -19.859  62.554 0.0000000000
65663  -27.871  -17.293  67.876 0.0000000000
126497  -27.330  -17.277  66.816 0.0000000000
125385  -28.237  -16.949  67.142 0.0000000000
65665  -29.918  -17.075  66.810 0.0000000000
64680  -29.517  -17.199  65.423 0.0000000000
64665  -30.233  -17.265  65.922 0.0000000000
66651  -32.829  -15.941  69.067 0.0000000000
134603  -32.206  -16.290  67.788 0.0000000000
64651  -32.229  -17.802  66.786 0.0000000000
64666  -31.747  -18.178  66.186 0.0000000000
64681  -31.097  -18.004  65.506 0.0000000000
64682  -31.586  -18.947  65.643 0.0000000000
63682  -31.241  -19.062  65.123 0.0000000000
63684  -32.579  -19.704  65.681 0.0000000000
62642  -32.603  -19.778  65.102 0.0000000000
62654  -32.606  -19.818  64.503 0.0000000000
62655  -33.161  -19.709  64.905 0.0000000000
63700  -33.754  -19.453  64.509 0.0000000000
62656  -33.797  -19.579  65.415 0.0000000000
63660  -35.586  -19.275  67.042 0.0000000000
63672  -35.120  -19.562  66.573 0.0000000000
64668  -35.842  -18.446  66.629 0.0000000000
120129  -3.467  -41.359  81.846 0.0000000000
129797  -3.481  -40.940  82.620 0.0000000000
120659  -3.227  -42.114  81.705 0.0000000000
40819  -3.436  -42.582  81.063 0.0000000000
40827  -3.555  -42.721  80.193 0.0000000000
40849  -3.819  -42.506  78.262 0.0000000000
40836  -3.621  -42.806  79.195 0.0000000000
38005  -1.856  -44.760  80.867 0.0000000000
37993  -1.495  -44.983  81.552 0.0000000000
142706  -1.380  -45.216  80.812 0.0000000000
37090  -0.141  -46.208  81.506 0.0000000000
36170  0.399  -46.597  82.195 0.0000000000
37082  0.286  -46.236  82.935 0.0000000000
34434  0.604  -49.541  78.505 0.0000000000
35258  0.679  -48.762  79.013 0.0000000000
35252  1.041  -48.773  80.059 0.0000000000
35244  2.032  -48.451  81.596 0.0000000000
35240  1.668  -47.747  82.128 0.0000000000
36169  1.151  -47.078  82.601 0.0000000000
36168  1.767  -47.522  82.923 0.0000000000
35238  2.348  -47.915  82.630 0.0000000000
34408  2.932  -48.542  82.000 0.0000000000
138630  2.834  -48.116  82.380 0.0000000000
35237  3.043  -48.238  82.108 0.0000000000
35229  2.989  -47.793  82.617 0.0000000000
33578  3.200  -50.641  80.058 0.0000000000
38934  -1.299  -44.224  83.537 0.0000000000
52885  -30.660  -30.609  74.113 0.0000000000
53800  -31.313  -30.480  74.579 0.0000000000
52814  -17.665  -30.160  78.319 0.0000000000
120690  -19.340  -29.783  78.182 0.0000000000
51925  -27.498  -31.411  75.418 0.0000000000
52883  -28.278  -30.709  73.421 0.0000000000
50921  -21.054  -31.631  83.002 0.0000000000
51826  -20.738  -31.124  82.483 0.0000000000
51825  -18.990  -30.460  81.837 0.0000000000
51838  -17.544  -30.382  80.565 0.0000000000
51852  -17.658  -30.264  79.660 0.0000000000
67698  -36.444  -15.810  59.030 0.0000000000
68594  -37.959  -13.884  57.893 0.0000000000
56842  -28.333  -27.017  70.582 0.0000000000
62625  -25.154  -20.099  67.578 0.0000000000
62624  -24.585  -20.753  67.118 0.0000000000
62631  -24.369  -20.761  66.065 0.0000000000
64692  -26.395  -18.445  64.716 0.0000000000
64678  -26.892  -17.748  65.211 0.0000000000
46829  -8.961  -36.234  77.580 0.0000000000
46810  -8.825  -36.270  78.541 0.0000000000
46809  -8.180  -36.086  78.062 0.0000000000
45773  -6.326  -36.968  79.557 0.0000000000
121735  -6.490  -36.804  78.970 0.0000000000
125156  -6.289  -37.081  78.174 0.0000000000
44726  -5.807  -38.287  77.185 0.0000000000
43720  -5.689  -39.049  76.857 0.0000000000
51896  -30.223  -31.451  77.530 0.0000000000
51897  -30.964  -31.368  77.037 0.0000000000
51882  -30.465  -30.549  77.840 0.0000000000
135868  -31.603  -29.388  78.308 0.0000000000
52775  -22.953  -30.138  82.028 0.0000000000
52788  -22.726  -29.753  81.076 0.0000000000
53725  -23.826  -29.388  81.687 0.0000000000
53739  -25.469  -29.244  80.490 0.0000000000
52777  -28.118  -30.319  81.384 0.0000000000
52792  -28.578  -30.248  80.744 0.0000000000
51845  -29.025  -30.088  80.075 0.0000000000
51862  -28.909  -30.108  79.103 0.0000000000
51879  -28.740  -30.390  78.271 0.0000000000
51880  -29.317  -30.479  78.300 0.0000000000
50953  -29.804  -31.506  77.674 0.0000000000
138548  -22.853  -30.779  82.801 0.0000000000
63702  -34.868  -18.877  64.856 0.0000000000
64710  -34.908  -18.805  64.062 0.0000000000
120650  -35.557  -18.454  64.307 0.0000000000
64711  -36.251  -17.973  63.754 0.0000000000
66697  -39.405  -16.714  64.150 0.0000000000
65712  -38.003  -16.782  63.619 0.0000000000
65713  -38.847  -16.652  63.813 0.0000000000
66717  -38.213  -16.558  63.012 0.0000000000
66733  -37.884  -16.238  62.429 0.0000000000
67678  -38.293  -15.357  62.054 0.0000000000
130649  -38.997  -14.976  61.899 0.0000000000
68566  -38.493  -14.622  61.403 0.0000000000
60626  -25.971  -21.945  73.324 0.0000000000
132153  -26.144  -21.117  72.905 0.0000000000
63607  -28.585  -19.464  72.749 0.0000000000
63606  -27.883  -19.630  72.167 0.0000000000
63624  -27.383  -19.142  70.643 0.0000000000
65622  -29.158  -17.573  70.714 0.0000000000
44701  -15.791  -38.509  78.555 0.0000000000
45822  -10.974  -37.577  75.719 0.0000000000
75103  -43.248  -7.743  55.375 0.0000000000
75109  -43.190  -7.392  54.492 0.0000000000
75112  -43.258  -7.167  53.731 0.0000000000
53835  -30.121  -28.989  71.979 0.0000000000
55839  -30.095  -27.290  71.096 0.0000000000
54788  -32.024  -28.432  76.656 0.0000000000
54791  -31.855  -28.348  75.963 0.0000000000
55808  -31.587  -27.441  76.415 0.0000000000
56790  -31.367  -26.570  76.313 0.0000000000
58650  -29.824  -25.260  76.891 0.0000000000
58644  -29.458  -24.946  77.244 0.0000000000
141646  -29.432  -25.069  76.511 0.0000000000
58661  -29.401  -25.089  75.150 0.0000000000
122798  -28.497  -24.711  75.223 0.0000000000
58669  -26.881  -24.260  74.801 0.0000000000
58658  -26.857  -24.121  75.555 0.0000000000
137279  -26.667  -23.596  76.114 0.0000000000
62475  -28.373  -20.877  78.678 0.0000000000
52866  -17.139  -30.058  74.428 0.0000000000
124395  -22.720  -29.555  78.240 0.0000000000
51892  -22.409  -29.751  77.935 0.0000000000
51922  -23.012  -30.558  76.347 0.0000000000
51948  -24.812  -31.549  73.605 0.0000000000
51947  -24.038  -31.264  73.917 0.0000000000
47827  -15.435  -35.128  80.439 0.0000000000
130582  -15.644  -32.994  78.340 0.0000000000
48965  -15.500  -33.761  78.113 0.0000000000
47888  -15.009  -34.956  75.993 0.0000000000
143129  -15.087  -34.456  75.471 0.0000000000
47905  -14.937  -34.786  74.894 0.0000000000
69480  -39.713  -13.282  60.462 0.0000000000
69490  -38.991  -12.826  59.798 0.0000000000
138352  -39.756  -12.641  59.894 0.0000000000
71312  -42.095  -11.193  58.795 0.0000000000
72227  -41.711  -10.795  58.134 0.0000000000
72237  -41.448  -10.480  57.332 0.0000000000
73209  -42.068  -10.048  56.843 0.0000000000
73216  -42.553  -9.433  56.471 0.0000000000
39024  -3.088  -44.583  77.562 0.0000000000
39008  -2.730  -44.651  78.599 0.0000000000
128760  -24.685  -24.040  70.702 0.0000000000
58725  -24.347  -24.731  69.399 0.0000000000
125823  -28.909  -16.854  68.060 0.0000000000
65646  -30.305  -16.768  67.670 0.0000000000
65648  -32.802  -16.967  67.685 0.0000000000
63669  -32.199  -19.246  65.957 0.0000000000
63657  -33.394  -19.275  66.939 0.0000000000
63671  -33.802  -19.740  66.464 0.0000000000
62632  -33.999  -19.764  66.096 0.0000000000
63659  -35.110  -19.661  67.227 0.0000000000
64638  -35.670  -18.410  68.161 0.0000000000
44656  -4.877  -38.125  81.391 0.0000000000
43646  -4.436  -38.909  81.588 0.0000000000
143879  -3.789  -41.047  81.311 0.0000000000
120897  -3.757  -41.983  80.438 0.0000000000
41727  -3.922  -42.014  78.982 0.0000000000
41741  -4.110  -41.807  78.250 0.0000000000
37103  -0.788  -46.425  79.569 0.0000000000
36194  -0.118  -47.122  79.967 0.0000000000
34418  1.745  -49.275  80.321 0.0000000000
34410  2.616  -48.758  81.591 0.0000000000
34409  2.889  -48.865  81.560 0.0000000000
53714  -26.515  -29.284  82.647 0.0000000000
52779  -29.453  -30.348  81.572 0.0000000000
65684  -36.941  -16.668  66.040 0.0000000000
141726  -37.565  -16.392  65.596 0.0000000000
66689  -38.314  -16.254  65.144 0.0000000000
124463  -39.364  -16.209  65.079 0.0000000000
129674  -40.182  -16.811  64.360 0.0000000000
66706  -40.629  -16.836  63.860 0.0000000000
120994  -27.992  -20.471  75.045 0.0000000000
63587  -28.842  -19.951  73.942 0.0000000000
119449  -29.049  -19.447  73.337 0.0000000000
63608  -29.187  -18.909  72.771 0.0000000000
65610  -29.997  -17.696  72.462 0.0000000000
45813  -14.530  -37.744  76.741 0.0000000000
55830  -31.421  -27.847  72.806 0.0000000000
50978  -15.874  -32.700  75.744 0.0000000000
122590  -16.003  -31.917  76.219 0.0000000000
51921  -16.187  -31.121  75.625 0.0000000000
52839  -16.579  -30.332  76.043 0.0000000000
52827  -17.485  -30.005  77.428 0.0000000000
52840  -17.360  -29.799  76.436 0.0000000000
52853  -17.167  -29.889  75.430 0.0000000000
53780  -17.758  -29.543  74.880 0.0000000000
53796  -18.334  -29.337  74.477 0.0000000000
53797  -19.171  -29.158  74.534 0.0000000000
51895  -25.728  -30.568  76.951 0.0000000000
121719  -25.090  -30.794  76.681 0.0000000000
51909  -25.803  -31.020  76.389 0.0000000000
122799  -25.121  -31.183  75.164 0.0000000000
51938  -26.225  -31.161  75.013 0.0000000000
51937  -25.317  -31.297  74.364 0.0000000000
132245  -15.658  -33.817  81.238 0.0000000000
50942  -15.722  -32.104  79.449 0.0000000000
138648  -15.549  -32.799  79.015 0.0000000000
50042  -15.801  -32.724  76.860 0.0000000000
65753  -34.945  -17.072  59.256 0.0000000000
70409  -42.646  -12.784  60.376 0.0000000000
70410  -43.531  -12.690  60.382 0.0000000000
72230  -44.406  -10.390  58.839 0.0000000000
133181  -24.287  -22.627  68.536 0.0000000000
67611  -31.408  -15.460  69.347 0.0000000000
67612  -32.237  -15.395  69.498 0.0000000000
66652  -33.742  -16.561  69.184 0.0000000000
65632  -35.064  -17.402  69.252 0.0000000000
119350  -9.111  -36.641  79.380 0.0000000000
119333  -9.303  -37.074  80.200 0.0000000000
136770  -5.302  -38.184  80.515 0.0000000000
43665  -5.141  -39.032  79.989 0.0000000000
43688  -4.839  -39.767  79.720 0.0000000000
42719  -4.584  -40.505  78.604 0.0000000000
52859  -30.466  -31.375  75.524 0.0000000000
53774  -31.225  -31.126  75.703 0.0000000000
53775  -31.801  -30.278  76.203 0.0000000000
52832  -31.538  -30.989  76.484 0.0000000000
53766  -32.064  -30.287  76.791 0.0000000000
54787  -32.300  -29.430  76.695 0.0000000000
54782  -32.746  -28.763  77.305 0.0000000000
53742  -32.168  -28.720  79.589 0.0000000000
127217  -20.402  -30.126  81.002 0.0000000000
51855  -20.343  -29.983  80.059 0.0000000000
51856  -20.756  -29.919  80.500 0.0000000000
51858  -22.469  -29.403  79.582 0.0000000000
51874  -23.105  -29.272  78.431 0.0000000000
51876  -25.484  -29.975  77.540 0.0000000000
120534  -25.711  -28.992  82.070 0.0000000000
120936  -25.906  -29.033  81.272 0.0000000000
52791  -27.916  -29.956  80.456 0.0000000000
52790  -27.025  -29.942  80.102 0.0000000000
52789  -26.130  -29.708  79.788 0.0000000000
143628  -26.273  -29.727  78.404 0.0000000000
51859  -26.195  -29.856  77.851 0.0000000000
130553  -27.098  -31.120  76.870 0.0000000000
50969  -28.153  -31.605  77.019 0.0000000000
51912  -28.405  -32.020  76.444 0.0000000000
51927  -29.368  -31.785  75.562 0.0000000000
50922  -21.367  -31.526  83.010 0.0000000000
50933  -21.045  -31.231  82.688 0.0000000000
63730  -32.088  -19.423  62.266 0.0000000000
63731  -32.738  -19.018  62.791 0.0000000000
64723  -33.227  -18.346  62.276 0.0000000000
64709  -34.696  -18.563  63.414 0.0000000000
64724  -34.278  -18.215  62.648 0.0000000000
65694  -36.754  -17.443  64.684 0.0000000000
64699  -37.002  -17.600  63.821 0.0000000000
65710  -36.851  -17.653  63.230 0.0000000000
65711  -37.401  -17.295  63.329 0.0000000000
65725  -36.620  -17.584  62.802 0.0000000000
134973  -35.137  -16.805  60.775 0.0000000000
66743  -35.346  -16.506  59.880 0.0000000000
67691  -35.812  -16.078  60.141 0.0000000000
67692  -36.216  -15.617  59.937 0.0000000000
67699  -37.136  -15.344  58.647 0.0000000000
143054  -38.836  -14.261  61.140 0.0000000000
68579  -39.180  -13.944  60.881 0.0000000000
69481  -41.717  -13.734  61.018 0.0000000000
67665  -41.514  -15.621  62.497 0.0000000000
67680  -41.358  -15.168  61.920 0.0000000000
69471  -41.759  -14.581  61.536 0.0000000000
69473  -43.589  -13.655  61.307 0.0000000000
58697  -26.674  -24.900  72.307 0.0000000000
58705  -26.470  -25.084  71.845 0.0000000000
140527  -26.177  -24.622  72.023 0.0000000000
59679  -25.678  -24.060  71.934 0.0000000000
60646  -24.779  -22.270  70.765 0.0000000000
61620  -24.651  -21.923  70.108 0.0000000000
62552  -26.838  -20.629  73.177 0.0000000000
61606  -25.866  -20.969  72.142 0.0000000000
61647  -25.264  -20.881  68.929 0.0000000000
62614  -25.436  -20.166  68.419 0.0000000000
63655  -25.613  -19.445  68.023 0.0000000000
63656  -25.922  -18.682  67.622 0.0000000000
64648  -26.478  -17.950  67.183 0.0000000000
65644  -28.213  -17.253  68.414 0.0000000000
124304  -28.628  -17.032  68.975 0.0000000000
66648  -29.807  -16.329  68.954 0.0000000000
67610  -30.697  -15.531  69.790 0.0000000000
65618  -29.917  -16.905  71.956 0.0000000000
66629  -30.152  -16.143  71.373 0.0000000000
133535  -30.858  -15.989  72.771 0.0000000000
67595  -30.697  -15.451  70.768 0.0000000000
68501  -32.610  -14.372  71.546 0.0000000000
44728  -13.616  -38.888  77.174 0.0000000000
132172  -12.268  -38.972  77.686 0.0000000000
44712  -11.806  -39.079  78.380 0.0000000000
44711  -10.911  -38.356  78.437 0.0000000000
45811  -10.091  -37.330  76.172 0.0000000000
45800  -9.407  -36.784  76.825 0.0000000000
140327  -44.883  -6.429  55.495 0.0000000000
76014  -44.692  -6.137  54.716 0.0000000000
55838  -29.302  -27.089  70.799 0.0000000000
54800  -32.045  -28.410  74.997 0.0000000000
54799  -32.045  -28.824  74.227 0.0000000000
55822  -31.992  -27.426  73.287 0.0000000000
57701  -31.091  -26.253  76.258 0.0000000000
122364  -30.626  -25.963  75.851 0.0000000000
56796  -31.492  -25.853  74.752 0.0000000000
56804  -31.980  -26.027  73.948 0.0000000000
56803  -31.172  -26.143  73.256 0.0000000000
57737  -30.310  -25.884  72.845 0.0000000000
57736  -29.545  -25.631  72.596 0.0000000000
57721  -29.135  -25.127  73.057 0.0000000000
57735  -28.774  -25.481  72.438 0.0000000000
124625  -26.627  -24.586  73.021 0.0000000000
59651  -26.531  -23.765  74.269 0.0000000000
60584  -26.887  -22.770  77.797 0.0000000000
60583  -26.715  -22.223  76.994 0.0000000000
62489  -27.915  -20.942  78.008 0.0000000000
61557  -27.044  -21.315  76.730 0.0000000000
61568  -26.980  -21.032  75.905 0.0000000000
62521  -27.616  -20.689  75.598 0.0000000000
52817  -20.324  -30.011  79.235 0.0000000000
119679  -20.232  -29.879  78.478 0.0000000000
52828  -20.023  -29.594  77.547 0.0000000000
52830  -21.726  -29.767  77.927 0.0000000000
52829  -20.934  -29.699  77.772 0.0000000000
53783  -20.323  -29.153  75.834 0.0000000000
121044  -19.968  -29.147  75.004 0.0000000000
53798  -20.071  -29.337  74.202 0.0000000000
51908  -24.467  -30.973  76.345 0.0000000000
52856  -22.507  -30.623  75.463 0.0000000000
52857  -22.816  -30.830  74.590 0.0000000000
52867  -22.007  -30.455  74.602 0.0000000000
53799  -21.231  -30.070  74.240 0.0000000000
140139  -20.647  -29.609  73.958 0.0000000000
45778  -15.962  -37.667  79.299 0.0000000000
48942  -15.495  -34.271  80.361 0.0000000000
47838  -15.282  -34.735  79.725 0.0000000000
48958  -15.274  -34.281  78.957 0.0000000000
47853  -15.089  -35.101  79.095 0.0000000000
46831  -15.019  -36.259  77.853 0.0000000000
46842  -14.687  -36.820  76.494 0.0000000000
47904  -14.764  -35.630  75.313 0.0000000000
69500  -38.208  -13.243  57.483 0.0000000000
70441  -38.647  -12.581  56.320 0.0000000000
70420  -41.143  -12.291  59.720 0.0000000000
141892  -40.454  -11.512  58.745 0.0000000000
71309  -39.428  -11.514  58.000 0.0000000000
71325  -38.764  -11.966  56.713 0.0000000000
71334  -38.778  -12.015  56.010 0.0000000000
71335  -39.184  -11.770  55.497 0.0000000000
71345  -39.669  -11.501  54.885 0.0000000000
72244  -40.303  -10.440  56.167 0.0000000000
73229  -41.574  -9.398  54.345 0.0000000000
73223  -42.294  -9.158  55.680 0.0000000000
74209  -42.685  -8.433  55.424 0.0000000000
75096  -44.407  -7.541  56.434 0.0000000000
75097  -45.156  -7.239  56.605 0.0000000000
121207  -2.606  -43.833  81.852 0.0000000000
38017  -1.736  -45.027  79.969 0.0000000000
38028  -1.979  -45.172  78.773 0.0000000000
38016  -1.387  -45.803  79.211 0.0000000000
59723  -23.961  -23.475  68.476 0.0000000000
62685  -31.803  -19.774  62.516 0.0000000000
65692  -27.479  -17.209  65.812 0.0000000000
65664  -29.060  -16.838  67.302 0.0000000000
65693  -28.466  -17.041  65.642 0.0000000000
119390  -28.861  -17.381  64.996 0.0000000000
64695  -29.778  -17.631  64.558 0.0000000000
66664  -31.306  -16.269  67.971 0.0000000000
65647  -31.039  -16.774  67.624 0.0000000000
130409  -30.960  -17.068  67.303 0.0000000000
65667  -31.714  -17.165  67.148 0.0000000000
65682  -30.892  -17.420  66.329 0.0000000000
63698  -30.924  -19.026  64.538 0.0000000000
63683  -31.954  -19.591  65.257 0.0000000000
62666  -32.309  -19.794  63.925 0.0000000000
62644  -34.353  -19.540  65.945 0.0000000000
64683  -35.430  -18.883  66.179 0.0000000000
65683  -36.310  -17.504  66.274 0.0000000000
65651  -35.337  -17.886  68.751 0.0000000000
40804  -2.364  -42.566  83.284 0.0000000000
41694  -3.055  -41.379  83.361 0.0000000000
40812  -2.720  -42.495  82.390 0.0000000000
137635  -2.686  -43.231  82.095 0.0000000000
39914  -2.957  -43.260  81.393 0.0000000000
120549  -3.188  -43.292  80.696 0.0000000000
124479  -3.342  -43.553  79.086 0.0000000000
39009  -3.193  -44.037  78.461 0.0000000000
129524  -4.379  -41.200  78.143 0.0000000000
143264  -4.086  -42.240  77.653 0.0000000000
124659  -2.132  -44.144  82.387 0.0000000000
38948  -1.645  -44.699  82.332 0.0000000000
37968  -1.006  -44.910  83.115 0.0000000000
37091  -0.787  -45.605  81.318 0.0000000000
37982  -0.284  -45.576  82.943 0.0000000000
37071  0.268  -45.894  83.447 0.0000000000
37070  0.806  -46.378  83.630 0.0000000000
35262  0.086  -48.255  78.734 0.0000000000
36204  0.440  -48.030  79.731 0.0000000000
36193  0.637  -47.522  80.704 0.0000000000
36182  0.923  -47.236  81.693 0.0000000000
36154  1.265  -46.854  83.325 0.0000000000
36141  1.312  -46.603  83.955 0.0000000000
36140  1.653  -46.816  84.016 0.0000000000
35223  2.147  -46.974  83.927 0.0000000000
139701  2.529  -46.863  83.741 0.0000000000
36152  2.745  -47.086  83.189 0.0000000000
33565  2.831  -50.489  80.389 0.0000000000
119417  3.057  -49.194  81.010 0.0000000000
39899  -2.370  -43.691  82.462 0.0000000000
40805  -2.694  -42.000  82.983 0.0000000000
44710  -5.737  -37.892  77.951 0.0000000000
50961  -28.834  -31.759  77.456 0.0000000000
52804  -25.785  -29.662  78.926 0.0000000000
52819  -24.782  -29.596  78.093 0.0000000000
52846  -31.385  -31.071  75.906 0.0000000000
53749  -23.369  -29.303  80.350 0.0000000000
59687  -24.417  -23.341  70.020 0.0000000000
62570  -28.095  -19.973  72.974 0.0000000000
62634  -34.712  -19.575  66.279 0.0000000000
63681  -25.747  -18.902  64.969 0.0000000000
64655  -35.502  -19.175  67.760 0.0000000000
65650  -34.882  -17.955  68.747 0.0000000000
65728  -38.339  -16.621  63.446 0.0000000000
120629  -21.960  -31.751  83.176 0.0000000000
121474  -25.178  -31.143  76.017 0.0000000000
136385  -26.925  -23.878  76.826 0.0000000000
138839  -30.030  -25.297  75.032 0.0000000000
141340  -5.006  -38.942  80.439 0.0000000000
142325  -17.981  -29.490  76.343 0.0000000000
142699  -30.994  -26.014  75.461 0.0000000000
142700  -27.640  -17.255  67.413 0.0000000000
142824  -34.894  -16.833  60.012 0.0000000000
143356  -4.679  -40.147  79.231 0.0000000000
143735  -30.668  -31.997  77.279 0.0000000000
144376  -25.716  -31.166  74.899 0.0000000000
