#!ascii label  , from subject sub-v1s22x0050436_ses-1 vox2ras=TkReg
777
20357  29.946  -50.153  12.157 0.6000000238
21138  31.467  -49.315  21.049 0.6999999881
21156  31.941  -49.848  20.678 0.6999999881
19334  33.363  -51.572  17.914 0.8999999762
19357  32.802  -50.863  16.241 0.8000000119
20326  31.612  -50.395  14.297 0.8000000119
21268  30.829  -49.911  12.943 0.6000000238
21289  29.506  -49.603  11.465 0.6999999881
22281  29.163  -49.016  10.124 0.6999999881
22118  31.661  -48.472  20.841 0.6999999881
22119  30.759  -48.275  21.003 0.6999999881
21155  32.512  -49.416  20.105 0.6999999881
22144  33.216  -48.940  18.799 0.6000000238
21188  32.980  -49.771  18.517 0.6999999881
20244  32.722  -50.819  19.290 0.6999999881
20268  32.965  -50.120  17.523 0.8000000119
21217  32.537  -49.798  15.896 0.8000000119
20284  32.777  -50.252  16.466 0.8000000119
20307  31.884  -50.275  14.966 0.8000000119
21267  31.428  -49.771  13.794 0.6000000238
22255  29.977  -48.689  11.654 0.6000000238
23268  29.417  -47.926  9.803 0.6999999881
22294  29.646  -48.824  9.585 0.6999999881
23089  32.322  -47.543  20.577 0.5000000000
23090  31.290  -47.628  20.793 0.6000000238
123254  33.039  -47.832  20.102 0.4000000060
22117  32.463  -48.486  20.404 0.6000000238
22155  33.403  -48.384  18.078 0.5000000000
123888  33.167  -48.598  16.921 0.6000000238
21200  32.922  -49.563  16.727 0.8000000119
22174  32.851  -49.078  15.993 0.6999999881
134414  32.108  -49.192  14.933 0.6999999881
22253  31.253  -47.983  13.102 0.6999999881
23229  30.377  -47.833  11.775 0.5000000000
23248  29.572  -48.129  10.752 0.6000000238
23281  29.704  -47.550  9.339 0.6000000238
23280  29.882  -47.841  9.275 0.6000000238
123663  31.650  -47.354  9.438 0.5000000000
24166  33.072  -46.121  20.046 0.5000000000
24150  30.795  -46.908  20.681 0.6000000238
24151  29.815  -46.857  20.535 0.6000000238
23110  33.028  -46.982  20.231 0.5000000000
23147  33.364  -47.675  16.642 0.5000000000
118206  33.040  -48.257  15.921 0.6000000238
23190  32.385  -47.558  14.387 0.6000000238
23191  31.782  -48.051  13.797 0.6000000238
23228  30.990  -47.392  12.547 0.5000000000
24270  30.605  -47.139  11.812 0.5000000000
23247  30.155  -47.378  11.161 0.6000000238
24318  30.118  -46.386  9.054 0.6000000238
23286  30.688  -46.719  8.644 0.5000000000
23279  31.354  -46.717  8.765 0.5000000000
25348  33.076  -45.279  10.193 0.5000000000
24311  32.121  -46.576  9.428 0.5000000000
24149  31.328  -46.268  20.623 0.5000000000
126816  30.339  -46.149  20.461 0.5000000000
24165  33.431  -46.632  19.593 0.5000000000
120866  33.799  -46.928  18.296 0.4000000060
24201  34.041  -46.286  17.067 0.3000000119
23146  33.765  -47.090  17.440 0.4000000060
25248  33.420  -46.281  15.525 0.3000000119
25266  33.343  -45.433  15.055 0.3000000119
133536  33.192  -47.450  15.739 0.5000000000
24239  32.410  -46.711  14.170 0.5000000000
24252  31.894  -46.487  13.429 0.5000000000
24253  31.411  -46.718  12.842 0.5000000000
134675  30.969  -46.542  12.185 0.5000000000
24289  30.406  -46.595  11.110 0.6000000238
24312  29.913  -46.528  9.770 0.6000000238
24325  30.549  -46.298  8.707 0.5000000000
24317  31.847  -45.871  8.746 0.5000000000
25349  32.511  -45.860  9.557 0.5000000000
25179  31.777  -45.007  20.334 0.5000000000
25178  32.497  -45.554  20.249 0.5000000000
119419  33.781  -45.163  19.241 0.5000000000
25209  34.097  -45.593  18.592 0.4000000060
24187  34.096  -46.362  17.989 0.5000000000
25235  34.169  -45.564  16.699 0.4000000060
26275  33.779  -44.783  15.462 0.3000000119
25267  32.757  -45.264  14.285 0.3000000119
123460  32.357  -45.896  13.891 0.4000000060
129427  31.552  -45.908  12.700 0.5000000000
25328  30.953  -45.623  11.716 0.4000000060
25361  30.843  -45.739  8.524 0.5000000000
26386  31.324  -44.810  8.476 0.5000000000
25360  31.297  -45.467  8.470 0.5000000000
26374  33.430  -44.510  10.388 0.5000000000
26380  33.082  -44.554  9.596 0.4000000060
25353  32.580  -45.194  9.160 0.5000000000
26206  31.878  -44.119  20.117 0.5000000000
26228  32.870  -44.252  19.756 0.5000000000
26227  33.616  -44.465  19.329 0.5000000000
134218  34.368  -44.880  18.001 0.4000000060
25234  34.383  -44.906  17.126 0.4000000060
131754  33.641  -44.094  15.129 0.3000000119
26294  33.236  -44.619  14.661 0.3000000119
25283  32.291  -45.140  13.599 0.4000000060
26334  31.719  -44.479  12.675 0.4000000060
26359  31.304  -44.620  11.882 0.4000000060
25300  31.520  -45.156  12.400 0.4000000060
26360  30.604  -44.815  10.805 0.5000000000
26375  30.458  -44.568  9.749 0.5000000000
25350  30.294  -45.506  9.636 0.6000000238
27378  32.476  -44.050  8.740 0.4000000060
25359  32.031  -44.915  8.580 0.5000000000
27231  33.435  -43.531  19.351 0.4000000060
26244  34.387  -44.150  18.258 0.4000000060
130265  34.051  -43.925  18.880 0.4000000060
27288  34.608  -43.687  17.125 0.4000000060
27295  33.976  -43.356  15.259 0.4000000060
27303  33.189  -43.687  14.366 0.4000000060
27317  32.415  -43.594  13.533 0.4000000060
26295  32.648  -44.445  13.934 0.4000000060
27318  31.888  -43.846  13.017 0.4000000060
27341  31.608  -43.718  12.302 0.4000000060
27356  31.085  -43.903  11.377 0.5000000000
27357  30.625  -43.857  10.456 0.5000000000
27371  30.569  -43.708  9.587 0.6000000238
26387  30.963  -44.277  8.615 0.5000000000
28424  31.516  -42.613  8.769 0.4000000060
28423  32.220  -43.215  8.610 0.4000000060
28251  32.996  -42.729  19.404 0.4000000060
27255  34.324  -43.528  18.406 0.4000000060
27256  34.032  -43.165  18.840 0.4000000060
128909  34.725  -43.006  17.274 0.4000000060
137646  33.582  -42.754  14.472 0.4000000060
27340  31.927  -43.148  12.974 0.4000000060
130514  31.707  -42.914  12.401 0.4000000060
130160  30.928  -43.288  11.022 0.4000000060
128945  30.605  -42.950  10.323 0.5000000000
137852  30.634  -42.948  9.593 0.4000000060
27379  30.795  -43.474  9.027 0.6000000238
28278  34.032  -42.426  18.778 0.4000000060
28300  34.778  -42.156  17.556 0.4000000060
28311  34.889  -42.339  16.583 0.4000000060
28316  34.501  -42.667  15.661 0.4000000060
28343  33.083  -42.328  13.718 0.4000000060
136644  32.574  -41.959  13.164 0.5000000000
28344  32.428  -42.704  13.362 0.4000000060
28369  32.027  -42.326  12.745 0.3000000119
28370  31.609  -42.376  11.960 0.3000000119
28387  31.405  -43.133  11.712 0.4000000060
28405  30.424  -42.227  9.910 0.4000000060
120748  30.418  -41.561  9.718 0.4000000060
28415  30.723  -42.516  9.422 0.5000000000
29258  32.656  -41.950  19.254 0.4000000060
28322  34.292  -42.263  14.961 0.4000000060
29364  33.294  -41.596  13.454 0.3000000119
29379  32.763  -41.196  12.699 0.3000000119
138651  32.295  -41.769  12.728 0.3000000119
29395  31.361  -41.001  11.409 0.3000000119
29396  30.661  -41.216  10.780 0.3000000119
119554  30.159  -40.905  9.771 0.4000000060
29437  30.620  -41.315  9.374 0.4000000060
29319  34.792  -41.324  17.842 0.3000000119
140920  35.127  -41.730  16.407 0.3000000119
29337  34.935  -41.848  15.696 0.3000000119
29344  34.601  -41.548  14.721 0.3000000119
29363  34.185  -41.179  13.816 0.3000000119
30316  33.553  -40.533  12.680 0.3000000119
30318  32.173  -40.777  11.905 0.4000000060
30334  32.386  -40.106  11.702 0.4000000060
30335  31.617  -40.274  11.349 0.3000000119
141844  30.255  -40.828  10.314 0.3000000119
118786  30.075  -40.852  9.927 0.4000000060
30386  30.333  -40.562  9.551 0.4000000060
124428  31.022  -39.858  9.186 0.4000000060
30317  32.943  -40.360  12.150 0.4000000060
131423  31.564  -39.175  10.911 0.4000000060
31306  31.115  -39.735  10.862 0.3000000119
30351  30.079  -40.339  10.122 0.4000000060
32338  29.727  -38.788  9.656 0.4000000060
32361  29.513  -38.362  9.136 0.4000000060
31364  30.052  -39.739  9.734 0.4000000060
32337  30.079  -39.022  9.315 0.4000000060
32284  30.623  -39.166  10.511 0.4000000060
32321  29.571  -38.381  9.716 0.4000000060
130670  29.395  -38.130  9.434 0.4000000060
32336  31.236  -38.891  8.723 0.3000000119
33354  29.500  -37.831  8.753 0.3000000119
20338  31.116  -50.564  13.465 0.6999999881
19335  33.079  -50.812  17.807 0.8000000119
21288  30.422  -49.265  12.358 0.6000000238
21236  32.085  -49.836  15.277 0.6999999881
22233  31.252  -48.916  13.214 0.6999999881
23266  30.661  -47.434  8.986 0.6000000238
23129  33.621  -47.568  18.256 0.4000000060
23130  33.461  -47.853  17.474 0.4000000060
23165  32.784  -47.919  15.115 0.6999999881
22217  32.244  -48.414  14.612 0.6999999881
22254  30.734  -48.337  12.486 0.6999999881
25197  33.593  -45.854  19.402 0.5000000000
128367  32.025  -47.220  13.787 0.5000000000
120979  32.844  -46.093  14.645 0.4000000060
25329  30.424  -45.811  10.623 0.6000000238
141407  30.439  -45.034  9.223 0.5000000000
26382  30.622  -44.540  8.944 0.6000000238
28323  32.896  -43.000  13.879 0.3000000119
118017  30.655  -42.033  10.597 0.4000000060
30228  34.204  -41.050  18.477 0.4000000060
28371  31.258  -41.792  11.378 0.3000000119
30336  30.678  -40.432  10.734 0.3000000119
31330  30.260  -39.736  10.342 0.3000000119
141129  30.164  -38.664  8.871 0.3000000119
15786  29.728  -56.074  20.069 0.6000000238
14943  29.435  -56.799  20.051 0.6000000238
14129  30.284  -57.613  18.742 0.6000000238
15006  30.786  -57.070  16.655 0.6000000238
14933  26.594  -56.846  21.100 0.5000000000
15767  28.573  -55.940  20.916 0.6000000238
16634  31.071  -55.081  20.133 0.6999999881
15765  30.178  -55.339  20.443 0.6999999881
14944  28.723  -56.722  20.569 0.6000000238
15803  32.251  -55.338  18.122 0.6000000238
15805  30.709  -56.215  18.749 0.6000000238
15817  31.789  -55.914  17.438 0.6000000238
15833  31.743  -56.311  16.681 0.6000000238
14992  31.141  -56.612  17.042 0.6000000238
15004  32.004  -56.340  15.901 0.6000000238
15038  32.312  -56.561  14.453 0.6999999881
15755  27.174  -55.421  21.442 0.6000000238
16596  29.934  -54.101  21.470 0.6999999881
126161  27.216  -56.310  21.144 0.5000000000
16614  29.736  -54.871  21.148 0.6999999881
137451  27.809  -55.925  21.149 0.6999999881
117350  32.523  -54.426  19.292 0.6999999881
16655  32.135  -55.121  18.893 0.6999999881
16672  32.733  -55.169  17.473 0.5000000000
15831  32.850  -55.583  15.859 0.6000000238
15873  33.504  -55.035  14.236 0.6000000238
15874  33.145  -55.921  14.370 0.6999999881
16743  32.599  -54.156  12.032 0.6999999881
121182  32.918  -56.046  12.820 0.6999999881
117314  32.442  -55.011  11.414 0.6999999881
16780  36.341  -54.762  8.653 0.4000000060
18563  34.534  -53.385  10.111 0.5000000000
17651  33.446  -53.431  9.938 0.6000000238
16773  31.576  -54.785  9.502 0.6000000238
16774  31.101  -54.397  9.505 0.6999999881
16615  25.286  -54.513  20.836 0.5000000000
129250  26.971  -53.972  21.594 0.5000000000
119232  28.619  -53.879  22.066 0.6000000238
16601  25.683  -55.021  21.328 0.5000000000
17480  30.590  -53.655  21.332 0.6999999881
16599  27.440  -54.623  21.663 0.5000000000
16598  28.334  -54.549  21.743 0.6000000238
17503  31.742  -53.499  20.656 0.6999999881
16612  31.510  -54.261  20.423 0.6999999881
16632  33.105  -53.688  19.193 0.6999999881
16671  33.341  -54.286  17.540 0.6999999881
15832  32.439  -55.741  16.669 0.6000000238
16722  33.550  -54.101  14.051 0.6000000238
16733  33.263  -53.776  13.100 0.6999999881
16753  31.678  -54.604  10.780 0.6999999881
16762  31.121  -54.632  9.626 0.6999999881
17653  31.414  -54.173  9.401 0.6000000238
18548  31.531  -53.353  9.465 0.6000000238
18395  26.507  -52.676  20.848 0.5000000000
16656  25.115  -53.828  18.674 0.4000000060
17483  27.417  -53.228  21.749 0.5000000000
17504  26.155  -53.305  20.684 0.5000000000
16600  26.102  -54.140  21.222 0.5000000000
120622  29.870  -52.090  21.904 0.6000000238
18379  29.468  -52.887  22.073 0.6000000238
19298  32.412  -51.397  20.021 0.6999999881
18378  30.422  -52.810  21.608 0.6000000238
18394  31.780  -52.718  20.832 0.6999999881
17527  33.261  -52.811  19.264 0.6999999881
16654  32.857  -54.592  18.426 0.6999999881
16686  33.631  -54.120  15.712 0.6999999881
130393  33.256  -54.849  16.541 0.6999999881
16702  33.570  -54.545  14.946 0.6999999881
17632  32.521  -53.327  12.567 0.6999999881
17633  31.637  -53.825  11.491 0.8000000119
17644  30.760  -54.083  10.187 0.6999999881
18546  33.951  -52.859  10.482 0.5000000000
18533  33.173  -52.325  10.789 0.6000000238
117203  31.017  -52.924  9.381 0.6000000238
18411  26.172  -52.608  19.900 0.4000000060
19288  28.563  -51.468  22.029 0.6000000238
117943  28.359  -52.112  22.105 0.6000000238
19287  29.382  -51.404  21.984 0.6000000238
19285  30.971  -51.677  21.339 0.6000000238
19299  31.693  -51.739  20.847 0.6000000238
19316  32.896  -51.488  19.259 0.6999999881
18425  33.342  -52.072  18.753 0.6999999881
17548  33.483  -53.040  18.560 0.6999999881
17563  33.549  -53.335  17.684 0.6999999881
128458  33.607  -52.729  17.120 0.8000000119
18465  33.544  -52.448  16.331 0.8000000119
17609  33.335  -52.612  14.484 0.6000000238
17622  33.043  -52.876  13.456 0.6000000238
17645  30.440  -53.377  10.917 0.8000000119
17655  30.199  -53.519  9.965 0.6999999881
19450  35.471  -51.824  10.953 0.5000000000
138971  30.970  -52.485  9.601 0.6999999881
19451  34.408  -52.150  11.169 0.6000000238
20214  27.320  -50.940  21.372 0.5000000000
120228  26.318  -50.853  20.253 0.4000000060
20246  25.795  -50.788  19.375 0.4000000060
117684  28.044  -50.813  21.782 0.5000000000
19290  27.061  -51.592  21.247 0.5000000000
120239  29.624  -50.771  21.784 0.6000000238
121673  31.080  -50.981  21.237 0.6000000238
20226  32.368  -50.393  20.077 0.6000000238
132711  33.453  -51.862  17.081 0.8000000119
19387  32.104  -51.337  14.383 0.6000000238
19400  31.435  -51.697  13.334 0.6000000238
18520  30.248  -52.585  11.653 0.6999999881
18534  29.712  -52.727  10.395 0.6999999881
20378  30.794  -50.836  10.316 0.6999999881
19433  33.662  -51.551  11.544 0.6000000238
20377  32.052  -50.722  11.260 0.6000000238
20376  33.143  -50.116  12.094 0.6000000238
123855  33.042  -50.961  11.746 0.6000000238
22099  29.293  -48.795  21.324 0.5000000000
20213  27.590  -50.071  21.424 0.5000000000
20245  26.451  -49.848  20.250 0.5000000000
20259  25.227  -51.012  18.713 0.5000000000
22097  31.031  -48.899  21.182 0.5000000000
20212  28.430  -50.098  21.710 0.5000000000
20211  31.274  -50.122  21.177 0.6000000238
125795  32.581  -51.238  15.393 0.6999999881
19388  31.499  -51.007  13.905 0.6000000238
19401  29.866  -51.311  12.148 0.6000000238
19438  28.846  -51.389  10.326 0.6000000238
20393  29.697  -50.828  9.745 0.6999999881
20394  28.817  -50.676  9.761 0.6000000238
21309  31.441  -50.064  10.792 0.6000000238
20374  35.470  -50.416  11.977 0.5000000000
21287  33.788  -49.268  12.396 0.4000000060
22120  29.810  -48.203  20.992 0.5000000000
22122  27.655  -48.564  20.672 0.5000000000
22123  27.167  -48.341  20.002 0.5000000000
21189  25.904  -49.047  18.943 0.5000000000
22146  25.656  -48.748  18.352 0.5000000000
22159  24.788  -48.812  17.414 0.5000000000
20358  29.176  -50.483  11.227 0.6000000238
20404  28.715  -50.425  9.788 0.6000000238
22279  30.664  -48.895  9.783 0.4000000060
21324  31.487  -49.027  10.478 0.5000000000
22269  32.487  -48.661  11.296 0.4000000060
23226  34.401  -47.681  12.570 0.4000000060
21307  33.036  -49.225  11.932 0.5000000000
23092  29.382  -47.547  20.702 0.6000000238
23093  28.728  -47.620  20.565 0.5000000000
23112  27.490  -47.636  19.598 0.5000000000
22145  26.246  -48.419  18.694 0.5000000000
22157  26.022  -48.110  17.921 0.5000000000
22175  25.256  -48.235  16.860 0.5000000000
22177  24.220  -48.568  16.269 0.4000000060
22196  23.610  -48.580  15.654 0.5000000000
21255  21.763  -49.508  14.354 0.4000000060
20340  21.356  -50.038  13.297 0.4000000060
123133  19.929  -51.200  13.766 0.4000000060
22293  30.284  -48.370  9.384 0.6000000238
23267  31.149  -48.148  9.637 0.4000000060
23245  32.736  -47.751  11.263 0.4000000060
22252  33.447  -48.356  12.153 0.4000000060
24152  28.932  -46.950  20.412 0.5000000000
24169  27.841  -46.863  19.322 0.4000000060
23122  27.182  -47.266  18.778 0.4000000060
23131  26.282  -47.430  17.582 0.5000000000
24203  25.661  -46.897  16.190 0.4000000060
22195  24.399  -48.264  15.546 0.5000000000
23166  25.259  -47.443  15.619 0.4000000060
22219  24.274  -47.936  14.144 0.5000000000
124377  23.980  -48.232  14.898 0.5000000000
22234  23.718  -48.187  13.321 0.3000000119
132087  22.109  -49.353  13.263 0.3000000119
138885  21.858  -49.840  12.362 0.3000000119
24167  29.327  -46.101  20.181 0.5000000000
24176  28.188  -46.056  19.165 0.5000000000
24177  27.491  -46.366  18.463 0.4000000060
25181  29.971  -45.422  20.203 0.4000000060
25199  29.283  -45.234  19.726 0.4000000060
25200  28.546  -45.305  19.169 0.4000000060
26247  27.721  -44.888  17.920 0.4000000060
26229  30.387  -44.077  20.060 0.4000000060
26231  28.918  -44.579  19.239 0.4000000060
26246  28.314  -44.712  18.602 0.4000000060
27234  30.561  -43.388  19.892 0.4000000060
27258  28.750  -43.201  18.668 0.4000000060
27274  27.353  -43.357  17.404 0.4000000060
26276  26.838  -43.916  16.964 0.4000000060
27257  29.546  -43.064  19.275 0.4000000060
27233  31.425  -43.181  19.882 0.3000000119
28280  28.555  -42.268  18.305 0.4000000060
141464  27.581  -42.742  17.535 0.4000000060
27289  26.590  -43.078  16.660 0.4000000060
28252  32.099  -42.575  19.562 0.4000000060
27296  25.929  -43.359  15.971 0.4000000060
28312  26.045  -42.338  15.948 0.4000000060
29259  31.747  -41.830  19.351 0.3000000119
29260  30.778  -41.853  19.365 0.4000000060
29289  29.161  -41.581  18.527 0.4000000060
29290  28.410  -41.427  17.914 0.4000000060
130289  27.269  -41.841  17.054 0.4000000060
129510  26.713  -42.086  16.618 0.4000000060
30260  27.825  -40.426  17.077 0.3000000119
19402  29.607  -50.805  11.968 0.6000000238
21139  30.716  -49.506  21.339 0.5000000000
21327  28.859  -50.050  9.833 0.6000000238
23246  31.988  -47.996  10.326 0.4000000060
14979  30.233  -56.909  18.315 0.6000000238
140233  33.054  -55.430  12.730 0.6999999881
118762  34.981  -53.965  9.634 0.5000000000
18545  35.030  -52.652  10.593 0.5000000000
17666  33.663  -54.098  9.629 0.5000000000
18547  32.681  -53.036  9.949 0.6000000238
17505  25.627  -53.834  20.590 0.5000000000
17576  33.621  -53.571  16.648 0.6999999881
19452  31.766  -52.514  9.977 0.6000000238
123954  30.552  -52.042  21.574 0.6000000238
126469  33.610  -53.601  14.781 0.6999999881
18519  31.258  -53.022  12.128 0.8000000119
18549  30.573  -53.133  9.398 0.6999999881
19317  26.103  -51.710  19.658 0.4000000060
18480  32.834  -51.810  14.720 0.6000000238
18507  32.101  -52.496  13.009 0.6000000238
19436  30.076  -51.612  9.742 0.6999999881
121436  30.321  -52.509  9.583 0.6999999881
20392  35.908  -50.951  11.211 0.5000000000
19435  31.145  -51.713  10.207 0.6999999881
19434  32.479  -51.607  11.049 0.6000000238
128414  30.745  -51.225  13.036 0.6999999881
133117  30.408  -51.842  12.374 0.6999999881
19416  29.398  -51.937  11.160 0.6999999881
20375  33.910  -50.773  12.138 0.6000000238
20356  34.199  -49.971  12.436 0.6000000238
21157  27.587  -49.246  21.143 0.5000000000
21158  27.018  -49.073  20.503 0.5000000000
21177  25.864  -49.789  19.379 0.4000000060
19417  29.150  -51.176  11.187 0.6000000238
21325  30.482  -49.862  9.998 0.6000000238
20327  21.139  -50.106  14.592 0.3000000119
23227  33.437  -47.324  12.071 0.4000000060
23149  25.512  -47.692  16.418 0.5000000000
128234  23.171  -48.537  13.940 0.4000000060
20341  20.917  -50.719  12.535 0.4000000060
28253  30.678  -42.701  19.654 0.4000000060
28279  29.345  -42.373  18.866 0.4000000060
8661  41.206  -65.367  12.070 0.3000000119
130766  40.744  -66.176  11.478 0.3000000119
11837  34.642  -60.211  9.723 0.4000000060
127657  35.499  -60.938  8.581 0.4000000060
11057  35.431  -61.574  8.948 0.4000000060
139096  35.640  -62.254  8.441 0.4000000060
13408  34.453  -58.491  9.507 0.4000000060
12619  33.836  -59.164  10.761 0.4000000060
12612  33.694  -59.434  11.462 0.4000000060
13391  33.322  -58.787  11.271 0.5000000000
12602  32.873  -58.979  12.386 0.5000000000
127792  32.468  -58.847  12.970 0.5000000000
13428  36.059  -58.602  8.054 0.4000000060
11847  35.139  -60.084  9.061 0.5000000000
11830  34.304  -59.613  10.236 0.5000000000
12567  32.337  -59.349  15.204 0.5000000000
122939  36.430  -59.400  7.569 0.5000000000
134851  35.641  -60.250  8.378 0.5000000000
12647  36.176  -60.237  7.699 0.5000000000
11854  35.951  -61.040  7.822 0.4000000060
11079  36.341  -61.877  7.312 0.4000000060
10327  35.841  -63.029  7.929 0.4000000060
10337  36.471  -63.668  7.281 0.4000000060
8723  36.408  -64.792  8.201 0.3000000119
7929  37.238  -66.049  8.849 0.4000000060
15101  35.733  -56.907  8.282 0.4000000060
14229  34.174  -57.455  9.363 0.4000000060
15092  33.534  -56.560  9.473 0.4000000060
14240  34.933  -58.125  8.922 0.4000000060
15102  34.921  -57.234  8.746 0.4000000060
13409  33.754  -58.036  9.964 0.4000000060
14220  33.197  -57.739  10.506 0.5000000000
13392  32.781  -58.522  11.799 0.5000000000
14246  36.259  -57.725  7.854 0.4000000060
13419  35.495  -58.624  8.568 0.4000000060
12629  34.610  -59.408  9.601 0.4000000060
14231  32.912  -57.058  10.433 0.5000000000
14213  32.494  -57.838  11.756 0.5000000000
13376  31.892  -58.301  13.405 0.5000000000
140424  31.886  -57.617  13.352 0.6000000238
14196  31.548  -57.698  14.051 0.6000000238
13354  31.268  -58.246  15.079 0.6000000238
117336  32.779  -55.636  12.001 0.6000000238
15067  32.658  -56.473  12.198 0.6000000238
14181  31.163  -57.700  14.818 0.5000000000
129823  36.735  -62.583  6.830 0.4000000060
15020  31.839  -56.646  15.103 0.5000000000
9536  36.610  -64.214  7.596 0.4000000060
8722  36.857  -64.655  7.919 0.4000000060
7946  36.804  -65.434  8.481 0.4000000060
15927  33.738  -56.079  9.208 0.4000000060
118384  33.732  -55.428  9.267 0.5000000000
15093  32.929  -56.416  9.854 0.5000000000
136868  32.472  -55.713  9.773 0.5000000000
13377  32.114  -57.787  12.626 0.5000000000
15929  32.021  -55.198  9.596 0.5000000000
14206  32.482  -57.200  11.990 0.6000000238
16761  31.478  -54.878  9.595 0.6000000238
15917  32.424  -55.722  10.769 0.6000000238
8639  40.478  -64.466  12.938 0.3000000119
7879  41.784  -66.224  10.096 0.3000000119
8696  38.992  -65.087  10.066 0.3000000119
15936  36.337  -55.520  8.312 0.4000000060
15937  35.497  -55.933  8.470 0.4000000060
122856  35.710  -55.196  8.612 0.4000000060
15938  34.501  -55.965  8.835 0.4000000060
16771  34.395  -54.704  9.320 0.4000000060
136318  33.317  -54.803  9.404 0.5000000000
17667  32.343  -54.528  9.425 0.5000000000
15058  31.955  -57.083  13.818 0.6000000238
15039  31.544  -57.125  14.605 0.5000000000
16781  34.892  -55.295  8.846 0.4000000060
12630  34.086  -58.845  10.117 0.4000000060
13365  31.856  -58.756  14.750 0.5000000000
8697  37.858  -64.831  9.330 0.3000000119
133535  34.983  -56.510  8.636 0.4000000060
121015  32.696  -57.100  11.151 0.5000000000
15083  32.650  -56.254  10.361 0.6000000238
29414  30.291  -41.426  10.148 0.3000000119
7947  36.421  -65.599  8.716 0.3000000119
8693  42.113  -65.630  9.890 0.3000000119
9516  38.268  -64.105  10.335 0.3000000119
9537  36.150  -64.009  7.890 0.4000000060
9545  36.904  -63.994  7.247 0.4000000060
11070  35.800  -61.948  7.966 0.4000000060
11078  36.959  -61.848  6.781 0.4000000060
11820  34.190  -59.871  10.951 0.5000000000
11829  34.438  -60.270  10.365 0.4000000060
12580  32.449  -59.301  14.429 0.5000000000
12590  32.478  -59.118  13.654 0.5000000000
12640  35.768  -59.433  8.315 0.4000000060
13355  30.943  -57.740  15.615 0.5000000000
13366  31.494  -58.249  14.346 0.6000000238
13398  33.499  -58.453  10.614 0.4000000060
13399  32.957  -58.141  11.159 0.5000000000
13420  35.143  -59.136  9.001 0.4000000060
14119  25.347  -57.223  21.085 0.5000000000
14141  30.445  -57.509  17.809 0.6000000238
14195  32.351  -56.958  12.881 0.6000000238
14221  32.842  -57.571  11.021 0.5000000000
14230  33.353  -57.220  9.881 0.5000000000
14239  35.563  -57.859  8.415 0.4000000060
14932  27.438  -57.140  20.948 0.6000000238
14934  25.727  -56.612  21.176 0.5000000000
14945  28.005  -56.578  20.871 0.6000000238
14993  30.535  -56.971  17.382 0.6000000238
15005  31.227  -56.779  16.281 0.6000000238
15021  30.937  -57.213  16.049 0.5000000000
15057  32.755  -56.368  13.636 0.6999999881
15074  32.645  -56.428  11.378 0.6000000238
15091  34.297  -56.617  9.019 0.4000000060
15100  36.325  -56.267  8.058 0.4000000060
15753  28.907  -55.138  21.344 0.6999999881
15754  28.046  -55.278  21.432 0.6000000238
15756  26.265  -55.796  21.343 0.6000000238
15766  29.381  -55.621  20.733 0.6999999881
15784  31.338  -55.498  19.286 0.6999999881
15785  30.460  -55.830  19.643 0.6000000238
15804  31.480  -55.747  18.347 0.6000000238
15851  33.291  -55.413  15.083 0.6000000238
15852  32.656  -56.124  15.154 0.6000000238
15892  33.412  -54.566  13.455 0.6000000238
15893  33.257  -55.462  13.415 0.6999999881
15907  33.066  -54.754  12.589 0.6999999881
15923  32.054  -55.484  9.851 0.5000000000
15928  32.898  -55.765  9.530 0.5000000000
16597  29.178  -54.399  21.691 0.6999999881
16613  30.637  -54.470  20.878 0.6999999881
16633  31.861  -54.730  19.708 0.6999999881
16635  25.070  -53.976  19.911 0.5000000000
16653  33.361  -53.820  18.316 0.6999999881
16752  31.699  -55.256  10.083 0.6999999881
16770  35.517  -54.537  9.077 0.4000000060
16772  32.491  -55.143  9.477 0.5000000000
17461  28.857  -53.311  22.187 0.6000000238
17479  31.190  -53.166  21.170 0.6999999881
17481  29.352  -53.685  21.930 0.6000000238
17482  28.181  -53.281  22.120 0.6000000238
17484  26.725  -53.295  21.298 0.5000000000
17502  32.297  -53.112  20.409 0.6999999881
17528  32.868  -53.026  19.901 0.6999999881
17529  32.371  -53.851  20.025 0.6999999881
17588  33.645  -53.034  15.554 0.6999999881
17608  33.432  -53.330  13.919 0.6999999881
17652  32.417  -53.759  9.552 0.6000000238
17654  30.770  -53.974  9.537 0.6999999881
17668  30.863  -53.661  9.390 0.6000000238
17669  30.578  -53.409  9.430 0.6999999881
18377  31.137  -52.365  21.271 0.6000000238
18380  28.635  -52.723  22.205 0.5000000000
18381  27.860  -52.568  21.983 0.5000000000
18382  27.087  -52.397  21.412 0.5000000000
18393  32.355  -52.367  20.304 0.6999999881
18410  32.875  -52.179  19.592 0.6999999881
18441  33.563  -52.427  17.863 0.6999999881
18479  33.279  -52.075  15.433 0.6000000238
18495  32.590  -52.048  13.871 0.6000000238
18508  31.022  -52.321  12.577 0.6999999881
18550  30.004  -52.734  9.621 0.6999999881
18562  35.598  -53.160  9.929 0.5000000000
19286  30.269  -51.312  21.653 0.6000000238
19289  27.726  -51.687  21.758 0.6000000238
19300  26.560  -51.857  20.608 0.5000000000
19318  25.718  -51.595  19.070 0.4000000060
19325  33.042  -51.158  18.579 0.6999999881
19356  33.145  -51.213  16.778 0.8000000119
19372  33.195  -51.580  16.208 0.8000000119
19389  20.105  -51.172  14.681 0.3000000119
19403  20.228  -51.191  12.583 0.4000000060
19432  34.846  -51.240  11.761 0.5000000000
19437  29.133  -51.868  10.037 0.6999999881
19453  29.346  -51.626  9.828 0.6999999881
19454  28.733  -51.096  9.912 0.6000000238
20227  31.802  -50.750  20.665 0.6000000238
20228  27.077  -49.715  20.905 0.5000000000
20229  26.869  -50.412  20.911 0.4000000060
20258  32.948  -50.456  18.494 0.6999999881
20306  32.331  -50.447  15.569 0.8000000119
20325  31.943  -50.783  14.808 0.8000000119
20328  20.524  -50.642  13.849 0.4000000060
20339  30.372  -50.691  12.674 0.6000000238
20359  21.448  -50.448  11.934 0.3000000119
20379  28.644  -50.885  10.251 0.6000000238
20395  28.681  -50.604  9.820 0.6000000238
21140  29.778  -49.496  21.512 0.5000000000
21141  28.843  -49.439  21.568 0.5000000000
21142  28.113  -49.497  21.490 0.5000000000
21175  32.728  -50.090  19.315 0.6999999881
21176  26.454  -48.909  19.600 0.5000000000
21201  25.051  -49.167  18.105 0.5000000000
21218  24.094  -49.034  17.076 0.5000000000
21237  31.762  -49.763  14.633 0.8000000119
21238  22.859  -48.975  15.738 0.5000000000
21239  22.240  -49.289  15.246 0.5000000000
21254  22.503  -48.941  14.164 0.4000000060
21269  22.847  -48.697  13.033 0.3000000119
21270  22.313  -49.280  12.186 0.3000000119
21286  34.640  -49.283  12.536 0.6000000238
21308  32.270  -49.658  11.428 0.6000000238
21326  29.523  -50.127  9.680 0.4000000060
21336  29.120  -49.891  9.759 0.6000000238
22098  30.249  -48.866  21.266 0.6999999881
22100  28.334  -48.786  21.220 0.5000000000
22121  28.941  -48.153  20.949 0.5000000000
22135  33.456  -48.006  19.167 0.6000000238
22136  32.992  -48.685  19.724 0.6999999881
22156  33.131  -49.272  17.743 0.6000000238
22158  25.439  -48.466  17.640 0.5000000000
22176  24.719  -48.512  16.728 0.5000000000
22193  32.430  -49.343  15.471 0.8000000119
22194  25.010  -48.154  15.989 0.5000000000
22218  31.727  -49.013  14.205 0.6999999881
22220  23.701  -48.305  14.214 0.4000000060
22221  23.093  -48.613  14.868 0.5000000000
22251  34.370  -48.598  12.549 0.4000000060
22280  30.053  -49.342  9.553 0.4000000060
22295  29.521  -48.367  9.644 0.6000000238
23091  30.306  -47.570  20.774 0.6000000238
23094  28.272  -48.096  20.604 0.5000000000
23109  33.346  -47.317  19.683 0.4000000060
23111  28.204  -47.371  20.104 0.5000000000
23113  26.848  -48.037  19.166 0.5000000000
23121  33.633  -47.155  18.988 0.4000000060
23123  26.566  -47.702  18.328 0.4000000060
23132  25.776  -47.867  17.176 0.5000000000
23148  25.976  -47.171  16.885 0.5000000000
23164  33.601  -46.845  16.324 0.3000000119
23192  25.064  -47.107  14.803 0.5000000000
23208  31.553  -47.297  13.267 0.6000000238
23287  30.046  -47.022  8.908 0.6000000238
24148  32.341  -46.459  20.505 0.5000000000
24168  28.525  -46.507  19.857 0.5000000000
24175  33.815  -46.436  18.821 0.5000000000
24178  26.814  -46.947  18.024 0.4000000060
24202  26.112  -46.341  16.710 0.4000000060
24217  32.961  -47.010  14.976 0.5000000000
24288  32.386  -47.176  10.281 0.4000000060
24290  29.721  -47.273  10.290 0.6000000238
24313  29.624  -47.261  9.572 0.6000000238
24319  29.753  -46.996  9.168 0.6000000238
24324  31.078  -46.173  8.467 0.5000000000
25180  30.925  -45.388  20.459 0.5000000000
25198  33.165  -45.183  19.757 0.5000000000
25208  34.269  -45.614  17.595 0.4000000060
25210  27.967  -45.502  18.490 0.4000000060
25247  33.863  -45.522  15.862 0.3000000119
25284  31.866  -45.131  13.007 0.4000000060
25354  30.521  -45.528  8.839 0.5000000000
26205  32.463  -44.817  20.074 0.5000000000
26207  31.038  -44.510  20.312 0.5000000000
26208  30.277  -44.785  20.180 0.4000000060
26230  29.671  -44.438  19.744 0.4000000060
26245  34.118  -44.703  18.772 0.5000000000
26257  34.497  -44.242  17.501 0.4000000060
26274  34.439  -44.203  16.704 0.4000000060
26282  34.172  -44.124  15.852 0.3000000119
26313  32.120  -44.427  13.297 0.4000000060
26381  32.676  -44.546  8.967 0.5000000000
27213  31.047  -43.829  20.148 0.3000000119
27232  32.461  -43.391  19.716 0.4000000060
27235  29.881  -43.618  19.691 0.4000000060
27236  29.230  -43.820  19.242 0.4000000060
27259  28.020  -43.930  18.106 0.4000000060
27272  34.546  -43.579  17.793 0.4000000060
27273  27.999  -42.939  17.945 0.4000000060
27294  34.559  -43.357  16.358 0.4000000060
27383  31.678  -44.161  8.566 0.5000000000
27384  31.258  -43.449  8.682 0.5000000000
28250  33.626  -42.797  19.129 0.4000000060
28254  30.027  -42.418  19.387 0.4000000060
28277  34.457  -42.821  18.174 0.4000000060
28301  27.792  -42.127  17.617 0.4000000060
28302  27.204  -42.536  17.160 0.4000000060
28388  31.095  -42.598  11.201 0.4000000060
28425  30.972  -42.839  8.967 0.6000000238
29257  33.463  -42.155  19.082 0.4000000060
29261  29.910  -41.672  19.054 0.4000000060
29284  34.392  -41.906  18.334 0.3000000119
29320  27.681  -41.177  17.230 0.4000000060
29329  35.173  -41.496  17.017 0.3000000119
29330  27.000  -41.297  16.606 0.4000000060
29345  33.799  -41.932  14.181 0.4000000060
29380  31.940  -41.607  12.149 0.3000000119
30369  30.027  -40.400  9.893 0.4000000060
31305  32.064  -39.592  11.316 0.4000000060
117669  29.062  -52.113  22.207 0.6000000238
118117  29.174  -56.260  20.479 0.6000000238
118359  24.699  -47.786  15.034 0.5000000000
119147  28.869  -50.760  21.898 0.5000000000
119539  32.907  -49.401  19.336 0.6000000238
119669  29.968  -53.436  21.690 0.6999999881
120073  31.660  -46.966  20.708 0.6000000238
120205  30.008  -39.668  9.914 0.4000000060
120704  30.908  -42.103  9.190 0.5000000000
120813  26.540  -54.792  21.503 0.5000000000
121020  29.251  -49.299  9.842 0.6000000238
123006  28.743  -45.819  19.661 0.5000000000
123578  26.778  -51.123  20.907 0.5000000000
124046  34.097  -42.768  15.085 0.4000000060
124771  27.788  -53.911  21.933 0.6000000238
124974  27.144  -45.080  17.438 0.4000000060
125013  29.787  -44.966  19.985 0.4000000060
125415  36.303  -62.843  7.205 0.4000000060
125931  28.815  -50.047  10.304 0.6000000238
125967  33.034  -50.691  17.010 0.8000000119
126228  29.864  -39.043  10.041 0.3000000119
126404  29.298  -50.130  21.725 0.5000000000
126495  30.856  -45.074  8.564 0.5000000000
126555  28.635  -44.042  18.788 0.4000000060
128003  25.776  -52.952  19.069 0.4000000060
128180  34.219  -44.870  16.267 0.4000000060
130072  32.319  -58.357  12.473 0.5000000000
130132  32.029  -49.099  20.673 0.6999999881
131333  27.320  -40.556  16.625 0.3000000119
131877  30.108  -43.022  19.621 0.4000000060
131938  31.961  -58.727  14.084 0.5000000000
132330  33.929  -41.762  18.762 0.4000000060
133016  31.325  -42.419  19.582 0.4000000060
134407  38.480  -65.718  9.579 0.3000000119
134850  31.996  -45.710  13.316 0.4000000060
135466  31.237  -57.057  15.449 0.5000000000
135508  30.313  -50.323  21.550 0.6000000238
135585  25.022  -55.183  21.040 0.5000000000
135952  32.598  -48.713  15.317 0.6999999881
136206  29.331  -49.096  10.808 0.6999999881
136614  31.175  -53.828  20.941 0.6999999881
136958  33.210  -51.205  17.322 0.8999999762
138384  33.564  -41.003  13.173 0.3000000119
138861  33.297  -46.913  15.621 0.5000000000
139705  26.063  -50.318  19.797 0.5000000000
140046  33.855  -46.110  16.293 0.3000000119
140507  35.412  -59.741  8.706 0.5000000000
141393  33.382  -54.934  15.662 0.6000000238
141518  31.807  -45.725  20.503 0.5000000000
141799  27.742  -47.993  20.212 0.5000000000
