#!ascii label  , from subject sub-v1s22x0050438_ses-1 vox2ras=TkReg
1509
3810  21.685  -85.331  -1.186 0.5000000000
9693  14.951  -76.348  12.037 0.6000000238
9680  14.704  -76.236  12.869 0.6000000238
9681  14.481  -76.358  13.974 0.6000000238
10343  14.704  -75.580  13.381 0.6999999881
9668  13.731  -76.603  14.733 0.6000000238
10328  15.266  -74.978  13.929 0.6999999881
120587  14.624  -75.293  14.410 0.6000000238
130022  14.634  -84.799  6.980 0.5000000000
4762  16.256  -84.508  2.047 0.6000000238
4754  16.085  -84.106  3.485 0.6000000238
4748  15.194  -84.465  5.410 0.5000000000
3778  14.971  -86.328  2.661 0.5000000000
4244  15.589  -85.424  1.926 0.4000000060
4755  15.512  -84.253  3.291 0.5000000000
4756  14.745  -84.412  4.382 0.6000000238
5807  16.544  -82.429  13.774 0.5000000000
3311  18.698  -87.832  1.354 0.4000000060
6424  16.896  -81.727  14.206 0.5000000000
5791  16.278  -82.094  14.666 0.5000000000
7119  17.705  -80.444  14.018 0.6000000238
8408  17.443  -78.809  13.714 0.6000000238
9049  15.346  -76.982  11.841 0.6000000238
144205  15.437  -75.403  11.821 0.6999999881
134109  16.061  -77.609  13.423 0.6000000238
10355  15.897  -75.128  12.187 0.6999999881
9692  18.544  -75.874  12.319 0.6000000238
128575  16.726  -75.109  12.758 0.6999999881
131468  19.972  -76.566  12.820 0.6000000238
9679  18.759  -75.895  13.202 0.6000000238
10341  17.162  -75.157  13.580 0.6999999881
9678  19.614  -76.290  13.494 0.6999999881
9660  13.095  -76.213  15.113 0.6000000238
4734  15.389  -84.501  8.256 0.5000000000
4744  15.193  -84.401  6.472 0.6000000238
4739  15.287  -84.392  7.344 0.5000000000
4770  16.689  -84.716  1.602 0.6000000238
4747  16.050  -84.267  4.840 0.6000000238
3752  15.110  -87.453  4.148 0.4000000060
6440  17.968  -81.225  12.203 0.5000000000
5806  17.140  -82.026  13.309 0.5000000000
4267  20.629  -85.587  0.021 0.5000000000
7134  17.918  -80.909  13.128 0.5000000000
8428  17.553  -78.398  11.720 0.6999999881
7118  18.008  -80.269  13.232 0.6000000238
9058  15.961  -77.222  10.729 0.6999999881
9035  16.972  -77.839  12.195 0.6000000238
7777  17.900  -79.148  13.025 0.6000000238
9048  16.097  -77.360  11.579 0.6999999881
9036  16.143  -77.427  12.514 0.6000000238
10380  15.513  -75.805  10.847 0.6999999881
9703  18.532  -76.004  11.505 0.6000000238
125347  16.601  -75.259  11.492 0.6000000238
9691  19.319  -76.368  12.097 0.6000000238
10354  16.923  -75.192  12.165 0.6000000238
9034  21.306  -77.169  12.124 0.6000000238
9690  20.915  -76.796  12.844 0.6999999881
11025  15.485  -74.273  15.526 0.6999999881
11027  12.972  -74.802  15.455 0.5000000000
10340  18.218  -75.549  13.833 0.6999999881
10327  16.467  -74.888  14.286 0.6999999881
143189  14.385  -74.642  15.347 0.6000000238
5884  16.587  -82.680  6.606 0.5000000000
5311  15.920  -83.806  7.741 0.5000000000
5302  15.900  -84.033  8.713 0.5000000000
5905  17.051  -83.043  4.669 0.6999999881
5318  15.823  -83.951  6.816 0.6000000238
4769  17.330  -84.353  1.434 0.5000000000
5330  16.800  -83.870  2.194 0.6999999881
5328  16.545  -83.659  3.971 0.6999999881
5323  16.462  -83.678  5.311 0.6000000238
3281  15.349  -87.780  4.706 0.4000000060
3765  15.924  -86.370  3.873 0.4000000060
139311  16.506  -85.074  1.747 0.5000000000
6464  17.972  -81.492  11.483 0.5000000000
8437  17.909  -78.902  10.334 0.5000000000
7149  18.272  -80.747  11.411 0.5000000000
7133  18.154  -80.481  12.437 0.5000000000
131566  15.936  -77.007  9.956 0.6000000238
8417  18.046  -79.064  12.210 0.5000000000
9725  16.000  -76.273  9.550 0.6999999881
10395  17.637  -75.578  9.127 0.6000000238
10378  16.734  -75.449  10.030 0.6999999881
9713  15.588  -76.442  10.494 0.6999999881
127819  19.445  -76.997  9.878 0.6000000238
125379  18.350  -76.074  9.792 0.6000000238
10366  17.149  -75.385  10.867 0.6999999881
124934  21.238  -77.793  9.985 0.6999999881
9711  19.118  -76.592  10.452 0.6000000238
9712  18.481  -76.101  10.720 0.6000000238
9700  22.963  -76.422  11.226 0.6000000238
9055  22.152  -77.370  11.047 0.6999999881
146479  20.899  -77.322  11.763 0.6999999881
11081  24.145  -74.246  11.056 0.6000000238
9687  22.952  -76.304  11.907 0.6000000238
9033  22.002  -77.194  11.853 0.6999999881
146321  13.726  -73.482  15.601 0.6000000238
9688  22.404  -76.665  12.286 0.6999999881
134232  16.964  -74.641  15.216 0.6999999881
130381  14.662  -74.147  15.612 0.6000000238
11070  24.369  -74.159  12.053 0.6999999881
10351  23.359  -75.578  12.198 0.6000000238
9675  22.261  -76.296  13.112 0.8000000119
9676  21.472  -76.416  13.609 0.6999999881
9667  20.010  -76.211  14.263 0.6999999881
10325  18.729  -75.412  14.639 0.6999999881
132489  16.434  -83.206  7.722 0.6000000238
5904  17.401  -82.375  3.892 0.6999999881
5893  17.173  -82.237  5.219 0.6999999881
5894  16.725  -82.807  5.821 0.6000000238
5329  17.733  -83.420  1.253 0.5000000000
5327  17.260  -83.164  2.966 0.6999999881
130094  16.505  -86.017  4.029 0.4000000060
4235  16.508  -85.577  2.928 0.5000000000
6485  18.123  -81.417  10.748 0.5000000000
5847  17.420  -82.532  10.690 0.5000000000
7166  18.368  -80.624  10.311 0.5000000000
8451  17.529  -78.556  9.544 0.6000000238
9736  16.165  -75.868  8.587 0.6000000238
9072  16.142  -76.845  9.378 0.6999999881
8438  17.399  -78.320  10.786 0.6999999881
10414  16.461  -75.584  8.361 0.6999999881
9723  18.952  -76.724  9.168 0.6000000238
10412  17.560  -75.538  8.427 0.6000000238
10396  16.899  -75.370  8.851 0.6999999881
9080  21.620  -77.845  8.387 0.6999999881
9070  20.809  -77.999  9.254 0.6999999881
136374  19.915  -77.550  9.227 0.6999999881
12439  14.822  -72.391  15.939 0.6000000238
10394  22.841  -76.077  9.340 0.6000000238
9722  22.644  -76.903  9.648 0.6999999881
9071  20.384  -77.589  9.954 0.6999999881
13228  25.119  -72.020  9.717 0.6000000238
137936  24.339  -73.643  10.590 0.6000000238
11790  23.818  -74.079  10.213 0.6000000238
10393  23.115  -75.494  9.907 0.6000000238
9710  22.721  -76.895  10.612 0.6999999881
11717  15.379  -72.799  16.215 0.6000000238
11789  24.732  -73.033  10.591 0.6000000238
11082  23.488  -74.963  10.634 0.6000000238
10312  20.808  -75.391  15.338 0.6999999881
11022  18.728  -74.662  15.680 0.6000000238
11023  17.905  -74.626  15.450 0.6999999881
143180  15.767  -73.914  15.896 0.6000000238
137609  25.629  -71.456  10.278 0.5000000000
12474  25.061  -72.720  11.333 0.6000000238
11778  24.802  -73.259  11.972 0.8000000119
11045  24.153  -74.327  13.047 0.8000000119
132870  23.663  -74.469  13.791 0.8000000119
9665  21.482  -76.009  14.393 0.8000000119
10323  20.376  -75.834  14.876 0.6999999881
10314  19.179  -75.170  15.289 0.6999999881
11060  23.757  -74.886  12.527 0.8000000119
10321  23.075  -75.199  13.791 0.8000000119
126092  16.737  -81.963  6.146 0.6999999881
5883  16.787  -81.958  6.918 0.6999999881
5871  17.096  -82.113  7.812 0.6999999881
5856  16.798  -83.056  9.199 0.6000000238
140771  17.589  -81.725  3.199 0.6999999881
5861  17.268  -82.320  8.770 0.6000000238
5913  17.751  -82.454  2.140 0.6000000238
5855  17.409  -82.479  9.775 0.5000000000
6502  18.162  -81.313  9.846 0.5000000000
13969  18.627  -70.555  12.203 0.6000000238
7178  18.297  -80.526  9.366 0.5000000000
13958  18.081  -70.783  13.026 0.5000000000
7812  17.939  -78.970  8.871 0.5000000000
13175  18.862  -71.345  14.753 0.6000000238
142345  16.373  -77.118  8.308 0.6999999881
8462  17.096  -78.002  8.753 0.6000000238
10413  16.699  -75.212  7.823 0.6999999881
8463  16.390  -77.236  8.937 0.6999999881
13164  18.187  -71.705  15.520 0.6000000238
9750  18.956  -77.138  7.756 0.6999999881
10430  17.185  -75.219  7.647 0.6000000238
9094  21.609  -77.718  7.565 0.6999999881
8472  20.981  -78.259  7.758 0.6999999881
9082  19.461  -77.410  8.486 0.6999999881
12424  17.141  -72.766  16.308 0.6000000238
12436  17.599  -72.184  16.030 0.6000000238
9734  22.545  -76.698  8.780 0.6000000238
8450  21.095  -78.175  8.616 0.6999999881
11713  19.358  -73.581  16.321 0.6000000238
13167  15.108  -71.751  15.600 0.6000000238
146292  22.960  -73.580  8.794 0.6000000238
131812  23.247  -74.593  9.701 0.6000000238
11010  20.665  -74.178  16.162 0.6999999881
11012  19.015  -74.230  16.135 0.6000000238
11715  17.645  -73.541  16.264 0.6000000238
12495  24.257  -72.460  9.251 0.6000000238
12451  24.750  -72.818  13.315 0.6000000238
11747  23.905  -73.325  14.602 0.6000000238
11019  22.227  -74.673  15.356 0.6999999881
11020  20.348  -74.843  15.853 0.6000000238
11014  17.299  -74.176  15.938 0.6000000238
13207  25.178  -72.164  12.872 0.6000000238
135730  23.559  -74.005  14.486 0.8000000119
12462  24.953  -72.782  12.477 0.6000000238
11757  24.230  -73.643  13.784 0.6999999881
10311  21.725  -75.454  14.975 0.8000000119
6569  17.035  -81.309  5.618 0.6999999881
6555  17.045  -81.256  6.472 0.6999999881
6539  17.341  -81.325  7.443 0.6999999881
7222  17.548  -80.848  3.516 0.6999999881
6588  17.374  -81.548  4.539 0.6999999881
143475  17.607  -80.766  7.532 0.6000000238
6520  18.031  -81.143  8.926 0.6000000238
144046  20.401  -69.691  12.284 0.6000000238
13967  19.822  -69.787  11.549 0.6000000238
13956  20.019  -70.803  12.996 0.6000000238
13979  19.058  -70.173  11.511 0.6000000238
7183  18.111  -80.381  8.518 0.6000000238
13957  19.210  -70.910  12.943 0.5000000000
9114  16.146  -76.305  6.873 0.6999999881
143487  16.970  -77.813  8.002 0.6999999881
13173  20.212  -71.130  15.082 0.4000000060
13190  19.595  -71.134  13.789 0.5000000000
10446  16.378  -74.637  6.453 0.6999999881
9774  16.010  -75.201  6.905 0.8000000119
140707  20.069  -71.771  15.680 0.5000000000
9752  17.510  -75.379  7.074 0.6000000238
9097  16.128  -76.068  7.861 0.6999999881
13163  19.139  -71.768  15.547 0.6000000238
9096  19.382  -77.666  6.939 0.6999999881
128120  18.393  -76.651  7.019 0.6999999881
12420  20.650  -72.823  16.307 0.6999999881
12434  19.420  -72.292  16.069 0.6000000238
9749  22.127  -76.994  7.357 0.6999999881
123106  21.106  -78.043  6.889 0.6999999881
137776  22.479  -72.572  16.090 0.5000000000
12422  18.924  -72.856  16.324 0.6000000238
11126  22.511  -74.507  7.713 0.6000000238
11112  22.585  -74.727  8.391 0.6000000238
9748  22.409  -76.360  7.944 0.6999999881
11711  21.295  -73.206  16.277 0.6999999881
11816  22.588  -73.784  8.206 0.6000000238
11097  22.819  -75.101  9.135 0.6000000238
12431  23.870  -72.729  15.117 0.5000000000
146303  22.733  -73.217  15.731 0.6000000238
12496  23.457  -73.096  9.044 0.6000000238
13206  25.324  -71.564  13.224 0.6000000238
11746  24.430  -72.657  14.285 0.5000000000
11732  22.558  -73.912  15.566 0.6999999881
144077  25.640  -70.822  12.263 0.6000000238
7204  17.281  -79.864  5.265 0.6999999881
122419  17.246  -80.371  5.990 0.6999999881
134038  17.639  -79.709  6.767 0.6000000238
7189  17.893  -80.156  7.634 0.6000000238
14765  20.447  -69.144  11.730 0.4000000060
14774  20.118  -68.886  10.962 0.5000000000
7823  17.811  -79.135  7.459 0.6000000238
14754  20.761  -69.379  13.523 0.5000000000
132304  19.165  -69.172  10.095 0.6000000238
139867  16.802  -77.591  6.653 0.6999999881
9132  16.387  -76.824  5.916 0.6999999881
126669  17.651  -78.586  8.109 0.6000000238
13943  20.345  -70.764  14.465 0.5000000000
11138  16.361  -74.452  5.896 0.6999999881
133050  21.502  -70.828  16.188 0.4000000060
9141  20.297  -77.219  4.609 0.6999999881
9130  19.143  -77.335  5.407 0.6999999881
9143  18.724  -76.703  4.752 0.6999999881
13153  21.493  -71.526  16.261 0.6000000238
142738  21.800  -76.555  5.907 0.6999999881
9128  20.860  -77.363  5.269 0.6999999881
9113  18.774  -77.204  6.176 0.6999999881
9772  17.925  -75.819  6.293 0.6999999881
13151  22.926  -71.047  16.367 0.5000000000
13154  20.775  -72.003  16.158 0.5000000000
9770  22.354  -75.982  7.084 0.6000000238
9771  21.936  -76.721  6.575 0.6999999881
9110  21.290  -77.447  6.070 0.6999999881
126061  20.442  -78.082  6.925 0.6999999881
13161  23.031  -71.916  16.142 0.5000000000
12516  22.638  -72.969  7.671 0.5000000000
11137  22.759  -74.528  7.000 0.6000000238
10429  22.466  -75.358  7.825 0.6000000238
7852  17.261  -79.072  5.011 0.6999999881
7836  17.430  -79.295  5.899 0.6999999881
15607  20.924  -68.128  11.931 0.4000000060
126807  17.055  -78.117  4.603 0.6999999881
123202  17.486  -78.696  6.649 0.6999999881
16466  20.307  -67.884  10.867 0.4000000060
8499  17.146  -78.125  5.678 0.6999999881
15619  19.936  -67.960  10.394 0.6000000238
9798  16.251  -75.228  4.643 0.8000000119
140948  16.393  -76.224  4.537 0.6999999881
10472  17.333  -75.230  3.948 0.6000000238
11156  16.647  -74.786  4.687 0.6000000238
123218  18.052  -67.431  9.795 0.6000000238
9142  19.429  -77.107  4.658 0.6999999881
9806  18.527  -76.187  3.918 0.6999999881
133286  17.791  -75.548  4.627 0.6000000238
121552  20.642  -76.781  4.062 0.6000000238
10455  22.827  -75.728  5.614 0.6000000238
17351  16.364  -66.635  9.102 0.5000000000
11838  22.988  -73.716  6.785 0.6000000238
125132  22.286  -76.005  6.199 0.6999999881
12532  23.110  -72.781  6.490 0.5000000000
9144  16.739  -77.058  4.144 0.6999999881
16433  19.410  -67.801  11.954 0.4000000060
9153  16.597  -75.857  3.917 0.8000000119
16467  19.924  -67.781  10.601 0.5000000000
125622  17.820  -75.081  2.400 0.8000000119
16469  17.742  -67.737  10.911 0.4000000060
142067  18.546  -67.873  11.554 0.4000000060
10489  16.747  -75.101  3.996 0.6999999881
16452  16.679  -67.563  11.222 0.4000000060
16468  19.085  -67.674  10.370 0.5000000000
9795  22.294  -76.353  3.850 0.6000000238
9796  19.734  -76.623  3.835 0.6000000238
9805  18.942  -75.944  3.214 0.6999999881
138420  15.802  -67.293  11.244 0.4000000060
125650  22.561  -76.074  4.773 0.6000000238
123567  21.781  -76.488  4.639 0.6000000238
128934  14.953  -66.953  10.474 0.4000000060
16481  17.119  -66.982  9.431 0.6000000238
11136  23.334  -74.581  6.236 0.6000000238
11851  23.594  -73.708  6.082 0.5000000000
13278  22.905  -71.982  5.938 0.5000000000
126143  18.334  -67.944  12.643 0.4000000060
9807  17.238  -75.708  3.114 0.8000000119
16434  17.368  -67.862  12.096 0.4000000060
143188  16.715  -67.757  12.805 0.4000000060
10486  18.792  -75.250  2.282 0.6000000238
10487  17.961  -75.313  3.081 0.6999999881
9816  21.034  -76.172  3.022 0.6000000238
10485  20.208  -75.844  2.575 0.6000000238
124244  15.004  -67.434  12.562 0.4000000060
16453  15.062  -67.145  11.144 0.4000000060
121804  23.375  -75.596  4.862 0.6000000238
16454  14.310  -67.293  11.073 0.4000000060
11155  23.892  -74.397  5.478 0.4000000060
16416  18.186  -67.699  13.575 0.4000000060
10503  18.064  -74.754  1.712 0.6999999881
139458  17.433  -67.900  13.185 0.4000000060
10517  18.837  -74.690  1.231 0.6999999881
16418  15.787  -67.541  13.020 0.4000000060
9803  21.887  -76.249  3.030 0.6000000238
10502  21.134  -75.764  2.123 0.6000000238
16437  14.203  -67.462  12.834 0.4000000060
10470  23.880  -75.344  4.087 0.6000000238
128935  13.738  -67.450  11.980 0.3000000119
126999  24.436  -74.370  4.988 0.4000000060
12542  24.399  -72.699  5.809 0.4000000060
11849  25.071  -73.445  5.443 0.4000000060
123491  15.215  -67.556  13.935 0.4000000060
135067  14.392  -67.472  13.791 0.4000000060
10484  22.882  -76.161  2.969 0.6000000238
10483  23.676  -75.710  3.264 0.6000000238
142386  24.105  -75.493  2.697 0.6000000238
11153  25.738  -74.098  5.186 0.4000000060
11166  25.390  -74.590  4.416 0.5000000000
12541  25.470  -72.766  5.952 0.4000000060
19013  11.455  -64.781  13.404 0.3000000119
18147  16.227  -65.594  16.576 0.4000000060
19001  12.261  -64.837  14.620 0.3000000119
19918  12.412  -63.123  11.552 0.4000000060
18972  17.412  -64.849  17.086 0.4000000060
18974  14.951  -64.986  16.683 0.4000000060
124756  13.200  -64.239  15.487 0.3000000119
18987  13.409  -64.793  15.817 0.3000000119
19891  11.756  -63.968  13.070 0.3000000119
19012  12.050  -64.168  13.961 0.3000000119
19906  11.669  -63.812  12.164 0.3000000119
18962  16.312  -64.151  17.338 0.4000000060
19842  15.897  -63.529  17.255 0.4000000060
18975  14.054  -65.041  16.312 0.4000000060
19862  12.733  -63.962  14.808 0.3000000119
19890  12.717  -63.308  13.942 0.3000000119
23600  12.312  -59.878  10.585 0.4000000060
23587  10.439  -59.528  11.921 0.3000000119
24503  10.750  -58.956  12.189 0.3000000119
20786  12.763  -62.835  13.132 0.3000000119
20805  12.918  -62.495  12.145 0.3000000119
20727  15.609  -62.785  17.002 0.4000000060
19849  15.135  -63.497  16.855 0.4000000060
19860  13.949  -63.229  15.783 0.3000000119
19861  13.445  -63.502  15.333 0.3000000119
19877  13.344  -62.995  14.514 0.3000000119
142482  13.306  -61.225  9.853 0.3000000119
19889  13.303  -62.553  13.673 0.3000000119
23586  11.505  -59.132  11.407 0.3000000119
20785  13.254  -62.298  12.927 0.3000000119
24516  13.067  -58.484  11.011 0.4000000060
23585  12.179  -58.329  11.375 0.3000000119
24501  12.684  -57.641  11.467 0.3000000119
24484  11.590  -58.066  12.366 0.3000000119
20728  14.953  -62.732  16.503 0.4000000060
20743  14.396  -62.617  15.844 0.4000000060
20744  13.869  -62.679  15.168 0.3000000119
22708  13.273  -60.622  10.224 0.4000000060
20764  13.842  -62.100  14.255 0.3000000119
21772  13.421  -61.028  10.488 0.3000000119
127130  13.076  -59.855  10.491 0.4000000060
23598  13.475  -59.753  10.752 0.4000000060
25433  12.403  -57.047  11.898 0.3000000119
129478  15.411  -62.173  16.615 0.4000000060
21668  14.909  -61.993  16.043 0.4000000060
21685  14.425  -61.863  15.161 0.4000000060
21700  14.281  -61.453  14.382 0.4000000060
21720  13.620  -61.915  13.294 0.3000000119
22655  14.136  -60.549  13.301 0.3000000119
22672  13.795  -60.542  12.087 0.3000000119
23584  13.896  -59.508  11.429 0.3000000119
24499  14.024  -58.490  11.517 0.5000000000
136004  13.569  -58.890  11.067 0.4000000060
24500  13.515  -57.832  11.391 0.4000000060
25400  12.731  -56.569  12.669 0.3000000119
22626  15.321  -60.721  15.642 0.4000000060
22627  14.735  -60.960  14.846 0.4000000060
22640  14.607  -60.249  14.194 0.3000000119
23535  14.505  -59.633  13.479 0.3000000119
24462  15.421  -58.405  13.894 0.3000000119
142966  15.593  -57.835  13.701 0.3000000119
21719  13.996  -61.386  13.689 0.3000000119
140943  14.463  -59.115  12.833 0.3000000119
24483  14.503  -58.246  12.375 0.3000000119
25411  15.243  -56.523  12.806 0.3000000119
131417  14.165  -59.735  12.542 0.3000000119
134498  14.082  -57.631  11.647 0.3000000119
25432  13.084  -56.926  11.653 0.3000000119
26308  13.077  -56.084  12.947 0.3000000119
22590  17.308  -60.702  17.455 0.3000000119
22607  16.578  -60.535  16.982 0.3000000119
22608  15.919  -60.561  16.371 0.3000000119
23516  15.948  -59.093  15.575 0.3000000119
24444  16.250  -58.243  15.192 0.3000000119
25384  16.162  -57.062  13.988 0.3000000119
23499  15.665  -59.925  15.717 0.3000000119
24445  15.662  -58.722  14.725 0.3000000119
24461  15.903  -57.847  14.255 0.3000000119
25398  15.855  -56.245  13.465 0.3000000119
139618  13.976  -56.205  11.985 0.3000000119
26319  14.487  -55.722  12.554 0.3000000119
26336  13.428  -56.303  11.988 0.3000000119
27290  13.592  -55.469  13.056 0.3000000119
138553  18.618  -59.744  17.995 0.3000000119
24408  17.675  -59.145  17.345 0.3000000119
23497  16.997  -59.158  16.794 0.3000000119
24426  16.611  -58.708  16.117 0.3000000119
25372  16.473  -57.346  14.716 0.3000000119
26307  15.196  -55.515  12.903 0.3000000119
27299  14.143  -55.193  12.888 0.3000000119
26292  13.556  -56.054  13.430 0.3000000119
26280  17.012  -56.732  15.018 0.3000000119
26291  16.522  -56.378  14.200 0.3000000119
28268  15.176  -54.226  13.661 0.3000000119
28255  14.789  -54.251  13.658 0.3000000119
27273  14.162  -55.241  13.625 0.3000000119
142265  17.036  -55.983  14.564 0.3000000119
27271  16.619  -55.454  14.194 0.3000000119
125041  15.929  -54.744  13.876 0.3000000119
26278  18.130  -56.080  15.775 0.3000000119
27270  17.242  -55.286  14.637 0.3000000119
28252  16.566  -54.672  14.415 0.3000000119
28253  15.720  -54.236  14.276 0.3000000119
28254  15.141  -54.052  14.158 0.3000000119
28239  14.923  -54.137  14.236 0.3000000119
27272  14.785  -55.055  14.592 0.3000000119
4266  21.214  -85.195  -0.583 0.5000000000
3792  19.939  -86.355  0.463 0.5000000000
3325  19.378  -87.093  0.876 0.4000000060
120725  15.307  -75.179  12.860 0.6999999881
11035  15.923  -74.692  15.039 0.6999999881
134381  15.153  -88.415  3.946 0.4000000060
3785  20.267  -86.584  1.034 0.5000000000
121562  19.423  -76.643  11.251 0.6000000238
7794  18.360  -79.780  10.794 0.5000000000
9046  19.940  -77.213  10.618 0.6000000238
9115  15.980  -75.636  6.076 0.8000000119
8473  17.307  -78.174  7.389 0.6999999881
9788  17.346  -74.853  5.554 0.6000000238
134106  22.669  -72.867  7.029 0.5000000000
9129  20.107  -77.610  5.409 0.6999999881
125658  15.500  -66.948  10.463 0.4000000060
13279  22.250  -71.280  5.868 0.5000000000
10471  23.130  -76.012  3.951 0.6000000238
126573  23.333  -71.936  5.795 0.4000000060
10516  20.026  -75.200  1.544 0.6000000238
10501  22.232  -75.795  2.099 0.6000000238
16420  13.503  -67.395  13.625 0.3000000119
11167  24.625  -74.745  4.297 0.4000000060
10469  24.515  -75.202  3.372 0.4000000060
124169  16.485  -64.887  17.080 0.4000000060
21667  15.523  -61.402  16.343 0.3000000119
143069  18.136  -59.445  17.733 0.3000000119
146088  20.375  -75.333  -0.937 0.5000000000
11191  19.334  -74.790  -0.218 0.5000000000
142046  18.013  -74.955  0.725 0.6999999881
9825  17.750  -75.577  0.748 0.6999999881
9152  17.068  -76.955  3.362 0.6000000238
11187  19.739  -74.478  -0.042 0.5000000000
10518  18.285  -74.699  1.001 0.6000000238
9817  17.337  -75.953  2.144 0.6000000238
7878  17.435  -79.871  3.407 0.6000000238
7865  17.324  -79.897  4.427 0.6000000238
9182  18.802  -76.699  -0.214 0.6999999881
8544  17.691  -77.897  1.050 0.6000000238
131459  17.279  -79.025  3.088 0.6000000238
9174  17.657  -76.700  0.809 0.6999999881
8524  17.192  -78.077  2.728 0.6000000238
131666  17.214  -79.044  4.069 0.6000000238
11189  21.176  -74.520  -0.500 0.5000000000
8532  19.107  -78.673  1.063 0.6999999881
8533  18.190  -78.672  0.934 0.6999999881
7254  18.231  -80.048  1.638 0.6000000238
130128  17.670  -80.448  2.630 0.6000000238
9172  19.139  -77.440  0.100 0.6000000238
9173  18.301  -77.482  0.448 0.6999999881
7897  17.792  -79.588  1.645 0.6000000238
9171  20.140  -77.359  0.076 0.6000000238
10530  22.565  -74.972  -0.646 0.5000000000
11180  20.660  -74.745  0.715 0.5000000000
8542  19.638  -78.036  0.614 0.6999999881
7895  18.615  -79.498  1.368 0.6000000238
6598  17.950  -81.660  2.144 0.6000000238
122873  23.330  -75.388  -0.629 0.5000000000
140588  22.028  -74.758  0.337 0.5000000000
126146  25.236  -75.363  0.326 0.5000000000
10524  22.696  -74.882  0.004 0.5000000000
10498  26.140  -75.444  2.155 0.4000000060
145452  13.756  -77.355  14.561 0.4000000060
9030  14.726  -77.011  13.719 0.4000000060
132670  14.819  -77.759  14.283 0.4000000060
9021  15.648  -77.891  14.121 0.5000000000
8409  16.623  -78.305  13.974 0.5000000000
8397  16.213  -78.804  14.574 0.5000000000
10513  23.486  -75.300  0.778 0.5000000000
8396  16.948  -78.969  14.436 0.5000000000
6393  14.449  -81.584  15.694 0.6000000238
127055  24.946  -75.451  1.386 0.4000000060
7767  17.859  -79.674  13.578 0.5000000000
7104  17.163  -80.238  14.726 0.5000000000
129905  15.170  -81.837  15.572 0.5000000000
122355  13.697  -78.027  14.457 0.5000000000
8398  15.346  -78.622  14.470 0.5000000000
8399  14.799  -78.803  14.352 0.5000000000
7758  15.285  -79.518  14.954 0.5000000000
7759  14.685  -79.690  14.572 0.5000000000
7744  16.027  -80.146  15.464 0.5000000000
142685  15.176  -80.472  15.512 0.5000000000
6392  15.334  -81.200  15.639 0.5000000000
127902  24.719  -75.360  2.419 0.5000000000
7094  16.034  -80.841  15.564 0.5000000000
10497  27.065  -75.504  2.133 0.4000000060
10499  25.396  -75.417  2.057 0.4000000060
10481  26.455  -75.393  3.107 0.4000000060
11736  12.936  -74.117  15.418 0.5000000000
133705  14.228  -79.337  14.030 0.5000000000
131367  23.173  -75.747  1.965 0.5000000000
10482  25.423  -75.227  2.991 0.4000000060
12440  14.044  -72.920  15.711 0.5000000000
12447  12.758  -72.957  14.371 0.5000000000
11769  12.343  -73.207  12.888 0.5000000000
11749  12.633  -73.631  14.930 0.5000000000
10468  25.903  -75.051  3.845 0.4000000060
12445  14.253  -72.072  15.316 0.5000000000
12446  13.306  -72.252  14.264 0.5000000000
13179  14.796  -71.421  14.751 0.5000000000
13196  13.736  -71.414  13.597 0.5000000000
12464  12.694  -72.480  12.527 0.5000000000
11779  12.217  -73.002  11.965 0.4000000060
13195  14.496  -71.102  13.851 0.5000000000
12463  13.087  -71.806  12.153 0.6000000238
12475  12.598  -72.312  11.652 0.6000000238
13178  15.759  -71.349  14.933 0.5000000000
13961  15.032  -70.663  13.164 0.5000000000
13208  14.247  -70.892  13.009 0.5000000000
13219  13.546  -71.269  11.744 0.6000000238
13220  12.969  -71.714  11.294 0.6000000238
12486  12.120  -72.540  10.197 0.6000000238
11807  11.724  -73.421  9.655 0.5000000000
11817  11.619  -73.438  8.831 0.5000000000
124267  11.323  -74.066  8.316 0.5000000000
13177  16.806  -71.238  14.840 0.5000000000
13192  17.439  -70.971  13.944 0.5000000000
13960  15.996  -70.695  13.149 0.5000000000
13973  14.753  -70.659  12.491 0.5000000000
131654  14.915  -70.642  11.757 0.6000000238
13230  13.488  -71.228  10.914 0.6000000238
13242  12.383  -71.894  9.502 0.6000000238
12498  11.945  -72.671  9.222 0.6000000238
12508  11.747  -72.700  8.378 0.5000000000
14084  14.839  -70.606  3.499 0.5000000000
12535  11.510  -72.603  6.429 0.5000000000
13176  17.832  -71.272  14.787 0.5000000000
13959  17.009  -70.710  13.111 0.5000000000
13971  16.562  -70.538  12.260 0.6000000238
13982  15.988  -70.551  11.349 0.6000000238
13994  15.792  -70.494  10.372 0.6000000238
13996  14.046  -70.757  9.743 0.6000000238
133034  14.941  -70.531  9.191 0.6000000238
13241  13.145  -71.223  9.472 0.6000000238
14009  13.931  -70.772  8.888 0.6000000238
12497  12.165  -72.059  8.689 0.6000000238
12517  11.892  -72.017  7.860 0.5000000000
12518  11.533  -72.804  7.447 0.5000000000
12534  11.787  -71.979  6.944 0.5000000000
13280  13.155  -71.193  6.062 0.5000000000
12544  11.793  -71.944  5.963 0.5000000000
13292  13.370  -71.144  4.992 0.5000000000
13981  17.150  -70.341  11.432 0.6000000238
13993  16.745  -70.267  10.572 0.6000000238
14007  16.386  -70.204  9.665 0.6000000238
14019  16.308  -70.015  8.785 0.6000000238
141753  15.779  -70.307  9.170 0.6000000238
14021  14.712  -70.531  8.269 0.6000000238
14036  15.384  -70.216  7.612 0.6000000238
14022  13.821  -70.768  8.021 0.5000000000
14037  14.515  -70.504  7.405 0.5000000000
13264  13.009  -71.144  6.926 0.5000000000
137570  14.678  -70.304  5.934 0.5000000000
14826  16.142  -69.622  5.874 0.6000000238
14071  13.961  -70.684  5.705 0.5000000000
132170  14.721  -70.353  4.955 0.5000000000
14840  16.033  -69.592  4.795 0.5000000000
15701  16.595  -68.383  3.405 0.5000000000
14794  17.056  -69.720  9.122 0.6000000238
14813  17.292  -68.863  7.825 0.6000000238
14814  16.660  -69.351  7.388 0.6000000238
14815  15.988  -69.749  6.884 0.6000000238
14839  16.608  -69.162  5.231 0.6000000238
14859  16.498  -69.131  4.181 0.5000000000
14802  17.636  -69.147  8.625 0.6000000238
14825  16.741  -69.133  6.316 0.6000000238
15674  17.407  -67.969  5.075 0.6000000238
16538  17.159  -67.312  4.423 0.5000000000
16489  18.484  -67.643  8.710 0.6000000238
144859  18.542  -68.056  8.655 0.6000000238
15647  18.083  -67.705  8.166 0.6000000238
15648  17.662  -68.001  7.338 0.6000000238
15661  17.396  -68.123  6.174 0.6000000238
17393  17.001  -66.445  5.394 0.5000000000
16480  17.997  -67.137  8.818 0.6000000238
17371  17.507  -66.779  7.454 0.6000000238
17361  16.746  -66.552  8.291 0.6000000238
16517  17.450  -67.257  5.562 0.6000000238
17373  16.385  -66.548  7.690 0.6000000238
128985  15.514  -67.035  7.877 0.5000000000
16491  15.194  -66.880  8.835 0.4000000060
8517  17.091  -78.077  3.680 0.6000000238
9161  17.273  -76.986  2.474 0.6999999881
10515  21.562  -75.166  1.126 0.5000000000
10514  22.597  -75.313  1.087 0.5000000000
10523  24.818  -75.358  -0.367 0.5000000000
10512  24.381  -75.302  0.457 0.5000000000
124180  14.188  -81.015  15.546 0.6000000238
13229  14.198  -70.864  11.307 0.6000000238
128791  15.029  -70.718  10.875 0.6000000238
124229  13.153  -71.153  8.552 0.6000000238
14053  14.264  -70.538  6.597 0.5000000000
15635  17.986  -68.349  8.301 0.6000000238
14824  17.102  -68.702  7.031 0.6000000238
127061  17.120  -66.453  6.666 0.6000000238
17383  16.320  -66.511  6.268 0.6000000238
3339  22.171  -86.557  -0.457 0.4000000060
2426  23.134  -88.651  1.758 0.5000000000
2884  23.827  -87.540  1.296 0.5000000000
2893  23.246  -87.202  0.625 0.4000000060
3338  22.808  -86.160  0.139 0.4000000060
3789  22.938  -85.945  0.449 0.4000000060
3800  22.217  -85.727  -0.376 0.4000000060
2883  24.482  -87.530  1.815 0.5000000000
2869  24.292  -88.271  1.906 0.5000000000
3783  23.230  -85.944  1.016 0.5000000000
3790  22.362  -85.790  0.630 0.5000000000
127140  22.097  -85.541  -0.038 0.4000000060
3285  24.480  -87.371  2.435 0.5000000000
3777  23.166  -86.446  1.678 0.5000000000
137748  22.098  -86.358  1.441 0.5000000000
3784  21.350  -86.077  0.913 0.4000000060
3309  20.707  -86.903  1.543 0.4000000060
3286  23.419  -87.296  2.786 0.5000000000
3287  22.305  -87.533  2.909 0.5000000000
2850  21.420  -88.073  3.594 0.5000000000
3288  21.436  -87.701  2.812 0.5000000000
3296  20.970  -87.444  2.217 0.5000000000
3310  19.689  -87.344  1.473 0.4000000060
5335  18.125  -83.363  1.060 0.5000000000
4234  17.127  -85.072  2.022 0.4000000060
4228  17.172  -85.414  3.498 0.4000000060
4229  16.666  -85.916  4.701 0.4000000060
3278  15.753  -87.525  5.250 0.4000000060
2835  15.441  -88.224  4.668 0.4000000060
2851  20.569  -88.096  3.074 0.5000000000
132619  16.610  -88.897  4.416 0.4000000060
2854  16.851  -89.104  3.523 0.4000000060
2872  17.700  -88.831  2.644 0.4000000060
125340  20.256  -88.334  3.977 0.4000000060
2852  19.556  -88.392  3.424 0.5000000000
3298  19.246  -87.990  2.020 0.4000000060
3297  20.065  -87.583  1.957 0.4000000060
4761  17.711  -84.566  2.262 0.4000000060
3737  16.291  -86.904  5.860 0.4000000060
2814  15.809  -88.073  5.283 0.4000000060
137589  19.930  -88.571  4.898 0.4000000060
128963  17.519  -88.983  4.205 0.4000000060
136235  17.913  -88.935  3.391 0.4000000060
130562  18.931  -88.728  5.344 0.4000000060
137526  19.264  -88.582  4.360 0.4000000060
2853  18.574  -88.715  3.827 0.4000000060
2871  18.770  -88.516  2.826 0.4000000060
5918  18.227  -82.647  1.328 0.5000000000
5917  18.288  -82.879  1.154 0.4000000060
4752  18.148  -84.371  3.337 0.4000000060
4746  18.391  -84.526  4.596 0.4000000060
4212  16.745  -86.385  6.417 0.4000000060
3277  16.382  -87.680  5.928 0.4000000060
2796  16.955  -88.102  6.257 0.4000000060
2813  16.499  -88.283  5.628 0.4000000060
2811  18.575  -88.638  6.220 0.4000000060
2812  17.684  -88.447  6.331 0.4000000060
145897  17.193  -88.501  5.842 0.4000000060
6606  18.296  -81.585  2.032 0.5000000000
6605  18.421  -82.105  1.832 0.5000000000
7253  18.701  -80.203  1.709 0.6000000238
5912  18.641  -82.501  1.944 0.5000000000
4219  17.952  -85.085  5.262 0.4000000060
4211  17.913  -85.216  6.395 0.4000000060
138620  17.481  -86.391  7.495 0.4000000060
3271  17.721  -87.071  7.627 0.4000000060
6596  19.510  -81.236  3.479 0.4000000060
7877  19.258  -79.790  1.778 0.5000000000
5325  19.003  -82.873  3.678 0.4000000060
124845  18.575  -84.701  5.745 0.4000000060
6587  20.059  -81.626  4.470 0.4000000060
122577  19.242  -83.593  4.727 0.4000000060
5322  19.659  -83.873  5.659 0.4000000060
7886  20.070  -79.144  2.029 0.6000000238
7894  19.393  -79.151  1.515 0.6000000238
7234  20.587  -80.140  3.891 0.5000000000
6586  20.860  -81.478  4.797 0.4000000060
9833  18.672  -76.061  -0.294 0.5000000000
13980  18.161  -70.279  11.492 0.5000000000
128843  18.657  -69.252  9.704 0.5000000000
16479  18.917  -67.712  9.469 0.5000000000
13991  18.599  -69.941  10.985 0.5000000000
14791  19.123  -68.589  9.675 0.5000000000
14006  17.311  -69.891  9.923 0.5000000000
3776  23.784  -86.516  1.315 0.5000000000
3322  23.630  -86.293  0.870 0.5000000000
4753  17.848  -84.932  3.989 0.4000000060
4220  17.301  -85.536  4.861 0.4000000060
130489  17.928  -88.755  5.654 0.4000000060
5326  18.556  -83.784  3.668 0.4000000060
3709  17.064  -86.826  7.050 0.4000000060
3274  17.388  -87.463  7.131 0.4000000060
6604  18.959  -81.230  2.284 0.5000000000
4743  18.563  -84.798  6.812 0.4000000060
7235  19.734  -80.508  3.268 0.5000000000
133074  20.690  -79.088  2.689 0.6000000238
5892  19.819  -83.274  5.026 0.5000000000
8526  28.669  -78.217  1.244 0.3000000119
8535  26.967  -78.652  0.461 0.3000000119
131549  27.439  -77.688  0.466 0.3000000119
8527  27.833  -78.435  0.841 0.3000000119
128045  29.359  -78.068  1.567 0.3000000119
8520  30.654  -79.016  2.536 0.3000000119
9159  30.635  -77.763  2.314 0.3000000119
7898  26.560  -79.662  0.448 0.3000000119
7899  25.725  -79.598  0.303 0.4000000060
8537  25.244  -78.131  -0.318 0.4000000060
7890  27.474  -79.516  0.801 0.3000000119
8545  24.593  -77.564  -0.553 0.4000000060
9168  26.044  -77.385  -0.441 0.4000000060
9829  22.669  -75.663  -0.876 0.4000000060
123874  21.990  -75.134  -0.952 0.4000000060
8525  29.343  -79.115  1.554 0.3000000119
9167  26.852  -76.306  -0.548 0.3000000119
9826  25.394  -75.926  -0.999 0.4000000060
9815  29.792  -76.312  1.869 0.3000000119
9165  27.925  -75.550  0.290 0.3000000119
7891  24.379  -79.504  0.676 0.4000000060
7892  23.732  -79.195  0.972 0.4000000060
8529  22.237  -78.172  0.763 0.4000000060
9170  21.175  -77.382  -0.121 0.4000000060
7256  26.294  -80.403  0.640 0.4000000060
7900  24.880  -79.440  0.261 0.4000000060
7901  24.018  -79.009  0.217 0.4000000060
8540  22.021  -77.825  -0.077 0.4000000060
9179  21.426  -76.616  -0.806 0.4000000060
7255  27.153  -80.463  0.801 0.3000000119
8538  24.433  -78.595  -0.186 0.4000000060
8547  22.666  -77.551  -0.516 0.4000000060
128699  19.972  -75.968  -0.902 0.4000000060
126164  28.077  -80.249  1.247 0.3000000119
9178  23.095  -76.667  -0.870 0.4000000060
9831  20.860  -75.846  -1.052 0.4000000060
7246  29.387  -80.612  2.086 0.3000000119
9828  23.678  -75.846  -0.848 0.4000000060
10522  26.115  -75.295  -0.346 0.4000000060
7242  23.019  -79.859  2.850 0.4000000060
7885  21.561  -78.891  2.722 0.4000000060
7241  23.864  -80.243  2.398 0.4000000060
7883  23.454  -79.326  2.018 0.4000000060
7884  22.541  -78.965  2.468 0.4000000060
8530  21.243  -78.205  1.219 0.4000000060
6609  26.530  -81.731  1.936 0.3000000119
7251  25.126  -80.472  1.286 0.4000000060
6599  28.343  -81.616  2.918 0.3000000119
7247  28.711  -80.943  1.772 0.3000000119
9180  20.534  -76.659  -0.585 0.4000000060
7237  29.566  -80.627  2.722 0.3000000119
7875  21.028  -79.449  3.397 0.4000000060
7874  22.059  -79.518  3.265 0.4000000060
128869  26.807  -75.353  1.180 0.3000000119
133855  27.964  -75.604  2.217 0.3000000119
10520  27.479  -75.038  -0.201 0.3000000119
9181  19.587  -76.688  -0.430 0.4000000060
8541  20.649  -77.886  0.635 0.4000000060
8531  20.158  -78.522  1.334 0.4000000060
7233  21.576  -80.166  3.901 0.4000000060
8536  26.016  -78.684  0.030 0.3000000119
9162  28.956  -77.195  1.393 0.3000000119
129360  30.309  -76.793  2.072 0.3000000119
142351  24.836  -79.917  0.775 0.4000000060
9175  26.140  -76.140  -0.857 0.4000000060
142771  23.387  -77.499  -0.583 0.4000000060
138310  24.779  -76.537  -0.863 0.4000000060
9169  22.248  -76.616  -0.891 0.4000000060
142181  26.812  -75.438  -0.758 0.4000000060
7252  24.298  -79.905  1.436 0.4000000060
7893  22.919  -78.598  1.533 0.4000000060
141692  22.694  -78.165  0.005 0.4000000060
7249  26.862  -81.190  1.121 0.3000000119
8539  23.455  -78.257  -0.211 0.4000000060
7248  27.793  -81.138  1.421 0.3000000119
7240  24.675  -80.650  2.107 0.4000000060
7239  25.530  -81.160  1.940 0.3000000119
6600  27.817  -82.079  2.785 0.3000000119
131385  19.454  -91.172  4.835 0.3000000119
1749  18.981  -91.821  4.222 0.3000000119
1738  20.030  -90.792  5.567 0.3000000119
1739  18.729  -91.378  5.111 0.3000000119
144240  20.108  -91.264  3.911 0.3000000119
1748  19.590  -91.587  4.001 0.3000000119
2067  20.736  -90.719  6.117 0.3000000119
1726  19.815  -91.162  6.718 0.3000000119
126593  19.203  -91.048  5.850 0.3000000119
145352  21.279  -90.607  5.758 0.3000000119
2072  20.862  -90.635  5.272 0.3000000119
2087  20.291  -91.065  3.544 0.3000000119
2885  22.567  -88.210  1.159 0.3000000119
1336  19.660  -92.487  8.618 0.3000000119
1709  19.172  -92.015  7.864 0.3000000119
1725  20.823  -91.263  6.978 0.3000000119
1708  20.141  -91.883  7.769 0.3000000119
1727  18.685  -91.368  6.892 0.3000000119
2086  21.385  -90.514  3.609 0.3000000119
2422  23.549  -89.159  2.325 0.3000000119
2423  22.342  -89.473  2.307 0.3000000119
2066  21.631  -90.781  6.323 0.3000000119
2080  20.991  -90.672  4.321 0.3000000119
140232  21.870  -90.538  5.285 0.3000000119
2078  23.258  -90.387  4.096 0.3000000119
2085  22.710  -90.169  3.472 0.3000000119
2090  22.790  -89.735  2.811 0.3000000119
2418  23.745  -89.646  2.936 0.3000000119
2829  23.348  -88.089  4.142 0.4000000060
2847  25.110  -87.912  2.471 0.4000000060
136981  14.120  -90.996  10.011 0.3000000119
1301  14.050  -92.384  10.736 0.3000000119
1728  17.901  -91.347  6.414 0.3000000119
129407  17.179  -91.445  5.820 0.3000000119
2043  17.261  -90.600  8.905 0.3000000119
2052  16.392  -90.644  8.466 0.3000000119
2053  15.207  -90.479  8.500 0.3000000119
2054  14.438  -90.599  8.894 0.3000000119
1669  13.756  -91.739  9.896 0.3000000119
1315  18.934  -92.338  9.141 0.3000000119
1693  17.507  -91.335  8.436 0.3000000119
1714  14.318  -91.350  7.604 0.3000000119
1681  13.559  -91.676  8.990 0.3000000119
1710  18.390  -91.948  8.048 0.3000000119
1711  17.684  -91.635  7.976 0.3000000119
2058  15.792  -90.903  7.834 0.3000000119
1713  15.183  -91.117  7.162 0.3000000119
1729  17.130  -91.239  6.938 0.3000000119
1712  16.114  -91.050  6.991 0.3000000119
142220  20.657  -90.468  2.556 0.3000000119
1691  18.934  -92.352  8.709 0.3000000119
2079  22.256  -90.459  4.303 0.3000000119
2036  14.497  -90.592  10.533 0.3000000119
1730  15.473  -91.486  6.293 0.3000000119
1692  18.297  -91.967  8.609 0.3000000119
2044  15.734  -89.867  9.093 0.3000000119
1694  16.809  -91.180  7.844 0.3000000119
2059  14.956  -90.846  7.845 0.3000000119
1731  14.555  -91.833  6.587 0.3000000119
2421  24.528  -88.854  2.458 0.3000000119
122659  21.700  -86.515  9.566 0.3000000119
3246  22.233  -87.181  9.210 0.3000000119
144005  21.750  -87.597  8.542 0.3000000119
2773  21.431  -88.273  7.447 0.4000000060
2791  21.070  -88.504  6.791 0.4000000060
131962  20.731  -88.587  6.027 0.3000000119
2831  20.895  -88.386  4.541 0.3000000119
125434  20.853  -85.926  9.572 0.3000000119
3694  20.001  -86.664  9.016 0.4000000060
2756  20.095  -87.858  8.155 0.4000000060
3269  19.114  -87.602  8.099 0.4000000060
2810  19.697  -88.636  5.950 0.3000000119
4201  18.165  -85.659  8.005 0.4000000060
3270  18.404  -86.959  8.145 0.4000000060
2777  17.918  -87.786  7.340 0.3000000119
127913  18.001  -85.379  7.304 0.3000000119
3234  24.466  -86.903  10.099 0.3000000119
3682  23.587  -86.791  9.959 0.3000000119
2753  22.462  -88.005  8.058 0.4000000060
2772  22.308  -88.279  7.408 0.4000000060
2790  22.087  -88.454  6.700 0.3000000119
129119  21.741  -88.516  5.943 0.3000000119
2808  22.512  -88.391  5.032 0.3000000119
3674  23.134  -86.123  10.320 0.3000000119
4153  21.815  -85.213  10.234 0.3000000119
4170  21.087  -85.178  9.877 0.3000000119
4171  20.473  -85.198  9.580 0.3000000119
3684  20.002  -85.697  9.316 0.3000000119
3262  19.806  -87.330  8.538 0.4000000060
5292  20.507  -83.986  9.192 0.3000000119
5300  20.360  -83.720  8.535 0.3000000119
135201  20.032  -84.810  9.313 0.3000000119
4186  19.399  -85.065  8.984 0.4000000060
3696  18.543  -86.200  8.428 0.4000000060
5308  20.430  -83.579  7.581 0.3000000119
5309  19.697  -83.934  7.976 0.4000000060
4738  18.583  -84.968  7.742 0.4000000060
5901  21.558  -82.358  5.091 0.3000000119
5320  21.293  -83.228  5.720 0.4000000060
138778  19.886  -83.899  6.805 0.4000000060
6594  23.160  -81.207  3.909 0.3000000119
5891  20.567  -83.070  5.267 0.4000000060
6585  21.825  -81.657  4.678 0.3000000119
2739  28.024  -88.069  8.564 0.3000000119
3255  27.633  -87.822  7.899 0.3000000119
144572  27.426  -87.928  6.977 0.3000000119
3266  27.184  -87.700  6.896 0.3000000119
3233  25.393  -87.048  10.147 0.3000000119
3245  26.149  -87.374  9.306 0.3000000119
3257  25.882  -87.526  8.585 0.3000000119
3267  26.604  -87.627  6.759 0.3000000119
4138  24.139  -85.132  11.371 0.3000000119
4150  24.225  -85.863  10.950 0.3000000119
121732  25.085  -87.374  9.471 0.3000000119
3258  24.745  -87.672  8.753 0.3000000119
2751  24.355  -87.983  8.023 0.3000000119
2771  23.951  -88.236  7.341 0.3000000119
129724  24.373  -88.199  5.545 0.3000000119
2807  23.901  -88.202  4.810 0.3000000119
2828  24.859  -87.778  3.779 0.3000000119
125678  25.459  -88.103  3.124 0.3000000119
4139  23.256  -84.760  11.089 0.3000000119
5307  21.236  -83.321  7.117 0.3000000119
5316  20.661  -83.573  6.711 0.3000000119
137032  22.965  -82.744  5.457 0.3000000119
5319  22.062  -82.917  5.515 0.3000000119
6583  23.599  -81.961  4.251 0.3000000119
7231  23.522  -80.687  3.218 0.3000000119
7232  22.591  -80.402  3.569 0.3000000119
2370  28.006  -88.838  9.971 0.3000000119
3243  27.881  -87.717  8.815 0.3000000119
130105  27.426  -87.571  8.184 0.3000000119
3256  27.279  -87.598  7.558 0.3000000119
3671  25.704  -86.649  10.753 0.3000000119
128071  26.914  -87.368  8.288 0.3000000119
2416  25.514  -88.952  3.286 0.3000000119
2359  28.172  -89.117  11.124 0.3000000119
3230  28.353  -87.935  9.379 0.3000000119
122061  28.326  -87.725  9.712 0.3000000119
3231  27.506  -87.400  9.986 0.3000000119
3232  26.394  -87.226  10.046 0.3000000119
3663  25.308  -85.947  11.243 0.3000000119
2726  28.669  -88.332  10.245 0.3000000119
3213  28.871  -87.811  10.343 0.3000000119
3214  28.373  -87.310  10.711 0.3000000119
3670  26.565  -86.923  10.802 0.3000000119
2848  24.078  -87.493  3.282 0.3000000119
2849  22.734  -87.818  3.522 0.3000000119
2830  22.008  -88.241  4.336 0.3000000119
2792  20.103  -88.504  6.826 0.3000000119
2776  18.677  -88.036  7.468 0.4000000060
5321  20.487  -83.570  5.904 0.4000000060
6603  24.227  -80.955  2.787 0.3000000119
3683  22.685  -86.661  9.773 0.3000000119
3247  21.435  -87.130  9.086 0.3000000119
128411  23.161  -87.226  9.323 0.3000000119
3261  20.693  -87.379  8.700 0.4000000060
2774  20.517  -88.256  7.539 0.4000000060
2775  19.579  -88.185  7.554 0.4000000060
4187  18.788  -85.377  8.458 0.4000000060
4151  23.584  -85.601  10.811 0.3000000119
128377  24.089  -87.311  9.438 0.3000000119
127432  23.040  -88.302  7.560 0.3000000119
3259  23.698  -87.696  8.761 0.3000000119
2789  23.314  -88.395  6.688 0.4000000060
129120  22.932  -88.441  5.806 0.3000000119
4152  22.673  -85.253  10.592 0.3000000119
4718  21.420  -84.499  10.051 0.3000000119
5291  21.303  -83.802  9.688 0.3000000119
4728  19.852  -84.299  8.842 0.4000000060
5900  22.489  -82.412  4.990 0.3000000119
126278  26.741  -87.469  7.569 0.3000000119
3268  25.585  -87.713  7.812 0.3000000119
2770  25.252  -87.909  7.027 0.3000000119
5899  23.538  -82.511  4.899 0.3000000119
6406  16.588  -81.488  14.905 0.4000000060
1653  14.549  -91.176  11.182 0.3000000119
1680  13.966  -91.036  9.304 0.3000000119
1695  13.929  -91.250  8.451 0.3000000119
1737  20.172  -90.963  4.569 0.3000000119
1747  19.572  -91.614  3.467 0.3000000119
2045  14.963  -90.035  9.287 0.3000000119
2060  14.522  -90.853  8.260 0.3000000119
2091  21.645  -90.151  2.894 0.3000000119
2092  20.512  -90.805  3.043 0.3000000119
2392  27.451  -88.176  7.199 0.3000000119
2420  25.141  -88.485  2.733 0.3000000119
2725  29.139  -87.905  10.561 0.3000000119
2727  28.348  -88.126  9.307 0.3000000119
2738  28.019  -87.935  8.617 0.3000000119
2750  27.788  -88.005  8.036 0.3000000119
2752  23.341  -88.093  8.121 0.3000000119
2754  21.774  -87.983  7.905 0.4000000060
2755  21.004  -87.940  8.103 0.4000000060
2767  27.609  -87.944  7.485 0.3000000119
2785  27.290  -87.889  6.732 0.3000000119
2793  19.120  -88.455  6.864 0.3000000119
2794  18.189  -88.321  6.913 0.3000000119
2795  17.467  -87.984  6.818 0.4000000060
2809  20.515  -88.557  5.324 0.3000000119
2832  18.225  -88.866  4.776 0.4000000060
2833  17.092  -88.780  5.131 0.4000000060
2834  16.090  -88.516  4.947 0.4000000060
2836  14.954  -87.938  4.132 0.4000000060
2868  24.923  -88.061  2.183 0.3000000119
2870  19.854  -88.047  2.569 0.4000000060
2886  18.423  -88.409  2.067 0.4000000060
3244  27.081  -87.377  9.097 0.3000000119
3248  20.852  -86.701  9.229 0.3000000119
3260  22.754  -87.652  8.686 0.4000000060
3263  19.161  -86.825  8.567 0.4000000060
3265  27.403  -87.838  7.161 0.3000000119
3275  16.935  -87.525  6.638 0.4000000060
3284  24.782  -87.656  2.072 0.5000000000
3293  24.316  -87.115  1.772 0.5000000000
3294  23.859  -86.781  2.021 0.5000000000
3295  22.144  -87.072  2.251 0.5000000000
3307  24.024  -86.854  1.289 0.5000000000
3308  23.780  -86.709  0.881 0.5000000000
3323  23.355  -86.394  0.555 0.5000000000
3672  24.799  -86.364  10.734 0.3000000119
3673  23.972  -86.305  10.505 0.3000000119
3675  22.259  -85.957  10.109 0.3000000119
3695  19.251  -85.974  8.888 0.4000000060
3708  17.920  -86.365  7.967 0.4000000060
3723  16.617  -87.085  6.456 0.4000000060
3750  16.062  -86.555  4.976 0.4000000060
3751  15.457  -87.090  4.549 0.4000000060
3766  15.213  -86.768  3.671 0.4000000060
3791  21.520  -85.581  0.266 0.4000000060
4202  17.279  -85.860  7.005 0.4000000060
4221  16.608  -86.125  5.586 0.4000000060
4236  15.771  -85.904  2.743 0.5000000000
4254  15.959  -84.961  1.737 0.4000000060
4717  22.075  -84.519  10.481 0.3000000119
4727  20.670  -84.501  9.557 0.3000000119
4733  19.163  -84.583  8.285 0.4000000060
4737  19.161  -84.375  7.326 0.4000000060
4742  19.205  -84.346  6.243 0.4000000060
4745  18.983  -84.149  5.174 0.4000000060
4749  14.382  -84.665  6.201 0.5000000000
4760  18.200  -84.034  1.997 0.4000000060
4763  15.475  -84.435  2.382 0.5000000000
4768  17.972  -83.893  1.116 0.5000000000
5286  21.771  -83.919  10.264 0.3000000119
5301  16.367  -83.432  8.426 0.5000000000
5310  16.307  -83.298  7.074 0.5000000000
5314  21.923  -83.204  5.966 0.3000000119
5315  21.300  -83.371  6.265 0.3000000119
5317  16.353  -83.521  6.285 0.6000000238
5324  15.949  -84.239  5.867 0.6000000238
5336  17.259  -84.172  1.389 0.6999999881
5782  15.949  -81.554  15.355 0.5000000000
5784  13.718  -82.262  15.740 0.6000000238
5792  15.519  -82.349  15.101 0.5000000000
5862  16.765  -82.788  8.180 0.6000000238
5872  16.638  -82.651  7.349 0.6000000238
5890  21.251  -82.858  5.364 0.4000000060
5902  20.657  -82.313  5.002 0.5000000000
5903  19.871  -82.474  4.620 0.4000000060
5910  24.283  -82.353  4.455 0.3000000119
5911  19.242  -81.981  3.548 0.4000000060
6405  17.095  -80.981  14.684 0.4000000060
6423  17.493  -81.297  13.743 0.5000000000
6441  17.620  -81.627  12.799 0.5000000000
6486  17.871  -81.979  10.275 0.5000000000
6503  17.769  -81.822  9.362 0.6000000238
6521  17.562  -81.608  8.397 0.6000000238
6584  22.803  -81.788  4.476 0.3000000119
6595  20.337  -80.843  4.290 0.5000000000
6597  18.911  -81.800  2.320 0.5000000000
6607  28.277  -81.594  2.237 0.3000000119
6608  27.483  -81.813  1.925 0.3000000119
7095  15.514  -80.629  15.568 0.5000000000
7096  14.846  -80.275  15.309 0.5000000000
7105  16.599  -80.496  15.210 0.5000000000
7106  14.147  -80.371  14.843 0.6000000238
7184  17.755  -80.908  8.081 0.6000000238
7195  17.473  -80.607  6.967 0.6999999881
7220  22.144  -80.943  4.252 0.3000000119
7221  21.132  -80.748  4.504 0.4000000060
7238  28.957  -81.133  2.496 0.3000000119
7243  19.120  -80.461  2.097 0.5000000000
7244  18.476  -80.903  2.088 0.6000000238
7250  25.989  -80.968  1.051 0.4000000060
7257  25.493  -80.155  0.627 0.4000000060
7745  15.464  -80.076  15.378 0.5000000000
7755  17.399  -79.600  14.340 0.5000000000
7756  16.604  -79.624  14.953 0.5000000000
7757  15.846  -79.459  15.092 0.5000000000
7776  18.133  -79.755  12.747 0.6000000238
7786  18.294  -79.808  11.809 0.5000000000
7811  18.079  -79.503  8.236 0.6000000238
7876  20.015  -79.698  2.870 0.5000000000
7887  17.602  -79.825  2.324 0.6000000238
7888  29.562  -79.937  1.893 0.3000000119
7889  29.011  -80.101  1.544 0.3000000119
7896  18.047  -79.422  1.284 0.6000000238
8418  17.572  -78.493  12.705 0.6000000238
8427  18.095  -78.995  11.262 0.5000000000
8439  16.618  -77.727  10.347 0.6000000238
8452  16.638  -77.682  9.552 0.6999999881
8522  21.966  -78.388  1.904 0.4000000060
8523  20.962  -78.604  2.060 0.5000000000
8528  23.224  -78.528  0.505 0.4000000060
8534  17.695  -78.872  1.371 0.6000000238
8543  18.795  -78.104  0.585 0.6999999881
8546  23.927  -77.859  -0.481 0.4000000060
9022  14.207  -77.150  14.397 0.6000000238
9029  16.963  -77.966  13.173 0.6000000238
9037  15.156  -76.973  12.773 0.6000000238
9044  21.379  -77.461  11.383 0.6999999881
9045  20.473  -77.302  11.327 0.6999999881
9047  16.816  -77.802  11.229 0.6999999881
9056  21.601  -77.588  10.631 0.6999999881
9057  20.844  -77.639  10.692 0.6000000238
9059  15.404  -76.855  11.147 0.6999999881
9068  22.122  -77.460  10.025 0.6999999881
9069  21.547  -77.829  9.219 0.6999999881
9079  22.180  -77.390  9.032 0.6999999881
9081  20.455  -78.035  8.500 0.6999999881
9083  16.170  -76.437  8.805 0.6000000238
9093  22.186  -77.267  8.163 0.6999999881
9095  19.982  -77.974  7.717 0.6999999881
9111  20.621  -77.894  6.198 0.6999999881
9112  19.736  -77.763  6.177 0.6999999881
9131  18.348  -76.378  5.420 0.6999999881
9133  16.137  -76.018  5.227 0.8000000119
9160  29.781  -77.262  1.772 0.3000000119
9164  17.382  -76.937  1.575 0.6999999881
9166  27.526  -76.399  0.022 0.3000000119
9176  25.348  -76.976  -0.702 0.4000000060
9177  23.987  -76.850  -0.755 0.4000000060
9666  20.808  -76.240  14.316 0.6999999881
9677  20.476  -76.501  13.603 0.6999999881
9689  21.781  -76.766  12.625 0.6999999881
9701  22.534  -76.917  11.515 0.6000000238
9702  20.315  -76.904  12.048 0.6000000238
9704  15.117  -76.523  11.471 0.6000000238
9714  15.250  -76.291  11.058 0.6999999881
9724  18.202  -75.932  9.026 0.6000000238
9735  18.517  -76.441  8.468 0.6000000238
9751  18.000  -75.965  7.801 0.6000000238
9753  16.343  -75.483  7.708 0.6999999881
9773  17.196  -74.757  6.416 0.6000000238
9786  22.073  -76.212  5.438 0.6000000238
9787  21.479  -76.846  5.290 0.6999999881
9789  15.970  -75.176  5.419 0.8000000119
9797  17.004  -74.700  4.666 0.6000000238
9804  20.482  -76.366  3.406 0.6000000238
9820  29.256  -76.480  1.579 0.3000000119
9822  17.468  -75.719  1.428 0.6000000238
9823  27.387  -75.289  -0.437 0.4000000060
9824  18.223  -76.406  0.227 0.5000000000
9827  24.589  -75.879  -0.948 0.4000000060
9830  21.745  -75.762  -1.028 0.4000000060
9832  19.181  -76.029  -0.649 0.4000000060
10313  19.975  -75.347  15.424 0.6999999881
10315  18.455  -75.020  15.154 0.6999999881
10316  13.330  -75.376  15.322 0.6000000238
10317  12.851  -75.595  15.288 0.5000000000
10322  22.603  -75.090  14.653 0.8000000119
10324  19.586  -75.669  14.795 0.6999999881
10326  17.712  -75.070  14.612 0.6999999881
10329  14.104  -75.207  15.158 0.6000000238
10330  13.646  -75.879  15.067 0.6000000238
10336  23.266  -75.422  12.964 0.8000000119
10337  22.751  -75.792  13.328 0.8000000119
10338  22.236  -75.843  14.044 0.8000000119
10339  19.160  -75.910  14.068 0.6999999881
10342  15.984  -74.912  13.173 0.6999999881
10344  14.270  -75.856  14.504 0.6000000238
10352  22.867  -76.065  12.658 0.8000000119
10353  17.729  -75.459  12.786 0.6999999881
10356  14.996  -75.558  12.257 0.6999999881
10364  23.326  -75.701  11.383 0.6000000238
10365  17.637  -75.475  11.709 0.6000000238
10367  16.243  -75.456  10.779 0.6999999881
10368  15.170  -75.800  11.498 0.6999999881
10376  23.173  -76.005  10.637 0.6000000238
10377  17.681  -75.588  10.320 0.6000000238
10379  15.868  -75.833  10.146 0.6999999881
10397  16.342  -75.731  9.258 0.6999999881
10411  22.611  -75.705  8.558 0.6000000238
10431  16.781  -74.731  6.936 0.6999999881
10432  16.458  -75.000  7.093 0.6999999881
10445  16.745  -74.415  6.142 0.6999999881
10454  23.467  -75.164  5.608 0.6000000238
10456  16.681  -74.512  5.381 0.6999999881
10457  15.972  -74.769  6.017 0.8000000119
10480  27.311  -75.532  3.069 0.4000000060
10488  17.394  -75.448  3.388 0.8000000119
10500  24.055  -75.506  1.776 0.5000000000
10504  17.667  -75.127  2.197 0.6999999881
10510  27.086  -74.937  -0.013 0.3000000119
10511  25.943  -75.396  0.983 0.4000000060
10519  17.818  -74.914  1.323 0.6999999881
10521  27.019  -75.102  -0.488 0.4000000060
10525  21.318  -74.521  0.150 0.5000000000
10526  18.322  -75.552  0.198 0.5000000000
10527  26.242  -75.482  -0.752 0.4000000060
10528  25.284  -75.611  -0.699 0.4000000060
10529  24.230  -75.544  -0.650 0.4000000060
10531  21.190  -75.035  -0.957 0.4000000060
10532  19.625  -75.318  -0.714 0.5000000000
10533  18.911  -75.405  -0.347 0.5000000000
11011  19.836  -74.261  16.164 0.6000000238
11013  18.182  -74.168  16.035 0.6000000238
11018  22.934  -74.341  14.991 0.6999999881
11021  19.524  -74.783  15.813 0.6000000238
11024  16.328  -74.169  15.783 0.6000000238
11026  13.802  -74.495  15.494 0.6000000238
11034  23.177  -74.638  14.366 0.8000000119
11036  14.903  -74.758  15.016 0.6000000238
11037  12.498  -74.557  15.142 0.5000000000
11071  23.738  -74.916  11.639 0.6000000238
11154  24.921  -74.137  4.913 0.4000000060
11168  23.972  -74.927  4.844 0.4000000060
11181  19.749  -74.605  0.547 0.6999999881
11182  19.045  -74.633  0.451 0.6000000238
11185  21.931  -74.611  -0.323 0.5000000000
11186  20.473  -74.418  -0.029 0.5000000000
11188  18.596  -74.914  0.295 0.5000000000
11190  20.269  -74.718  -0.534 0.5000000000
11710  22.016  -73.370  16.068 0.6000000238
11712  20.184  -73.537  16.310 0.6999999881
11714  18.513  -73.565  16.300 0.6000000238
11716  16.761  -73.508  16.232 0.6000000238
11731  23.294  -73.491  15.212 0.6000000238
11733  21.929  -74.147  15.816 0.6999999881
11734  15.219  -73.605  15.982 0.6000000238
11735  13.330  -73.409  15.375 0.5000000000
11748  13.072  -72.961  14.877 0.5000000000
11768  24.602  -73.534  12.787 0.6000000238
11791  12.147  -72.821  11.110 0.6000000238
11805  24.166  -73.266  9.865 0.6000000238
11806  23.415  -73.801  9.439 0.6000000238
11815  22.854  -74.242  8.938 0.6000000238
11823  22.620  -73.706  7.453 0.6000000238
11848  26.486  -73.776  5.706 0.4000000060
11850  24.322  -73.646  5.490 0.4000000060
12419  21.573  -72.465  16.270 0.6999999881
12421  19.768  -72.858  16.312 0.6000000238
12423  18.047  -72.832  16.313 0.6000000238
12425  16.234  -72.708  16.280 0.6000000238
12433  20.142  -72.335  16.153 0.6000000238
12435  18.534  -72.255  16.028 0.6000000238
12437  16.641  -72.094  16.078 0.6000000238
12438  15.673  -72.047  16.057 0.6000000238
12452  13.151  -71.930  13.122 0.5000000000
12453  12.736  -72.670  13.513 0.5000000000
12461  25.255  -72.158  11.997 0.6000000238
12485  25.209  -72.324  10.490 0.6000000238
12505  24.000  -71.958  8.580 0.6000000238
12507  22.794  -73.034  8.333 0.6000000238
12533  22.653  -72.047  6.447 0.5000000000
12540  26.467  -73.000  6.164 0.4000000060
12543  23.649  -72.779  6.023 0.4000000060
13152  22.278  -71.738  16.301 0.5000000000
13160  23.545  -71.419  16.054 0.5000000000
13162  20.830  -71.170  15.827 0.4000000060
13165  17.202  -71.642  15.554 0.6000000238
13166  16.265  -71.641  15.594 0.5000000000
13174  19.728  -71.320  14.841 0.4000000060
13180  13.989  -71.639  14.498 0.5000000000
13188  24.955  -72.062  13.656 0.5000000000
13189  20.074  -71.045  13.997 0.5000000000
13191  18.548  -71.099  13.850 0.6000000238
13193  16.400  -70.936  14.004 0.5000000000
13194  15.405  -70.952  13.992 0.5000000000
13209  13.608  -71.289  12.650 0.6000000238
13218  14.167  -70.868  12.162 0.6000000238
13231  12.767  -71.628  10.383 0.6000000238
13239  25.410  -71.258  9.376 0.6000000238
13240  24.730  -71.694  8.976 0.6000000238
13254  13.056  -71.129  7.737 0.5000000000
13255  12.483  -71.561  8.211 0.6000000238
13265  12.374  -71.538  7.387 0.5000000000
13281  12.366  -71.548  6.493 0.5000000000
13291  22.475  -71.254  5.555 0.5000000000
13293  12.503  -71.578  5.493 0.5000000000
13911  21.892  -70.234  16.302 0.4000000060
13928  20.683  -70.521  15.273 0.5000000000
13968  19.550  -70.453  12.216 0.6000000238
13970  17.600  -70.502  12.249 0.6000000238
13972  15.553  -70.592  12.343 0.5000000000
13992  17.815  -70.038  10.677 0.5000000000
13995  14.928  -70.616  10.075 0.6000000238
14008  15.579  -70.437  9.699 0.6000000238
14020  15.573  -70.275  8.494 0.6000000238
14035  16.138  -69.874  7.919 0.6000000238
14038  13.696  -70.791  7.217 0.5000000000
14052  15.150  -70.155  6.640 0.5000000000
14054  13.604  -70.848  6.526 0.5000000000
14070  15.411  -69.966  4.195 0.5000000000
14740  21.012  -69.052  14.645 0.5000000000
14773  26.073  -69.777  11.713 0.6000000238
14775  19.330  -69.509  10.800 0.6000000238
14782  20.210  -68.168  10.699 0.5000000000
14783  19.655  -68.559  10.329 0.6000000238
14784  18.623  -69.623  10.376 0.5000000000
14785  18.061  -69.678  10.018 0.5000000000
14792  18.478  -68.681  9.043 0.6000000238
14793  17.896  -69.447  9.382 0.5000000000
14803  16.828  -69.520  8.288 0.6000000238
14877  16.380  -69.036  2.974 0.5000000000
14884  16.148  -68.805  2.860 0.5000000000
15614  20.505  -68.200  11.195 0.5000000000
15626  19.431  -68.061  9.842 0.6000000238
15627  18.931  -68.087  9.185 0.6000000238
15662  17.047  -68.600  5.491 0.6000000238
15675  17.001  -68.541  4.630 0.5000000000
15685  17.287  -67.897  4.291 0.6000000238
15686  16.740  -68.545  3.738 0.5000000000
15700  17.120  -67.910  3.823 0.5000000000
16401  15.371  -67.363  14.629 0.4000000060
16417  16.682  -67.734  13.496 0.4000000060
16419  14.934  -67.489  13.220 0.4000000060
16435  16.268  -67.570  12.057 0.4000000060
16436  15.408  -67.414  11.965 0.4000000060
16450  20.244  -67.703  11.185 0.4000000060
16451  19.609  -67.642  11.017 0.4000000060
16470  16.152  -66.786  9.927 0.4000000060
16478  19.552  -67.879  10.099 0.5000000000
16490  17.983  -67.120  8.125 0.6000000238
16504  17.806  -67.275  7.535 0.6000000238
16531  17.342  -67.420  4.806 0.6000000238
16548  16.798  -67.674  3.818 0.5000000000
17344  15.356  -66.739  9.631 0.4000000060
17350  17.183  -66.723  8.725 0.6000000238
17352  15.903  -66.621  8.616 0.6000000238
17360  17.491  -66.730  8.117 0.6000000238
17372  17.063  -66.463  7.484 0.6000000238
17381  17.172  -66.521  5.834 0.5000000000
17382  16.890  -66.266  6.004 0.5000000000
17392  17.214  -66.788  5.064 0.5000000000
17400  17.041  -66.661  4.894 0.5000000000
18195  10.984  -65.328  12.655 0.3000000119
18971  18.005  -64.611  17.073 0.4000000060
18973  15.536  -64.351  17.054 0.4000000060
19841  16.707  -63.600  17.478 0.4000000060
19850  14.429  -63.385  16.334 0.3000000119
19851  13.764  -64.049  16.091 0.3000000119
19905  12.287  -63.264  12.590 0.3000000119
20713  16.358  -62.826  17.365 0.4000000060
20837  13.215  -61.689  9.304 0.3000000119
21666  16.162  -61.150  16.839 0.3000000119
21684  14.972  -61.368  15.602 0.4000000060
21784  13.135  -61.199  9.410 0.3000000119
22690  13.608  -60.411  10.958 0.3000000119
22709  12.871  -60.649  9.969 0.4000000060
23477  17.882  -60.040  17.727 0.3000000119
23478  17.101  -59.862  17.193 0.3000000119
23498  16.381  -59.686  16.435 0.3000000119
23551  14.806  -58.760  13.379 0.3000000119
23563  14.244  -59.028  12.113 0.3000000119
23599  12.645  -59.108  10.817 0.4000000060
24472  15.169  -57.719  13.089 0.3000000119
24485  10.903  -58.806  12.645 0.3000000119
24502  11.339  -58.354  11.998 0.3000000119
25399  15.713  -57.247  13.536 0.3000000119
25412  14.472  -56.923  12.170 0.3000000119
25413  12.421  -56.913  12.354 0.3000000119
25431  13.767  -56.899  11.680 0.3000000119
25434  11.911  -57.669  11.866 0.3000000119
26290  17.535  -56.039  15.124 0.3000000119
26320  13.749  -55.712  12.436 0.3000000119
26321  13.138  -56.014  12.568 0.3000000119
26322  12.784  -56.494  12.103 0.3000000119
27259  17.911  -55.269  15.217 0.3000000119
27287  15.540  -55.089  13.363 0.3000000119
27288  14.783  -54.756  13.131 0.3000000119
27289  14.352  -54.868  13.322 0.3000000119
121511  17.570  -67.075  6.627 0.6000000238
122865  20.131  -70.127  12.230 0.6000000238
123068  26.786  -77.609  0.031 0.3000000119
123392  21.604  -77.424  6.885 0.6999999881
123412  13.428  -74.002  15.563 0.5000000000
123529  17.207  -80.631  4.952 0.6999999881
123549  17.330  -75.491  9.574 0.6999999881
123550  13.587  -72.608  15.155 0.5000000000
123998  23.020  -86.940  2.360 0.5000000000
124152  21.784  -74.794  -0.763 0.5000000000
125118  25.435  -71.471  12.530 0.6000000238
125501  15.406  -69.939  5.561 0.6000000238
125528  17.356  -78.055  1.808 0.6000000238
125669  17.897  -75.647  11.011 0.6000000238
126013  12.490  -72.164  10.934 0.6000000238
126106  15.791  -75.404  11.419 0.6999999881
126123  20.780  -77.642  5.720 0.6999999881
126345  24.903  -87.654  2.999 0.3000000119
126861  22.111  -70.931  16.385 0.6000000238
126893  17.180  -85.641  6.029 0.4000000060
127723  14.628  -67.363  11.898 0.4000000060
128905  18.086  -80.566  1.949 0.5000000000
129237  20.772  -85.980  0.573 0.5000000000
129419  12.624  -71.575  8.903 0.6000000238
129615  16.698  -66.382  6.829 0.6000000238
130169  20.398  -70.105  12.794 0.6000000238
130300  14.403  -77.900  14.429 0.5000000000
130304  23.638  -75.172  -0.343 0.5000000000
130375  16.501  -81.072  15.271 0.4000000060
131973  11.571  -74.085  9.989 0.5000000000
132255  22.625  -72.197  7.070 0.5000000000
132341  14.596  -64.213  16.614 0.4000000060
132523  21.369  -73.884  16.132 0.6999999881
132708  21.373  -88.471  5.191 0.3000000119
132757  17.184  -78.253  10.078 0.6999999881
132973  14.901  -80.862  15.641 0.5000000000
133163  14.169  -70.807  10.525 0.6000000238
133167  18.229  -79.799  8.932 0.6000000238
133560  19.663  -76.032  3.074 0.6999999881
133612  21.066  -75.847  14.821 0.6999999881
134299  21.356  -76.531  3.824 0.6000000238
134314  17.914  -81.016  2.327 0.6000000238
134368  24.780  -72.647  9.979 0.6000000238
134639  17.361  -78.980  2.074 0.6000000238
135246  25.132  -74.898  3.776 0.4000000060
135325  22.810  -75.299  6.409 0.6999999881
135753  16.415  -77.143  7.527 0.6999999881
135790  21.547  -85.769  9.877 0.3000000119
135827  21.075  -76.940  4.598 0.6000000238
136066  24.610  -73.524  11.271 0.6999999881
136343  14.600  -54.532  13.759 0.3000000119
136364  28.412  -79.298  1.181 0.3000000119
136593  21.718  -85.323  -0.699 0.5000000000
136813  21.325  -74.705  15.723 0.6000000238
138012  11.490  -73.370  8.126 0.5000000000
138028  23.531  -75.766  2.552 0.6000000238
138204  17.868  -83.842  1.099 0.5000000000
138344  14.109  -73.602  15.737 0.6000000238
138371  23.608  -74.877  13.227 0.8000000119
138629  27.726  -75.420  0.698 0.3000000119
138634  20.708  -69.110  12.489 0.4000000060
138696  14.656  -73.069  16.035 0.6000000238
138821  15.322  -77.335  13.511 0.6000000238
138946  16.602  -77.122  4.992 0.6999999881
139048  16.887  -74.930  4.180 0.6999999881
139116  16.232  -74.701  5.333 0.6000000238
139173  22.561  -75.149  7.220 0.6000000238
139286  11.347  -73.458  6.708 0.5000000000
139614  18.333  -83.329  1.521 0.4000000060
139701  18.246  -79.583  9.718 0.5000000000
140124  21.474  -77.889  0.476 0.4000000060
140138  22.969  -76.322  10.030 0.6000000238
140476  16.962  -67.332  10.346 0.4000000060
140801  16.163  -55.564  13.744 0.3000000119
140895  15.949  -73.462  16.152 0.6000000238
141385  28.690  -87.977  9.920 0.3000000119
141544  16.144  -66.615  7.092 0.6000000238
141600  15.582  -84.338  4.377 0.6000000238
141730  25.816  -73.416  5.708 0.4000000060
142018  19.240  -76.230  12.783 0.6000000238
142288  20.840  -73.525  16.297 0.6999999881
142442  15.666  -71.678  15.610 0.6000000238
142454  21.913  -77.271  -0.554 0.4000000060
142849  13.757  -72.118  14.840 0.5000000000
143137  16.163  -67.172  10.647 0.4000000060
143184  15.698  -69.844  6.276 0.6000000238
143416  20.855  -75.290  1.392 0.6000000238
143740  17.928  -91.492  7.330 0.3000000119
143799  18.507  -91.250  5.957 0.3000000119
143959  14.352  -60.949  14.082 0.3000000119
144012  20.420  -86.279  9.312 0.3000000119
144298  12.294  -63.493  13.370 0.3000000119
144454  16.811  -75.448  9.410 0.6999999881
144487  17.676  -85.887  7.621 0.3000000119
145034  15.517  -87.980  5.041 0.4000000060
145176  20.228  -84.379  9.241 0.3000000119
145232  14.657  -73.573  15.875 0.6000000238
145440  13.480  -71.091  10.221 0.6000000238
145775  13.249  -59.227  10.785 0.4000000060
146058  18.344  -87.508  7.754 0.4000000060
146120  15.716  -65.108  16.811 0.4000000060
146205  25.225  -78.997  -0.036 0.4000000060
146302  22.627  -84.452  10.827 0.3000000119
146395  25.042  -72.736  11.940 0.8000000119
146463  17.918  -80.049  1.732 0.6000000238
