#!ascii label  , from subject sub-v1s22x0050511_ses-1 vox2ras=TkReg
1946
69047  -36.594  -13.690  72.516 0.0000000000
80680  -54.153  -2.081  51.202 0.0000000000
75044  -43.327  -8.080  58.892 0.0000000000
57438  -1.453  -24.878  73.026 0.0000000000
130579  -21.650  -24.128  74.033 0.0000000000
64944  -10.383  -18.397  72.933 0.0000000000
64877  -8.060  -18.626  83.925 0.0000000000
75111  -49.220  -8.319  54.482 0.0000000000
63998  -7.366  -19.069  61.562 0.0000000000
55291  -1.312  -26.852  83.727 0.0000000000
68144  -39.357  -15.720  64.183 0.0000000000
67051  -32.799  -16.123  70.844 0.0000000000
64941  -30.209  -18.296  74.312 0.0000000000
83328  -56.027  0.529  48.593 0.0000000000
130312  -45.398  -7.715  55.731 0.0000000000
55446  -15.771  -26.535  71.817 0.0000000000
65008  -2.993  -18.169  67.702 0.0000000000
60677  -5.737  -21.819  73.052 0.0000000000
133966  -6.059  -23.472  67.121 0.0000000000
56471  -1.846  -26.035  67.162 0.0000000000
56336  -10.274  -26.234  83.442 0.0000000000
58370  -5.610  -24.551  86.214 0.0000000000
75916  -41.174  -7.073  62.767 0.0000000000
61730  -28.013  -21.161  76.943 0.0000000000
130468  -24.564  -22.893  70.419 0.0000000000
64902  -10.149  -18.976  79.061 0.0000000000
61716  -4.678  -21.177  79.090 0.0000000000
77771  -52.339  -5.243  52.823 0.0000000000
55320  -12.266  -27.765  79.820 0.0000000000
53172  -13.146  -27.567  75.441 0.0000000000
63931  -9.758  -19.498  66.284 0.0000000000
62936  -2.292  -20.839  61.108 0.0000000000
64851  -7.476  -18.522  87.961 0.0000000000
61655  -2.517  -20.983  84.234 0.0000000000
142519  0.361  -25.182  78.376 0.0000000000
70020  -38.757  -12.390  71.172 0.0000000000
67057  -38.193  -16.220  70.503 0.0000000000
68101  -39.605  -15.404  68.638 0.0000000000
67023  -35.288  -16.426  72.561 0.0000000000
66011  -35.586  -17.662  69.404 0.0000000000
66990  -33.441  -15.521  73.616 0.0000000000
82420  -55.428  0.014  49.948 0.0000000000
79747  -51.253  -3.577  49.777 0.0000000000
81567  -52.576  -1.518  48.557 0.0000000000
145317  -53.742  -0.597  47.154 0.0000000000
75060  -44.226  -8.228  57.209 0.0000000000
75041  -40.007  -7.774  58.233 0.0000000000
75077  -41.320  -8.578  56.400 0.0000000000
137959  -42.969  -7.627  55.147 0.0000000000
60688  -2.876  -22.421  72.887 0.0000000000
59581  -2.807  -22.888  69.990 0.0000000000
56426  -1.894  -25.571  69.841 0.0000000000
54438  -5.000  -28.102  67.617 0.0000000000
55456  -3.194  -27.775  71.169 0.0000000000
54220  -9.027  -28.739  81.586 0.0000000000
54197  -7.898  -27.858  84.024 0.0000000000
75910  -40.002  -7.069  64.951 0.0000000000
72024  -39.526  -11.497  65.747 0.0000000000
70103  -38.094  -13.704  62.518 0.0000000000
73136  -37.607  -9.967  64.311 0.0000000000
152463  -37.489  -8.510  62.671 0.0000000000
65908  -28.428  -17.252  77.520 0.0000000000
62864  -29.367  -19.745  70.531 0.0000000000
61778  -27.632  -21.373  72.257 0.0000000000
82465  -56.759  -0.713  43.439 0.0000000000
82476  -57.200  0.346  42.173 0.0000000000
64887  -9.009  -18.765  81.982 0.0000000000
62786  -7.735  -21.520  79.707 0.0000000000
152390  -6.503  -21.046  81.682 0.0000000000
76007  -50.526  -7.565  53.190 0.0000000000
75131  -46.111  -8.330  51.921 0.0000000000
74219  -48.114  -9.370  51.622 0.0000000000
136695  -49.748  -8.070  50.728 0.0000000000
58413  -12.708  -24.628  79.150 0.0000000000
151997  -13.682  -25.914  78.602 0.0000000000
140265  -7.979  -16.599  72.397 0.0000000000
66001  -7.426  -17.603  69.916 0.0000000000
129701  -9.859  -18.397  69.769 0.0000000000
59680  -2.127  -23.615  64.504 0.0000000000
59697  -4.958  -23.478  63.606 0.0000000000
59718  -1.770  -22.798  61.352 0.0000000000
62724  -10.254  -20.402  87.116 0.0000000000
56318  -2.747  -26.192  85.121 0.0000000000
131507  -3.945  -22.477  86.117 0.0000000000
59465  -0.779  -24.055  84.901 0.0000000000
60587  -1.051  -23.603  81.532 0.0000000000
134315  1.148  -26.033  81.835 0.0000000000
70057  -40.185  -13.381  66.874 0.0000000000
66962  -30.643  -16.708  77.047 0.0000000000
68047  -32.657  -15.732  75.738 0.0000000000
67002  -30.837  -16.302  73.191 0.0000000000
83356  -58.142  0.554  47.004 0.0000000000
81583  -55.329  -1.502  45.361 0.0000000000
131570  -47.538  -8.642  54.950 0.0000000000
75118  -43.874  -7.558  53.647 0.0000000000
131110  -20.221  -23.975  71.094 0.0000000000
152146  -18.939  -24.585  72.932 0.0000000000
65046  -6.117  -19.213  64.947 0.0000000000
62832  -8.508  -20.872  73.998 0.0000000000
61798  -8.767  -21.785  70.818 0.0000000000
60724  -6.213  -22.393  70.522 0.0000000000
59645  -2.400  -23.885  66.895 0.0000000000
56512  -2.270  -25.911  64.620 0.0000000000
58383  -10.945  -24.269  84.253 0.0000000000
59463  -9.293  -23.243  86.031 0.0000000000
56330  -8.353  -26.373  85.496 0.0000000000
55287  -5.037  -27.225  85.447 0.0000000000
75008  -42.299  -8.156  61.017 0.0000000000
75941  -38.937  -7.486  60.765 0.0000000000
58444  -25.164  -23.498  74.966 0.0000000000
141199  -28.818  -19.875  75.616 0.0000000000
59554  -26.563  -22.199  73.005 0.0000000000
58486  -23.146  -23.009  71.635 0.0000000000
66970  -8.837  -16.316  75.812 0.0000000000
66932  -9.247  -16.735  78.152 0.0000000000
64917  -10.058  -18.307  76.467 0.0000000000
62810  -8.427  -20.502  77.111 0.0000000000
61732  -5.466  -21.213  76.410 0.0000000000
60636  -2.682  -22.413  76.339 0.0000000000
79732  -52.975  -3.113  51.868 0.0000000000
76891  -50.976  -6.079  50.317 0.0000000000
136519  -10.972  -24.035  81.787 0.0000000000
55307  -11.154  -27.300  81.344 0.0000000000
53141  -9.484  -28.635  79.449 0.0000000000
56397  -17.316  -25.760  74.657 0.0000000000
54304  -16.580  -27.244  76.644 0.0000000000
55351  -14.970  -27.578  77.576 0.0000000000
54279  -12.691  -28.372  77.009 0.0000000000
54297  -10.185  -27.871  76.923 0.0000000000
65976  -3.676  -18.168  70.287 0.0000000000
65012  -6.363  -18.909  67.572 0.0000000000
62911  -8.904  -20.219  63.248 0.0000000000
141020  -9.095  -22.764  67.004 0.0000000000
60789  -7.921  -22.704  63.104 0.0000000000
62958  -5.152  -20.459  61.059 0.0000000000
64865  -6.646  -18.562  85.773 0.0000000000
150877  -6.634  -21.871  86.533 0.0000000000
63776  -4.889  -19.980  86.374 0.0000000000
152062  -5.086  -18.942  83.318 0.0000000000
138246  -3.363  -22.237  81.383 0.0000000000
60620  -1.609  -22.767  78.545 0.0000000000
58440  -0.608  -25.021  75.505 0.0000000000
54219  0.718  -28.785  81.724 0.0000000000
54238  0.960  -28.878  79.394 0.0000000000
54342  -1.855  -28.590  73.664 0.0000000000
69054  -37.971  -13.556  71.499 0.0000000000
70995  -36.840  -12.271  72.672 0.0000000000
68079  -37.661  -14.990  71.881 0.0000000000
69060  -38.345  -14.228  70.913 0.0000000000
68073  -36.434  -15.394  72.991 0.0000000000
67039  -36.910  -16.531  71.570 0.0000000000
69036  -36.136  -13.197  73.518 0.0000000000
68058  -35.659  -14.334  73.663 0.0000000000
82412  -54.913  -0.645  50.406 0.0000000000
80689  -52.740  -2.317  50.199 0.0000000000
147778  -51.669  -2.918  49.233 0.0000000000
81563  -52.936  -1.544  49.386 0.0000000000
148598  -54.077  -0.747  49.459 0.0000000000
75059  -43.617  -8.272  57.963 0.0000000000
75033  -45.146  -8.179  58.902 0.0000000000
75032  -44.729  -8.013  59.566 0.0000000000
75056  -40.485  -7.957  57.345 0.0000000000
75042  -41.971  -8.185  57.671 0.0000000000
75058  -42.733  -8.344  57.424 0.0000000000
59553  -1.442  -23.659  73.259 0.0000000000
59567  -1.558  -23.648  71.341 0.0000000000
57451  -1.529  -24.947  72.030 0.0000000000
156094  -2.400  -26.567  70.349 0.0000000000
55437  -2.109  -26.645  72.254 0.0000000000
53118  -8.280  -28.905  80.422 0.0000000000
53106  -7.475  -29.130  81.669 0.0000000000
73126  -39.317  -10.525  66.027 0.0000000000
72023  -38.811  -10.993  65.272 0.0000000000
74070  -38.717  -9.054  65.300 0.0000000000
74978  -38.810  -8.101  65.090 0.0000000000
82459  -57.389  -0.317  44.059 0.0000000000
82466  -57.310  -0.102  43.085 0.0000000000
83416  -58.294  1.266  42.372 0.0000000000
64885  -8.608  -18.844  82.815 0.0000000000
63807  -8.242  -20.113  81.995 0.0000000000
63798  -7.822  -19.613  82.618 0.0000000000
76002  -50.581  -7.950  53.919 0.0000000000
75999  -51.711  -7.074  55.366 0.0000000000
74185  -47.775  -8.463  53.066 0.0000000000
73245  -46.976  -10.108  52.239 0.0000000000
74186  -48.479  -8.492  53.051 0.0000000000
75132  -49.825  -7.747  52.591 0.0000000000
58415  -14.653  -24.725  79.012 0.0000000000
57384  -15.311  -25.304  79.356 0.0000000000
149124  -22.593  -24.706  75.451 0.0000000000
57418  -21.373  -24.596  74.964 0.0000000000
66086  -6.953  -18.213  63.504 0.0000000000
65935  -9.817  -17.145  72.689 0.0000000000
67043  -9.224  -17.121  70.973 0.0000000000
64953  -10.146  -18.091  71.493 0.0000000000
58573  -1.344  -24.388  63.531 0.0000000000
59707  -2.102  -23.467  62.596 0.0000000000
58589  -1.691  -23.808  61.481 0.0000000000
152579  -11.803  -19.091  87.109 0.0000000000
62729  -10.712  -20.703  86.623 0.0000000000
56323  -2.518  -26.580  84.033 0.0000000000
151954  -2.106  -25.819  84.440 0.0000000000
57348  -0.917  -25.820  84.510 0.0000000000
58384  0.277  -24.789  82.981 0.0000000000
149163  -0.027  -26.378  83.060 0.0000000000
70034  -39.979  -13.062  69.207 0.0000000000
69080  -39.896  -14.307  67.696 0.0000000000
137313  -40.372  -12.673  68.065 0.0000000000
71030  -40.521  -12.168  67.576 0.0000000000
67021  -33.368  -15.738  72.677 0.0000000000
67003  -32.196  -15.647  73.466 0.0000000000
67036  -31.702  -15.787  71.884 0.0000000000
65970  -29.961  -16.304  71.317 0.0000000000
147980  -57.459  0.481  47.355 0.0000000000
82430  -54.646  -0.236  47.575 0.0000000000
81577  -54.898  -1.406  46.269 0.0000000000
129590  -56.030  -0.406  46.799 0.0000000000
82440  -56.577  -0.415  46.341 0.0000000000
147290  -47.056  -8.523  55.430 0.0000000000
75083  -48.382  -8.443  56.460 0.0000000000
75063  -47.847  -8.125  57.185 0.0000000000
148797  -43.780  -7.599  55.628 0.0000000000
75117  -42.965  -7.417  54.158 0.0000000000
75097  -45.514  -7.796  54.915 0.0000000000
75107  -45.705  -7.807  53.864 0.0000000000
65043  -3.122  -18.592  65.772 0.0000000000
66065  -4.418  -18.609  65.009 0.0000000000
65028  -4.198  -19.423  66.277 0.0000000000
140262  -7.281  -21.590  73.565 0.0000000000
61788  -7.776  -21.811  71.997 0.0000000000
60707  -6.031  -22.125  71.339 0.0000000000
58513  -1.718  -24.309  68.644 0.0000000000
59610  -2.359  -23.639  68.487 0.0000000000
58535  -1.674  -24.818  66.937 0.0000000000
58547  -1.738  -24.886  66.108 0.0000000000
56483  -1.991  -25.682  66.242 0.0000000000
56502  -3.502  -26.520  65.782 0.0000000000
57350  -10.698  -25.051  83.987 0.0000000000
57347  -10.150  -25.447  84.967 0.0000000000
148376  -9.704  -26.601  84.562 0.0000000000
54202  -5.668  -28.312  83.735 0.0000000000
55296  -6.600  -27.670  84.916 0.0000000000
54194  -5.229  -28.041  84.271 0.0000000000
55293  -3.559  -27.515  84.605 0.0000000000
75924  -41.591  -7.463  62.007 0.0000000000
75922  -39.756  -7.499  62.539 0.0000000000
75006  -38.133  -7.646  61.183 0.0000000000
75930  -40.192  -7.479  61.487 0.0000000000
75931  -41.008  -7.604  60.744 0.0000000000
60627  -26.863  -22.323  77.949 0.0000000000
156610  -26.089  -23.306  77.050 0.0000000000
60640  -26.762  -22.611  76.120 0.0000000000
155544  -31.129  -17.423  75.726 0.0000000000
64922  -30.186  -18.223  76.377 0.0000000000
63865  -29.320  -19.024  74.930 0.0000000000
131383  -26.502  -22.247  71.293 0.0000000000
59555  -26.738  -22.010  72.789 0.0000000000
58489  -25.676  -22.947  72.146 0.0000000000
131898  -25.192  -23.361  72.546 0.0000000000
131293  -23.970  -22.907  71.385 0.0000000000
57467  -21.880  -23.615  70.455 0.0000000000
152357  -9.597  -17.637  79.747 0.0000000000
139012  -9.830  -17.864  78.854 0.0000000000
144845  -9.913  -17.490  76.856 0.0000000000
144846  -9.957  -18.634  77.326 0.0000000000
62820  -9.297  -20.081  76.619 0.0000000000
62811  -9.272  -20.154  77.662 0.0000000000
62785  -6.596  -21.389  79.412 0.0000000000
133035  -6.061  -20.674  77.952 0.0000000000
62807  -5.247  -20.679  77.804 0.0000000000
60638  -3.808  -21.618  76.065 0.0000000000
61721  -3.413  -21.364  77.756 0.0000000000
78689  -52.476  -4.331  52.655 0.0000000000
136735  -53.862  -3.322  53.297 0.0000000000
139631  -52.761  -3.454  54.268 0.0000000000
76019  -50.286  -6.821  51.628 0.0000000000
75162  -50.087  -7.755  50.167 0.0000000000
131592  -51.108  -5.882  51.216 0.0000000000
78692  -51.957  -4.876  51.144 0.0000000000
59501  -11.247  -23.057  80.769 0.0000000000
56363  -12.758  -26.160  79.419 0.0000000000
152422  -11.705  -25.572  80.263 0.0000000000
55310  -11.690  -27.535  80.583 0.0000000000
54231  -10.569  -28.430  80.442 0.0000000000
54242  -10.801  -28.510  79.589 0.0000000000
56413  -16.972  -25.545  72.162 0.0000000000
146003  -18.291  -25.016  73.289 0.0000000000
56406  -16.879  -25.774  73.068 0.0000000000
53207  -13.496  -27.396  74.305 0.0000000000
53192  -15.696  -27.224  74.693 0.0000000000
53173  -14.539  -27.618  75.436 0.0000000000
151218  -15.902  -27.769  76.761 0.0000000000
54301  -14.311  -28.228  76.389 0.0000000000
54280  -13.713  -28.301  76.906 0.0000000000
53158  -13.027  -28.011  75.852 0.0000000000
156575  -10.337  -26.864  75.625 0.0000000000
131897  -4.955  -17.752  71.169 0.0000000000
64996  -8.609  -18.260  68.686 0.0000000000
64995  -7.727  -18.354  68.571 0.0000000000
65030  -8.749  -18.568  66.840 0.0000000000
63945  -8.338  -19.457  65.382 0.0000000000
62894  -9.416  -20.511  65.093 0.0000000000
60748  -7.750  -22.713  68.724 0.0000000000
60749  -8.633  -22.577  68.515 0.0000000000
59637  -7.511  -23.401  67.449 0.0000000000
141684  -4.019  -22.866  62.331 0.0000000000
59698  -6.485  -23.309  63.275 0.0000000000
130953  -5.332  -22.378  61.608 0.0000000000
60828  -6.632  -22.183  60.953 0.0000000000
61886  -4.545  -21.138  61.127 0.0000000000
64018  -3.269  -19.265  60.644 0.0000000000
142773  -6.568  -17.873  87.061 0.0000000000
155635  -7.456  -24.038  86.279 0.0000000000
60562  -7.865  -22.555  86.440 0.0000000000
59459  -6.047  -23.615  86.226 0.0000000000
60567  -2.602  -22.047  85.242 0.0000000000
60558  -3.872  -21.654  86.075 0.0000000000
62733  -3.522  -20.621  85.380 0.0000000000
140922  -4.086  -19.644  84.946 0.0000000000
63783  -3.598  -19.730  84.133 0.0000000000
62751  -4.228  -20.411  82.673 0.0000000000
154261  -3.011  -21.362  82.893 0.0000000000
59500  -0.009  -23.675  80.188 0.0000000000
60610  -1.433  -22.827  79.893 0.0000000000
59514  -0.597  -23.822  78.931 0.0000000000
59519  -1.574  -24.421  77.264 0.0000000000
58424  -0.686  -25.144  77.500 0.0000000000
51973  -0.108  -30.068  81.050 0.0000000000
54229  1.122  -28.848  80.949 0.0000000000
71013  -39.758  -11.544  70.396 0.0000000000
136045  -37.439  -17.362  69.115 0.0000000000
66031  -39.212  -16.896  68.083 0.0000000000
67069  -38.626  -16.427  69.672 0.0000000000
69066  -39.348  -14.170  69.738 0.0000000000
144568  -34.024  -16.281  71.974 0.0000000000
67054  -35.484  -17.246  70.925 0.0000000000
65990  -36.935  -17.226  69.966 0.0000000000
67006  -34.912  -16.012  73.221 0.0000000000
82424  -55.247  0.253  49.061 0.0000000000
131499  -51.603  -2.302  47.842 0.0000000000
81574  -51.556  -1.746  46.599 0.0000000000
148198  -53.098  -1.573  46.294 0.0000000000
82429  -53.222  -0.642  47.513 0.0000000000
82423  -54.546  -0.120  48.519 0.0000000000
75061  -45.206  -8.167  57.334 0.0000000000
138094  -46.054  -8.170  57.580 0.0000000000
75046  -45.645  -8.244  58.238 0.0000000000
155654  -46.458  -7.259  59.305 0.0000000000
75039  -38.591  -8.135  58.216 0.0000000000
74138  -39.062  -8.439  56.999 0.0000000000
74153  -39.954  -9.016  56.207 0.0000000000
74154  -40.668  -8.918  55.975 0.0000000000
74163  -41.530  -8.324  54.952 0.0000000000
152373  -42.004  -8.596  56.251 0.0000000000
75079  -43.660  -8.052  56.453 0.0000000000
60675  -3.902  -22.121  73.210 0.0000000000
60705  -4.290  -22.095  71.708 0.0000000000
60703  -2.449  -22.698  71.366 0.0000000000
59579  -1.734  -23.596  70.284 0.0000000000
56437  -1.829  -25.959  68.870 0.0000000000
55508  -3.406  -27.020  67.781 0.0000000000
55473  -2.512  -26.884  69.039 0.0000000000
55474  -3.698  -27.836  69.938 0.0000000000
55305  -9.924  -27.439  82.526 0.0000000000
55301  -8.767  -27.537  83.711 0.0000000000
54210  -7.862  -28.633  82.714 0.0000000000
76795  -40.607  -6.902  63.996 0.0000000000
70082  -39.131  -13.667  65.034 0.0000000000
69121  -38.486  -14.902  63.405 0.0000000000
71060  -38.621  -12.346  64.337 0.0000000000
72059  -38.007  -11.886  63.803 0.0000000000
72058  -37.103  -10.903  63.316 0.0000000000
74992  -37.592  -8.743  63.513 0.0000000000
144342  -38.603  -7.862  63.623 0.0000000000
63845  -28.546  -19.177  77.546 0.0000000000
64950  -29.496  -18.578  72.734 0.0000000000
62845  -28.335  -19.932  72.869 0.0000000000
62850  -28.341  -20.177  71.648 0.0000000000
60739  -27.331  -21.256  69.970 0.0000000000
81613  -56.259  -1.210  41.950 0.0000000000
82481  -56.601  -0.201  41.440 0.0000000000
82487  -56.836  0.433  40.694 0.0000000000
83452  -57.180  0.499  39.616 0.0000000000
64890  -9.996  -18.897  80.689 0.0000000000
62787  -9.394  -20.330  79.425 0.0000000000
62773  -8.754  -20.777  80.742 0.0000000000
62772  -8.007  -21.479  80.636 0.0000000000
151965  -6.207  -21.865  80.207 0.0000000000
76879  -52.064  -5.923  53.078 0.0000000000
76876  -52.179  -5.928  54.610 0.0000000000
73263  -46.571  -10.650  51.469 0.0000000000
72205  -47.861  -11.211  50.948 0.0000000000
73302  -48.636  -10.679  50.147 0.0000000000
74220  -48.902  -9.026  51.245 0.0000000000
76012  -50.333  -7.134  52.393 0.0000000000
156293  -11.923  -23.124  79.186 0.0000000000
129348  -13.206  -23.841  78.699 0.0000000000
57382  -13.225  -25.247  79.016 0.0000000000
55321  -13.071  -27.055  79.165 0.0000000000
54371  -13.464  -27.533  73.030 0.0000000000
134354  -11.500  -27.287  74.670 0.0000000000
67027  -7.139  -16.663  72.304 0.0000000000
65961  -5.915  -17.321  71.282 0.0000000000
65963  -7.864  -17.097  70.720 0.0000000000
64981  -9.173  -18.019  69.307 0.0000000000
63911  -9.800  -18.847  68.067 0.0000000000
138303  -4.076  -23.760  66.111 0.0000000000
139690  -5.382  -23.537  65.166 0.0000000000
59695  -2.792  -23.301  63.800 0.0000000000
60797  -2.520  -23.032  62.099 0.0000000000
60809  -1.529  -22.174  61.183 0.0000000000
64855  -12.058  -17.757  87.435 0.0000000000
63770  -10.593  -18.738  87.707 0.0000000000
141764  -8.854  -19.464  87.946 0.0000000000
57338  -4.485  -25.683  86.167 0.0000000000
131114  -5.087  -23.774  86.155 0.0000000000
58368  -3.612  -24.504  86.076 0.0000000000
59467  -2.379  -23.566  85.553 0.0000000000
60570  -1.155  -22.195  84.524 0.0000000000
61663  -1.978  -22.430  83.316 0.0000000000
59473  -0.451  -23.414  83.186 0.0000000000
144582  0.136  -24.184  81.873 0.0000000000
57373  1.025  -25.033  80.000 0.0000000000
68139  -39.506  -16.065  64.758 0.0000000000
67099  -39.138  -16.474  66.985 0.0000000000
132159  -39.314  -15.511  66.332 0.0000000000
68128  -39.369  -14.714  65.764 0.0000000000
71050  -40.055  -12.721  66.105 0.0000000000
72011  -39.972  -11.141  66.433 0.0000000000
65925  -31.455  -16.483  74.939 0.0000000000
68048  -33.436  -15.386  75.125 0.0000000000
65932  -31.553  -15.938  74.258 0.0000000000
64942  -30.528  -17.482  74.194 0.0000000000
65971  -29.665  -17.340  71.613 0.0000000000
81591  -54.588  -1.845  44.676 0.0000000000
81584  -56.135  -1.141  44.810 0.0000000000
129282  -56.910  -0.582  44.899 0.0000000000
133917  -48.726  -8.475  54.987 0.0000000000
133843  -49.831  -8.065  55.856 0.0000000000
75100  -49.005  -8.454  55.944 0.0000000000
74181  -42.171  -7.703  53.716 0.0000000000
75130  -45.230  -8.210  52.296 0.0000000000
75122  -47.410  -7.994  53.448 0.0000000000
130330  -20.978  -23.453  72.320 0.0000000000
57442  -20.461  -23.858  73.027 0.0000000000
57454  -19.475  -24.261  71.298 0.0000000000
57462  -17.808  -24.992  71.001 0.0000000000
144229  -6.017  -18.301  64.793 0.0000000000
65069  -7.253  -18.824  63.588 0.0000000000
63866  -9.630  -19.707  73.848 0.0000000000
136783  -9.742  -20.376  71.719 0.0000000000
61789  -8.593  -21.673  71.734 0.0000000000
60725  -7.083  -22.193  70.472 0.0000000000
59597  -6.021  -22.684  69.027 0.0000000000
60733  -4.759  -22.623  69.935 0.0000000000
59612  -4.573  -23.246  68.557 0.0000000000
154002  -4.595  -23.773  67.372 0.0000000000
134779  -2.201  -24.240  65.950 0.0000000000
60564  -10.510  -22.156  85.838 0.0000000000
59468  -9.730  -23.907  85.511 0.0000000000
58378  -8.697  -24.790  85.728 0.0000000000
57341  -7.388  -25.587  86.115 0.0000000000
55290  -8.047  -27.041  85.344 0.0000000000
56328  -6.457  -26.591  85.870 0.0000000000
56321  -5.861  -26.085  86.209 0.0000000000
56325  -3.395  -26.859  85.548 0.0000000000
130818  -2.816  -26.759  84.206 0.0000000000
55292  -2.088  -27.121  83.846 0.0000000000
75019  -42.509  -7.960  60.203 0.0000000000
75020  -43.420  -7.804  60.208 0.0000000000
75933  -43.384  -7.228  61.471 0.0000000000
69135  -38.398  -14.783  61.697 0.0000000000
75038  -37.624  -8.384  58.470 0.0000000000
75017  -41.215  -7.683  59.976 0.0000000000
58435  -24.288  -23.946  76.112 0.0000000000
57420  -22.749  -23.871  74.296 0.0000000000
65912  -29.223  -17.141  77.393 0.0000000000
63846  -29.134  -19.379  76.905 0.0000000000
61748  -28.563  -20.507  75.754 0.0000000000
152115  -28.169  -19.849  74.017 0.0000000000
142187  -27.043  -20.743  74.514 0.0000000000
60648  -26.913  -21.814  74.633 0.0000000000
59533  -26.224  -22.802  74.189 0.0000000000
57433  -23.830  -23.613  73.236 0.0000000000
57444  -22.423  -23.639  73.038 0.0000000000
131382  -21.158  -23.559  70.947 0.0000000000
84414  -57.845  1.218  38.773 0.0000000000
84426  -57.516  1.644  37.956 0.0000000000
130244  -57.714  3.230  36.897 0.0000000000
66997  -8.910  -16.159  74.064 0.0000000000
66984  -9.582  -16.658  74.506 0.0000000000
66958  -8.794  -16.118  76.682 0.0000000000
65914  -10.000  -17.495  75.971 0.0000000000
64929  -10.192  -18.414  74.622 0.0000000000
62826  -9.206  -19.985  75.267 0.0000000000
61744  -8.240  -20.887  74.764 0.0000000000
133180  -6.817  -21.662  74.944 0.0000000000
62800  -8.486  -20.530  78.222 0.0000000000
61724  -6.828  -20.691  76.613 0.0000000000
154047  -5.643  -21.784  75.120 0.0000000000
60658  -4.416  -21.887  74.586 0.0000000000
60656  -2.071  -22.239  74.442 0.0000000000
136598  -1.281  -23.583  73.934 0.0000000000
80671  -53.625  -2.605  51.589 0.0000000000
153712  -49.061  -9.279  49.551 0.0000000000
75174  -49.524  -8.215  48.583 0.0000000000
76912  -50.425  -6.584  48.613 0.0000000000
77788  -51.000  -5.468  49.754 0.0000000000
79739  -51.710  -3.478  50.668 0.0000000000
132231  -11.064  -23.893  82.733 0.0000000000
57360  -10.422  -25.766  82.349 0.0000000000
58406  -11.310  -24.152  80.898 0.0000000000
57368  -10.731  -25.573  81.503 0.0000000000
55306  -10.616  -27.030  82.156 0.0000000000
53129  -9.068  -28.893  80.083 0.0000000000
129426  -19.695  -24.494  74.491 0.0000000000
151858  -18.713  -25.152  75.654 0.0000000000
55380  -18.191  -25.759  76.204 0.0000000000
54352  -16.029  -26.871  74.227 0.0000000000
55395  -16.892  -26.389  75.417 0.0000000000
54305  -17.410  -27.093  77.054 0.0000000000
54284  -17.186  -27.802  77.581 0.0000000000
55338  -16.255  -27.569  78.447 0.0000000000
56365  -15.710  -26.408  79.098 0.0000000000
55336  -14.567  -27.138  78.081 0.0000000000
55334  -13.292  -27.539  78.357 0.0000000000
54259  -11.928  -28.454  78.360 0.0000000000
148272  -11.461  -27.154  75.589 0.0000000000
133215  -11.007  -27.752  77.018 0.0000000000
131464  -10.944  -28.517  78.609 0.0000000000
130702  -10.144  -28.416  78.392 0.0000000000
64976  -3.997  -18.298  68.776 0.0000000000
66000  -6.369  -17.821  69.827 0.0000000000
64977  -4.979  -18.480  68.943 0.0000000000
133870  -4.917  -19.196  67.489 0.0000000000
63928  -6.593  -19.576  66.117 0.0000000000
63958  -7.778  -19.451  64.623 0.0000000000
63986  -8.408  -19.667  62.559 0.0000000000
62862  -10.075  -20.249  69.899 0.0000000000
61814  -9.844  -21.116  68.513 0.0000000000
61822  -9.826  -21.309  67.018 0.0000000000
151399  -7.133  -23.452  65.357 0.0000000000
60781  -8.436  -22.572  64.653 0.0000000000
61835  -9.114  -21.726  64.716 0.0000000000
61850  -8.949  -21.153  63.183 0.0000000000
61870  -7.953  -20.897  61.826 0.0000000000
62959  -6.606  -20.191  61.274 0.0000000000
142760  -4.901  -18.949  60.763 0.0000000000
61646  -9.162  -21.860  86.644 0.0000000000
61636  -8.136  -20.840  87.206 0.0000000000
62721  -6.635  -20.073  86.949 0.0000000000
146597  -5.453  -22.034  86.449 0.0000000000
61642  -5.209  -21.216  86.589 0.0000000000
62720  -5.954  -19.978  86.774 0.0000000000
63781  -5.412  -19.518  85.954 0.0000000000
64870  -5.868  -18.715  84.535 0.0000000000
64882  -6.110  -18.801  83.135 0.0000000000
63796  -5.560  -19.420  82.687 0.0000000000
62758  -5.653  -21.104  81.820 0.0000000000
61687  -4.521  -22.101  80.517 0.0000000000
60589  -2.171  -22.831  81.145 0.0000000000
61684  -2.061  -22.298  80.043 0.0000000000
61715  -2.953  -21.422  79.050 0.0000000000
60629  -2.236  -22.272  77.326 0.0000000000
133736  -1.876  -24.008  75.889 0.0000000000
58452  -0.913  -25.034  74.490 0.0000000000
54198  -1.095  -28.493  83.219 0.0000000000
53090  -0.397  -29.546  82.619 0.0000000000
54208  -0.350  -27.930  82.806 0.0000000000
55308  1.240  -27.469  81.620 0.0000000000
129987  1.337  -27.595  80.830 0.0000000000
130335  0.637  -27.243  78.884 0.0000000000
54271  0.398  -28.667  77.456 0.0000000000
130334  0.170  -26.955  77.880 0.0000000000
56390  -0.432  -26.379  75.901 0.0000000000
56396  -0.765  -26.136  74.834 0.0000000000
55405  -1.306  -26.443  73.922 0.0000000000
54365  -2.954  -28.417  72.563 0.0000000000
53217  -3.815  -28.970  72.159 0.0000000000
69048  -37.298  -13.798  71.936 0.0000000000
70012  -37.734  -12.764  72.029 0.0000000000
70011  -37.103  -13.076  72.401 0.0000000000
68075  -37.932  -14.362  71.477 0.0000000000
68074  -36.897  -14.593  72.418 0.0000000000
67025  -37.155  -15.744  72.307 0.0000000000
68067  -36.320  -14.313  72.779 0.0000000000
70004  -36.657  -12.969  72.955 0.0000000000
81556  -54.512  -1.354  50.803 0.0000000000
81557  -55.354  -1.084  51.237 0.0000000000
80679  -53.395  -2.267  50.865 0.0000000000
81555  -53.599  -1.596  50.301 0.0000000000
81565  -54.166  -0.916  50.018 0.0000000000
133844  -44.228  -8.148  58.814 0.0000000000
75031  -43.861  -7.963  59.548 0.0000000000
75030  -42.501  -7.925  59.170 0.0000000000
131353  -41.818  -7.902  58.460 0.0000000000
75043  -42.643  -8.173  58.273 0.0000000000
58464  -1.430  -24.334  73.269 0.0000000000
58475  -1.472  -24.235  72.286 0.0000000000
56418  -1.861  -25.883  71.813 0.0000000000
140672  -1.543  -25.454  72.740 0.0000000000
53117  -7.324  -28.991  80.710 0.0000000000
74071  -39.083  -9.488  66.066 0.0000000000
64884  -8.276  -19.096  83.216 0.0000000000
64883  -7.342  -18.965  83.244 0.0000000000
75112  -49.975  -8.195  54.397 0.0000000000
75101  -50.748  -7.866  54.739 0.0000000000
154414  -50.144  -8.086  55.181 0.0000000000
75123  -48.467  -8.157  53.917 0.0000000000
75124  -49.252  -8.256  53.744 0.0000000000
75125  -49.919  -8.016  53.466 0.0000000000
57375  -15.662  -25.290  80.440 0.0000000000
57419  -22.160  -24.287  74.610 0.0000000000
131346  -22.125  -24.873  75.410 0.0000000000
65080  -7.465  -18.425  62.725 0.0000000000
65092  -7.308  -18.242  61.819 0.0000000000
65936  -10.159  -17.541  73.208 0.0000000000
65949  -10.151  -17.762  72.302 0.0000000000
63879  -10.386  -18.635  72.137 0.0000000000
58590  -1.762  -24.337  62.395 0.0000000000
61648  -11.030  -20.947  86.067 0.0000000000
135259  -1.712  -26.439  83.967 0.0000000000
135645  -1.874  -25.968  84.101 0.0000000000
135572  -0.554  -26.231  83.898 0.0000000000
56335  -0.630  -26.978  83.234 0.0000000000
71018  -40.308  -12.297  69.010 0.0000000000
70040  -40.118  -13.284  68.569 0.0000000000
71024  -40.584  -11.800  68.354 0.0000000000
138979  -32.918  -15.926  71.742 0.0000000000
67020  -32.204  -15.753  72.664 0.0000000000
136685  -32.103  -15.818  71.133 0.0000000000
83343  -57.015  0.575  48.072 0.0000000000
82431  -55.826  0.074  47.581 0.0000000000
82432  -56.697  0.135  47.110 0.0000000000
75098  -46.179  -7.932  55.606 0.0000000000
148759  -46.691  -8.280  56.287 0.0000000000
75096  -44.652  -7.633  55.252 0.0000000000
66037  -2.530  -17.776  67.292 0.0000000000
134642  -3.001  -18.441  66.977 0.0000000000
65027  -3.405  -19.048  66.436 0.0000000000
65010  -4.179  -19.284  67.059 0.0000000000
61750  -6.490  -21.881  73.836 0.0000000000
60678  -6.625  -21.663  72.829 0.0000000000
154804  -6.088  -21.716  72.510 0.0000000000
146500  -1.651  -25.368  68.203 0.0000000000
58526  -1.676  -24.616  67.726 0.0000000000
57495  -1.617  -25.448  67.376 0.0000000000
57502  -1.747  -25.435  66.609 0.0000000000
56484  -2.538  -26.220  66.527 0.0000000000
57353  -10.468  -25.707  83.762 0.0000000000
56334  -10.189  -26.137  84.300 0.0000000000
147838  -9.946  -26.687  83.869 0.0000000000
76805  -42.132  -6.841  62.604 0.0000000000
68145  -39.829  -16.300  63.873 0.0000000000
133234  -41.101  -7.521  61.528 0.0000000000
154363  -27.787  -21.081  77.703 0.0000000000
60634  -27.510  -21.700  77.456 0.0000000000
139466  -27.131  -22.269  76.848 0.0000000000
64928  -30.796  -18.208  75.267 0.0000000000
63874  -29.694  -18.793  74.425 0.0000000000
58499  -26.022  -22.432  70.806 0.0000000000
59569  -26.106  -22.662  71.752 0.0000000000
132300  -25.346  -22.842  71.351 0.0000000000
131538  -24.620  -22.942  71.360 0.0000000000
130495  -23.926  -22.999  70.484 0.0000000000
58498  -23.224  -23.192  70.687 0.0000000000
58506  -23.431  -23.664  69.832 0.0000000000
64894  -10.156  -18.521  79.845 0.0000000000
65899  -9.987  -18.524  78.245 0.0000000000
63841  -9.845  -19.457  78.180 0.0000000000
63835  -9.890  -19.720  79.068 0.0000000000
61703  -5.578  -21.644  79.616 0.0000000000
62797  -5.633  -20.916  78.701 0.0000000000
62796  -4.707  -20.794  78.402 0.0000000000
61722  -4.326  -20.923  77.757 0.0000000000
129412  -3.786  -21.091  78.616 0.0000000000
77775  -52.337  -5.197  52.204 0.0000000000
78687  -52.826  -3.587  53.478 0.0000000000
78686  -52.455  -4.522  53.362 0.0000000000
135762  -51.272  -5.884  52.003 0.0000000000
76020  -50.719  -6.253  51.636 0.0000000000
77774  -51.915  -5.388  51.599 0.0000000000
55311  -12.272  -26.969  80.049 0.0000000000
54232  -11.450  -28.198  80.216 0.0000000000
54243  -11.734  -28.363  79.304 0.0000000000
56412  -16.369  -26.234  72.424 0.0000000000
53189  -13.257  -27.374  74.893 0.0000000000
53190  -14.075  -27.226  74.950 0.0000000000
140945  -13.763  -27.450  75.337 0.0000000000
53160  -14.912  -28.122  75.921 0.0000000000
53159  -13.885  -27.934  75.750 0.0000000000
140996  -13.584  -28.337  76.198 0.0000000000
53171  -12.591  -27.536  75.529 0.0000000000
131830  -5.161  -17.434  71.981 0.0000000000
65015  -9.381  -18.566  67.435 0.0000000000
65014  -8.484  -18.394  67.805 0.0000000000
65031  -9.440  -18.828  66.723 0.0000000000
63930  -9.005  -19.055  66.085 0.0000000000
59636  -6.653  -23.327  67.639 0.0000000000
138925  -6.842  -23.520  66.940 0.0000000000
61866  -2.808  -21.666  61.357 0.0000000000
60812  -4.459  -22.295  61.793 0.0000000000
61867  -3.933  -21.742  61.378 0.0000000000
61868  -5.029  -21.822  61.345 0.0000000000
61885  -3.436  -20.975  61.137 0.0000000000
62956  -2.865  -20.101  60.857 0.0000000000
62955  -1.761  -20.139  60.597 0.0000000000
138733  -8.025  -17.823  88.149 0.0000000000
64857  -6.701  -18.427  87.227 0.0000000000
58371  -6.471  -24.526  86.249 0.0000000000
134817  -6.913  -23.904  86.279 0.0000000000
61650  -2.623  -21.370  84.684 0.0000000000
62732  -3.043  -20.770  84.783 0.0000000000
63779  -3.462  -20.149  84.869 0.0000000000
62738  -3.007  -20.468  84.219 0.0000000000
62742  -3.102  -20.429  83.728 0.0000000000
62749  -2.687  -21.172  83.433 0.0000000000
58412  0.545  -24.502  79.149 0.0000000000
59507  -0.452  -23.599  79.688 0.0000000000
59513  0.063  -24.046  78.790 0.0000000000
58420  -0.568  -24.377  78.331 0.0000000000
58419  0.036  -24.556  78.276 0.0000000000
50841  -0.263  -31.750  80.621 0.0000000000
138960  -0.254  -30.888  80.817 0.0000000000
137328  -0.185  -31.088  79.822 0.0000000000
71012  -39.381  -12.262  70.481 0.0000000000
66013  -37.866  -16.905  69.874 0.0000000000
135966  -38.394  -17.103  69.150 0.0000000000
69055  -38.442  -13.336  70.953 0.0000000000
69061  -38.778  -13.956  70.404 0.0000000000
70026  -39.112  -13.167  70.337 0.0000000000
154749  -39.498  -12.729  70.050 0.0000000000
146013  -34.769  -16.592  72.110 0.0000000000
67037  -34.682  -16.859  71.461 0.0000000000
67038  -35.439  -16.836  71.859 0.0000000000
67056  -37.324  -16.653  70.654 0.0000000000
67055  -36.464  -17.102  70.770 0.0000000000
68072  -35.774  -16.096  73.056 0.0000000000
68065  -35.572  -15.333  73.536 0.0000000000
67022  -34.405  -16.165  72.618 0.0000000000
83317  -56.137  0.554  49.481 0.0000000000
78705  -50.587  -4.862  49.084 0.0000000000
78711  -50.399  -4.403  48.415 0.0000000000
78712  -50.725  -3.992  49.060 0.0000000000
80688  -52.236  -2.249  49.146 0.0000000000
80692  -51.689  -2.616  48.527 0.0000000000
80693  -52.108  -1.940  48.153 0.0000000000
80694  -51.145  -2.285  47.146 0.0000000000
80695  -51.844  -1.726  47.309 0.0000000000
81571  -52.565  -1.145  47.557 0.0000000000
82419  -54.593  -0.383  49.472 0.0000000000
82418  -53.960  -0.582  48.880 0.0000000000
153848  -45.421  -7.815  59.499 0.0000000000
75957  -46.058  -7.857  59.042 0.0000000000
147387  -45.841  -7.214  59.763 0.0000000000
75040  -39.304  -7.955  57.993 0.0000000000
75055  -39.662  -8.026  57.458 0.0000000000
75057  -41.239  -8.171  57.085 0.0000000000
75076  -40.530  -8.502  56.586 0.0000000000
74161  -40.066  -9.279  55.601 0.0000000000
75093  -41.461  -8.727  55.757 0.0000000000
133206  -43.421  -8.318  57.129 0.0000000000
75080  -44.688  -7.833  56.304 0.0000000000
60689  -3.704  -22.106  72.306 0.0000000000
148041  -2.926  -22.349  72.052 0.0000000000
58496  -1.566  -24.082  70.555 0.0000000000
138810  -1.789  -24.681  70.001 0.0000000000
57473  -1.778  -24.945  69.180 0.0000000000
56457  -2.055  -26.512  68.548 0.0000000000
56438  -2.170  -26.432  69.556 0.0000000000
149135  -3.195  -27.494  70.445 0.0000000000
54398  -4.118  -28.358  69.799 0.0000000000
136933  -3.755  -28.262  70.628 0.0000000000
54212  -9.536  -28.165  82.133 0.0000000000
54206  -9.128  -27.797  82.887 0.0000000000
54211  -8.678  -28.408  82.429 0.0000000000
130461  -39.934  -7.288  64.049 0.0000000000
71061  -39.257  -12.768  64.941 0.0000000000
70081  -38.686  -13.313  64.266 0.0000000000
72040  -39.106  -11.887  65.016 0.0000000000
73137  -38.213  -10.511  64.730 0.0000000000
72039  -38.409  -11.432  64.507 0.0000000000
72038  -37.696  -10.942  63.977 0.0000000000
145876  -37.521  -11.522  63.390 0.0000000000
73146  -37.155  -10.309  63.753 0.0000000000
74082  -37.232  -9.550  63.723 0.0000000000
74083  -37.862  -9.101  64.197 0.0000000000
75909  -39.307  -7.566  64.614 0.0000000000
74986  -38.687  -7.908  64.290 0.0000000000
64914  -28.207  -18.353  77.807 0.0000000000
63894  -29.363  -19.364  71.154 0.0000000000
63885  -29.216  -19.250  71.907 0.0000000000
62858  -28.902  -19.722  71.240 0.0000000000
81593  -56.184  -1.244  43.835 0.0000000000
81602  -56.284  -1.258  42.908 0.0000000000
82475  -56.750  -0.568  42.531 0.0000000000
82486  -56.372  -0.480  40.457 0.0000000000
83440  -57.515  1.102  40.705 0.0000000000
83428  -57.276  0.795  41.323 0.0000000000
63809  -9.467  -19.062  81.318 0.0000000000
63817  -9.389  -19.808  80.874 0.0000000000
63808  -8.914  -19.587  81.702 0.0000000000
63806  -7.236  -20.406  81.964 0.0000000000
62760  -8.074  -20.880  81.385 0.0000000000
62759  -7.222  -21.324  81.236 0.0000000000
61689  -7.010  -21.620  80.421 0.0000000000
62771  -6.223  -21.761  81.104 0.0000000000
76878  -51.607  -6.615  53.441 0.0000000000
149729  -51.953  -6.105  53.844 0.0000000000
76004  -51.736  -6.765  54.423 0.0000000000
131766  -46.118  -9.296  51.757 0.0000000000
73246  -47.442  -9.822  51.988 0.0000000000
73264  -47.268  -10.571  51.490 0.0000000000
73265  -47.915  -10.294  51.298 0.0000000000
73283  -48.402  -10.752  50.745 0.0000000000
156429  -48.487  -9.910  51.036 0.0000000000
59511  -14.097  -23.373  79.046 0.0000000000
57389  -14.037  -24.942  78.591 0.0000000000
136656  -12.943  -27.618  73.619 0.0000000000
54369  -11.798  -27.207  73.139 0.0000000000
67028  -7.886  -16.816  71.656 0.0000000000
64963  -10.019  -18.264  70.672 0.0000000000
65981  -9.368  -17.608  70.287 0.0000000000
63904  -9.755  -18.580  68.879 0.0000000000
149225  -10.037  -19.213  68.665 0.0000000000
59663  -3.455  -23.668  65.484 0.0000000000
59681  -3.344  -23.473  64.670 0.0000000000
59708  -2.145  -23.347  62.698 0.0000000000
60796  -2.115  -23.001  61.754 0.0000000000
60810  -2.218  -22.324  61.558 0.0000000000
60827  -0.255  -22.419  60.462 0.0000000000
62725  -11.035  -20.122  87.089 0.0000000000
63774  -11.200  -19.323  87.284 0.0000000000
63773  -10.418  -19.607  87.422 0.0000000000
63769  -9.783  -19.093  87.921 0.0000000000
62719  -8.916  -20.199  87.606 0.0000000000
57337  -3.545  -25.647  86.035 0.0000000000
58367  -2.851  -25.200  85.684 0.0000000000
58376  -1.694  -25.180  85.076 0.0000000000
58377  -2.242  -24.651  85.470 0.0000000000
59466  -1.653  -23.863  85.235 0.0000000000
60566  -1.909  -22.758  85.064 0.0000000000
134310  -0.674  -22.907  84.408 0.0000000000
61653  -0.973  -22.173  83.881 0.0000000000
59469  -0.459  -23.671  84.069 0.0000000000
57359  0.754  -25.255  82.239 0.0000000000
58391  0.372  -24.549  82.213 0.0000000000
148754  1.076  -25.226  81.490 0.0000000000
57367  1.009  -24.702  80.749 0.0000000000
131630  1.206  -25.765  80.900 0.0000000000
66080  -39.734  -17.430  64.677 0.0000000000
67117  -39.461  -16.705  65.125 0.0000000000
67085  -39.567  -16.145  68.361 0.0000000000
154784  -39.387  -16.512  67.649 0.0000000000
67086  -39.707  -15.491  68.145 0.0000000000
132850  -40.063  -13.966  67.121 0.0000000000
69090  -39.823  -14.574  67.068 0.0000000000
130467  -39.550  -14.902  66.413 0.0000000000
69100  -39.889  -14.059  66.448 0.0000000000
141771  -39.585  -13.901  65.709 0.0000000000
70067  -39.999  -13.274  66.257 0.0000000000
72012  -40.442  -11.602  67.161 0.0000000000
66010  -34.617  -17.531  69.309 0.0000000000
66964  -32.014  -16.191  76.251 0.0000000000
65918  -31.461  -16.820  75.728 0.0000000000
66975  -32.083  -16.243  75.274 0.0000000000
68049  -34.280  -14.983  74.817 0.0000000000
68056  -33.837  -15.309  74.217 0.0000000000
130946  -31.506  -15.911  73.256 0.0000000000
131144  -32.490  -15.568  73.836 0.0000000000
65942  -30.968  -16.262  73.912 0.0000000000
65941  -30.386  -17.046  73.379 0.0000000000
65955  -29.858  -17.682  72.619 0.0000000000
67035  -30.295  -16.568  72.446 0.0000000000
65987  -29.522  -17.057  70.588 0.0000000000
82449  -58.208  0.096  46.010 0.0000000000
82428  -53.006  -0.831  46.816 0.0000000000
81576  -53.928  -1.551  46.434 0.0000000000
81582  -54.397  -1.979  45.712 0.0000000000
81592  -55.441  -1.541  44.279 0.0000000000
155117  -55.929  -1.170  45.479 0.0000000000
82441  -57.378  0.113  46.591 0.0000000000
82448  -57.215  -0.348  45.756 0.0000000000
75110  -47.935  -8.277  54.340 0.0000000000
75099  -48.024  -8.727  55.571 0.0000000000
75064  -48.656  -7.984  56.997 0.0000000000
75047  -46.551  -8.051  58.280 0.0000000000
75048  -47.378  -7.836  58.048 0.0000000000
75104  -42.282  -7.775  54.775 0.0000000000
74183  -44.105  -8.069  52.649 0.0000000000
75119  -44.932  -7.653  53.132 0.0000000000
75109  -47.197  -8.154  54.358 0.0000000000
75108  -46.654  -7.827  53.497 0.0000000000
130331  -20.138  -23.769  72.021 0.0000000000
57463  -18.720  -24.611  70.462 0.0000000000
67116  -4.235  -17.606  65.023 0.0000000000
65045  -5.258  -18.874  64.984 0.0000000000
65068  -6.643  -18.701  64.284 0.0000000000
65057  -7.007  -19.178  64.377 0.0000000000
62842  -9.070  -20.420  73.780 0.0000000000
153639  -9.231  -20.681  72.811 0.0000000000
62841  -8.865  -20.942  73.179 0.0000000000
153831  -6.551  -22.149  70.910 0.0000000000
60735  -6.562  -22.526  69.731 0.0000000000
60721  -3.309  -22.557  70.737 0.0000000000
60722  -4.326  -22.482  70.626 0.0000000000
59582  -3.813  -22.762  70.009 0.0000000000
59633  -2.966  -23.653  67.763 0.0000000000
59611  -3.425  -23.354  68.683 0.0000000000
59634  -4.072  -23.672  67.901 0.0000000000
59646  -3.713  -23.824  66.986 0.0000000000
56500  -1.979  -25.439  65.400 0.0000000000
136388  -1.711  -24.757  65.215 0.0000000000
55509  -4.274  -27.532  68.196 0.0000000000
55517  -4.420  -27.343  67.202 0.0000000000
55518  -4.944  -27.741  66.688 0.0000000000
156814  -10.752  -23.300  85.059 0.0000000000
59470  -10.575  -23.955  85.021 0.0000000000
57346  -9.397  -25.338  85.323 0.0000000000
58379  -9.347  -24.528  85.505 0.0000000000
57345  -8.563  -25.610  85.585 0.0000000000
57342  -8.013  -25.141  86.011 0.0000000000
57344  -7.948  -25.861  85.809 0.0000000000
55298  -8.437  -27.336  84.606 0.0000000000
55297  -7.508  -27.561  84.823 0.0000000000
55288  -6.076  -27.167  85.437 0.0000000000
55289  -7.051  -27.124  85.436 0.0000000000
56327  -5.486  -26.681  85.850 0.0000000000
56320  -4.936  -26.201  86.107 0.0000000000
56326  -4.401  -26.811  85.813 0.0000000000
55285  -2.973  -27.200  84.177 0.0000000000
146555  -3.049  -26.974  84.728 0.0000000000
55284  -2.668  -26.969  83.938 0.0000000000
75944  -42.991  -7.871  60.964 0.0000000000
70093  -38.236  -13.825  63.381 0.0000000000
69128  -38.271  -14.475  62.549 0.0000000000
75014  -37.366  -8.077  60.620 0.0000000000
75015  -38.137  -7.585  60.166 0.0000000000
75027  -38.379  -7.938  59.153 0.0000000000
75943  -40.572  -7.645  60.019 0.0000000000
75018  -41.819  -7.990  60.543 0.0000000000
147417  -41.653  -7.752  59.442 0.0000000000
59526  -25.592  -23.430  75.648 0.0000000000
58428  -24.901  -23.823  76.879 0.0000000000
58443  -24.449  -23.806  75.134 0.0000000000
58442  -23.762  -24.090  75.306 0.0000000000
151184  -23.950  -23.859  74.637 0.0000000000
63853  -29.662  -18.852  75.876 0.0000000000
64921  -29.437  -18.672  76.623 0.0000000000
63852  -29.299  -19.320  76.209 0.0000000000
62817  -29.173  -20.049  76.235 0.0000000000
61764  -27.681  -20.550  73.419 0.0000000000
60679  -26.763  -21.943  73.021 0.0000000000
60662  -26.759  -21.562  73.607 0.0000000000
60649  -26.844  -21.251  74.451 0.0000000000
60661  -26.727  -21.907  73.644 0.0000000000
156294  -26.626  -22.256  74.137 0.0000000000
59547  -26.429  -22.484  73.481 0.0000000000
149374  -23.933  -23.202  72.059 0.0000000000
133465  -24.591  -23.524  73.033 0.0000000000
57445  -23.276  -23.453  72.611 0.0000000000
57432  -23.003  -23.689  73.555 0.0000000000
130534  -21.376  -23.246  71.670 0.0000000000
57456  -22.201  -22.938  72.008 0.0000000000
57478  -21.787  -23.866  69.640 0.0000000000
57466  -21.307  -23.692  70.376 0.0000000000
83453  -57.669  1.173  40.224 0.0000000000
84398  -57.807  1.121  39.609 0.0000000000
85349  -57.810  2.526  37.567 0.0000000000
130263  -58.698  2.702  38.187 0.0000000000
66982  -7.996  -16.276  75.367 0.0000000000
66983  -8.899  -16.382  74.967 0.0000000000
66931  -8.407  -15.862  78.439 0.0000000000
66944  -8.656  -15.942  77.542 0.0000000000
65919  -10.042  -17.477  75.065 0.0000000000
64923  -10.102  -18.615  75.623 0.0000000000
63860  -9.781  -19.400  74.851 0.0000000000
63854  -9.618  -19.616  75.785 0.0000000000
62819  -8.532  -20.521  76.126 0.0000000000
137563  -9.059  -20.170  75.825 0.0000000000
61743  -7.526  -21.311  74.926 0.0000000000
62818  -7.742  -20.729  76.338 0.0000000000
61690  -8.668  -21.120  79.796 0.0000000000
147437  -8.795  -20.749  78.994 0.0000000000
130091  -8.188  -21.209  78.986 0.0000000000
61723  -5.929  -20.760  77.066 0.0000000000
62808  -6.873  -20.538  77.616 0.0000000000
61733  -6.172  -21.184  76.170 0.0000000000
61742  -6.238  -21.605  75.409 0.0000000000
60646  -5.539  -21.513  75.739 0.0000000000
147539  -4.945  -21.645  75.212 0.0000000000
60644  -3.180  -21.934  75.704 0.0000000000
60643  -2.304  -22.272  75.306 0.0000000000
60655  -1.376  -22.770  74.136 0.0000000000
60642  -1.482  -22.705  74.946 0.0000000000
80672  -54.601  -2.638  52.177 0.0000000000
79733  -53.778  -3.017  52.269 0.0000000000
75946  -44.618  -7.070  60.619 0.0000000000
74243  -49.068  -9.639  50.082 0.0000000000
149440  -48.744  -9.944  49.482 0.0000000000
74244  -49.374  -8.834  49.858 0.0000000000
137215  -50.673  -6.715  50.049 0.0000000000
150763  -49.807  -8.100  49.419 0.0000000000
76040  -50.442  -7.233  49.456 0.0000000000
76051  -49.949  -7.503  48.417 0.0000000000
76900  -50.784  -6.358  49.459 0.0000000000
77787  -50.609  -5.729  48.871 0.0000000000
79731  -52.391  -3.757  52.035 0.0000000000
78699  -51.944  -4.075  51.303 0.0000000000
131115  -52.191  -3.277  51.380 0.0000000000
79740  -52.880  -2.754  51.083 0.0000000000
145195  -11.322  -23.222  81.999 0.0000000000
58392  -10.487  -24.764  82.305 0.0000000000
59502  -12.225  -23.886  79.207 0.0000000000
152058  -11.604  -23.601  79.935 0.0000000000
58407  -11.806  -24.683  79.953 0.0000000000
56354  -11.633  -26.813  80.832 0.0000000000
56347  -11.306  -26.064  80.833 0.0000000000
56346  -10.922  -26.453  81.646 0.0000000000
54213  -10.399  -27.820  81.688 0.0000000000
53130  -9.954  -28.696  79.870 0.0000000000
53108  -9.659  -28.664  80.756 0.0000000000
153684  -8.459  -28.787  79.922 0.0000000000
53140  -8.677  -28.543  79.371 0.0000000000
57441  -19.654  -24.244  72.917 0.0000000000
130006  -19.916  -24.295  73.624 0.0000000000
57429  -19.032  -24.525  73.772 0.0000000000
57428  -18.147  -25.140  74.225 0.0000000000
56398  -18.054  -25.307  75.247 0.0000000000
55396  -17.514  -25.902  75.616 0.0000000000
55427  -15.777  -26.764  72.744 0.0000000000
54374  -15.761  -26.884  73.492 0.0000000000
53175  -15.912  -27.525  75.380 0.0000000000
54332  -16.234  -26.958  75.221 0.0000000000
54320  -16.599  -26.878  76.111 0.0000000000
153925  -16.905  -26.934  76.631 0.0000000000
54285  -17.738  -27.688  77.544 0.0000000000
149088  -17.083  -27.463  77.221 0.0000000000
54282  -15.507  -27.763  77.129 0.0000000000
54263  -16.565  -27.900  78.112 0.0000000000
54262  -15.883  -27.674  77.801 0.0000000000
129626  -15.884  -26.998  78.820 0.0000000000
55337  -15.439  -27.222  78.171 0.0000000000
56371  -15.101  -26.409  78.465 0.0000000000
54261  -13.483  -27.972  77.641 0.0000000000
54260  -12.714  -28.232  77.981 0.0000000000
133970  -12.092  -28.345  77.613 0.0000000000
54317  -10.922  -26.980  75.164 0.0000000000
54316  -9.907  -27.111  76.247 0.0000000000
130895  -10.739  -27.056  76.183 0.0000000000
54278  -11.379  -28.359  77.714 0.0000000000
54277  -10.535  -28.314  77.735 0.0000000000
54276  -9.659  -28.212  77.710 0.0000000000
132419  -3.945  -18.117  71.078 0.0000000000
65997  -3.376  -18.048  69.422 0.0000000000
65998  -4.373  -18.261  69.624 0.0000000000
65979  -6.703  -17.391  70.577 0.0000000000
65978  -5.685  -17.710  70.478 0.0000000000
65013  -7.370  -18.577  67.735 0.0000000000
64978  -6.001  -18.295  69.065 0.0000000000
64993  -5.560  -18.732  68.134 0.0000000000
65011  -5.569  -19.233  67.380 0.0000000000
63918  -6.026  -19.469  66.802 0.0000000000
63959  -8.852  -19.896  64.758 0.0000000000
136586  -8.594  -19.799  63.945 0.0000000000
63974  -8.470  -19.578  63.209 0.0000000000
61790  -9.321  -21.165  71.323 0.0000000000
62856  -9.981  -20.388  70.825 0.0000000000
61799  -9.503  -21.155  70.390 0.0000000000
60759  -8.909  -22.797  67.711 0.0000000000
60750  -9.416  -22.135  68.195 0.0000000000
60760  -9.471  -22.178  67.366 0.0000000000
137947  -9.772  -21.514  67.761 0.0000000000
59682  -4.665  -23.548  64.406 0.0000000000
59665  -6.378  -23.478  65.220 0.0000000000
59683  -5.944  -23.385  64.136 0.0000000000
59699  -7.215  -23.126  63.136 0.0000000000
59684  -7.714  -23.107  63.991 0.0000000000
60780  -8.304  -22.523  63.736 0.0000000000
138671  -8.812  -21.917  63.899 0.0000000000
60790  -8.540  -22.105  63.069 0.0000000000
61888  -6.358  -21.728  60.851 0.0000000000
61889  -7.029  -21.809  61.017 0.0000000000
62960  -6.762  -21.121  61.151 0.0000000000
62937  -7.351  -20.514  61.515 0.0000000000
139799  -5.758  -19.535  60.945 0.0000000000
64020  -4.817  -19.641  60.934 0.0000000000
65883  -7.348  -18.123  85.377 0.0000000000
59464  -9.660  -22.460  86.176 0.0000000000
61647  -9.926  -21.720  86.431 0.0000000000
60563  -8.758  -22.536  86.378 0.0000000000
61644  -7.331  -21.779  86.585 0.0000000000
61645  -8.233  -21.710  86.744 0.0000000000
150213  -7.550  -21.091  86.830 0.0000000000
143430  -7.394  -20.370  87.130 0.0000000000
61635  -6.715  -20.978  86.770 0.0000000000
59458  -4.490  -23.064  86.179 0.0000000000
62726  -4.492  -20.479  86.233 0.0000000000
61641  -4.520  -21.038  86.335 0.0000000000
62727  -5.140  -20.411  86.575 0.0000000000
156155  -5.369  -20.050  86.627 0.0000000000
129384  -5.877  -19.693  86.519 0.0000000000
63784  -4.281  -19.217  84.295 0.0000000000
63785  -4.970  -19.188  84.997 0.0000000000
64869  -4.900  -18.792  84.041 0.0000000000
148476  -5.689  -18.652  83.728 0.0000000000
62756  -3.982  -21.187  82.323 0.0000000000
62757  -4.728  -21.140  82.039 0.0000000000
61673  -4.111  -21.831  81.495 0.0000000000
61674  -5.150  -21.820  81.266 0.0000000000
61686  -3.597  -22.186  80.556 0.0000000000
135682  -1.485  -23.244  82.463 0.0000000000
60579  -2.189  -22.679  82.337 0.0000000000
60588  -1.581  -23.238  81.438 0.0000000000
133911  -1.345  -23.035  79.198 0.0000000000
61699  -1.825  -22.280  79.105 0.0000000000
61700  -2.406  -21.853  79.256 0.0000000000
61714  -2.396  -21.701  78.662 0.0000000000
61720  -2.576  -21.721  77.892 0.0000000000
60621  -1.948  -22.170  78.187 0.0000000000
58433  -1.215  -25.022  76.537 0.0000000000
59524  -1.911  -23.941  76.838 0.0000000000
147856  -1.024  -24.687  75.607 0.0000000000
59530  -1.188  -24.188  75.235 0.0000000000
58451  -0.565  -25.298  74.872 0.0000000000
53081  -0.909  -29.391  83.145 0.0000000000
51963  -0.127  -30.156  81.758 0.0000000000
53089  0.120  -29.524  82.029 0.0000000000
54207  0.108  -28.761  82.325 0.0000000000
55304  0.767  -27.875  82.145 0.0000000000
135108  0.983  -29.035  80.189 0.0000000000
153936  1.303  -28.237  80.865 0.0000000000
131633  1.164  -28.319  80.189 0.0000000000
130336  1.114  -27.441  79.853 0.0000000000
131632  0.988  -28.116  79.141 0.0000000000
55349  -0.266  -27.800  77.151 0.0000000000
56384  -0.199  -26.455  76.818 0.0000000000
55362  -0.542  -27.306  76.353 0.0000000000
148614  -1.017  -27.346  75.182 0.0000000000
156764  -1.245  -26.868  74.364 0.0000000000
55406  -1.479  -27.492  73.839 0.0000000000
55420  -1.804  -27.003  73.015 0.0000000000
70019  -38.234  -12.833  71.563 0.0000000000
70013  -38.311  -12.181  71.834 0.0000000000
71002  -37.830  -12.125  72.201 0.0000000000
67040  -37.740  -15.988  71.451 0.0000000000
148316  -38.365  -15.268  71.051 0.0000000000
67024  -36.262  -16.417  72.376 0.0000000000
69027  -35.620  -13.611  73.761 0.0000000000
69041  -36.068  -13.758  73.150 0.0000000000
68066  -36.056  -14.596  73.289 0.0000000000
69998  -36.398  -12.672  73.289 0.0000000000
82413  -55.733  -0.343  50.813 0.0000000000
129527  -51.942  -2.892  49.958 0.0000000000
81568  -53.188  -0.895  48.468 0.0000000000
81564  -53.629  -1.036  49.436 0.0000000000
75045  -44.680  -8.273  58.070 0.0000000000
75956  -45.136  -7.491  60.089 0.0000000000
155027  -40.236  -7.812  57.808 0.0000000000
153839  -41.264  -7.894  57.768 0.0000000000
133867  -42.020  -8.425  56.901 0.0000000000
154326  -2.005  -22.872  72.948 0.0000000000
60687  -2.224  -22.817  72.279 0.0000000000
59560  -1.496  -23.701  72.427 0.0000000000
58485  -1.540  -24.329  71.416 0.0000000000
153793  -1.716  -25.065  70.892 0.0000000000
56427  -2.115  -26.088  70.613 0.0000000000
56419  -2.614  -26.896  71.188 0.0000000000
154937  -2.901  -27.533  71.585 0.0000000000
53107  -8.206  -29.024  81.222 0.0000000000
73125  -38.637  -10.067  65.433 0.0000000000
74076  -38.259  -9.562  64.774 0.0000000000
74985  -38.437  -8.647  64.592 0.0000000000
75902  -39.378  -7.580  65.631 0.0000000000
62863  -28.999  -20.199  70.136 0.0000000000
83383  -57.873  0.203  43.525 0.0000000000
84353  -58.836  1.775  42.888 0.0000000000
63799  -8.498  -19.392  82.453 0.0000000000
76003  -51.209  -7.481  53.857 0.0000000000
138726  -51.347  -7.415  54.755 0.0000000000
74184  -47.215  -8.441  52.624 0.0000000000
74204  -46.809  -9.180  52.093 0.0000000000
74205  -47.254  -9.067  52.264 0.0000000000
74206  -47.788  -8.910  52.264 0.0000000000
74207  -48.597  -8.704  52.143 0.0000000000
139675  -49.228  -8.302  52.856 0.0000000000
58408  -14.656  -23.961  79.388 0.0000000000
57383  -14.627  -25.581  78.660 0.0000000000
57403  -22.955  -24.724  76.456 0.0000000000
67130  -7.134  -17.273  63.618 0.0000000000
66091  -7.298  -17.856  62.721 0.0000000000
67014  -9.288  -16.781  72.466 0.0000000000
67029  -8.623  -16.746  72.057 0.0000000000
65948  -9.631  -17.206  72.006 0.0000000000
148549  -9.840  -17.554  71.631 0.0000000000
59679  -1.381  -23.990  64.318 0.0000000000
59694  -1.933  -23.520  63.596 0.0000000000
59693  -1.461  -23.916  63.618 0.0000000000
58572  -1.759  -23.853  62.691 0.0000000000
59706  -1.971  -23.387  61.679 0.0000000000
129347  -2.411  -26.097  84.337 0.0000000000
57343  -2.309  -25.674  84.943 0.0000000000
58375  -1.425  -25.434  84.803 0.0000000000
58381  -0.505  -24.743  84.457 0.0000000000
58385  -0.132  -24.237  83.563 0.0000000000
57352  -0.112  -25.275  83.949 0.0000000000
57351  0.224  -25.658  83.142 0.0000000000
56338  0.655  -26.179  82.476 0.0000000000
69067  -39.763  -13.936  68.982 0.0000000000
68093  -39.737  -14.729  68.361 0.0000000000
138847  -39.901  -13.978  68.269 0.0000000000
70048  -40.149  -13.503  67.683 0.0000000000
141769  -40.338  -12.867  67.337 0.0000000000
71039  -40.295  -12.610  66.751 0.0000000000
67005  -33.967  -15.731  73.111 0.0000000000
67004  -33.117  -15.544  73.280 0.0000000000
67019  -31.198  -15.941  72.627 0.0000000000
139712  -30.748  -15.893  71.915 0.0000000000
82439  -54.445  -0.781  46.798 0.0000000000
131245  -55.272  -0.626  46.822 0.0000000000
81578  -55.803  -1.021  46.148 0.0000000000
75082  -47.484  -8.480  56.399 0.0000000000
75105  -43.813  -7.434  54.683 0.0000000000
75106  -44.725  -7.663  54.269 0.0000000000
130597  -46.388  -8.063  54.635 0.0000000000
57464  -19.764  -24.236  70.382 0.0000000000
66064  -3.612  -18.306  65.257 0.0000000000
65044  -3.906  -19.173  65.533 0.0000000000
63942  -4.717  -19.173  65.295 0.0000000000
63943  -5.414  -19.375  65.431 0.0000000000
61763  -8.071  -21.308  73.395 0.0000000000
61776  -8.367  -21.462  72.587 0.0000000000
61775  -7.525  -21.563  72.769 0.0000000000
60691  -6.379  -21.723  72.048 0.0000000000
59592  -1.888  -23.740  69.269 0.0000000000
59593  -2.555  -23.308  69.325 0.0000000000
59609  -1.848  -23.972  68.153 0.0000000000
59632  -1.878  -24.176  67.299 0.0000000000
59644  -1.903  -24.432  66.510 0.0000000000
57512  -1.773  -25.174  65.713 0.0000000000
141544  -3.166  -26.405  64.964 0.0000000000
55542  -4.140  -27.110  64.865 0.0000000000
58382  -10.530  -24.843  84.665 0.0000000000
57349  -10.413  -25.517  84.422 0.0000000000
56332  -9.756  -26.128  85.012 0.0000000000
56331  -9.057  -26.125  85.339 0.0000000000
54203  -6.477  -28.476  83.472 0.0000000000
54196  -7.025  -28.102  84.228 0.0000000000
54195  -6.129  -28.059  84.270 0.0000000000
55295  -5.652  -27.651  84.909 0.0000000000
55294  -4.619  -27.637  84.844 0.0000000000
55286  -3.904  -27.251  85.328 0.0000000000
75007  -41.772  -7.963  61.293 0.0000000000
75932  -42.494  -7.666  61.672 0.0000000000
71089  -37.944  -13.040  62.839 0.0000000000
74994  -38.827  -7.723  62.863 0.0000000000
75921  -39.079  -7.606  61.764 0.0000000000
154985  -39.518  -7.487  61.139 0.0000000000
75942  -39.903  -7.554  60.527 0.0000000000
60633  -26.577  -22.804  77.036 0.0000000000
59527  -26.233  -23.136  76.057 0.0000000000
59532  -25.882  -23.078  74.950 0.0000000000
65917  -30.929  -17.223  76.326 0.0000000000
154461  -30.640  -17.743  76.396 0.0000000000
65923  -30.912  -17.985  75.830 0.0000000000
63859  -29.558  -18.846  75.445 0.0000000000
62831  -28.929  -19.282  75.430 0.0000000000
151908  -27.099  -21.871  71.931 0.0000000000
60693  -27.128  -21.787  72.660 0.0000000000
59562  -26.904  -21.957  72.504 0.0000000000
59561  -26.547  -22.221  72.607 0.0000000000
58477  -25.793  -22.869  72.563 0.0000000000
58467  -25.615  -23.120  72.976 0.0000000000
153841  -25.531  -23.104  72.299 0.0000000000
58487  -24.652  -23.328  71.967 0.0000000000
58497  -22.374  -23.230  70.959 0.0000000000
129787  -22.586  -23.706  70.135 0.0000000000
81626  -55.852  -1.186  40.065 0.0000000000
66945  -9.463  -16.580  77.213 0.0000000000
146450  -9.819  -17.610  77.770 0.0000000000
146577  -9.906  -19.221  76.518 0.0000000000
63847  -9.724  -19.613  77.259 0.0000000000
129955  -7.420  -21.206  79.006 0.0000000000
62798  -6.673  -20.813  78.520 0.0000000000
129776  -4.950  -21.088  77.002 0.0000000000
61741  -4.684  -21.433  76.075 0.0000000000
61731  -3.936  -21.440  76.864 0.0000000000
150594  -3.239  -21.757  76.378 0.0000000000
79726  -53.129  -3.338  52.732 0.0000000000
79723  -53.566  -3.107  53.822 0.0000000000
75151  -50.133  -7.344  50.880 0.0000000000
75150  -49.680  -8.344  50.170 0.0000000000
76890  -50.573  -6.589  50.885 0.0000000000
77778  -51.437  -5.321  50.671 0.0000000000
78693  -52.277  -4.689  51.787 0.0000000000
57381  -12.321  -25.452  79.609 0.0000000000
56355  -11.996  -26.220  80.181 0.0000000000
54222  -11.065  -28.039  80.997 0.0000000000
53142  -10.136  -28.555  79.114 0.0000000000
57440  -18.349  -24.704  72.471 0.0000000000
57439  -17.591  -25.244  72.764 0.0000000000
56407  -17.478  -25.462  73.646 0.0000000000
155736  -16.873  -25.944  73.873 0.0000000000
54350  -14.774  -27.257  73.771 0.0000000000
54351  -15.461  -27.113  73.949 0.0000000000
53209  -15.101  -27.206  74.376 0.0000000000
53191  -15.065  -27.341  75.002 0.0000000000
54319  -16.096  -27.619  76.066 0.0000000000
54303  -16.429  -27.547  76.857 0.0000000000
54318  -15.770  -27.933  76.196 0.0000000000
54302  -15.203  -28.040  76.523 0.0000000000
54281  -14.621  -28.023  77.023 0.0000000000
55350  -14.164  -27.692  77.518 0.0000000000
54300  -12.980  -28.353  76.354 0.0000000000
54299  -12.230  -27.576  76.135 0.0000000000
54296  -9.361  -27.722  76.831 0.0000000000
64980  -8.107  -18.041  69.314 0.0000000000
64979  -7.047  -18.142  69.221 0.0000000000
65029  -7.936  -18.553  67.046 0.0000000000
63919  -7.000  -19.041  66.905 0.0000000000
63929  -7.812  -19.112  66.207 0.0000000000
62901  -9.129  -20.522  64.198 0.0000000000
60737  -8.338  -22.347  69.334 0.0000000000
61805  -9.012  -21.915  69.937 0.0000000000
59616  -8.110  -23.131  67.975 0.0000000000
141197  -8.385  -23.266  67.098 0.0000000000
59710  -4.529  -23.214  62.972 0.0000000000
138479  -5.651  -23.273  62.877 0.0000000000
60798  -5.029  -22.732  62.293 0.0000000000
60799  -5.963  -22.937  61.692 0.0000000000
60800  -6.774  -22.912  61.721 0.0000000000
60815  -7.199  -22.384  61.400 0.0000000000
60813  -5.941  -22.255  61.020 0.0000000000
61887  -5.595  -21.429  60.987 0.0000000000
62957  -4.055  -20.100  61.026 0.0000000000
59462  -8.395  -23.321  86.243 0.0000000000
59461  -7.496  -23.403  86.348 0.0000000000
138934  -7.038  -22.567  86.461 0.0000000000
60561  -6.168  -22.531  86.405 0.0000000000
60557  -3.239  -22.381  85.814 0.0000000000
61651  -3.234  -21.335  85.479 0.0000000000
61640  -3.906  -20.828  85.946 0.0000000000
62734  -4.078  -20.191  85.701 0.0000000000
63780  -4.604  -19.704  85.662 0.0000000000
63788  -4.267  -19.218  83.677 0.0000000000
63795  -4.587  -19.549  82.979 0.0000000000
63794  -3.789  -19.902  83.389 0.0000000000
62750  -3.371  -20.772  82.984 0.0000000000
61665  -3.351  -21.701  82.253 0.0000000000
142494  -0.609  -23.570  80.930 0.0000000000
60601  -1.098  -23.358  80.629 0.0000000000
60600  -0.513  -23.543  80.325 0.0000000000
60619  -1.001  -23.551  79.270 0.0000000000
59515  -1.303  -23.451  78.540 0.0000000000
134826  -1.180  -24.075  78.163 0.0000000000
58425  -1.239  -24.729  77.705 0.0000000000
58432  -0.543  -25.460  76.264 0.0000000000
53102  0.421  -29.441  81.355 0.0000000000
53113  0.533  -29.481  80.607 0.0000000000
53124  0.607  -29.536  79.718 0.0000000000
54312  -0.367  -28.842  75.851 0.0000000000
65003  -37.381  -17.609  68.242 0.0000000000
65004  -37.938  -17.641  67.827 0.0000000000
66030  -38.116  -17.401  68.419 0.0000000000
67084  -39.119  -16.673  68.915 0.0000000000
67070  -39.269  -15.663  69.344 0.0000000000
68091  -38.718  -15.697  70.172 0.0000000000
155747  -39.270  -14.871  69.558 0.0000000000
68092  -39.529  -14.807  69.087 0.0000000000
70033  -39.640  -13.264  69.646 0.0000000000
70027  -39.818  -12.318  69.798 0.0000000000
67052  -33.791  -16.516  70.972 0.0000000000
67053  -34.636  -17.107  70.678 0.0000000000
65988  -35.083  -17.408  70.053 0.0000000000
152211  -36.138  -16.975  71.523 0.0000000000
65989  -36.012  -17.445  70.088 0.0000000000
146301  -36.781  -17.624  68.706 0.0000000000
138487  -34.694  -14.878  74.306 0.0000000000
139854  -35.205  -14.884  73.981 0.0000000000
68057  -34.518  -15.456  73.709 0.0000000000
83329  -56.984  0.928  48.985 0.0000000000
134402  -51.188  -3.263  48.811 0.0000000000
129499  -51.183  -2.905  48.003 0.0000000000
79754  -50.594  -3.198  47.465 0.0000000000
81575  -52.312  -1.452  46.581 0.0000000000
82422  -53.794  -0.337  47.977 0.0000000000
132184  -55.204  0.198  48.269 0.0000000000
75081  -45.886  -7.900  56.571 0.0000000000
74139  -39.804  -8.449  56.788 0.0000000000
148851  -40.058  -9.176  54.881 0.0000000000
74162  -40.754  -8.932  55.323 0.0000000000
75078  -42.749  -8.352  56.540 0.0000000000
75095  -43.069  -7.946  55.872 0.0000000000
66019  -2.564  -17.743  68.179 0.0000000000
60676  -4.857  -22.008  73.695 0.0000000000
60690  -4.768  -21.957  72.526 0.0000000000
60704  -3.448  -22.287  71.551 0.0000000000
60720  -2.351  -22.848  70.557 0.0000000000
60702  -1.721  -23.174  71.750 0.0000000000
59568  -1.817  -23.136  70.833 0.0000000000
59580  -2.022  -23.206  70.041 0.0000000000
58505  -1.634  -24.063  69.640 0.0000000000
143073  -1.971  -26.337  67.938 0.0000000000
56472  -2.501  -26.480  67.475 0.0000000000
56458  -2.443  -26.744  68.263 0.0000000000
55494  -3.382  -27.167  68.711 0.0000000000
55455  -2.697  -26.912  70.027 0.0000000000
136368  -3.275  -27.303  69.590 0.0000000000
54424  -4.638  -28.048  68.524 0.0000000000
54411  -4.502  -28.443  69.125 0.0000000000
55303  -10.162  -26.774  82.989 0.0000000000
55302  -9.585  -27.218  83.386 0.0000000000
54205  -8.286  -28.110  83.205 0.0000000000
54204  -7.444  -28.375  83.428 0.0000000000
53095  -8.167  -28.900  82.022 0.0000000000
154686  -40.869  -6.980  63.343 0.0000000000
76796  -41.337  -6.604  63.415 0.0000000000
69114  -38.849  -14.716  65.043 0.0000000000
69122  -38.768  -15.186  64.127 0.0000000000
70094  -38.586  -14.277  64.284 0.0000000000
71075  -38.181  -12.777  63.605 0.0000000000
71074  -37.693  -12.227  63.129 0.0000000000
72082  -37.233  -11.548  62.680 0.0000000000
72081  -36.798  -10.829  62.707 0.0000000000
74081  -36.708  -10.120  63.122 0.0000000000
74091  -36.930  -9.201  63.023 0.0000000000
74993  -38.205  -8.330  63.937 0.0000000000
74999  -38.100  -8.086  63.197 0.0000000000
75915  -39.338  -7.550  63.608 0.0000000000
62806  -28.247  -19.872  77.703 0.0000000000
62815  -28.234  -20.575  77.415 0.0000000000
64940  -29.594  -18.753  73.663 0.0000000000
63884  -29.080  -19.311  72.849 0.0000000000
138784  -28.691  -19.664  71.991 0.0000000000
61779  -27.961  -20.776  71.763 0.0000000000
61801  -28.450  -20.492  70.369 0.0000000000
61800  -27.822  -20.828  70.676 0.0000000000
60727  -27.379  -21.394  71.286 0.0000000000
60710  -26.934  -21.802  71.208 0.0000000000
59583  -25.327  -22.555  70.113 0.0000000000
81620  -55.927  -1.064  40.951 0.0000000000
82493  -56.736  0.004  39.999 0.0000000000
134070  -57.126  0.727  40.253 0.0000000000
139774  -58.136  1.527  41.598 0.0000000000
65893  -9.780  -18.044  80.518 0.0000000000
63826  -10.090  -19.580  79.928 0.0000000000
62774  -9.334  -20.390  80.163 0.0000000000
62761  -8.700  -20.275  81.377 0.0000000000
77768  -52.222  -5.270  53.805 0.0000000000
135763  -52.087  -6.508  55.232 0.0000000000
73244  -46.341  -10.154  51.940 0.0000000000
73262  -45.805  -10.684  51.442 0.0000000000
72220  -48.130  -11.483  50.433 0.0000000000
74231  -48.836  -9.870  50.580 0.0000000000
75139  -49.467  -8.375  51.180 0.0000000000
136693  -49.328  -8.276  51.934 0.0000000000
75140  -49.813  -7.611  51.616 0.0000000000
76013  -50.808  -6.480  52.242 0.0000000000
59516  -12.780  -22.587  78.405 0.0000000000
59509  -12.565  -23.145  78.667 0.0000000000
130016  -14.054  -24.111  78.802 0.0000000000
58414  -13.528  -24.519  78.790 0.0000000000
55445  -15.132  -26.726  71.337 0.0000000000
131608  -14.650  -27.090  71.878 0.0000000000
144986  -14.774  -27.243  72.543 0.0000000000
54372  -14.393  -27.378  73.100 0.0000000000
54349  -13.883  -27.361  73.709 0.0000000000
53206  -12.662  -27.589  74.239 0.0000000000
53188  -12.574  -27.443  74.924 0.0000000000
54331  -12.043  -27.572  74.350 0.0000000000
54347  -11.551  -27.345  73.853 0.0000000000
65947  -6.064  -16.912  72.234 0.0000000000
65962  -6.932  -17.030  71.435 0.0000000000
67042  -8.655  -16.892  71.217 0.0000000000
65980  -8.763  -17.152  70.597 0.0000000000
66002  -8.489  -17.509  69.984 0.0000000000
64997  -9.273  -18.423  68.336 0.0000000000
63920  -9.938  -19.350  67.224 0.0000000000
138365  -5.015  -23.626  65.984 0.0000000000
138364  -5.910  -23.548  65.938 0.0000000000
59664  -4.318  -23.545  65.310 0.0000000000
59696  -3.953  -23.404  63.733 0.0000000000
59709  -2.571  -23.244  62.946 0.0000000000
134511  -3.499  -23.241  62.995 0.0000000000
151765  -3.183  -23.011  62.389 0.0000000000
61865  -1.708  -21.555  61.226 0.0000000000
62935  -1.191  -20.846  60.920 0.0000000000
143540  -11.388  -17.689  87.584 0.0000000000
65868  -10.967  -17.219  87.650 0.0000000000
140786  -9.911  -18.142  88.174 0.0000000000
64852  -8.398  -18.631  88.121 0.0000000000
62717  -7.986  -19.301  87.996 0.0000000000
57339  -5.291  -25.450  86.225 0.0000000000
58369  -4.571  -24.772  86.170 0.0000000000
59457  -3.591  -23.402  86.036 0.0000000000
134095  -2.883  -24.111  85.950 0.0000000000
59456  -2.942  -23.245  85.766 0.0000000000
142956  -2.637  -22.796  85.502 0.0000000000
61649  -2.117  -21.992  84.552 0.0000000000
153766  -2.294  -21.521  84.209 0.0000000000
62748  -2.264  -21.628  83.791 0.0000000000
61657  -1.920  -22.140  83.887 0.0000000000
61662  -1.450  -22.725  83.281 0.0000000000
150729  -0.980  -23.750  82.174 0.0000000000
59479  -0.177  -23.993  81.918 0.0000000000
60577  -0.451  -23.797  81.562 0.0000000000
137653  0.481  -23.977  80.564 0.0000000000
58405  0.790  -24.322  79.978 0.0000000000
57380  0.700  -25.549  79.276 0.0000000000
67125  -39.901  -16.749  64.290 0.0000000000
65024  -38.647  -17.394  66.922 0.0000000000
66058  -39.079  -16.698  66.067 0.0000000000
68109  -39.731  -15.043  67.672 0.0000000000
67110  -39.179  -15.978  66.643 0.0000000000
141272  -39.195  -16.046  65.753 0.0000000000
152354  -39.022  -15.376  65.145 0.0000000000
70066  -39.737  -13.125  65.625 0.0000000000
71049  -39.695  -12.345  65.597 0.0000000000
71038  -40.146  -12.032  66.240 0.0000000000
154945  -39.784  -10.536  66.545 0.0000000000
66963  -31.267  -16.486  76.692 0.0000000000
65924  -31.126  -17.512  75.253 0.0000000000
64936  -30.795  -17.986  74.780 0.0000000000
66976  -32.602  -15.817  74.860 0.0000000000
66988  -32.090  -15.848  74.499 0.0000000000
65931  -30.947  -16.886  74.659 0.0000000000
135352  -30.028  -18.009  73.546 0.0000000000
64958  -29.532  -18.524  71.671 0.0000000000
64970  -29.623  -18.075  70.900 0.0000000000
81590  -53.720  -2.124  44.991 0.0000000000
82458  -56.657  -0.793  44.209 0.0000000000
82447  -56.413  -0.810  45.571 0.0000000000
82460  -57.740  -0.113  45.035 0.0000000000
137935  -49.505  -8.308  55.188 0.0000000000
75084  -49.589  -7.984  56.460 0.0000000000
137960  -48.990  -8.162  56.518 0.0000000000
75062  -46.861  -8.206  57.256 0.0000000000
75120  -45.988  -7.768  52.708 0.0000000000
75121  -46.777  -8.002  52.588 0.0000000000
155408  -47.909  -8.034  53.725 0.0000000000
57430  -21.260  -23.793  73.247 0.0000000000
133513  -19.213  -24.310  72.219 0.0000000000
57453  -18.515  -24.560  71.575 0.0000000000
57452  -17.663  -24.944  71.914 0.0000000000
56422  -17.160  -25.335  71.411 0.0000000000
56421  -16.424  -25.845  71.343 0.0000000000
56420  -15.702  -26.282  70.772 0.0000000000
66074  -5.206  -17.789  64.861 0.0000000000
63985  -7.859  -18.997  62.092 0.0000000000
63867  -10.262  -19.079  73.422 0.0000000000
150747  -10.343  -19.079  72.717 0.0000000000
63878  -9.877  -19.637  72.962 0.0000000000
61777  -9.154  -21.062  72.304 0.0000000000
60709  -7.904  -22.009  71.125 0.0000000000
60726  -8.075  -22.163  70.209 0.0000000000
60736  -7.431  -22.464  69.553 0.0000000000
60747  -6.901  -22.731  68.889 0.0000000000
59635  -5.809  -23.326  67.781 0.0000000000
60706  -5.121  -22.051  71.593 0.0000000000
60723  -5.279  -22.379  70.723 0.0000000000
59594  -3.354  -23.026  69.444 0.0000000000
59595  -4.184  -22.886  69.265 0.0000000000
59596  -5.125  -22.740  69.141 0.0000000000
59613  -5.493  -23.094  68.452 0.0000000000
134960  -5.004  -23.602  67.922 0.0000000000
132060  -5.303  -23.669  67.262 0.0000000000
59647  -4.739  -23.810  66.731 0.0000000000
59662  -2.556  -23.826  65.299 0.0000000000
149627  -1.853  -24.569  65.750 0.0000000000
59661  -1.752  -24.258  65.051 0.0000000000
131250  -1.076  -24.382  64.125 0.0000000000
56485  -3.555  -26.714  66.809 0.0000000000
143228  -10.203  -23.103  85.523 0.0000000000
58380  -10.028  -24.686  85.194 0.0000000000
58374  -8.926  -23.995  85.940 0.0000000000
58373  -8.060  -24.195  86.208 0.0000000000
58372  -7.313  -24.655  86.216 0.0000000000
134818  -6.812  -25.203  86.241 0.0000000000
55299  -9.309  -27.094  84.295 0.0000000000
56333  -9.057  -26.814  85.103 0.0000000000
56329  -7.439  -26.427  85.820 0.0000000000
56322  -6.699  -25.942  86.214 0.0000000000
57340  -6.129  -25.340  86.289 0.0000000000
56319  -3.932  -26.340  86.023 0.0000000000
148588  -3.162  -26.445  85.583 0.0000000000
141839  -3.057  -26.837  84.943 0.0000000000
56324  -2.711  -26.621  84.366 0.0000000000
137961  -43.120  -7.928  59.609 0.0000000000
75945  -43.786  -7.366  60.742 0.0000000000
136263  -39.200  -15.618  63.348 0.0000000000
69129  -38.894  -15.374  62.384 0.0000000000
75028  -39.414  -7.792  58.881 0.0000000000
75955  -39.917  -7.672  59.694 0.0000000000
75029  -40.563  -7.655  59.202 0.0000000000
59517  -25.480  -23.546  77.586 0.0000000000
58434  -23.570  -24.254  76.264 0.0000000000
57409  -23.061  -24.510  75.515 0.0000000000
131845  -22.649  -24.360  74.954 0.0000000000
57431  -22.312  -23.852  73.876 0.0000000000
143462  -28.753  -17.592  77.537 0.0000000000
65913  -30.225  -17.369  77.016 0.0000000000
64916  -29.465  -17.872  77.163 0.0000000000
64915  -28.854  -18.370  77.435 0.0000000000
62816  -28.841  -20.060  77.160 0.0000000000
61740  -28.101  -21.114  75.967 0.0000000000
63873  -29.031  -19.381  73.975 0.0000000000
62838  -28.543  -19.493  74.834 0.0000000000
156675  -28.405  -19.739  75.241 0.0000000000
61753  -27.076  -21.084  73.673 0.0000000000
61765  -27.679  -20.140  74.540 0.0000000000
156112  -28.017  -20.245  75.223 0.0000000000
61747  -27.586  -20.805  75.197 0.0000000000
61739  -27.360  -21.406  75.295 0.0000000000
136210  -27.598  -21.653  76.380 0.0000000000
60641  -27.114  -22.073  75.678 0.0000000000
60647  -26.538  -22.472  75.043 0.0000000000
59545  -25.503  -23.382  74.154 0.0000000000
58466  -25.040  -23.462  73.217 0.0000000000
58454  -24.826  -23.606  73.802 0.0000000000
58453  -24.000  -23.706  74.115 0.0000000000
57421  -23.460  -23.679  73.920 0.0000000000
130332  -21.898  -23.785  73.389 0.0000000000
57443  -21.703  -23.439  72.634 0.0000000000
132106  -21.627  -23.363  71.037 0.0000000000
130034  -57.470  0.653  38.991 0.0000000000
66996  -7.864  -16.224  73.874 0.0000000000
67013  -8.606  -16.392  73.042 0.0000000000
66998  -9.613  -16.677  73.435 0.0000000000
65926  -10.145  -17.373  74.108 0.0000000000
66959  -9.557  -16.648  76.335 0.0000000000
66971  -9.554  -16.747  75.445 0.0000000000
64930  -10.304  -18.310  73.758 0.0000000000
63861  -10.148  -19.045  74.131 0.0000000000
62833  -9.009  -20.255  74.560 0.0000000000
61752  -7.806  -21.307  74.181 0.0000000000
61751  -7.130  -21.678  74.334 0.0000000000
154551  -6.675  -21.881  74.451 0.0000000000
62801  -9.358  -20.218  78.590 0.0000000000
62799  -7.548  -20.708  78.362 0.0000000000
62809  -7.527  -20.590  77.073 0.0000000000
61734  -6.987  -20.977  75.641 0.0000000000
61749  -6.151  -21.962  74.631 0.0000000000
60660  -5.726  -22.027  73.948 0.0000000000
150036  -3.939  -22.093  74.006 0.0000000000
131902  -2.988  -22.160  73.809 0.0000000000
60645  -4.060  -21.728  75.386 0.0000000000
60657  -3.255  -21.994  74.747 0.0000000000
60673  -1.425  -23.025  73.384 0.0000000000
147919  -1.345  -24.185  73.792 0.0000000000
81547  -55.057  -1.893  51.636 0.0000000000
75086  -50.578  -7.857  55.719 0.0000000000
75021  -44.284  -7.640  60.153 0.0000000000
74258  -48.779  -9.249  48.878 0.0000000000
74259  -49.270  -8.715  49.114 0.0000000000
75173  -48.997  -8.634  48.288 0.0000000000
75184  -49.302  -8.010  47.824 0.0000000000
76911  -49.762  -6.642  47.842 0.0000000000
78706  -50.978  -4.513  49.770 0.0000000000
153967  -51.236  -4.940  50.181 0.0000000000
78698  -51.453  -4.379  50.529 0.0000000000
155946  -52.187  -2.880  50.720 0.0000000000
59474  -11.265  -23.734  83.677 0.0000000000
58386  -10.785  -24.467  83.392 0.0000000000
57354  -10.393  -25.256  83.149 0.0000000000
56337  -10.349  -25.867  83.064 0.0000000000
59508  -11.553  -22.565  79.657 0.0000000000
57374  -11.168  -25.163  80.761 0.0000000000
58399  -10.826  -24.734  81.423 0.0000000000
56340  -10.423  -26.322  82.573 0.0000000000
54221  -9.820  -28.386  81.478 0.0000000000
54230  -10.343  -28.313  81.112 0.0000000000
151814  -8.863  -28.939  80.822 0.0000000000
139669  -7.768  -28.613  79.805 0.0000000000
129989  -20.702  -24.324  74.043 0.0000000000
57417  -20.376  -24.650  75.154 0.0000000000
57416  -18.783  -24.710  74.860 0.0000000000
56400  -19.453  -24.808  75.489 0.0000000000
55365  -18.790  -26.445  77.203 0.0000000000
55411  -16.320  -26.443  73.469 0.0000000000
55412  -16.576  -26.389  74.487 0.0000000000
55379  -17.344  -26.485  76.325 0.0000000000
141814  -18.145  -26.537  76.859 0.0000000000
55364  -18.270  -27.164  77.358 0.0000000000
55352  -18.354  -27.618  77.862 0.0000000000
54265  -17.758  -28.037  78.015 0.0000000000
54283  -16.435  -27.737  77.484 0.0000000000
54264  -17.124  -28.047  78.099 0.0000000000
55324  -16.573  -27.482  79.211 0.0000000000
56364  -15.344  -25.907  79.004 0.0000000000
56370  -14.261  -26.384  78.301 0.0000000000
55335  -13.894  -27.258  78.111 0.0000000000
55322  -13.698  -26.741  78.447 0.0000000000
54244  -12.612  -28.022  78.900 0.0000000000
53170  -12.050  -27.367  75.162 0.0000000000
54298  -11.448  -27.352  76.389 0.0000000000
132813  -11.800  -27.879  76.947 0.0000000000
54258  -9.395  -28.375  78.673 0.0000000000
136206  -8.943  -28.008  77.339 0.0000000000
135369  -8.976  -28.132  77.999 0.0000000000
54257  -8.460  -28.137  78.522 0.0000000000
65996  -2.439  -17.642  69.137 0.0000000000
64991  -3.583  -18.382  68.078 0.0000000000
65977  -4.696  -18.083  70.405 0.0000000000
65999  -5.369  -18.142  69.743 0.0000000000
64992  -4.396  -18.720  67.988 0.0000000000
65009  -3.527  -18.763  67.367 0.0000000000
63917  -5.019  -19.549  66.728 0.0000000000
63927  -5.652  -19.723  66.030 0.0000000000
133192  -6.202  -19.572  65.481 0.0000000000
63944  -7.172  -19.481  65.434 0.0000000000
63957  -6.749  -19.382  64.982 0.0000000000
63973  -7.934  -19.085  62.909 0.0000000000
141617  -10.153  -19.540  72.085 0.0000000000
63898  -10.258  -19.297  70.407 0.0000000000
61806  -9.659  -21.156  69.493 0.0000000000
62868  -9.971  -20.149  69.015 0.0000000000
145813  -10.033  -19.834  68.171 0.0000000000
62876  -10.031  -20.580  67.570 0.0000000000
62883  -10.005  -20.332  66.673 0.0000000000
141393  -6.838  -23.545  66.080 0.0000000000
59666  -7.654  -23.384  65.850 0.0000000000
137531  -7.008  -23.410  64.587 0.0000000000
59685  -7.729  -23.195  65.014 0.0000000000
59667  -8.330  -23.018  65.629 0.0000000000
60772  -8.954  -22.276  65.556 0.0000000000
61828  -9.832  -21.068  66.274 0.0000000000
62888  -9.831  -20.382  65.847 0.0000000000
61842  -9.403  -21.077  64.687 0.0000000000
147523  -9.186  -21.210  64.043 0.0000000000
155790  -9.109  -20.769  63.659 0.0000000000
61857  -7.817  -22.229  61.927 0.0000000000
61858  -8.310  -21.574  62.312 0.0000000000
135231  -8.583  -20.484  62.440 0.0000000000
62922  -7.970  -19.842  61.892 0.0000000000
63997  -6.767  -19.259  61.135 0.0000000000
65110  -4.284  -18.123  60.571 0.0000000000
64019  -4.169  -19.124  60.729 0.0000000000
134799  -3.557  -18.528  60.488 0.0000000000
65884  -7.779  -18.232  84.722 0.0000000000
152103  -10.512  -21.348  86.232 0.0000000000
61639  -10.071  -21.049  86.734 0.0000000000
61638  -9.494  -21.328  86.824 0.0000000000
61637  -8.854  -21.226  87.089 0.0000000000
62722  -8.674  -20.627  87.393 0.0000000000
62718  -8.138  -20.086  87.677 0.0000000000
63768  -7.319  -19.483  87.540 0.0000000000
60560  -5.324  -22.850  86.285 0.0000000000
60559  -4.669  -22.035  86.325 0.0000000000
61643  -5.953  -21.524  86.664 0.0000000000
62728  -5.822  -20.648  86.837 0.0000000000
63771  -6.756  -19.346  87.072 0.0000000000
142378  -6.512  -19.308  86.768 0.0000000000
64856  -6.630  -18.741  86.752 0.0000000000
64860  -6.318  -19.125  86.199 0.0000000000
64864  -6.047  -19.050  85.440 0.0000000000
64871  -6.835  -18.612  84.999 0.0000000000
64876  -6.814  -18.500  83.988 0.0000000000
63797  -6.629  -19.438  82.554 0.0000000000
63805  -6.092  -20.206  82.155 0.0000000000
62752  -5.116  -20.248  82.361 0.0000000000
61688  -5.453  -22.062  80.432 0.0000000000
133809  -4.831  -21.922  79.810 0.0000000000
133662  -2.379  -21.917  83.204 0.0000000000
61664  -2.706  -21.890  82.694 0.0000000000
61672  -2.806  -22.454  81.813 0.0000000000
150820  -1.620  -22.959  80.598 0.0000000000
61702  -3.823  -21.671  79.584 0.0000000000
151723  -3.000  -21.411  78.410 0.0000000000
60637  -2.920  -21.762  77.062 0.0000000000
60628  -1.808  -23.057  77.742 0.0000000000
60635  -2.261  -23.237  76.699 0.0000000000
59525  -2.109  -23.278  75.834 0.0000000000
59531  -1.401  -23.456  75.259 0.0000000000
59543  -1.159  -24.330  74.430 0.0000000000
58463  -1.235  -24.724  74.026 0.0000000000
54199  -1.804  -28.075  83.660 0.0000000000
55300  -1.269  -27.577  83.464 0.0000000000
51964  -0.295  -30.311  82.451 0.0000000000
138020  -0.530  -28.840  82.797 0.0000000000
56339  0.227  -27.021  82.607 0.0000000000
130050  1.083  -26.918  82.098 0.0000000000
130893  1.211  -28.149  81.397 0.0000000000
56345  1.306  -26.759  81.346 0.0000000000
56353  1.210  -26.701  80.442 0.0000000000
56362  0.836  -26.554  79.522 0.0000000000
56369  0.452  -26.249  78.606 0.0000000000
53137  0.775  -29.513  78.770 0.0000000000
54253  0.834  -28.761  78.430 0.0000000000
131631  0.538  -27.962  78.140 0.0000000000
131754  0.181  -25.835  77.651 0.0000000000
57400  -0.208  -25.811  76.180 0.0000000000
57407  -0.412  -25.655  75.432 0.0000000000
55375  -0.764  -27.085  75.767 0.0000000000
56395  -0.604  -26.272  75.261 0.0000000000
57414  -0.548  -25.802  74.896 0.0000000000
57415  -0.788  -25.610  74.592 0.0000000000
56404  -1.045  -25.923  74.400 0.0000000000
56405  -1.330  -25.572  73.661 0.0000000000
56411  -1.638  -26.142  72.929 0.0000000000
55438  -2.553  -27.465  72.217 0.0000000000
53226  -3.946  -29.155  71.117 0.0000000000
53174  -15.494  -27.816  75.625 0.0000000000
53208  -14.400  -27.205  74.376 0.0000000000
53237  -4.347  -28.962  69.636 0.0000000000
54313  -0.834  -27.939  75.612 0.0000000000
55388  -0.933  -26.793  75.296 0.0000000000
55389  -1.069  -26.605  74.743 0.0000000000
55390  -1.157  -27.398  74.702 0.0000000000
55425  -14.103  -27.307  72.439 0.0000000000
55495  -4.157  -27.715  69.179 0.0000000000
56456  -1.709  -25.996  67.750 0.0000000000
56501  -2.456  -26.008  65.594 0.0000000000
57388  0.035  -25.165  77.693 0.0000000000
57393  -0.155  -25.576  76.961 0.0000000000
57410  -23.275  -23.935  74.627 0.0000000000
57426  -1.109  -25.319  74.211 0.0000000000
57427  -1.310  -24.966  73.723 0.0000000000
58398  0.673  -24.493  81.503 0.0000000000
58436  -24.992  -23.663  75.864 0.0000000000
58441  -0.787  -24.718  74.958 0.0000000000
58455  -25.438  -23.377  73.475 0.0000000000
58465  -24.288  -23.607  73.564 0.0000000000
58476  -24.307  -23.476  72.570 0.0000000000
58488  -25.272  -23.251  71.967 0.0000000000
59460  -6.734  -23.213  86.365 0.0000000000
59472  -0.032  -24.025  82.605 0.0000000000
59480  -0.527  -23.759  82.411 0.0000000000
59491  0.127  -23.938  81.340 0.0000000000
59506  0.229  -23.891  79.595 0.0000000000
59520  -1.526  -23.762  77.760 0.0000000000
59521  -25.586  -23.542  76.521 0.0000000000
59523  -1.533  -24.488  76.171 0.0000000000
59544  -1.184  -23.472  74.645 0.0000000000
59546  -25.923  -22.991  73.470 0.0000000000
59570  -26.731  -22.194  71.907 0.0000000000
59571  -27.345  -21.651  72.125 0.0000000000
59584  -26.577  -21.825  70.367 0.0000000000
59614  -6.362  -22.994  68.298 0.0000000000
59615  -7.246  -23.084  68.145 0.0000000000
59648  -5.553  -23.625  66.598 0.0000000000
59649  -6.240  -23.528  66.538 0.0000000000
59650  -7.598  -23.462  66.643 0.0000000000
59651  -8.187  -23.284  66.327 0.0000000000
59711  -6.594  -23.187  62.412 0.0000000000
60565  -0.944  -23.016  85.047 0.0000000000
60572  -0.999  -22.924  83.295 0.0000000000
60578  -1.044  -23.372  82.802 0.0000000000
60599  -0.109  -23.688  80.778 0.0000000000
60609  -1.001  -23.384  79.836 0.0000000000
60659  -5.297  -21.892  74.523 0.0000000000
60674  -2.007  -22.497  73.594 0.0000000000
60680  -26.950  -21.799  72.997 0.0000000000
60686  -1.637  -23.256  72.639 0.0000000000
60692  -7.030  -21.653  72.182 0.0000000000
60708  -6.951  -21.836  71.400 0.0000000000
60734  -5.680  -22.558  69.849 0.0000000000
60738  -9.245  -21.996  69.056 0.0000000000
60766  -8.776  -22.862  66.351 0.0000000000
60767  -9.430  -22.026  66.435 0.0000000000
60801  -7.443  -22.803  62.251 0.0000000000
60802  -8.074  -22.339  62.500 0.0000000000
60808  -0.930  -22.202  60.802 0.0000000000
60811  -3.293  -22.431  61.788 0.0000000000
60814  -6.506  -22.580  61.297 0.0000000000
61654  -1.934  -22.069  84.170 0.0000000000
61685  -2.805  -22.413  80.790 0.0000000000
61701  -2.888  -21.994  79.756 0.0000000000
61791  -27.727  -21.068  71.545 0.0000000000
61792  -28.143  -20.489  71.103 0.0000000000
61836  -9.548  -21.303  65.495 0.0000000000
61869  -7.645  -21.730  61.560 0.0000000000
62723  -9.415  -20.709  87.202 0.0000000000
62737  -2.215  -21.504  84.049 0.0000000000
62741  -2.501  -20.923  83.914 0.0000000000
62824  -28.563  -20.625  76.540 0.0000000000
62825  -7.978  -20.928  75.537 0.0000000000
62844  -27.925  -20.803  72.421 0.0000000000
62857  -28.712  -20.107  70.799 0.0000000000
63767  -6.978  -18.713  87.554 0.0000000000
63772  -9.604  -19.914  87.507 0.0000000000
63858  -29.198  -19.357  75.787 0.0000000000
63890  -10.210  -19.726  71.255 0.0000000000
63891  -10.340  -18.926  71.316 0.0000000000
63926  -4.790  -19.474  65.823 0.0000000000
63946  -9.337  -19.739  65.522 0.0000000000
64853  -9.192  -18.658  88.106 0.0000000000
64854  -10.797  -17.920  87.918 0.0000000000
64910  -28.242  -17.739  77.756 0.0000000000
64927  -30.315  -18.534  75.581 0.0000000000
64935  -30.206  -18.563  74.975 0.0000000000
64975  -3.124  -18.006  68.544 0.0000000000
64994  -6.676  -18.488  68.405 0.0000000000
65026  -2.863  -18.310  66.409 0.0000000000
65867  -10.299  -17.475  87.891 0.0000000000
65964  -9.710  -17.548  71.025 0.0000000000
66045  -38.570  -17.332  67.728 0.0000000000
66046  -39.048  -16.954  67.286 0.0000000000
66989  -32.912  -15.582  74.233 0.0000000000
67030  -9.166  -16.939  71.631 0.0000000000
67100  -39.520  -15.874  67.531 0.0000000000
68084  -38.897  -14.856  70.165 0.0000000000
68119  -39.570  -15.302  66.976 0.0000000000
68129  -39.199  -15.425  65.714 0.0000000000
70005  -37.259  -12.383  72.412 0.0000000000
70996  -37.477  -11.882  72.346 0.0000000000
72203  -46.109  -11.328  50.954 0.0000000000
74232  -49.308  -8.889  50.527 0.0000000000
76008  -51.101  -7.007  52.922 0.0000000000
76029  -50.405  -7.161  50.303 0.0000000000
76057  -49.408  -7.327  47.626 0.0000000000
76882  -51.512  -6.257  52.661 0.0000000000
77770  -52.038  -5.683  52.359 0.0000000000
79724  -54.557  -3.123  53.438 0.0000000000
131054  -7.754  -20.513  77.698 0.0000000000
131629  0.997  -25.949  80.064 0.0000000000
132151  -8.633  -20.458  75.338 0.0000000000
133663  -4.299  -23.872  86.110 0.0000000000
134060  -5.670  -21.815  72.164 0.0000000000
134350  -26.320  -22.398  72.736 0.0000000000
135023  -7.371  -21.264  61.406 0.0000000000
135499  -6.027  -20.831  60.925 0.0000000000
137128  -0.626  -22.919  83.739 0.0000000000
137216  -6.879  -17.989  87.708 0.0000000000
137427  -9.360  -20.281  73.198 0.0000000000
137724  -3.026  -23.866  66.109 0.0000000000
138732  -27.447  -21.464  72.858 0.0000000000
138931  -7.833  -19.300  63.753 0.0000000000
140260  -26.026  -22.692  73.078 0.0000000000
140773  -26.166  -22.592  72.376 0.0000000000
141632  -6.917  -23.345  63.822 0.0000000000
141990  -10.130  -19.242  69.396 0.0000000000
142437  -0.649  -28.082  76.124 0.0000000000
144848  -4.018  -22.326  71.164 0.0000000000
145633  -16.236  -27.284  75.920 0.0000000000
148565  -9.579  -20.267  72.516 0.0000000000
149554  -1.801  -26.168  68.193 0.0000000000
149578  -24.624  -23.699  74.440 0.0000000000
152417  -4.625  -22.263  71.166 0.0000000000
152454  -7.234  -19.765  61.510 0.0000000000
153724  -11.209  -23.623  81.389 0.0000000000
153817  -13.725  -23.535  78.798 0.0000000000
154316  -2.167  -23.820  67.684 0.0000000000
154448  -38.735  -17.144  68.472 0.0000000000
154564  -2.185  -23.791  76.266 0.0000000000
154645  -10.159  -25.825  84.709 0.0000000000
155952  -9.486  -17.232  71.411 0.0000000000
