#!ascii label  , from subject sub-v1s22x0050511_ses-1 vox2ras=TkReg
1063
54271  21.628  -27.312  67.890 0.0000000000
52006  34.015  -29.444  72.549 0.0000000000
74340  44.699  -9.954  46.026 0.0000000000
60279  35.323  -22.366  51.645 0.0000000000
55481  36.366  -26.501  60.725 0.0000000000
81553  54.639  -2.271  40.298 0.0000000000
147201  45.358  -12.457  49.886 0.0000000000
141469  39.360  -14.185  48.480 0.0000000000
50021  20.306  -31.875  68.993 0.0000000000
143465  27.484  -26.985  68.851 0.0000000000
53149  30.279  -27.825  65.106 0.0000000000
54332  23.906  -26.895  64.013 0.0000000000
80615  50.357  -2.910  42.315 0.0000000000
56378  24.460  -25.672  70.357 0.0000000000
54217  21.506  -27.668  72.210 0.0000000000
77497  49.413  -6.016  46.645 0.0000000000
157812  20.428  -32.739  73.523 0.0000000000
42573  21.687  -38.456  74.720 0.0000000000
65796  38.017  -17.446  53.031 0.0000000000
58920  35.297  -23.852  56.055 0.0000000000
55524  31.363  -26.343  56.536 0.0000000000
142203  30.977  -28.372  60.632 0.0000000000
69954  44.662  -13.077  52.471 0.0000000000
69997  42.632  -13.371  49.541 0.0000000000
68979  42.082  -13.991  51.691 0.0000000000
70944  47.731  -12.319  52.269 0.0000000000
52108  21.373  -29.246  65.753 0.0000000000
139676  20.700  -31.278  66.806 0.0000000000
52050  20.583  -29.561  68.510 0.0000000000
136010  24.741  -27.054  68.148 0.0000000000
54293  26.194  -26.704  66.552 0.0000000000
54315  23.304  -27.017  65.474 0.0000000000
163269  22.573  -29.349  64.121 0.0000000000
75497  44.514  -8.669  43.964 0.0000000000
74309  47.323  -9.377  48.558 0.0000000000
76537  46.537  -7.511  46.084 0.0000000000
77526  46.477  -6.514  44.387 0.0000000000
54187  22.257  -27.405  74.635 0.0000000000
50940  21.025  -30.060  72.975 0.0000000000
50932  21.692  -30.146  75.393 0.0000000000
148047  22.080  -35.152  78.667 0.0000000000
45747  21.461  -36.077  75.774 0.0000000000
42554  21.714  -38.002  76.813 0.0000000000
40238  21.010  -39.838  77.140 0.0000000000
40219  21.263  -40.047  79.115 0.0000000000
57652  38.092  -23.797  57.761 0.0000000000
56488  36.189  -25.308  58.668 0.0000000000
156425  33.230  -25.341  56.920 0.0000000000
55502  34.413  -26.792  58.475 0.0000000000
153733  27.784  -27.454  62.411 0.0000000000
52147  30.601  -28.664  62.706 0.0000000000
53227  28.151  -27.858  59.988 0.0000000000
54406  28.864  -27.721  58.380 0.0000000000
62647  36.597  -20.533  51.812 0.0000000000
64819  36.052  -18.347  50.364 0.0000000000
62676  35.075  -21.076  49.854 0.0000000000
85511  55.985  2.083  36.618 0.0000000000
83543  53.974  -0.503  38.539 0.0000000000
71991  45.009  -11.525  47.768 0.0000000000
71008  43.143  -13.156  47.224 0.0000000000
73124  47.841  -11.102  50.147 0.0000000000
53076  30.955  -27.863  70.870 0.0000000000
142567  32.255  -28.983  68.725 0.0000000000
54277  29.540  -27.083  67.208 0.0000000000
54341  26.788  -26.745  63.881 0.0000000000
54363  24.869  -27.457  61.722 0.0000000000
81497  51.414  -2.020  45.615 0.0000000000
79639  53.318  -5.004  43.971 0.0000000000
77546  54.628  -6.140  42.372 0.0000000000
138368  55.448  -4.461  40.680 0.0000000000
55414  23.503  -26.353  69.116 0.0000000000
150152  21.373  -27.310  69.914 0.0000000000
56364  22.952  -25.456  71.243 0.0000000000
54239  26.174  -26.988  70.437 0.0000000000
79626  49.111  -3.852  44.852 0.0000000000
52031  20.522  -29.587  70.520 0.0000000000
49054  20.191  -32.650  71.223 0.0000000000
45782  20.606  -35.069  72.207 0.0000000000
49003  21.496  -32.304  76.079 0.0000000000
46856  20.990  -34.948  74.257 0.0000000000
40207  19.890  -41.038  82.824 0.0000000000
67905  41.590  -15.720  54.488 0.0000000000
61463  36.892  -21.925  52.814 0.0000000000
58929  38.114  -23.593  54.963 0.0000000000
60241  35.235  -22.653  54.147 0.0000000000
58949  33.270  -23.327  54.553 0.0000000000
56523  31.226  -25.301  54.586 0.0000000000
54479  30.052  -27.086  54.795 0.0000000000
163076  33.585  -29.541  66.174 0.0000000000
53188  33.488  -28.861  62.793 0.0000000000
54371  34.326  -28.011  60.480 0.0000000000
54403  31.491  -27.309  58.690 0.0000000000
54439  29.206  -27.657  56.894 0.0000000000
67945  38.327  -15.437  50.728 0.0000000000
66912  36.091  -16.564  47.678 0.0000000000
69931  44.732  -13.435  54.398 0.0000000000
69956  42.978  -13.866  52.025 0.0000000000
68969  42.996  -14.172  53.668 0.0000000000
69941  46.219  -13.069  54.074 0.0000000000
147810  21.306  -28.261  66.946 0.0000000000
52067  21.003  -28.845  67.177 0.0000000000
140259  21.202  -28.081  67.593 0.0000000000
134770  23.183  -26.747  67.723 0.0000000000
54283  23.500  -26.960  67.157 0.0000000000
54297  22.014  -27.398  66.385 0.0000000000
54317  21.754  -27.891  65.753 0.0000000000
74351  44.311  -9.646  45.214 0.0000000000
74327  45.612  -9.818  47.209 0.0000000000
75452  46.557  -8.561  47.296 0.0000000000
75467  45.592  -8.711  46.157 0.0000000000
75483  45.322  -8.481  45.344 0.0000000000
43614  21.999  -37.409  78.613 0.0000000000
44665  21.896  -36.746  77.827 0.0000000000
161907  21.688  -38.253  77.468 0.0000000000
41419  21.229  -39.248  76.627 0.0000000000
41405  21.504  -39.124  78.322 0.0000000000
40227  21.221  -39.864  78.166 0.0000000000
56479  37.415  -25.196  59.619 0.0000000000
56480  36.617  -25.590  59.386 0.0000000000
56490  34.627  -26.056  58.051 0.0000000000
55491  35.473  -26.752  59.440 0.0000000000
50949  34.697  -30.086  71.289 0.0000000000
54360  26.824  -27.413  60.831 0.0000000000
134951  27.817  -27.682  60.581 0.0000000000
53228  27.018  -27.829  59.945 0.0000000000
53250  27.159  -28.294  59.249 0.0000000000
61495  36.271  -21.483  51.763 0.0000000000
62675  35.540  -20.432  50.272 0.0000000000
136112  55.558  -3.069  41.438 0.0000000000
82504  54.770  -1.265  41.275 0.0000000000
83526  54.324  -0.384  40.363 0.0000000000
84526  54.244  0.423  38.651 0.0000000000
143890  54.291  -1.676  39.702 0.0000000000
70999  44.873  -12.375  48.765 0.0000000000
71007  43.897  -12.652  47.548 0.0000000000
71000  44.132  -12.681  48.675 0.0000000000
69999  40.940  -13.827  49.121 0.0000000000
70019  41.558  -13.390  47.587 0.0000000000
70021  39.951  -13.647  47.162 0.0000000000
135709  46.385  -12.589  50.912 0.0000000000
71969  46.351  -11.808  49.583 0.0000000000
71980  45.934  -11.430  48.913 0.0000000000
157836  20.424  -32.012  68.259 0.0000000000
48020  20.468  -33.242  69.228 0.0000000000
54250  29.024  -27.060  69.794 0.0000000000
138960  29.896  -26.925  69.028 0.0000000000
161601  28.273  -26.939  68.597 0.0000000000
55448  24.999  -26.501  65.276 0.0000000000
55446  26.756  -26.564  65.183 0.0000000000
55468  25.179  -26.581  63.639 0.0000000000
55474  25.554  -26.583  62.851 0.0000000000
55475  24.704  -26.708  62.910 0.0000000000
53178  23.569  -28.144  63.319 0.0000000000
58975  31.560  -23.608  52.074 0.0000000000
80608  50.740  -2.472  43.274 0.0000000000
80606  52.557  -3.151  44.028 0.0000000000
79641  51.982  -3.550  42.599 0.0000000000
77556  53.614  -6.209  41.419 0.0000000000
152387  54.547  -6.341  41.105 0.0000000000
78597  55.380  -5.584  41.942 0.0000000000
138798  24.071  -26.121  70.016 0.0000000000
55401  22.483  -26.148  70.195 0.0000000000
56363  23.834  -25.011  70.940 0.0000000000
55386  25.402  -26.302  70.836 0.0000000000
54241  24.894  -26.941  69.667 0.0000000000
80567  50.277  -3.498  46.531 0.0000000000
78553  48.981  -5.019  45.763 0.0000000000
78590  46.924  -5.838  43.319 0.0000000000
54230  21.420  -27.377  71.560 0.0000000000
53086  20.972  -27.853  70.370 0.0000000000
53077  21.163  -28.097  71.747 0.0000000000
50937  20.728  -30.897  73.238 0.0000000000
50941  20.567  -30.610  72.327 0.0000000000
49042  20.274  -32.381  72.746 0.0000000000
144442  20.252  -33.477  71.433 0.0000000000
46874  20.429  -34.217  72.788 0.0000000000
48981  21.633  -32.682  77.426 0.0000000000
44689  21.520  -36.949  75.630 0.0000000000
142547  21.252  -35.455  74.947 0.0000000000
44707  21.251  -36.875  73.775 0.0000000000
141900  20.905  -36.203  73.314 0.0000000000
61461  38.178  -20.689  53.557 0.0000000000
58908  36.833  -23.802  56.797 0.0000000000
151377  38.665  -23.681  56.333 0.0000000000
58931  36.611  -23.388  55.272 0.0000000000
58946  36.968  -23.305  54.409 0.0000000000
58947  35.975  -22.980  54.756 0.0000000000
60242  34.044  -22.829  54.287 0.0000000000
58933  33.795  -23.567  55.132 0.0000000000
56508  32.544  -25.606  56.607 0.0000000000
56515  32.149  -25.140  55.937 0.0000000000
56509  31.832  -25.772  56.244 0.0000000000
55541  30.416  -26.413  54.476 0.0000000000
55525  30.505  -26.611  56.136 0.0000000000
52066  31.867  -28.146  66.453 0.0000000000
51007  33.209  -29.436  67.209 0.0000000000
52106  31.936  -28.791  65.314 0.0000000000
53204  30.572  -28.745  61.387 0.0000000000
52145  31.892  -28.839  62.592 0.0000000000
53202  32.214  -28.732  61.729 0.0000000000
53200  34.131  -28.390  61.383 0.0000000000
53224  32.832  -28.235  60.125 0.0000000000
54387  33.066  -27.864  59.386 0.0000000000
54389  30.944  -27.665  59.324 0.0000000000
53287  28.136  -28.435  57.396 0.0000000000
54420  29.384  -27.514  57.713 0.0000000000
66848  40.259  -16.428  53.927 0.0000000000
67920  39.636  -15.776  52.561 0.0000000000
66873  38.201  -16.494  51.844 0.0000000000
64843  35.399  -18.550  48.654 0.0000000000
65863  35.877  -17.372  48.892 0.0000000000
157859  56.117  1.342  35.219 0.0000000000
70963  44.994  -12.696  51.109 0.0000000000
70992  43.987  -12.840  49.363 0.0000000000
69980  43.537  -13.347  50.594 0.0000000000
69982  41.862  -13.649  50.164 0.0000000000
69002  40.615  -14.098  49.769 0.0000000000
69939  48.090  -12.970  54.310 0.0000000000
70945  46.454  -12.651  52.479 0.0000000000
51024  20.793  -30.486  66.689 0.0000000000
51008  20.500  -30.797  67.470 0.0000000000
50990  20.393  -30.332  68.967 0.0000000000
54267  25.981  -27.134  68.416 0.0000000000
54266  26.931  -27.088  68.196 0.0000000000
54281  25.380  -27.029  67.833 0.0000000000
54295  24.806  -26.671  66.278 0.0000000000
54333  23.244  -27.186  64.416 0.0000000000
53166  22.889  -28.179  63.958 0.0000000000
54334  22.567  -27.566  64.779 0.0000000000
162013  21.632  -29.228  65.234 0.0000000000
79659  50.512  -4.344  40.896 0.0000000000
57505  24.147  -24.222  71.464 0.0000000000
75436  48.369  -8.300  48.478 0.0000000000
75450  47.913  -7.875  47.654 0.0000000000
77499  48.008  -6.573  46.366 0.0000000000
77510  47.625  -6.208  45.590 0.0000000000
77511  46.715  -6.799  45.346 0.0000000000
76552  45.426  -7.534  44.191 0.0000000000
162871  21.856  -27.688  73.592 0.0000000000
53069  21.385  -28.329  72.635 0.0000000000
53050  21.620  -28.776  74.085 0.0000000000
163125  21.456  -29.556  74.258 0.0000000000
150816  21.373  -30.873  74.789 0.0000000000
47865  21.561  -33.556  77.321 0.0000000000
44666  21.681  -36.202  77.109 0.0000000000
43629  21.638  -37.329  76.378 0.0000000000
156357  21.608  -38.400  75.458 0.0000000000
41428  21.318  -39.421  75.737 0.0000000000
57643  36.940  -24.437  58.128 0.0000000000
57664  35.941  -24.147  56.734 0.0000000000
57666  34.533  -24.360  56.593 0.0000000000
57656  34.808  -24.805  57.220 0.0000000000
56499  33.769  -25.888  57.574 0.0000000000
55515  32.673  -26.544  57.515 0.0000000000
54339  28.791  -27.795  63.373 0.0000000000
52120  30.709  -28.424  64.137 0.0000000000
53190  29.639  -28.483  62.224 0.0000000000
150261  29.524  -28.339  61.238 0.0000000000
53225  30.036  -28.516  60.768 0.0000000000
54390  30.088  -27.694  59.333 0.0000000000
134461  28.728  -27.857  59.762 0.0000000000
53269  28.097  -28.223  58.251 0.0000000000
64797  36.891  -18.668  52.432 0.0000000000
65812  36.965  -17.377  52.057 0.0000000000
64807  36.164  -18.952  50.938 0.0000000000
63754  35.562  -19.528  49.916 0.0000000000
86434  55.720  2.140  38.133 0.0000000000
85504  54.677  0.960  37.267 0.0000000000
73173  44.681  -11.103  47.090 0.0000000000
73185  43.758  -11.080  45.982 0.0000000000
72002  44.111  -11.492  46.647 0.0000000000
139022  42.523  -13.297  47.804 0.0000000000
70028  41.286  -13.217  46.515 0.0000000000
70942  49.068  -11.693  52.983 0.0000000000
73107  48.827  -11.034  51.057 0.0000000000
74280  48.745  -9.771  50.315 0.0000000000
73159  47.024  -10.194  48.871 0.0000000000
73171  45.945  -10.189  47.894 0.0000000000
53074  31.919  -28.448  71.742 0.0000000000
52029  32.724  -29.336  70.433 0.0000000000
53084  31.427  -28.191  70.212 0.0000000000
53105  31.128  -27.495  68.053 0.0000000000
54290  29.912  -27.182  66.362 0.0000000000
54292  27.779  -26.682  66.479 0.0000000000
54313  28.038  -26.703  65.723 0.0000000000
54330  28.536  -27.480  64.086 0.0000000000
136215  27.301  -27.187  62.804 0.0000000000
54361  26.177  -27.142  61.377 0.0000000000
53208  25.317  -27.796  61.049 0.0000000000
78571  54.253  -5.484  44.322 0.0000000000
78600  52.724  -5.284  42.220 0.0000000000
77535  54.399  -6.031  42.969 0.0000000000
78598  55.123  -6.047  43.009 0.0000000000
79657  55.687  -5.140  42.571 0.0000000000
140598  55.449  -4.802  41.542 0.0000000000
81552  55.199  -2.895  40.735 0.0000000000
163221  54.983  -2.852  40.115 0.0000000000
55423  22.672  -26.388  68.730 0.0000000000
54256  21.707  -26.987  68.991 0.0000000000
55415  22.512  -26.271  69.414 0.0000000000
55402  21.918  -26.501  70.687 0.0000000000
55369  22.200  -26.469  72.367 0.0000000000
147230  23.331  -24.790  71.741 0.0000000000
55353  22.307  -26.518  73.332 0.0000000000
150803  22.530  -26.455  74.316 0.0000000000
137443  32.553  -28.436  73.333 0.0000000000
53066  31.452  -28.131  72.453 0.0000000000
54213  29.951  -27.562  72.155 0.0000000000
54238  27.814  -27.383  71.076 0.0000000000
54227  27.157  -27.386  71.501 0.0000000000
158346  26.429  -27.028  70.093 0.0000000000
54254  25.113  -27.153  69.355 0.0000000000
54255  24.370  -26.843  69.149 0.0000000000
81487  51.366  -2.215  46.553 0.0000000000
81498  50.763  -2.246  45.135 0.0000000000
80609  49.629  -2.832  43.270 0.0000000000
78572  48.122  -4.982  44.700 0.0000000000
79642  48.535  -4.150  43.597 0.0000000000
79651  48.999  -3.833  41.611 0.0000000000
53099  20.769  -28.703  68.981 0.0000000000
140906  20.548  -29.527  69.468 0.0000000000
50976  20.388  -30.308  69.861 0.0000000000
52009  20.792  -29.745  72.129 0.0000000000
158730  20.248  -31.006  70.846 0.0000000000
49069  20.204  -32.379  70.316 0.0000000000
48004  20.265  -33.241  70.592 0.0000000000
45805  20.678  -34.921  70.482 0.0000000000
50928  21.694  -30.980  75.745 0.0000000000
49015  20.995  -32.469  74.792 0.0000000000
146820  21.142  -33.872  75.270 0.0000000000
46857  20.695  -34.403  73.659 0.0000000000
45771  20.748  -35.260  73.268 0.0000000000
40210  20.542  -40.442  81.372 0.0000000000
68956  42.946  -14.946  55.097 0.0000000000
64789  38.052  -18.577  53.453 0.0000000000
62636  37.925  -20.068  52.878 0.0000000000
61476  36.826  -21.273  52.342 0.0000000000
61477  36.364  -22.049  52.365 0.0000000000
60238  37.676  -22.732  54.029 0.0000000000
60257  36.539  -22.539  53.055 0.0000000000
60269  35.037  -22.534  52.442 0.0000000000
60270  34.018  -22.513  52.631 0.0000000000
158163  32.896  -22.938  53.219 0.0000000000
57692  31.918  -24.016  53.837 0.0000000000
57677  33.308  -24.164  55.763 0.0000000000
57686  32.140  -24.200  54.749 0.0000000000
56534  31.028  -25.256  53.675 0.0000000000
152403  30.496  -26.424  53.783 0.0000000000
140551  30.339  -27.162  53.880 0.0000000000
54347  36.839  -27.092  63.134 0.0000000000
50974  33.854  -30.148  69.862 0.0000000000
50987  34.876  -30.308  68.298 0.0000000000
51020  34.939  -29.737  66.992 0.0000000000
52118  31.875  -28.980  64.524 0.0000000000
52116  33.301  -29.196  64.772 0.0000000000
52114  34.822  -28.973  65.036 0.0000000000
53174  35.170  -28.452  63.651 0.0000000000
54349  35.533  -27.632  62.380 0.0000000000
139229  35.438  -27.491  60.814 0.0000000000
54400  34.144  -27.316  58.861 0.0000000000
55504  33.039  -27.043  58.142 0.0000000000
55516  31.774  -26.615  57.266 0.0000000000
54404  30.616  -27.392  58.628 0.0000000000
54419  30.273  -27.288  57.849 0.0000000000
55517  30.712  -26.912  57.050 0.0000000000
142875  29.518  -27.766  56.055 0.0000000000
68971  41.283  -15.049  53.240 0.0000000000
68993  39.816  -14.714  51.055 0.0000000000
69016  38.410  -14.697  49.337 0.0000000000
66889  36.834  -16.885  50.628 0.0000000000
67957  37.330  -15.591  49.576 0.0000000000
69025  37.636  -15.010  48.349 0.0000000000
81556  54.644  -2.459  39.393 0.0000000000
69932  44.040  -13.625  54.007 0.0000000000
68962  43.949  -13.895  54.643 0.0000000000
69930  45.660  -13.290  54.581 0.0000000000
54285  21.633  -27.646  67.067 0.0000000000
54284  22.398  -27.089  67.223 0.0000000000
73193  43.986  -10.332  45.642 0.0000000000
74339  45.303  -9.490  46.477 0.0000000000
74350  45.013  -9.217  45.672 0.0000000000
42547  21.786  -38.163  78.127 0.0000000000
42548  21.572  -38.665  77.796 0.0000000000
41404  21.666  -38.615  78.461 0.0000000000
56467  36.921  -25.975  61.279 0.0000000000
56471  36.942  -25.725  60.320 0.0000000000
55490  36.195  -26.333  59.843 0.0000000000
163349  33.860  -29.676  71.477 0.0000000000
53229  26.203  -27.720  60.183 0.0000000000
53251  26.154  -28.397  59.552 0.0000000000
61496  35.787  -21.817  51.259 0.0000000000
81545  54.940  -2.138  41.168 0.0000000000
82515  54.455  -1.355  40.540 0.0000000000
141661  54.185  -0.913  39.849 0.0000000000
160817  44.269  -12.695  49.150 0.0000000000
69014  40.100  -14.087  49.048 0.0000000000
70011  39.992  -13.845  48.147 0.0000000000
152174  39.279  -14.062  47.652 0.0000000000
69030  39.055  -13.953  46.729 0.0000000000
69031  38.468  -14.449  47.272 0.0000000000
70978  45.711  -12.547  50.540 0.0000000000
70977  46.445  -12.400  50.480 0.0000000000
70990  46.056  -12.306  49.977 0.0000000000
70991  45.501  -12.169  49.294 0.0000000000
49095  20.472  -32.622  68.676 0.0000000000
49081  20.304  -32.507  69.478 0.0000000000
54251  28.167  -26.964  69.351 0.0000000000
55462  24.701  -26.615  64.327 0.0000000000
55461  25.558  -26.482  64.443 0.0000000000
55469  24.477  -26.759  63.622 0.0000000000
53177  24.010  -27.923  62.757 0.0000000000
54342  24.007  -27.257  63.238 0.0000000000
57697  31.263  -24.437  52.390 0.0000000000
80607  51.827  -2.984  43.222 0.0000000000
79649  51.362  -3.781  41.974 0.0000000000
77568  54.785  -6.086  40.648 0.0000000000
56379  23.315  -25.588  70.344 0.0000000000
55399  24.981  -26.606  70.124 0.0000000000
77486  49.641  -6.268  47.342 0.0000000000
78534  50.228  -5.172  47.161 0.0000000000
161283  50.041  -4.819  46.714 0.0000000000
78535  49.675  -5.182  46.399 0.0000000000
161952  21.047  -27.767  71.093 0.0000000000
49971  20.548  -31.810  73.541 0.0000000000
47974  20.279  -33.254  72.818 0.0000000000
43639  21.566  -37.712  75.116 0.0000000000
44696  21.391  -36.884  74.684 0.0000000000
43647  21.556  -37.667  74.256 0.0000000000
137987  36.300  -23.599  56.053 0.0000000000
58919  37.209  -23.610  55.930 0.0000000000
58932  35.808  -23.328  55.469 0.0000000000
58948  34.918  -23.217  55.131 0.0000000000
55523  32.246  -26.191  56.879 0.0000000000
55531  30.980  -25.927  55.817 0.0000000000
53128  31.218  -27.715  66.055 0.0000000000
52090  31.675  -28.401  65.585 0.0000000000
53203  31.567  -28.617  61.168 0.0000000000
134563  32.558  -28.545  60.897 0.0000000000
143274  31.934  -28.348  60.368 0.0000000000
54388  32.233  -28.037  59.601 0.0000000000
53246  31.375  -28.031  59.880 0.0000000000
66850  38.708  -17.043  53.410 0.0000000000
66858  39.196  -16.430  52.980 0.0000000000
66860  37.742  -17.124  52.265 0.0000000000
69966  45.174  -12.754  51.930 0.0000000000
69979  44.251  -13.073  50.835 0.0000000000
69967  44.392  -13.047  51.719 0.0000000000
69969  42.888  -13.673  51.165 0.0000000000
68991  41.489  -13.916  50.997 0.0000000000
69001  41.049  -13.995  50.362 0.0000000000
69927  48.899  -13.064  54.640 0.0000000000
69953  45.495  -12.886  52.792 0.0000000000
69952  46.331  -12.829  53.353 0.0000000000
70946  45.914  -12.707  52.027 0.0000000000
52068  20.684  -29.755  67.500 0.0000000000
142326  20.431  -30.323  68.145 0.0000000000
54268  25.179  -27.223  68.669 0.0000000000
54296  23.859  -26.882  66.417 0.0000000000
137128  24.209  -26.712  65.691 0.0000000000
54316  22.377  -27.358  65.632 0.0000000000
162807  21.478  -28.489  65.913 0.0000000000
53152  21.721  -28.631  65.279 0.0000000000
75437  47.628  -8.643  48.185 0.0000000000
75466  46.224  -8.215  46.577 0.0000000000
75451  47.184  -8.334  47.621 0.0000000000
75465  47.014  -7.747  46.974 0.0000000000
76525  47.837  -7.194  46.920 0.0000000000
76536  47.254  -6.977  46.251 0.0000000000
138177  45.096  -8.247  44.506 0.0000000000
76538  45.637  -7.790  45.013 0.0000000000
53061  21.868  -27.915  74.095 0.0000000000
51975  21.721  -29.261  74.994 0.0000000000
51985  21.490  -30.024  74.679 0.0000000000
46813  21.703  -34.550  77.828 0.0000000000
43620  21.756  -37.120  77.037 0.0000000000
149193  21.610  -37.901  75.936 0.0000000000
42563  21.465  -38.666  76.130 0.0000000000
40214  21.295  -40.041  80.016 0.0000000000
57632  37.056  -24.936  58.769 0.0000000000
157353  36.463  -24.787  58.251 0.0000000000
57654  36.394  -24.376  57.563 0.0000000000
57644  35.865  -25.022  57.982 0.0000000000
57655  35.548  -24.650  57.346 0.0000000000
56498  35.127  -25.270  57.762 0.0000000000
55513  34.006  -26.544  58.021 0.0000000000
56500  32.966  -26.113  57.211 0.0000000000
55514  33.368  -26.554  57.813 0.0000000000
53191  28.696  -27.878  62.487 0.0000000000
143586  29.485  -28.233  63.080 0.0000000000
53206  28.803  -27.863  60.910 0.0000000000
53226  29.328  -28.071  60.709 0.0000000000
53270  27.376  -28.714  58.580 0.0000000000
63734  36.790  -19.561  52.070 0.0000000000
64806  36.477  -18.823  51.715 0.0000000000
63742  36.295  -19.711  51.399 0.0000000000
63743  35.878  -19.713  50.674 0.0000000000
62681  35.239  -20.184  49.481 0.0000000000
85493  54.659  1.118  38.175 0.0000000000
138227  53.994  -0.043  37.992 0.0000000000
84533  54.118  0.097  37.281 0.0000000000
83546  53.863  -0.823  37.589 0.0000000000
71992  44.418  -11.947  47.292 0.0000000000
140357  43.452  -12.793  46.802 0.0000000000
71016  42.847  -12.982  46.392 0.0000000000
70007  43.347  -13.056  49.040 0.0000000000
70008  42.610  -13.300  48.674 0.0000000000
140374  40.786  -13.446  47.118 0.0000000000
140895  48.573  -12.216  53.273 0.0000000000
70928  49.319  -12.139  53.714 0.0000000000
70943  48.433  -12.005  52.428 0.0000000000
71950  47.526  -11.861  50.456 0.0000000000
71949  48.232  -11.456  50.798 0.0000000000
73123  48.462  -10.636  50.547 0.0000000000
73141  48.097  -10.213  49.891 0.0000000000
73142  47.416  -10.640  49.529 0.0000000000
73161  45.611  -11.040  48.207 0.0000000000
73160  46.290  -10.587  48.569 0.0000000000
73172  45.311  -10.663  47.501 0.0000000000
135430  31.181  -28.030  71.650 0.0000000000
53075  31.654  -28.330  70.988 0.0000000000
145509  29.674  -26.970  68.167 0.0000000000
53097  30.837  -27.335  69.100 0.0000000000
54276  30.436  -27.181  67.566 0.0000000000
53114  30.475  -27.324  66.656 0.0000000000
54280  26.344  -26.933  67.399 0.0000000000
54279  27.399  -26.883  67.314 0.0000000000
148023  26.921  -26.701  66.576 0.0000000000
55459  26.994  -26.686  64.565 0.0000000000
55438  27.257  -26.595  65.827 0.0000000000
55445  27.473  -26.757  65.075 0.0000000000
134669  28.275  -27.097  64.924 0.0000000000
54331  27.591  -27.045  64.183 0.0000000000
155656  27.234  -27.049  63.415 0.0000000000
54352  25.050  -26.709  62.096 0.0000000000
54351  25.911  -26.798  62.055 0.0000000000
54362  25.526  -27.130  61.466 0.0000000000
54373  25.892  -27.411  60.774 0.0000000000
82462  52.053  -1.651  46.119 0.0000000000
79640  52.678  -3.969  43.292 0.0000000000
159591  52.871  -2.956  44.557 0.0000000000
79625  53.092  -4.178  44.203 0.0000000000
79624  53.701  -4.754  44.702 0.0000000000
78609  52.397  -5.445  41.435 0.0000000000
78601  51.922  -4.746  41.746 0.0000000000
77555  54.356  -6.249  41.675 0.0000000000
77547  53.943  -6.124  42.206 0.0000000000
159728  55.386  -5.745  42.574 0.0000000000
78608  55.303  -5.546  40.942 0.0000000000
80627  55.463  -3.801  41.129 0.0000000000
55387  22.420  -26.044  70.946 0.0000000000
55388  21.868  -26.634  71.450 0.0000000000
149579  22.410  -26.048  71.636 0.0000000000
56349  23.042  -25.007  72.811 0.0000000000
151808  22.540  -25.839  72.861 0.0000000000
53057  31.604  -28.105  73.468 0.0000000000
54226  28.684  -27.501  71.411 0.0000000000
54228  26.544  -27.145  71.074 0.0000000000
141787  26.953  -27.195  70.704 0.0000000000
54253  25.791  -27.072  69.792 0.0000000000
54240  25.511  -26.980  69.981 0.0000000000
55413  24.287  -26.494  69.594 0.0000000000
54269  23.573  -26.650  68.451 0.0000000000
72016  43.415  -11.645  45.525 0.0000000000
80568  49.809  -3.655  45.956 0.0000000000
80577  50.245  -2.992  45.611 0.0000000000
80578  49.657  -3.379  45.242 0.0000000000
80590  50.154  -2.614  44.727 0.0000000000
80591  49.569  -3.054  44.342 0.0000000000
77525  47.123  -6.051  44.745 0.0000000000
78555  47.698  -5.577  44.935 0.0000000000
78589  47.381  -5.248  42.922 0.0000000000
79643  48.004  -4.722  43.286 0.0000000000
79653  47.869  -4.686  42.364 0.0000000000
79652  48.521  -4.012  42.594 0.0000000000
157686  48.321  -4.283  41.814 0.0000000000
53098  21.004  -27.850  69.447 0.0000000000
53078  20.751  -28.568  71.018 0.0000000000
53087  20.686  -28.664  69.972 0.0000000000
50964  20.359  -30.408  70.555 0.0000000000
52008  21.181  -29.227  72.757 0.0000000000
49994  20.291  -31.205  71.675 0.0000000000
50001  20.186  -31.802  71.036 0.0000000000
50008  20.202  -31.506  70.261 0.0000000000
46894  20.377  -34.260  71.777 0.0000000000
45794  20.616  -34.977  71.257 0.0000000000
146458  20.758  -35.774  71.617 0.0000000000
49965  21.667  -31.643  76.123 0.0000000000
49967  21.351  -31.809  75.364 0.0000000000
144091  21.243  -32.653  75.529 0.0000000000
150753  21.421  -35.007  76.412 0.0000000000
141131  21.352  -35.280  75.710 0.0000000000
45760  21.044  -35.982  74.200 0.0000000000
46834  21.205  -34.629  75.079 0.0000000000
46845  20.926  -33.959  74.436 0.0000000000
40209  21.251  -39.934  80.922 0.0000000000
40205  21.126  -39.883  81.886 0.0000000000
150317  20.491  -40.495  82.355 0.0000000000
66839  40.629  -16.727  54.528 0.0000000000
64788  38.562  -18.609  54.006 0.0000000000
160893  37.874  -19.208  53.076 0.0000000000
63729  38.352  -19.525  53.620 0.0000000000
61462  37.489  -21.217  52.967 0.0000000000
58918  38.096  -23.813  55.629 0.0000000000
58945  37.592  -23.297  54.426 0.0000000000
60240  36.322  -22.818  53.832 0.0000000000
60258  35.681  -22.566  53.135 0.0000000000
60268  35.860  -22.443  52.364 0.0000000000
60259  34.585  -22.528  53.368 0.0000000000
58962  33.143  -23.125  53.850 0.0000000000
58963  32.405  -23.427  53.462 0.0000000000
58950  32.600  -23.619  54.262 0.0000000000
57667  33.655  -24.556  56.444 0.0000000000
57678  32.490  -24.480  55.554 0.0000000000
56522  31.841  -24.898  55.104 0.0000000000
57687  31.554  -24.698  54.215 0.0000000000
56524  30.702  -25.823  54.118 0.0000000000
55532  30.372  -26.410  55.317 0.0000000000
54480  30.156  -27.906  54.396 0.0000000000
52040  32.541  -29.301  69.554 0.0000000000
52028  33.470  -29.741  70.585 0.0000000000
160126  33.007  -29.778  69.292 0.0000000000
50988  34.066  -30.167  68.243 0.0000000000
51006  33.790  -29.781  67.365 0.0000000000
51005  34.532  -30.054  67.513 0.0000000000
51021  34.120  -29.671  66.663 0.0000000000
52133  30.854  -28.529  63.552 0.0000000000
157487  31.634  -28.847  64.449 0.0000000000
152048  31.132  -28.622  63.324 0.0000000000
156392  33.404  -29.001  63.515 0.0000000000
52130  32.913  -29.081  64.099 0.0000000000
52129  33.772  -29.051  64.160 0.0000000000
52115  34.100  -29.155  64.858 0.0000000000
53162  34.595  -28.898  64.252 0.0000000000
53161  35.378  -28.605  64.479 0.0000000000
53175  34.226  -28.721  63.361 0.0000000000
53186  34.847  -27.959  61.916 0.0000000000
54359  34.945  -27.927  61.023 0.0000000000
54358  35.448  -27.520  61.534 0.0000000000
54370  35.044  -27.608  60.296 0.0000000000
54385  34.450  -27.588  59.640 0.0000000000
54402  32.456  -27.502  58.824 0.0000000000
54401  33.405  -27.434  58.752 0.0000000000
55505  32.105  -26.842  58.108 0.0000000000
163240  29.220  -27.770  59.207 0.0000000000
54405  29.729  -27.558  58.526 0.0000000000
158342  29.909  -27.325  57.182 0.0000000000
54438  29.949  -27.245  56.474 0.0000000000
67904  42.203  -15.270  54.814 0.0000000000
68964  42.657  -14.581  54.341 0.0000000000
68965  41.761  -14.989  54.138 0.0000000000
67933  39.294  -15.385  51.808 0.0000000000
67932  40.022  -15.071  52.116 0.0000000000
67944  38.980  -15.203  51.078 0.0000000000
69003  38.967  -14.884  50.186 0.0000000000
67956  37.970  -15.114  49.941 0.0000000000
64818  36.338  -18.158  51.172 0.0000000000
65813  36.673  -17.413  51.344 0.0000000000
65832  36.342  -17.580  50.488 0.0000000000
66905  36.201  -16.673  48.620 0.0000000000
67958  36.755  -16.173  49.129 0.0000000000
67967  36.537  -15.989  48.209 0.0000000000
67966  37.100  -15.479  48.719 0.0000000000
67975  37.060  -15.445  47.822 0.0000000000
85517  56.855  1.852  35.316 0.0000000000
85524  57.322  2.053  34.314 0.0000000000
81555  55.446  -3.117  39.554 0.0000000000
69943  44.540  -13.315  53.347 0.0000000000
69955  43.811  -13.472  52.485 0.0000000000
69945  42.986  -13.984  52.934 0.0000000000
144090  42.281  -14.253  52.582 0.0000000000
69942  45.481  -13.099  53.778 0.0000000000
53130  21.253  -28.734  66.458 0.0000000000
52091  21.015  -29.558  66.557 0.0000000000
53107  20.826  -28.765  68.028 0.0000000000
136483  24.043  -26.948  67.937 0.0000000000
157513  22.896  -27.108  66.376 0.0000000000
54298  21.515  -28.026  66.409 0.0000000000
75484  44.719  -8.963  44.814 0.0000000000
74326  46.252  -9.365  47.591 0.0000000000
74325  46.949  -9.013  47.889 0.0000000000
74338  45.917  -9.009  46.901 0.0000000000
75482  45.897  -8.004  45.791 0.0000000000
54168  22.494  -27.637  75.607 0.0000000000
53049  21.965  -28.261  74.868 0.0000000000
43619  21.821  -37.683  77.639 0.0000000000
145723  21.500  -38.658  77.054 0.0000000000
41412  21.341  -39.208  77.510 0.0000000000
142178  21.491  -39.472  78.882 0.0000000000
41397  21.609  -39.423  79.660 0.0000000000
56470  37.664  -25.258  60.287 0.0000000000
56489  35.429  -25.673  58.387 0.0000000000
56481  35.822  -26.007  59.087 0.0000000000
55501  35.092  -26.422  58.742 0.0000000000
53207  28.010  -27.649  61.530 0.0000000000
162303  36.014  -20.752  51.077 0.0000000000
61512  35.455  -21.400  50.588 0.0000000000
137672  55.810  -2.327  41.902 0.0000000000
85484  54.711  1.173  39.000 0.0000000000
84517  54.426  0.676  39.419 0.0000000000
83535  54.135  -0.147  39.465 0.0000000000
82521  54.057  -1.065  39.146 0.0000000000
71981  45.269  -11.868  48.498 0.0000000000
71982  44.641  -12.244  48.062 0.0000000000
70018  43.311  -13.067  48.149 0.0000000000
69998  41.785  -13.557  49.155 0.0000000000
157611  41.953  -13.394  48.349 0.0000000000
70009  41.254  -13.565  48.455 0.0000000000
70020  40.686  -13.566  47.865 0.0000000000
149213  47.434  -12.358  51.577 0.0000000000
70959  48.054  -12.098  51.761 0.0000000000
71951  46.827  -12.163  50.153 0.0000000000
71968  47.150  -11.513  49.814 0.0000000000
73143  46.687  -11.033  49.218 0.0000000000
50036  20.568  -31.796  67.436 0.0000000000
46954  20.723  -34.069  69.081 0.0000000000
143107  20.436  -33.712  69.910 0.0000000000
54235  30.283  -27.388  70.740 0.0000000000
53085  30.809  -27.618  70.060 0.0000000000
54249  30.096  -27.160  69.892 0.0000000000
137323  28.795  -26.958  67.994 0.0000000000
55440  25.669  -26.607  66.013 0.0000000000
55439  26.474  -26.583  65.889 0.0000000000
55447  25.975  -26.445  65.217 0.0000000000
55460  26.361  -26.523  64.493 0.0000000000
55467  26.015  -26.529  63.692 0.0000000000
54353  24.418  -27.261  62.416 0.0000000000
58974  32.290  -23.101  52.602 0.0000000000
81510  51.501  -2.010  44.708 0.0000000000
82473  52.187  -1.914  45.262 0.0000000000
81527  51.629  -2.294  43.905 0.0000000000
77557  52.880  -6.039  41.026 0.0000000000
156944  55.022  -6.052  41.822 0.0000000000
55400  23.380  -26.040  69.696 0.0000000000
54229  25.867  -26.890  70.615 0.0000000000
79591  50.180  -4.364  47.031 0.0000000000
79600  49.795  -4.249  46.453 0.0000000000
79611  49.326  -4.241  45.733 0.0000000000
78574  46.890  -6.025  44.023 0.0000000000
54242  21.418  -27.124  70.729 0.0000000000
49985  20.389  -31.495  72.582 0.0000000000
150488  20.236  -32.075  71.893 0.0000000000
134520  20.198  -32.910  72.056 0.0000000000
47990  20.261  -33.622  72.179 0.0000000000
49961  21.704  -31.992  76.857 0.0000000000
48994  21.462  -32.898  76.595 0.0000000000
163312  21.368  -35.743  75.382 0.0000000000
158420  21.345  -36.178  75.106 0.0000000000
62625  38.666  -20.360  54.231 0.0000000000
61449  38.394  -21.256  54.179 0.0000000000
61450  37.871  -21.786  53.752 0.0000000000
145594  38.748  -23.762  57.165 0.0000000000
58907  37.868  -23.746  56.735 0.0000000000
58930  37.547  -23.616  54.998 0.0000000000
56514  32.877  -24.885  56.233 0.0000000000
56516  31.487  -25.424  55.465 0.0000000000
56517  30.794  -25.792  54.988 0.0000000000
52049  32.345  -28.498  67.963 0.0000000000
141933  32.889  -29.604  68.771 0.0000000000
52065  32.461  -28.691  66.999 0.0000000000
137228  32.813  -29.208  66.462 0.0000000000
52105  32.522  -29.087  65.670 0.0000000000
52163  30.390  -28.891  62.064 0.0000000000
52146  31.052  -28.684  62.733 0.0000000000
52162  31.206  -28.812  61.970 0.0000000000
53189  32.846  -28.866  62.292 0.0000000000
149557  33.587  -28.682  62.038 0.0000000000
53201  33.173  -28.665  61.478 0.0000000000
53223  33.478  -28.364  60.692 0.0000000000
54372  33.669  -27.976  59.924 0.0000000000
155937  31.703  -27.759  59.244 0.0000000000
54421  28.653  -27.866  57.574 0.0000000000
54440  28.582  -28.118  56.970 0.0000000000
53305  28.950  -28.286  56.395 0.0000000000
67906  41.025  -16.174  54.142 0.0000000000
67912  40.719  -15.842  53.538 0.0000000000
67913  39.960  -16.137  53.256 0.0000000000
67921  38.915  -16.122  52.234 0.0000000000
67935  37.915  -16.102  51.110 0.0000000000
64832  35.651  -18.633  49.591 0.0000000000
65851  35.981  -17.810  49.674 0.0000000000
138765  35.649  -18.013  49.014 0.0000000000
156076  55.597  1.529  36.292 0.0000000000
85518  56.107  1.724  35.886 0.0000000000
70979  44.837  -12.684  50.282 0.0000000000
69995  44.140  -13.006  50.030 0.0000000000
69996  43.418  -13.202  49.826 0.0000000000
69968  43.632  -13.437  51.457 0.0000000000
69981  42.764  -13.492  50.366 0.0000000000
69983  41.246  -13.822  49.717 0.0000000000
70913  48.775  -12.629  53.972 0.0000000000
70929  48.000  -12.655  53.530 0.0000000000
69940  47.136  -12.962  53.938 0.0000000000
70930  47.263  -12.558  52.947 0.0000000000
136477  47.106  -12.487  52.154 0.0000000000
70961  46.626  -12.608  51.576 0.0000000000
70962  45.820  -12.680  51.323 0.0000000000
142708  20.312  -31.171  68.375 0.0000000000
143464  26.451  -27.075  69.215 0.0000000000
54294  25.499  -26.759  66.903 0.0000000000
54282  24.550  -26.874  67.289 0.0000000000
54314  24.052  -26.725  64.882 0.0000000000
54343  23.461  -27.509  63.761 0.0000000000
53167  22.184  -28.474  64.582 0.0000000000
53151  22.028  -27.919  65.140 0.0000000000
79650  50.192  -3.658  41.450 0.0000000000
79658  51.146  -4.258  41.353 0.0000000000
56362  24.919  -25.049  71.048 0.0000000000
75424  48.726  -8.645  49.233 0.0000000000
75435  49.137  -7.992  48.798 0.0000000000
76515  48.536  -7.186  47.373 0.0000000000
162733  48.441  -6.805  46.828 0.0000000000
77498  48.726  -6.318  46.471 0.0000000000
77509  48.368  -6.085  45.955 0.0000000000
159792  46.165  -7.445  45.403 0.0000000000
76551  46.026  -7.140  44.709 0.0000000000
77527  45.828  -6.863  43.838 0.0000000000
54204  21.839  -27.411  72.954 0.0000000000
53062  21.632  -28.151  73.461 0.0000000000
145752  21.442  -28.799  73.301 0.0000000000
51996  21.314  -29.451  73.560 0.0000000000
50935  21.166  -30.275  73.940 0.0000000000
49976  20.954  -31.116  73.995 0.0000000000
49970  20.941  -31.734  74.450 0.0000000000
47864  21.688  -33.680  78.091 0.0000000000
45719  21.590  -35.276  77.088 0.0000000000
45735  21.511  -35.742  76.414 0.0000000000
44677  21.587  -36.571  76.396 0.0000000000
146187  21.626  -39.018  75.256 0.0000000000
57631  37.906  -24.583  59.104 0.0000000000
57642  37.600  -24.234  58.350 0.0000000000
57653  37.272  -24.005  57.580 0.0000000000
57665  35.217  -24.353  56.780 0.0000000000
157241  33.998  -24.973  57.150 0.0000000000
162486  34.455  -25.381  57.599 0.0000000000
53165  29.366  -28.007  63.920 0.0000000000
53163  30.850  -28.310  64.733 0.0000000000
53176  30.090  -28.401  63.643 0.0000000000
153327  30.168  -28.657  62.785 0.0000000000
52148  30.100  -28.870  62.078 0.0000000000
143877  29.167  -28.175  61.595 0.0000000000
155101  29.771  -28.609  61.651 0.0000000000
53205  29.909  -28.753  61.448 0.0000000000
53247  30.481  -27.987  60.046 0.0000000000
53248  29.613  -27.913  60.080 0.0000000000
54391  28.500  -27.966  58.968 0.0000000000
53249  27.943  -28.161  59.111 0.0000000000
65784  37.732  -17.999  53.255 0.0000000000
65797  37.232  -17.843  52.684 0.0000000000
65798  36.622  -17.976  52.013 0.0000000000
135493  35.857  -19.019  50.304 0.0000000000
86443  55.825  2.152  37.378 0.0000000000
85492  55.228  1.663  38.550 0.0000000000
85503  55.232  1.639  37.741 0.0000000000
144747  55.389  1.596  36.944 0.0000000000
84537  54.463  0.407  36.491 0.0000000000
73183  45.027  -10.310  46.771 0.0000000000
73184  44.324  -10.687  46.402 0.0000000000
72003  43.674  -11.793  46.219 0.0000000000
71993  43.859  -12.257  46.753 0.0000000000
70027  42.295  -13.263  46.867 0.0000000000
71934  48.652  -11.610  51.642 0.0000000000
74295  48.379  -9.376  49.608 0.0000000000
74296  47.710  -9.788  49.227 0.0000000000
74310  46.615  -9.756  48.245 0.0000000000
52007  33.165  -29.109  72.078 0.0000000000
52017  32.980  -29.310  71.245 0.0000000000
52018  32.295  -28.862  71.091 0.0000000000
52030  32.060  -28.787  70.304 0.0000000000
52041  31.868  -28.559  69.502 0.0000000000
53096  31.232  -28.044  69.504 0.0000000000
53104  31.672  -28.111  68.651 0.0000000000
53112  31.903  -27.954  67.502 0.0000000000
53113  31.208  -27.590  67.036 0.0000000000
53129  30.470  -27.505  65.807 0.0000000000
54265  27.890  -27.030  68.012 0.0000000000
54278  28.451  -26.884  67.132 0.0000000000
148562  28.473  -26.785  66.292 0.0000000000
54291  29.167  -27.003  66.409 0.0000000000
54311  29.740  -27.223  65.669 0.0000000000
53150  29.332  -27.501  64.798 0.0000000000
54340  27.984  -27.399  63.257 0.0000000000
141076  26.525  -26.842  62.941 0.0000000000
54350  26.911  -27.243  61.987 0.0000000000
53230  25.658  -28.075  60.305 0.0000000000
138010  34.396  -22.522  51.783 0.0000000000
78570  55.125  -5.624  44.436 0.0000000000
79648  52.362  -4.362  42.415 0.0000000000
78588  53.098  -4.992  42.988 0.0000000000
77548  53.150  -5.937  41.876 0.0000000000
78599  53.567  -5.718  42.630 0.0000000000
78587  53.907  -5.659  43.506 0.0000000000
78586  54.801  -6.022  43.785 0.0000000000
161486  55.289  -5.824  43.807 0.0000000000
78585  55.552  -5.586  43.302 0.0000000000
80620  55.562  -4.035  41.990 0.0000000000
54270  22.411  -26.696  68.107 0.0000000000
55416  21.833  -26.716  70.010 0.0000000000
55370  21.760  -27.115  72.117 0.0000000000
56350  22.670  -25.562  72.101 0.0000000000
54203  22.114  -27.241  73.823 0.0000000000
55323  22.665  -26.927  75.052 0.0000000000
51994  33.969  -29.079  73.482 0.0000000000
51995  33.192  -28.895  72.977 0.0000000000
53065  32.375  -28.534  72.528 0.0000000000
53067  30.694  -27.761  72.290 0.0000000000
54224  30.481  -27.592  71.529 0.0000000000
54236  29.410  -27.275  70.634 0.0000000000
54237  28.575  -27.287  70.627 0.0000000000
144555  27.946  -27.176  70.241 0.0000000000
54252  27.200  -27.018  69.786 0.0000000000
144559  25.621  -27.190  69.151 0.0000000000
161777  24.537  -27.040  68.667 0.0000000000
82448  51.823  -1.778  47.068 0.0000000000
81476  50.830  -2.918  47.014 0.0000000000
81488  50.771  -2.579  46.084 0.0000000000
81511  50.765  -2.078  44.197 0.0000000000
81512  50.095  -2.435  43.926 0.0000000000
78554  48.324  -5.441  45.453 0.0000000000
79612  48.714  -4.626  45.162 0.0000000000
79627  48.599  -4.320  44.414 0.0000000000
78573  47.519  -5.384  44.024 0.0000000000
79628  48.154  -4.722  44.033 0.0000000000
80610  48.929  -3.466  43.133 0.0000000000
80616  49.344  -3.270  42.312 0.0000000000
79660  49.556  -4.231  40.939 0.0000000000
53106  21.101  -27.878  68.473 0.0000000000
146672  20.252  -31.126  69.473 0.0000000000
52019  20.992  -28.901  71.950 0.0000000000
52020  20.674  -29.411  71.396 0.0000000000
50950  20.454  -30.278  71.351 0.0000000000
162195  20.255  -30.869  70.197 0.0000000000
162984  20.228  -31.872  69.705 0.0000000000
146041  20.290  -33.027  69.910 0.0000000000
157348  20.432  -34.159  70.758 0.0000000000
49016  20.669  -32.357  74.123 0.0000000000
47907  21.250  -33.337  75.853 0.0000000000
47929  21.051  -33.218  75.021 0.0000000000
47930  20.702  -33.052  74.261 0.0000000000
47953  20.518  -33.600  73.588 0.0000000000
45781  20.767  -35.972  72.514 0.0000000000
40215  20.615  -40.493  80.426 0.0000000000
68955  43.762  -14.468  55.338 0.0000000000
65766  39.812  -17.004  54.322 0.0000000000
65782  39.071  -17.348  54.019 0.0000000000
65783  38.361  -17.811  53.693 0.0000000000
64796  37.493  -18.577  52.954 0.0000000000
63733  37.358  -19.384  52.630 0.0000000000
62646  37.236  -20.352  52.389 0.0000000000
161820  35.956  -22.159  51.832 0.0000000000
60237  38.395  -22.230  54.454 0.0000000000
60256  37.252  -22.351  53.352 0.0000000000
60239  37.116  -23.034  53.739 0.0000000000
60260  33.616  -22.669  53.366 0.0000000000
58964  31.743  -23.827  52.957 0.0000000000
57693  31.384  -24.574  53.297 0.0000000000
57676  34.279  -23.970  55.817 0.0000000000
57685  32.909  -23.853  55.059 0.0000000000
56549  30.903  -25.201  52.724 0.0000000000
56535  30.577  -25.976  53.161 0.0000000000
55556  30.456  -26.746  53.245 0.0000000000
55478  36.466  -26.611  61.637 0.0000000000
50963  34.211  -30.087  70.625 0.0000000000
145843  34.514  -30.277  69.981 0.0000000000
50975  33.497  -30.098  69.032 0.0000000000
135718  34.448  -30.343  69.145 0.0000000000
50973  35.143  -30.384  69.724 0.0000000000
52063  35.714  -29.516  67.266 0.0000000000
52107  31.437  -28.607  65.016 0.0000000000
150802  31.717  -28.850  64.788 0.0000000000
52104  32.922  -29.258  65.353 0.0000000000
52131  32.101  -29.049  64.046 0.0000000000
52117  32.472  -29.114  64.671 0.0000000000
158221  33.423  -29.452  65.790 0.0000000000
52087  34.594  -29.405  66.268 0.0000000000
52086  35.312  -29.217  66.576 0.0000000000
52085  36.070  -29.042  66.824 0.0000000000
53147  35.543  -28.666  65.294 0.0000000000
158131  34.958  -28.176  62.806 0.0000000000
54338  35.749  -27.873  63.204 0.0000000000
54348  36.270  -27.400  62.798 0.0000000000
54357  35.971  -27.090  62.032 0.0000000000
55479  35.914  -27.100  61.123 0.0000000000
55482  35.713  -27.103  60.234 0.0000000000
55492  34.823  -27.097  59.091 0.0000000000
54386  33.764  -27.653  59.289 0.0000000000
55503  33.770  -27.015  58.284 0.0000000000
54418  31.184  -26.929  57.984 0.0000000000
54458  29.972  -27.119  55.647 0.0000000000
54459  29.833  -27.797  55.258 0.0000000000
140950  43.349  -14.403  54.716 0.0000000000
68970  42.188  -14.508  53.472 0.0000000000
68980  41.538  -14.498  52.444 0.0000000000
67919  40.412  -15.490  52.846 0.0000000000
68981  40.804  -14.864  52.357 0.0000000000
134681  41.176  -14.312  51.706 0.0000000000
140574  40.420  -14.315  50.433 0.0000000000
141945  39.883  -14.454  49.950 0.0000000000
69015  39.240  -14.419  49.287 0.0000000000
66874  37.334  -16.779  51.456 0.0000000000
142393  37.344  -16.359  50.715 0.0000000000
65850  36.396  -16.960  49.651 0.0000000000
66904  37.073  -16.327  49.999 0.0000000000
67946  37.625  -15.760  50.382 0.0000000000
159168  38.098  -14.676  48.747 0.0000000000
69024  38.260  -14.658  48.094 0.0000000000
155093  54.209  -1.815  38.968 0.0000000000
81559  54.404  -2.260  38.274 0.0000000000
46814  21.502  -34.393  76.861 0.0000000000
47886  21.403  -33.680  76.526 0.0000000000
50989  33.376  -29.800  68.111 0.0000000000
51022  33.444  -29.506  66.592 0.0000000000
51031  33.948  -29.525  65.961 0.0000000000
52039  33.170  -29.791  69.788 0.0000000000
52064  32.771  -29.183  67.823 0.0000000000
52088  33.091  -29.408  65.990 0.0000000000
52089  32.217  -28.764  66.026 0.0000000000
52101  35.759  -28.804  66.082 0.0000000000
52102  34.996  -28.982  65.837 0.0000000000
52103  34.351  -29.251  65.558 0.0000000000
52119  31.327  -28.664  64.420 0.0000000000
52132  31.520  -28.813  64.021 0.0000000000
52144  32.599  -29.034  63.251 0.0000000000
53148  31.061  -28.040  65.296 0.0000000000
53164  30.088  -28.152  64.397 0.0000000000
53187  34.211  -28.492  62.356 0.0000000000
54225  29.718  -27.435  71.411 0.0000000000
54263  30.438  -27.042  68.387 0.0000000000
54264  28.990  -26.885  68.819 0.0000000000
54312  28.844  -27.004  65.652 0.0000000000
55473  36.651  -26.813  62.457 0.0000000000
66849  39.456  -16.698  53.702 0.0000000000
66859  38.465  -16.772  52.645 0.0000000000
67911  41.291  -15.577  53.886 0.0000000000
67934  38.585  -15.770  51.510 0.0000000000
68963  43.444  -14.045  54.135 0.0000000000
68992  40.723  -14.275  51.050 0.0000000000
69017  37.646  -14.953  49.160 0.0000000000
69944  43.627  -13.725  53.431 0.0000000000
69970  42.201  -13.694  50.893 0.0000000000
70010  40.600  -13.771  48.543 0.0000000000
77487  49.057  -6.654  47.005 0.0000000000
78544  48.987  -5.723  46.060 0.0000000000
79610  54.065  -4.432  45.254 0.0000000000
79638  55.639  -5.284  44.205 0.0000000000
79647  55.882  -5.049  43.440 0.0000000000
80592  49.047  -3.604  43.957 0.0000000000
80614  51.252  -3.030  42.590 0.0000000000
81509  52.400  -2.410  44.628 0.0000000000
134922  33.673  -29.344  65.394 0.0000000000
135851  48.017  -12.387  52.865 0.0000000000
137306  38.697  -14.454  48.671 0.0000000000
138322  32.184  -29.033  65.048 0.0000000000
141321  44.666  -12.626  49.410 0.0000000000
145643  31.645  -28.851  63.414 0.0000000000
151165  54.302  0.515  37.876 0.0000000000
156364  32.555  -28.835  71.734 0.0000000000
157954  35.139  -27.284  59.707 0.0000000000
159162  38.825  -14.355  48.038 0.0000000000
160729  32.818  -29.152  67.077 0.0000000000
161106  21.357  -32.798  76.020 0.0000000000
161125  48.902  -11.679  52.309 0.0000000000
162860  41.788  -14.604  52.978 0.0000000000
162872  40.479  -14.626  51.690 0.0000000000
