#!ascii label  , from subject sub-v1s22x0050523_ses-1 vox2ras=TkReg
1793
58978  -30.123  -32.021  66.906 0.0000000000
68742  -51.195  -22.139  46.007 0.0000000000
63234  -39.070  -27.941  54.748 0.0000000000
43804  -4.238  -49.065  54.782 0.0000000000
53107  -17.215  -37.657  64.394 0.0000000000
55235  -3.465  -36.624  58.474 0.0000000000
51030  -1.194  -40.563  63.682 0.0000000000
159671  -45.208  -24.077  50.370 0.0000000000
59144  -2.821  -31.605  51.979 0.0000000000
139046  -1.370  -53.483  60.813 0.0000000000
59071  -29.091  -31.791  59.249 0.0000000000
53134  -26.516  -37.818  62.981 0.0000000000
52041  -24.705  -38.980  65.881 0.0000000000
71677  -53.749  -19.305  44.179 0.0000000000
66019  -41.928  -25.726  52.257 0.0000000000
50079  -13.920  -41.035  59.888 0.0000000000
62130  -2.573  -30.044  57.498 0.0000000000
49173  -6.162  -42.534  56.679 0.0000000000
51168  -5.960  -40.071  52.670 0.0000000000
137686  -4.941  -45.973  50.877 0.0000000000
43605  -6.010  -47.695  67.383 0.0000000000
43617  -1.949  -49.020  65.820 0.0000000000
153671  -36.620  -28.436  57.116 0.0000000000
155746  -23.039  -37.665  69.649 0.0000000000
54195  -19.773  -37.081  60.322 0.0000000000
53149  -0.951  -38.654  60.315 0.0000000000
47446  -3.294  -44.435  59.144 0.0000000000
155889  -47.752  -23.628  48.306 0.0000000000
157296  -8.373  -45.561  64.072 0.0000000000
48269  -11.188  -42.527  61.833 0.0000000000
138956  -4.658  -34.013  55.822 0.0000000000
54335  -2.053  -37.372  50.347 0.0000000000
49124  -3.963  -42.638  63.027 0.0000000000
141488  -1.249  -46.377  61.827 0.0000000000
40750  -1.377  -51.504  56.929 0.0000000000
60021  -30.180  -31.066  65.644 0.0000000000
57987  -27.932  -33.182  64.199 0.0000000000
59036  -28.833  -31.435  62.976 0.0000000000
152679  -27.635  -34.905  65.802 0.0000000000
55199  -26.867  -36.269  62.273 0.0000000000
56082  -27.945  -35.353  67.776 0.0000000000
70696  -51.847  -20.384  44.292 0.0000000000
68747  -47.619  -22.362  44.559 0.0000000000
70703  -49.550  -20.608  43.631 0.0000000000
71692  -51.040  -19.341  43.108 0.0000000000
147013  -40.388  -27.069  53.273 0.0000000000
63239  -36.283  -28.504  53.382 0.0000000000
63257  -37.611  -28.235  51.676 0.0000000000
64229  -39.176  -26.958  50.703 0.0000000000
46632  -5.693  -45.742  55.734 0.0000000000
46654  -7.317  -45.017  53.344 0.0000000000
158529  -5.808  -47.661  52.324 0.0000000000
43855  -2.706  -48.351  50.108 0.0000000000
42835  -3.911  -50.315  51.486 0.0000000000
41704  -6.090  -48.943  63.857 0.0000000000
40643  -4.645  -50.644  64.553 0.0000000000
62119  -35.144  -28.770  59.141 0.0000000000
142556  -31.392  -30.463  59.886 0.0000000000
61082  -30.432  -30.664  57.767 0.0000000000
62139  -32.909  -29.491  58.000 0.0000000000
135843  -33.973  -28.640  56.251 0.0000000000
56060  -24.807  -35.440  71.459 0.0000000000
52097  -22.725  -38.825  60.936 0.0000000000
53122  -22.423  -38.436  63.145 0.0000000000
74832  -53.212  -16.273  41.152 0.0000000000
146510  -54.325  -13.972  41.313 0.0000000000
135404  -0.227  -39.797  62.731 0.0000000000
50077  -2.009  -41.400  59.599 0.0000000000
49149  -2.173  -42.714  60.649 0.0000000000
152988  -46.875  -23.593  49.252 0.0000000000
138397  -41.692  -24.952  48.673 0.0000000000
66941  -43.675  -23.974  48.129 0.0000000000
66954  -45.125  -23.684  47.168 0.0000000000
47338  -8.277  -44.232  68.040 0.0000000000
48231  -10.164  -43.285  66.770 0.0000000000
58017  -3.785  -34.105  60.144 0.0000000000
59068  -4.095  -32.541  58.739 0.0000000000
56165  -4.374  -35.708  57.447 0.0000000000
50182  -4.205  -41.624  51.298 0.0000000000
53268  -4.399  -38.926  52.036 0.0000000000
136655  -2.718  -40.233  49.968 0.0000000000
48242  -6.199  -43.382  64.398 0.0000000000
40649  -0.577  -50.690  63.992 0.0000000000
139158  -1.298  -47.630  63.573 0.0000000000
138541  -0.820  -49.785  61.596 0.0000000000
43713  -1.468  -49.212  60.089 0.0000000000
151901  -1.065  -52.246  59.025 0.0000000000
60069  -30.179  -30.994  61.827 0.0000000000
56067  -26.151  -35.840  69.919 0.0000000000
55130  -27.350  -35.932  68.883 0.0000000000
52059  -25.777  -38.596  64.836 0.0000000000
73837  -55.134  -17.031  43.723 0.0000000000
73849  -51.854  -17.587  41.922 0.0000000000
66898  -43.656  -24.584  51.556 0.0000000000
65138  -39.896  -26.015  49.521 0.0000000000
53151  -15.911  -37.907  60.710 0.0000000000
144456  -15.039  -39.544  62.378 0.0000000000
60108  -2.600  -31.414  54.959 0.0000000000
144132  -3.881  -39.854  57.748 0.0000000000
138316  -5.290  -37.562  56.501 0.0000000000
50132  -7.318  -41.120  54.920 0.0000000000
48365  -5.838  -43.016  51.573 0.0000000000
47557  -3.520  -44.250  50.518 0.0000000000
47334  -4.899  -44.351  69.146 0.0000000000
46462  -4.243  -45.858  66.735 0.0000000000
43595  -3.289  -48.550  68.058 0.0000000000
39558  -2.513  -51.777  64.673 0.0000000000
63224  -37.577  -28.475  55.646 0.0000000000
62161  -35.290  -28.564  55.302 0.0000000000
53074  -19.398  -37.687  66.821 0.0000000000
53064  -23.829  -38.521  67.513 0.0000000000
54142  -21.318  -37.590  64.574 0.0000000000
54170  -18.687  -36.746  62.364 0.0000000000
57024  -2.767  -35.262  61.924 0.0000000000
139545  -1.616  -35.805  64.043 0.0000000000
55222  -1.923  -37.202  59.982 0.0000000000
51110  -3.054  -40.766  58.519 0.0000000000
48307  -4.340  -43.399  58.281 0.0000000000
45727  -3.529  -47.111  56.916 0.0000000000
67867  -49.479  -23.115  47.084 0.0000000000
67875  -46.623  -23.348  45.903 0.0000000000
45585  -6.428  -45.221  69.628 0.0000000000
44652  -7.109  -46.783  65.949 0.0000000000
43677  -7.372  -47.422  62.737 0.0000000000
50042  -13.996  -40.727  63.096 0.0000000000
49116  -12.828  -41.517  64.088 0.0000000000
48237  -11.430  -42.284  65.183 0.0000000000
46507  -9.368  -44.438  63.219 0.0000000000
45680  -8.284  -46.150  61.137 0.0000000000
61070  -2.700  -30.476  59.259 0.0000000000
59087  -3.147  -32.225  56.791 0.0000000000
58091  -3.623  -32.721  53.732 0.0000000000
143939  -6.208  -36.631  53.949 0.0000000000
56200  -4.976  -35.539  51.770 0.0000000000
57150  -2.488  -34.665  50.201 0.0000000000
50036  -2.201  -41.652  63.507 0.0000000000
154558  -3.194  -45.657  64.199 0.0000000000
47387  -2.446  -44.234  62.690 0.0000000000
48261  -1.916  -43.665  61.970 0.0000000000
46573  -2.257  -45.548  60.445 0.0000000000
44774  -2.576  -48.385  57.678 0.0000000000
42785  -2.219  -50.170  56.259 0.0000000000
36423  -0.473  -55.355  59.020 0.0000000000
37547  -1.263  -54.391  57.071 0.0000000000
39676  -3.630  -51.898  53.859 0.0000000000
60010  -30.514  -31.446  66.617 0.0000000000
60002  -31.385  -31.074  67.965 0.0000000000
57975  -28.539  -32.637  65.205 0.0000000000
59004  -28.805  -31.890  64.689 0.0000000000
56993  -28.654  -33.694  66.393 0.0000000000
57008  -27.845  -34.030  64.519 0.0000000000
58965  -30.235  -32.156  67.739 0.0000000000
148601  -28.775  -34.113  67.077 0.0000000000
69679  -51.524  -21.482  45.379 0.0000000000
68749  -49.255  -22.017  44.857 0.0000000000
69696  -48.691  -21.134  43.741 0.0000000000
69688  -50.355  -21.195  44.384 0.0000000000
69698  -50.574  -20.558  43.977 0.0000000000
64209  -39.787  -27.580  54.351 0.0000000000
64211  -41.214  -27.172  55.111 0.0000000000
64198  -39.904  -27.609  55.175 0.0000000000
134259  -37.083  -28.542  53.258 0.0000000000
142975  -38.310  -28.282  53.496 0.0000000000
64219  -38.833  -27.728  52.214 0.0000000000
44808  -5.333  -47.310  54.706 0.0000000000
45759  -6.069  -47.213  53.858 0.0000000000
43822  -5.365  -48.669  53.347 0.0000000000
146330  -4.359  -49.595  51.460 0.0000000000
42822  -4.507  -50.268  53.284 0.0000000000
41729  -6.395  -49.595  61.896 0.0000000000
40671  -5.402  -50.397  62.852 0.0000000000
62116  -32.743  -29.651  60.165 0.0000000000
61076  -31.976  -29.942  59.552 0.0000000000
62117  -33.734  -29.332  59.746 0.0000000000
62127  -33.767  -29.253  58.696 0.0000000000
75818  -54.593  -15.489  42.148 0.0000000000
75832  -53.650  -14.706  40.635 0.0000000000
143576  -55.398  -13.480  42.968 0.0000000000
51029  -0.747  -40.508  63.231 0.0000000000
50065  -1.337  -41.318  61.208 0.0000000000
50056  -1.122  -41.367  62.161 0.0000000000
137109  -45.870  -23.844  50.127 0.0000000000
66915  -47.303  -23.593  50.285 0.0000000000
66922  -43.808  -24.375  49.732 0.0000000000
66035  -42.539  -24.512  48.660 0.0000000000
66923  -44.437  -24.088  49.502 0.0000000000
134413  -44.794  -23.807  48.908 0.0000000000
48221  -10.137  -43.113  68.736 0.0000000000
48228  -10.902  -42.824  67.344 0.0000000000
53072  -17.409  -38.006  66.123 0.0000000000
53091  -16.521  -38.539  65.185 0.0000000000
60138  -2.710  -31.051  52.532 0.0000000000
56147  -3.202  -35.553  59.531 0.0000000000
57050  -3.716  -34.985  58.730 0.0000000000
55243  -3.900  -36.225  58.032 0.0000000000
49241  -3.130  -42.511  50.176 0.0000000000
51216  -3.481  -41.005  50.999 0.0000000000
50220  -2.942  -41.739  49.037 0.0000000000
50025  -7.309  -41.903  63.993 0.0000000000
48234  -6.373  -43.389  65.548 0.0000000000
148455  -1.432  -52.077  61.819 0.0000000000
41727  -0.877  -50.688  62.734 0.0000000000
40682  -1.275  -51.604  61.441 0.0000000000
41751  -1.251  -50.741  60.191 0.0000000000
145406  -1.336  -52.897  60.260 0.0000000000
60043  -29.721  -30.593  63.701 0.0000000000
60054  -29.325  -31.224  62.400 0.0000000000
61049  -31.361  -30.052  62.536 0.0000000000
156111  -31.722  -30.053  61.915 0.0000000000
54131  -26.865  -37.059  65.368 0.0000000000
136798  -26.890  -37.151  66.411 0.0000000000
52072  -25.955  -38.789  63.881 0.0000000000
50052  -24.283  -39.873  62.286 0.0000000000
72757  -54.391  -18.581  43.945 0.0000000000
136551  -51.912  -19.166  43.210 0.0000000000
72763  -51.594  -18.946  42.941 0.0000000000
72765  -52.808  -18.614  43.059 0.0000000000
73841  -53.130  -17.938  42.657 0.0000000000
66020  -42.343  -25.291  51.671 0.0000000000
66884  -44.488  -24.559  53.008 0.0000000000
135970  -43.115  -25.503  53.293 0.0000000000
65130  -40.327  -26.603  51.891 0.0000000000
65133  -39.583  -26.417  50.117 0.0000000000
65135  -40.728  -26.104  51.195 0.0000000000
147114  -41.652  -25.349  50.321 0.0000000000
62131  -2.959  -29.597  57.284 0.0000000000
61090  -2.904  -30.327  55.946 0.0000000000
61089  -2.527  -30.812  56.405 0.0000000000
50115  -5.241  -40.856  57.198 0.0000000000
154968  -5.882  -40.060  56.438 0.0000000000
50117  -6.695  -41.862  56.307 0.0000000000
46661  -6.346  -45.516  51.783 0.0000000000
48355  -7.431  -43.455  53.056 0.0000000000
47549  -5.742  -44.787  51.326 0.0000000000
48372  -4.576  -43.361  51.004 0.0000000000
46675  -3.780  -45.050  50.688 0.0000000000
138610  -3.199  -46.687  50.257 0.0000000000
44614  -5.186  -47.216  69.187 0.0000000000
44608  -4.253  -46.650  69.347 0.0000000000
42627  -5.225  -48.348  67.995 0.0000000000
39583  -4.102  -52.667  63.140 0.0000000000
39547  -3.769  -51.481  64.884 0.0000000000
148608  -3.565  -53.140  63.076 0.0000000000
153963  -2.341  -52.565  63.426 0.0000000000
63223  -37.045  -28.516  55.955 0.0000000000
146252  -35.259  -28.544  56.840 0.0000000000
62160  -34.633  -28.537  55.639 0.0000000000
155497  -35.392  -28.566  55.778 0.0000000000
62162  -36.172  -28.601  55.544 0.0000000000
135417  -21.768  -37.796  70.223 0.0000000000
159514  -20.727  -38.394  69.574 0.0000000000
53061  -20.901  -37.964  67.646 0.0000000000
54095  -25.450  -37.497  68.817 0.0000000000
53041  -24.820  -37.659  69.240 0.0000000000
52019  -24.381  -38.624  66.902 0.0000000000
54171  -21.047  -37.461  62.111 0.0000000000
53121  -21.821  -37.937  63.707 0.0000000000
152068  -20.459  -37.140  63.012 0.0000000000
54155  -19.958  -36.894  63.900 0.0000000000
134157  -18.988  -36.852  61.449 0.0000000000
138624  -18.316  -37.048  60.963 0.0000000000
54162  -0.409  -37.649  62.635 0.0000000000
55191  -1.178  -37.017  61.677 0.0000000000
55192  -1.538  -36.757  61.299 0.0000000000
53150  -1.327  -38.372  59.949 0.0000000000
52121  -2.095  -39.689  58.724 0.0000000000
52120  -1.601  -39.737  58.958 0.0000000000
48292  -2.996  -43.593  59.382 0.0000000000
49165  -3.323  -42.548  58.998 0.0000000000
47458  -3.553  -44.386  58.800 0.0000000000
46607  -4.038  -45.419  57.768 0.0000000000
46606  -3.585  -45.853  58.025 0.0000000000
134697  -48.944  -23.359  47.596 0.0000000000
134412  -50.348  -23.203  48.822 0.0000000000
67851  -49.743  -23.361  48.956 0.0000000000
67854  -46.646  -23.630  47.727 0.0000000000
67863  -45.820  -23.562  46.580 0.0000000000
67865  -47.449  -23.381  46.544 0.0000000000
67877  -48.290  -23.177  46.091 0.0000000000
47329  -7.631  -43.362  70.457 0.0000000000
46464  -8.655  -44.889  65.880 0.0000000000
45607  -7.275  -45.774  66.985 0.0000000000
45635  -7.528  -46.319  65.391 0.0000000000
161465  -7.212  -47.289  63.743 0.0000000000
148301  -7.556  -46.997  63.066 0.0000000000
51077  -14.161  -40.411  61.118 0.0000000000
51052  -14.596  -40.014  62.376 0.0000000000
50058  -13.661  -40.880  61.548 0.0000000000
48270  -11.992  -42.321  61.280 0.0000000000
49138  -12.764  -41.613  61.936 0.0000000000
48255  -11.842  -42.270  63.231 0.0000000000
152975  -12.128  -41.919  64.665 0.0000000000
48254  -10.869  -42.730  63.812 0.0000000000
48253  -10.441  -43.169  64.456 0.0000000000
47392  -10.579  -43.237  63.146 0.0000000000
46556  -8.909  -45.467  60.748 0.0000000000
61063  -2.652  -30.506  60.237 0.0000000000
58052  -4.286  -33.537  56.849 0.0000000000
155443  -3.529  -32.249  57.440 0.0000000000
58062  -4.144  -33.469  56.065 0.0000000000
156279  -3.137  -32.466  55.597 0.0000000000
58083  -4.192  -33.232  54.289 0.0000000000
53229  -6.392  -38.882  54.998 0.0000000000
160331  -6.116  -37.594  55.136 0.0000000000
53248  -6.053  -38.345  53.453 0.0000000000
53287  -2.982  -38.410  51.285 0.0000000000
54316  -4.445  -37.492  52.120 0.0000000000
152882  -3.758  -36.925  51.584 0.0000000000
56215  -4.074  -34.973  51.051 0.0000000000
55308  -2.238  -36.272  50.404 0.0000000000
56228  -1.815  -35.554  49.645 0.0000000000
50037  -3.190  -42.000  63.395 0.0000000000
45620  -3.354  -46.813  66.894 0.0000000000
46475  -4.179  -45.986  65.459 0.0000000000
45633  -2.661  -47.364  65.568 0.0000000000
44707  -1.114  -47.340  62.847 0.0000000000
46488  -1.704  -46.214  63.461 0.0000000000
157525  -1.855  -45.197  62.305 0.0000000000
47403  -2.257  -44.034  62.344 0.0000000000
157793  -1.620  -45.578  61.816 0.0000000000
47414  -1.972  -44.549  61.374 0.0000000000
143246  -1.756  -46.259  60.931 0.0000000000
42752  -1.421  -50.385  58.344 0.0000000000
159683  -2.144  -48.804  58.892 0.0000000000
148550  -1.889  -49.682  57.650 0.0000000000
43757  -2.340  -49.009  56.690 0.0000000000
42784  -1.966  -50.298  56.611 0.0000000000
138370  -0.381  -57.040  57.684 0.0000000000
36435  -0.552  -55.024  58.122 0.0000000000
61027  -31.044  -29.949  64.659 0.0000000000
57999  -27.273  -33.467  62.928 0.0000000000
58011  -27.414  -32.959  61.861 0.0000000000
59017  -28.085  -32.388  63.735 0.0000000000
60031  -29.120  -31.279  64.203 0.0000000000
137747  -26.774  -36.861  64.286 0.0000000000
152503  -27.283  -35.388  63.686 0.0000000000
57986  -27.580  -33.910  63.729 0.0000000000
158319  -27.619  -35.244  66.411 0.0000000000
70698  -53.224  -19.803  44.305 0.0000000000
69705  -47.878  -20.905  43.365 0.0000000000
71690  -48.882  -19.743  42.802 0.0000000000
71704  -49.388  -19.239  42.395 0.0000000000
70713  -50.032  -20.114  43.440 0.0000000000
70706  -51.478  -19.858  43.701 0.0000000000
65126  -40.724  -26.650  52.721 0.0000000000
65124  -42.756  -26.266  53.957 0.0000000000
65114  -42.251  -26.726  54.587 0.0000000000
145504  -42.484  -26.733  55.292 0.0000000000
63246  -34.666  -28.505  53.000 0.0000000000
63247  -35.534  -28.496  52.546 0.0000000000
63255  -36.031  -28.490  51.555 0.0000000000
63266  -37.324  -28.086  50.802 0.0000000000
64227  -37.759  -27.566  50.161 0.0000000000
64223  -38.032  -27.833  51.030 0.0000000000
64225  -39.490  -27.158  51.753 0.0000000000
47475  -6.065  -43.955  56.339 0.0000000000
48331  -6.873  -43.497  55.671 0.0000000000
46643  -6.912  -45.503  54.279 0.0000000000
46653  -6.868  -45.905  53.191 0.0000000000
45779  -5.113  -46.812  51.158 0.0000000000
44864  -3.612  -47.181  50.494 0.0000000000
43840  -4.671  -48.557  51.336 0.0000000000
42834  -2.958  -49.830  50.756 0.0000000000
42664  -5.999  -48.480  65.462 0.0000000000
41681  -5.565  -48.870  65.720 0.0000000000
41703  -5.636  -49.458  64.091 0.0000000000
158035  -35.726  -28.562  57.627 0.0000000000
60083  -30.357  -31.305  59.697 0.0000000000
60087  -30.141  -31.182  58.469 0.0000000000
60088  -30.766  -30.828  58.662 0.0000000000
61083  -31.208  -30.270  58.175 0.0000000000
61093  -31.695  -29.514  56.755 0.0000000000
135406  -33.315  -29.055  57.012 0.0000000000
62141  -35.105  -28.673  57.547 0.0000000000
55119  -23.968  -36.703  71.002 0.0000000000
143940  -23.419  -39.221  63.668 0.0000000000
153853  -23.196  -38.920  64.367 0.0000000000
136967  -22.771  -38.846  62.748 0.0000000000
53145  -21.677  -38.043  60.776 0.0000000000
134657  -52.820  -15.056  39.988 0.0000000000
75837  -52.879  -14.516  39.763 0.0000000000
77755  -53.344  -13.812  40.220 0.0000000000
78727  -52.964  -12.626  39.947 0.0000000000
52090  -0.299  -39.284  61.325 0.0000000000
51076  -1.132  -40.259  59.777 0.0000000000
151065  -1.146  -40.597  60.622 0.0000000000
134528  -1.974  -41.859  60.184 0.0000000000
141837  -2.726  -43.824  59.693 0.0000000000
66934  -47.513  -23.560  48.850 0.0000000000
67835  -48.266  -23.355  49.931 0.0000000000
66939  -41.992  -24.490  47.422 0.0000000000
66951  -42.678  -24.157  46.996 0.0000000000
66965  -43.353  -23.858  46.597 0.0000000000
66942  -44.327  -23.781  47.568 0.0000000000
134959  -46.185  -23.663  48.208 0.0000000000
48214  -8.653  -43.444  70.207 0.0000000000
48220  -9.492  -43.390  69.221 0.0000000000
47343  -9.537  -43.643  67.347 0.0000000000
47351  -9.275  -44.298  65.775 0.0000000000
48276  -11.831  -42.718  60.334 0.0000000000
47415  -10.210  -43.855  60.880 0.0000000000
60057  -3.302  -31.785  61.656 0.0000000000
143366  -3.768  -32.349  59.765 0.0000000000
58026  -4.035  -33.518  59.414 0.0000000000
57061  -4.425  -34.362  57.464 0.0000000000
157313  -4.912  -34.764  56.317 0.0000000000
51183  -5.181  -40.622  52.028 0.0000000000
52209  -5.040  -39.621  52.191 0.0000000000
51182  -4.388  -40.353  51.656 0.0000000000
52226  -3.182  -39.365  51.259 0.0000000000
52243  -2.687  -39.256  50.384 0.0000000000
51049  -7.551  -40.524  62.378 0.0000000000
50048  -6.342  -41.892  62.722 0.0000000000
135280  -4.722  -43.444  63.215 0.0000000000
42662  -0.201  -49.738  65.199 0.0000000000
44669  -1.366  -48.756  64.656 0.0000000000
41701  0.095  -49.998  64.149 0.0000000000
42699  -0.381  -49.170  62.759 0.0000000000
161502  -0.522  -48.435  61.764 0.0000000000
44745  -0.981  -47.842  61.169 0.0000000000
42717  -1.225  -49.507  60.363 0.0000000000
143826  -1.323  -50.834  59.196 0.0000000000
40749  -1.197  -51.689  57.537 0.0000000000
59060  -28.917  -31.982  60.025 0.0000000000
59049  -28.104  -32.339  61.128 0.0000000000
150850  -29.317  -31.787  60.657 0.0000000000
60076  -29.669  -31.673  59.881 0.0000000000
61060  -30.859  -30.707  61.095 0.0000000000
157711  -31.939  -30.054  61.095 0.0000000000
53067  -25.801  -37.764  67.635 0.0000000000
55138  -27.742  -35.581  68.403 0.0000000000
54116  -26.696  -37.249  67.207 0.0000000000
52042  -25.206  -38.789  65.799 0.0000000000
51037  -23.972  -39.756  62.959 0.0000000000
73848  -51.004  -17.739  41.807 0.0000000000
74831  -52.606  -16.981  41.581 0.0000000000
136833  -54.072  -16.728  42.318 0.0000000000
66911  -44.104  -24.494  50.945 0.0000000000
66900  -45.425  -24.135  51.755 0.0000000000
141247  -45.243  -24.279  52.751 0.0000000000
64232  -38.127  -27.044  49.508 0.0000000000
66029  -41.654  -25.152  49.511 0.0000000000
153840  -42.279  -25.031  50.013 0.0000000000
137197  -16.321  -38.110  62.430 0.0000000000
53132  -16.104  -38.542  63.148 0.0000000000
52095  -15.345  -38.605  61.253 0.0000000000
51078  -14.556  -39.852  60.538 0.0000000000
61094  -2.806  -30.785  54.573 0.0000000000
59127  -2.740  -32.015  53.742 0.0000000000
150836  -3.327  -37.934  58.013 0.0000000000
54237  -3.930  -37.474  57.631 0.0000000000
52147  -5.307  -39.338  56.692 0.0000000000
52159  -6.449  -39.715  55.351 0.0000000000
51152  -6.888  -40.249  54.440 0.0000000000
49191  -7.495  -42.637  54.566 0.0000000000
50154  -7.275  -41.770  53.569 0.0000000000
136170  -6.162  -41.769  52.336 0.0000000000
50183  -4.605  -41.994  51.385 0.0000000000
48229  -5.722  -43.805  67.300 0.0000000000
47340  -4.606  -44.729  68.190 0.0000000000
45593  -3.653  -46.758  67.944 0.0000000000
42633  -2.508  -49.130  66.923 0.0000000000
156035  -4.431  -50.267  65.662 0.0000000000
40633  -2.898  -50.648  65.633 0.0000000000
40631  -1.667  -50.111  65.559 0.0000000000
40650  -1.278  -51.085  64.146 0.0000000000
160146  -1.660  -52.006  62.691 0.0000000000
37507  -1.476  -53.590  61.389 0.0000000000
63233  -38.389  -28.288  55.031 0.0000000000
63226  -39.179  -27.995  55.644 0.0000000000
160019  -38.975  -28.149  56.169 0.0000000000
59089  -28.988  -31.340  57.315 0.0000000000
63238  -34.499  -28.502  53.778 0.0000000000
144923  -37.294  -28.554  54.551 0.0000000000
53059  -18.671  -38.037  67.485 0.0000000000
53093  -18.022  -37.470  65.681 0.0000000000
56064  -25.583  -35.589  70.775 0.0000000000
54086  -24.607  -36.870  70.224 0.0000000000
53063  -22.879  -38.340  67.968 0.0000000000
142736  -22.894  -38.665  65.131 0.0000000000
154683  -22.327  -38.179  65.493 0.0000000000
140851  -21.427  -37.952  66.954 0.0000000000
54113  -20.083  -37.451  66.107 0.0000000000
153248  -18.604  -36.986  64.672 0.0000000000
54152  -17.358  -37.321  63.570 0.0000000000
53143  -17.026  -37.530  61.956 0.0000000000
79647  -53.104  -11.545  39.982 0.0000000000
153727  -54.253  -10.101  40.208 0.0000000000
81474  -55.013  -9.591  40.197 0.0000000000
57025  -3.290  -34.714  61.324 0.0000000000
56146  -2.577  -36.175  59.949 0.0000000000
56100  -2.102  -35.436  63.564 0.0000000000
55193  -1.902  -36.526  60.932 0.0000000000
134915  -2.633  -37.269  59.138 0.0000000000
53172  -2.371  -38.881  58.633 0.0000000000
136459  -3.125  -40.095  58.239 0.0000000000
154385  -4.505  -41.694  57.738 0.0000000000
51097  -2.481  -40.895  58.889 0.0000000000
50101  -3.408  -41.886  58.733 0.0000000000
48308  -4.923  -43.257  57.499 0.0000000000
46622  -5.152  -45.341  56.501 0.0000000000
46631  -4.856  -46.136  56.179 0.0000000000
44790  -3.814  -47.853  55.584 0.0000000000
68732  -49.923  -22.732  46.453 0.0000000000
67872  -43.836  -23.499  45.292 0.0000000000
67889  -45.279  -23.181  44.757 0.0000000000
68745  -45.839  -22.785  44.197 0.0000000000
67891  -47.112  -22.946  45.067 0.0000000000
68739  -48.792  -22.622  45.436 0.0000000000
46427  -6.296  -44.408  70.477 0.0000000000
44616  -6.096  -46.485  68.559 0.0000000000
46435  -7.440  -44.626  69.077 0.0000000000
45606  -6.779  -46.376  67.453 0.0000000000
43618  -6.605  -47.466  66.273 0.0000000000
147970  -6.651  -48.526  62.813 0.0000000000
52066  -15.581  -39.421  63.810 0.0000000000
140443  -15.112  -39.972  63.929 0.0000000000
51023  -14.765  -40.492  64.899 0.0000000000
50057  -13.216  -41.269  61.862 0.0000000000
50041  -13.477  -41.120  63.539 0.0000000000
150873  -13.634  -41.290  65.492 0.0000000000
50014  -13.434  -41.572  66.223 0.0000000000
49106  -12.095  -42.107  66.448 0.0000000000
49101  -11.542  -42.483  66.916 0.0000000000
48232  -10.897  -42.830  66.439 0.0000000000
47378  -9.923  -43.673  64.637 0.0000000000
46506  -8.767  -45.022  63.663 0.0000000000
46540  -9.402  -44.662  61.287 0.0000000000
46539  -8.693  -45.381  61.648 0.0000000000
155911  -8.145  -46.164  62.751 0.0000000000
45673  -7.915  -46.876  61.634 0.0000000000
148740  -2.378  -29.807  58.828 0.0000000000
60080  -3.601  -31.718  59.031 0.0000000000
60085  -2.725  -31.032  57.846 0.0000000000
61085  -2.451  -31.021  57.149 0.0000000000
60099  -2.565  -31.483  55.819 0.0000000000
59117  -3.088  -32.387  54.150 0.0000000000
58099  -3.852  -32.721  52.566 0.0000000000
54253  -5.180  -36.769  56.586 0.0000000000
55253  -5.357  -36.143  56.239 0.0000000000
56185  -5.960  -35.152  54.794 0.0000000000
54317  -5.503  -37.742  52.843 0.0000000000
55274  -6.169  -36.080  53.067 0.0000000000
57094  -5.601  -34.371  54.346 0.0000000000
57106  -5.018  -33.740  52.927 0.0000000000
57134  -4.376  -33.962  51.414 0.0000000000
151206  -3.437  -33.117  50.970 0.0000000000
57149  -2.123  -34.184  49.995 0.0000000000
47360  -5.355  -44.714  65.513 0.0000000000
47376  -5.083  -44.575  64.355 0.0000000000
155661  -3.770  -44.490  63.553 0.0000000000
45646  -1.900  -46.938  64.198 0.0000000000
47373  -2.831  -45.089  63.622 0.0000000000
48250  -2.772  -43.432  63.152 0.0000000000
48249  -2.396  -43.028  63.227 0.0000000000
49122  -1.844  -42.595  63.024 0.0000000000
49121  -1.469  -42.118  62.924 0.0000000000
146699  -1.704  -43.108  61.978 0.0000000000
47435  -2.161  -44.596  60.692 0.0000000000
46574  -2.777  -45.356  59.742 0.0000000000
44759  -1.984  -47.740  60.048 0.0000000000
45713  -2.616  -47.097  59.501 0.0000000000
46605  -3.370  -46.277  58.504 0.0000000000
45726  -3.171  -47.596  57.223 0.0000000000
44788  -2.603  -48.672  56.417 0.0000000000
43803  -3.241  -49.429  55.316 0.0000000000
134123  -1.216  -55.208  60.844 0.0000000000
139233  -0.557  -55.975  59.821 0.0000000000
37531  -0.931  -54.438  59.476 0.0000000000
141095  -1.099  -53.597  58.965 0.0000000000
38583  -1.173  -53.454  58.030 0.0000000000
149110  -1.350  -52.447  57.134 0.0000000000
146514  -1.782  -53.650  56.383 0.0000000000
39669  -1.724  -52.287  56.442 0.0000000000
39670  -2.112  -51.935  56.007 0.0000000000
41835  -2.699  -50.809  55.455 0.0000000000
42812  -3.876  -50.622  54.258 0.0000000000
161350  -3.425  -51.841  52.080 0.0000000000
137250  -2.149  -52.085  50.508 0.0000000000
58992  -29.796  -31.743  66.059 0.0000000000
60001  -30.783  -31.571  67.466 0.0000000000
58977  -29.468  -32.473  66.416 0.0000000000
58991  -29.109  -32.130  65.573 0.0000000000
57968  -28.807  -32.887  66.001 0.0000000000
58964  -29.672  -32.757  67.238 0.0000000000
68751  -50.751  -21.660  45.125 0.0000000000
68750  -50.032  -21.904  44.921 0.0000000000
69687  -49.693  -21.414  44.311 0.0000000000
63242  -38.985  -27.899  53.919 0.0000000000
63241  -38.348  -28.281  54.283 0.0000000000
63249  -37.737  -28.466  53.065 0.0000000000
44807  -4.574  -48.107  54.931 0.0000000000
140953  -5.481  -48.042  54.085 0.0000000000
43805  -4.952  -48.676  54.207 0.0000000000
43821  -4.780  -49.382  53.772 0.0000000000
41740  -6.030  -50.302  61.342 0.0000000000
50045  -1.072  -41.336  62.819 0.0000000000
66914  -46.445  -23.810  50.645 0.0000000000
66913  -45.667  -24.014  50.899 0.0000000000
66912  -44.483  -24.286  50.211 0.0000000000
66924  -45.212  -23.904  49.631 0.0000000000
49094  -12.004  -41.819  69.603 0.0000000000
49093  -11.256  -42.302  69.138 0.0000000000
160385  -11.774  -42.073  68.833 0.0000000000
53092  -17.155  -37.946  65.225 0.0000000000
52038  -16.831  -38.465  65.741 0.0000000000
53106  -16.590  -38.340  64.517 0.0000000000
60148  -2.786  -30.987  51.575 0.0000000000
56152  -2.990  -36.219  59.355 0.0000000000
142482  -3.495  -35.651  58.826 0.0000000000
56158  -3.606  -36.027  58.528 0.0000000000
50208  -2.865  -41.830  49.809 0.0000000000
49104  -6.680  -42.671  66.121 0.0000000000
158313  -1.413  -52.986  61.278 0.0000000000
147466  -1.403  -52.267  61.481 0.0000000000
39613  -1.333  -52.445  60.906 0.0000000000
61038  -30.819  -30.010  63.616 0.0000000000
146864  -31.799  -29.840  63.151 0.0000000000
53123  -26.373  -37.805  63.987 0.0000000000
53111  -26.326  -37.856  64.815 0.0000000000
52073  -26.301  -38.354  63.461 0.0000000000
71684  -52.828  -19.447  43.711 0.0000000000
71694  -52.441  -19.098  43.302 0.0000000000
72756  -53.303  -18.942  43.497 0.0000000000
72766  -53.708  -18.278  43.141 0.0000000000
143233  -42.685  -25.291  52.414 0.0000000000
65131  -41.138  -26.153  52.045 0.0000000000
66023  -41.624  -25.618  51.268 0.0000000000
63190  -2.642  -29.320  58.174 0.0000000000
62143  -2.714  -30.200  56.783 0.0000000000
154537  -2.521  -30.574  57.095 0.0000000000
50116  -5.736  -41.743  57.015 0.0000000000
46668  -5.529  -45.531  51.225 0.0000000000
46667  -4.674  -45.032  50.981 0.0000000000
143435  -4.085  -45.655  50.745 0.0000000000
45788  -3.461  -45.868  50.459 0.0000000000
43597  -5.732  -47.593  67.985 0.0000000000
43589  -5.204  -47.731  68.729 0.0000000000
42628  -5.603  -47.984  67.716 0.0000000000
38542  -3.830  -52.788  63.316 0.0000000000
62153  -36.474  -28.497  56.460 0.0000000000
63213  -37.280  -28.459  56.767 0.0000000000
143149  -37.124  -28.394  57.577 0.0000000000
59080  -28.376  -31.873  58.655 0.0000000000
62152  -35.726  -28.543  56.318 0.0000000000
54085  -22.634  -37.347  70.487 0.0000000000
133581  -22.538  -37.564  70.092 0.0000000000
53037  -21.536  -38.193  69.572 0.0000000000
53049  -22.132  -38.203  68.801 0.0000000000
53066  -25.274  -38.132  67.725 0.0000000000
53053  -25.057  -38.018  68.529 0.0000000000
52040  -24.097  -39.069  66.050 0.0000000000
133782  -20.551  -37.323  61.363 0.0000000000
137993  -19.943  -36.893  62.037 0.0000000000
54185  -19.869  -37.022  61.052 0.0000000000
135731  -19.152  -36.936  60.740 0.0000000000
53127  -0.485  -38.059  61.992 0.0000000000
55179  -0.803  -37.029  62.509 0.0000000000
54177  -0.988  -37.584  61.347 0.0000000000
54178  -1.372  -37.171  60.894 0.0000000000
54191  -1.191  -37.908  60.609 0.0000000000
53159  -1.486  -39.025  59.309 0.0000000000
53158  -1.016  -39.170  59.794 0.0000000000
48293  -3.283  -43.469  59.134 0.0000000000
140347  -3.703  -45.126  58.378 0.0000000000
46591  -3.507  -45.264  58.697 0.0000000000
67856  -48.309  -23.585  47.976 0.0000000000
133831  -49.053  -23.424  48.444 0.0000000000
66935  -48.377  -23.531  48.678 0.0000000000
67855  -47.441  -23.590  47.585 0.0000000000
67864  -46.644  -23.504  46.974 0.0000000000
67866  -48.212  -23.429  47.079 0.0000000000
46492  -8.090  -45.731  64.796 0.0000000000
46476  -8.080  -45.500  65.645 0.0000000000
133658  -7.529  -46.591  64.657 0.0000000000
45648  -7.903  -46.226  64.018 0.0000000000
50068  -13.782  -40.981  60.771 0.0000000000
48263  -12.063  -42.036  62.165 0.0000000000
48262  -11.210  -42.612  62.790 0.0000000000
47405  -10.576  -43.209  62.357 0.0000000000
61051  -2.551  -30.463  61.294 0.0000000000
58074  -4.097  -33.369  55.207 0.0000000000
144665  -4.758  -33.857  54.866 0.0000000000
52191  -6.484  -39.718  53.637 0.0000000000
53249  -6.386  -38.937  54.045 0.0000000000
52190  -5.954  -39.194  53.054 0.0000000000
54326  -2.525  -37.483  50.901 0.0000000000
54327  -3.324  -37.585  51.469 0.0000000000
55297  -2.867  -36.732  50.978 0.0000000000
55296  -2.241  -36.832  50.548 0.0000000000
55307  -1.973  -36.562  50.244 0.0000000000
49135  -4.766  -42.119  62.621 0.0000000000
44634  -2.263  -48.330  66.244 0.0000000000
45634  -3.052  -47.063  66.136 0.0000000000
44650  -2.302  -47.875  65.941 0.0000000000
44721  -0.880  -47.251  62.168 0.0000000000
45672  -1.225  -46.401  62.463 0.0000000000
46537  -1.572  -45.615  62.172 0.0000000000
46554  -1.599  -45.945  61.401 0.0000000000
45689  -1.347  -46.850  61.299 0.0000000000
41805  -1.251  -50.897  57.679 0.0000000000
41791  -1.549  -50.282  57.630 0.0000000000
42765  -1.854  -49.976  57.009 0.0000000000
41806  -1.567  -50.759  56.900 0.0000000000
33428  -0.492  -58.213  57.758 0.0000000000
34347  -0.217  -57.730  58.549 0.0000000000
61016  -30.996  -30.347  65.679 0.0000000000
59016  -27.576  -33.017  63.572 0.0000000000
59034  -27.565  -32.468  62.952 0.0000000000
60020  -29.389  -31.473  65.156 0.0000000000
60032  -29.632  -30.931  64.703 0.0000000000
61026  -30.301  -30.435  64.685 0.0000000000
157899  -27.438  -35.196  65.397 0.0000000000
56104  -27.291  -35.456  64.709 0.0000000000
57000  -27.624  -34.756  65.021 0.0000000000
56992  -28.200  -34.529  66.414 0.0000000000
56094  -27.326  -35.643  65.792 0.0000000000
70697  -52.799  -20.250  44.544 0.0000000000
161125  -53.524  -20.102  44.928 0.0000000000
69691  -53.304  -20.512  45.326 0.0000000000
68757  -47.327  -21.980  43.958 0.0000000000
68756  -46.537  -22.155  43.708 0.0000000000
137056  -49.423  -21.093  43.901 0.0000000000
69706  -48.804  -20.605  43.460 0.0000000000
70711  -48.390  -20.274  43.095 0.0000000000
70712  -49.286  -20.181  43.309 0.0000000000
71691  -49.790  -19.725  43.022 0.0000000000
69699  -51.111  -20.303  43.975 0.0000000000
70705  -50.800  -20.098  43.696 0.0000000000
70707  -52.330  -19.844  43.936 0.0000000000
65122  -41.054  -26.811  53.545 0.0000000000
65123  -41.866  -26.521  53.769 0.0000000000
64212  -41.851  -27.011  55.177 0.0000000000
64201  -42.236  -26.731  56.085 0.0000000000
133688  -35.387  -28.497  53.566 0.0000000000
134166  -37.292  -28.460  52.435 0.0000000000
63248  -36.552  -28.499  52.493 0.0000000000
63256  -36.905  -28.430  51.571 0.0000000000
63265  -36.442  -28.268  50.556 0.0000000000
63258  -38.218  -27.997  51.883 0.0000000000
64220  -39.389  -27.483  52.600 0.0000000000
64221  -40.006  -27.086  52.601 0.0000000000
47491  -5.955  -44.915  56.078 0.0000000000
46633  -6.434  -45.264  55.274 0.0000000000
45760  -6.477  -46.641  53.283 0.0000000000
44828  -6.193  -47.172  52.797 0.0000000000
45772  -6.376  -46.340  52.355 0.0000000000
45771  -5.852  -47.004  51.850 0.0000000000
43841  -5.322  -47.681  51.582 0.0000000000
159517  -3.752  -49.745  51.049 0.0000000000
140722  -2.148  -49.968  50.159 0.0000000000
41872  -2.914  -50.706  50.932 0.0000000000
41691  -6.009  -48.708  64.627 0.0000000000
41714  -5.728  -49.640  63.351 0.0000000000
62129  -35.518  -28.664  58.187 0.0000000000
60084  -30.887  -30.912  59.406 0.0000000000
61084  -31.960  -29.856  58.591 0.0000000000
61088  -31.827  -29.744  57.677 0.0000000000
62149  -32.441  -29.424  57.219 0.0000000000
62128  -34.673  -28.934  58.402 0.0000000000
62140  -34.073  -29.071  57.770 0.0000000000
55114  -23.674  -36.393  71.431 0.0000000000
56063  -24.504  -36.237  71.096 0.0000000000
51053  -23.445  -39.422  62.230 0.0000000000
135169  -23.184  -39.244  62.856 0.0000000000
52086  -22.861  -38.960  61.971 0.0000000000
74840  -52.575  -16.333  40.783 0.0000000000
74851  -52.400  -15.696  40.059 0.0000000000
74841  -52.992  -15.604  40.453 0.0000000000
150394  -54.134  -14.467  41.096 0.0000000000
76783  -53.208  -14.317  40.134 0.0000000000
76788  -52.990  -14.092  39.658 0.0000000000
77756  -53.891  -13.523  40.930 0.0000000000
52077  -0.022  -39.260  62.125 0.0000000000
137202  -0.706  -39.899  60.687 0.0000000000
51061  -0.446  -39.903  61.819 0.0000000000
49148  -1.699  -42.040  60.906 0.0000000000
49154  -2.370  -42.324  59.944 0.0000000000
48283  -2.458  -43.521  60.230 0.0000000000
66933  -46.572  -23.619  48.791 0.0000000000
66926  -47.498  -23.518  49.512 0.0000000000
66931  -43.210  -24.222  48.590 0.0000000000
66042  -42.067  -24.628  48.104 0.0000000000
66940  -42.799  -24.279  47.902 0.0000000000
66952  -43.465  -23.984  47.363 0.0000000000
66932  -45.681  -23.701  48.837 0.0000000000
66943  -45.204  -23.690  48.084 0.0000000000
48216  -10.060  -42.898  69.843 0.0000000000
48227  -10.235  -43.206  67.765 0.0000000000
140499  -9.401  -43.935  66.532 0.0000000000
145075  -9.771  -43.603  66.071 0.0000000000
47426  -10.843  -43.443  60.099 0.0000000000
59057  -3.774  -33.187  60.607 0.0000000000
57060  -3.956  -35.196  58.093 0.0000000000
57051  -4.159  -34.339  58.108 0.0000000000
143943  -4.363  -35.050  57.459 0.0000000000
156587  -4.630  -35.050  57.016 0.0000000000
50166  -4.516  -41.207  51.536 0.0000000000
51201  -3.923  -40.918  51.335 0.0000000000
51215  -2.971  -41.140  50.360 0.0000000000
51200  -3.399  -40.193  51.163 0.0000000000
51199  -3.036  -40.230  50.702 0.0000000000
53286  -2.699  -38.789  50.932 0.0000000000
156764  -2.909  -40.296  49.330 0.0000000000
49114  -6.569  -42.877  63.936 0.0000000000
50039  -6.832  -42.308  63.477 0.0000000000
48252  -5.968  -43.145  63.645 0.0000000000
49126  -5.442  -43.041  63.170 0.0000000000
148888  -5.454  -43.748  63.784 0.0000000000
40639  -0.454  -50.608  64.770 0.0000000000
41702  0.009  -50.124  64.954 0.0000000000
146644  -0.847  -50.378  62.224 0.0000000000
153701  -0.502  -49.750  62.460 0.0000000000
43675  -0.546  -48.413  62.244 0.0000000000
153073  -0.504  -49.001  61.855 0.0000000000
42707  -0.793  -49.192  61.084 0.0000000000
143285  -1.097  -49.970  60.689 0.0000000000
40706  -1.240  -51.344  59.760 0.0000000000
40722  -1.124  -51.600  59.070 0.0000000000
40737  -1.152  -51.247  58.337 0.0000000000
39646  -1.101  -51.992  58.312 0.0000000000
59070  -28.303  -32.129  59.477 0.0000000000
59059  -28.188  -32.307  60.289 0.0000000000
59035  -28.281  -31.773  63.027 0.0000000000
156648  -28.094  -32.081  62.081 0.0000000000
143648  -28.827  -31.624  62.197 0.0000000000
60068  -29.449  -31.486  61.486 0.0000000000
60077  -30.123  -31.295  60.677 0.0000000000
61062  -32.196  -29.931  61.652 0.0000000000
54187  -26.765  -36.976  61.825 0.0000000000
54092  -26.795  -36.066  69.264 0.0000000000
157969  -26.512  -36.447  69.077 0.0000000000
54097  -26.938  -36.401  68.782 0.0000000000
56981  -28.310  -34.995  68.181 0.0000000000
56081  -27.491  -35.932  67.578 0.0000000000
53110  -26.109  -38.169  65.277 0.0000000000
53080  -26.372  -37.707  66.448 0.0000000000
52043  -25.720  -38.484  65.715 0.0000000000
53079  -25.893  -38.146  66.392 0.0000000000
52058  -25.288  -38.945  65.117 0.0000000000
52057  -24.636  -39.303  64.351 0.0000000000
51038  -24.254  -39.562  63.513 0.0000000000
51069  -23.983  -39.699  61.554 0.0000000000
74819  -55.536  -16.130  43.538 0.0000000000
71705  -50.382  -19.185  42.702 0.0000000000
72777  -52.002  -18.362  42.572 0.0000000000
72776  -51.396  -18.359  42.423 0.0000000000
73859  -52.055  -16.883  41.209 0.0000000000
73850  -52.553  -17.713  42.284 0.0000000000
73842  -53.941  -17.454  42.694 0.0000000000
73843  -54.668  -16.739  42.955 0.0000000000
66021  -43.313  -24.656  50.882 0.0000000000
66899  -44.454  -24.354  51.921 0.0000000000
66867  -44.816  -24.791  53.932 0.0000000000
160777  -45.030  -24.499  53.335 0.0000000000
66007  -43.521  -25.748  54.227 0.0000000000
64228  -38.457  -27.295  50.391 0.0000000000
64231  -37.484  -27.320  49.319 0.0000000000
65134  -40.322  -26.039  50.356 0.0000000000
66028  -40.797  -25.539  49.747 0.0000000000
66024  -42.477  -25.064  50.823 0.0000000000
53142  -16.108  -38.023  61.644 0.0000000000
53160  -15.286  -38.581  60.306 0.0000000000
52112  -14.918  -39.176  59.809 0.0000000000
62154  -3.779  -30.107  55.633 0.0000000000
142948  -2.665  -30.789  55.437 0.0000000000
61095  -3.087  -30.402  55.046 0.0000000000
60118  -2.663  -31.376  54.139 0.0000000000
53186  -3.705  -38.387  57.724 0.0000000000
52146  -4.425  -39.043  57.337 0.0000000000
141540  -6.996  -41.291  55.809 0.0000000000
51139  -6.713  -40.523  55.631 0.0000000000
47508  -7.366  -44.049  54.378 0.0000000000
48332  -7.359  -43.385  54.822 0.0000000000
48343  -7.533  -43.361  53.951 0.0000000000
48366  -6.899  -43.495  52.092 0.0000000000
49220  -7.175  -42.830  52.735 0.0000000000
49219  -6.460  -42.557  52.205 0.0000000000
50153  -6.800  -41.342  53.044 0.0000000000
49218  -5.477  -42.235  51.740 0.0000000000
48371  -4.060  -43.322  50.801 0.0000000000
44863  -2.940  -47.483  50.093 0.0000000000
143120  -2.545  -47.960  49.669 0.0000000000
48223  -5.017  -44.100  68.538 0.0000000000
47337  -4.732  -44.511  68.715 0.0000000000
42617  -3.830  -48.261  68.495 0.0000000000
151116  -3.876  -46.539  68.496 0.0000000000
44612  -3.604  -47.254  68.390 0.0000000000
44622  -3.220  -47.506  67.633 0.0000000000
42634  -2.831  -48.955  67.547 0.0000000000
41680  -5.204  -49.330  65.956 0.0000000000
40635  -4.732  -50.013  65.359 0.0000000000
39559  -3.377  -52.103  64.378 0.0000000000
39546  -3.157  -51.440  65.091 0.0000000000
39545  -2.435  -51.110  65.217 0.0000000000
40632  -2.133  -50.471  65.503 0.0000000000
40641  -1.717  -50.865  65.118 0.0000000000
40640  -1.078  -50.699  64.942 0.0000000000
39557  -1.792  -51.481  64.512 0.0000000000
38549  -2.407  -53.272  62.919 0.0000000000
38539  -1.900  -52.501  62.986 0.0000000000
38548  -1.862  -53.210  62.504 0.0000000000
38557  -1.609  -53.418  61.908 0.0000000000
63232  -37.750  -28.468  55.112 0.0000000000
63225  -38.314  -28.353  55.882 0.0000000000
134299  -29.736  -31.118  57.790 0.0000000000
60094  -29.774  -30.902  57.046 0.0000000000
62169  -34.411  -28.495  54.922 0.0000000000
62159  -33.561  -28.583  55.526 0.0000000000
62177  -34.269  -28.491  54.356 0.0000000000
133655  -37.070  -28.562  55.222 0.0000000000
63231  -36.532  -28.601  54.697 0.0000000000
53060  -19.889  -38.044  67.872 0.0000000000
53073  -18.297  -37.675  66.544 0.0000000000
54112  -19.038  -37.374  65.963 0.0000000000
53052  -24.528  -38.111  68.825 0.0000000000
133631  -24.880  -37.089  69.750 0.0000000000
133921  -24.207  -37.885  69.351 0.0000000000
53040  -23.878  -37.536  69.845 0.0000000000
53051  -23.887  -38.292  68.706 0.0000000000
53109  -22.639  -38.521  64.100 0.0000000000
53108  -22.183  -38.059  64.724 0.0000000000
54130  -21.680  -37.724  65.411 0.0000000000
54115  -21.978  -37.989  66.181 0.0000000000
54114  -21.102  -37.603  66.175 0.0000000000
54129  -20.743  -37.391  65.362 0.0000000000
54154  -19.416  -36.673  63.127 0.0000000000
54140  -19.432  -36.921  64.667 0.0000000000
145728  -18.961  -36.635  64.044 0.0000000000
54139  -18.010  -37.032  64.212 0.0000000000
54153  -18.303  -36.721  63.349 0.0000000000
54169  -17.614  -37.063  62.643 0.0000000000
54184  -17.989  -37.035  61.742 0.0000000000
136772  -17.613  -37.101  59.700 0.0000000000
54193  -17.623  -37.195  60.554 0.0000000000
78708  -53.822  -12.060  41.277 0.0000000000
79636  -53.441  -11.889  40.664 0.0000000000
79637  -54.108  -11.141  41.255 0.0000000000
80570  -55.779  -9.573  40.863 0.0000000000
57994  -3.148  -33.809  63.096 0.0000000000
57015  -3.241  -34.286  62.273 0.0000000000
57035  -2.763  -35.551  60.934 0.0000000000
56099  -1.531  -35.865  64.958 0.0000000000
55209  -1.710  -36.910  60.550 0.0000000000
55210  -2.142  -36.620  60.208 0.0000000000
54204  -2.216  -37.660  59.482 0.0000000000
54219  -2.504  -37.946  58.884 0.0000000000
51109  -2.454  -40.218  58.598 0.0000000000
52133  -2.621  -39.520  58.414 0.0000000000
51111  -3.955  -40.694  57.904 0.0000000000
144918  -3.586  -41.387  58.386 0.0000000000
145709  -1.554  -40.717  59.460 0.0000000000
50088  -1.893  -40.799  59.139 0.0000000000
50089  -2.432  -41.468  59.264 0.0000000000
48306  -3.706  -43.473  58.799 0.0000000000
49166  -3.835  -42.609  58.648 0.0000000000
49167  -4.432  -42.568  58.031 0.0000000000
47460  -4.751  -44.057  57.566 0.0000000000
46620  -3.826  -46.264  57.315 0.0000000000
46621  -4.455  -45.789  56.970 0.0000000000
45728  -4.118  -46.574  56.556 0.0000000000
45735  -4.412  -46.738  55.875 0.0000000000
45734  -3.725  -47.367  56.125 0.0000000000
67868  -50.219  -22.962  47.351 0.0000000000
63227  -40.091  -27.558  55.989 0.0000000000
66953  -44.499  -23.730  46.866 0.0000000000
66966  -44.100  -23.663  46.203 0.0000000000
67862  -44.977  -23.595  46.326 0.0000000000
67874  -45.606  -23.408  45.654 0.0000000000
67890  -46.194  -23.054  44.966 0.0000000000
138163  -48.831  -23.242  46.782 0.0000000000
67878  -49.162  -22.969  46.204 0.0000000000
68740  -49.592  -22.451  45.586 0.0000000000
48204  -6.368  -43.545  70.582 0.0000000000
139377  -6.572  -44.847  69.935 0.0000000000
45587  -5.986  -46.038  69.138 0.0000000000
45588  -6.521  -45.651  68.750 0.0000000000
47336  -8.740  -43.701  69.565 0.0000000000
47335  -7.768  -44.143  69.722 0.0000000000
46439  -7.550  -44.737  68.360 0.0000000000
45621  -6.972  -46.620  66.693 0.0000000000
44636  -6.622  -47.050  67.192 0.0000000000
44671  -6.897  -47.170  65.774 0.0000000000
43633  -6.703  -47.510  65.533 0.0000000000
43634  -6.980  -47.228  65.092 0.0000000000
43664  -6.964  -47.842  63.220 0.0000000000
43676  -7.097  -47.996  62.321 0.0000000000
42700  -6.820  -48.754  62.073 0.0000000000
52083  -15.485  -39.234  63.067 0.0000000000
155197  -15.806  -39.004  63.500 0.0000000000
51051  -14.348  -40.364  62.738 0.0000000000
51036  -14.994  -39.904  63.126 0.0000000000
51035  -14.618  -40.343  63.509 0.0000000000
160566  -14.815  -40.324  64.174 0.0000000000
50027  -14.242  -40.725  64.099 0.0000000000
50067  -13.324  -41.443  61.175 0.0000000000
49146  -12.981  -41.741  61.382 0.0000000000
49128  -12.904  -41.495  63.067 0.0000000000
49139  -12.936  -41.419  62.341 0.0000000000
50026  -13.508  -41.150  64.589 0.0000000000
49110  -12.836  -41.558  65.258 0.0000000000
49109  -12.047  -41.988  65.629 0.0000000000
49102  -12.217  -42.105  67.242 0.0000000000
49105  -11.468  -42.428  66.045 0.0000000000
48236  -10.871  -42.724  65.610 0.0000000000
47391  -10.109  -43.644  63.768 0.0000000000
47377  -9.423  -44.334  64.123 0.0000000000
46557  -9.690  -44.840  60.456 0.0000000000
46523  -8.613  -45.342  62.686 0.0000000000
45674  -8.219  -46.145  62.033 0.0000000000
151248  -7.858  -46.691  62.486 0.0000000000
62104  -2.424  -29.699  60.535 0.0000000000
148251  -2.391  -29.997  59.661 0.0000000000
60070  -3.245  -31.247  59.824 0.0000000000
60086  -3.517  -31.776  58.110 0.0000000000
60092  -2.883  -31.591  57.287 0.0000000000
59095  -2.616  -31.542  56.598 0.0000000000
153571  -2.845  -32.156  56.074 0.0000000000
58082  -3.572  -32.806  54.634 0.0000000000
59106  -3.131  -32.427  54.930 0.0000000000
59128  -3.133  -32.322  53.278 0.0000000000
53198  -4.553  -37.985  57.196 0.0000000000
54252  -4.626  -37.051  57.144 0.0000000000
54282  -6.139  -37.169  54.689 0.0000000000
143555  -5.772  -37.062  55.723 0.0000000000
55268  -5.968  -36.167  55.096 0.0000000000
56180  -5.433  -35.345  55.814 0.0000000000
53269  -5.301  -38.669  52.614 0.0000000000
139627  -4.678  -38.237  52.325 0.0000000000
55285  -4.720  -36.521  51.924 0.0000000000
55286  -5.466  -36.844  52.561 0.0000000000
141960  -5.598  -36.039  52.288 0.0000000000
56191  -6.146  -35.096  53.649 0.0000000000
56201  -5.782  -35.240  52.571 0.0000000000
57107  -5.567  -34.361  53.226 0.0000000000
57119  -5.046  -34.421  52.083 0.0000000000
143431  -3.025  -35.042  50.468 0.0000000000
57133  -3.622  -34.034  50.693 0.0000000000
58111  -4.029  -33.249  51.517 0.0000000000
58130  -2.858  -33.670  50.369 0.0000000000
145059  -4.689  -45.040  67.300 0.0000000000
48233  -5.999  -44.077  66.151 0.0000000000
47348  -4.785  -45.320  66.111 0.0000000000
46490  -3.502  -46.282  64.847 0.0000000000
47359  -4.662  -45.335  64.894 0.0000000000
46491  -3.957  -45.709  64.469 0.0000000000
47375  -4.257  -44.973  64.046 0.0000000000
47374  -3.431  -45.100  63.853 0.0000000000
161545  -1.432  -47.979  64.191 0.0000000000
44690  -1.732  -47.846  64.534 0.0000000000
45645  -1.550  -47.163  63.881 0.0000000000
46504  -2.083  -45.288  62.989 0.0000000000
133988  -2.103  -46.021  63.784 0.0000000000
46505  -2.491  -45.118  63.271 0.0000000000
47389  -3.089  -44.347  63.390 0.0000000000
47388  -2.791  -44.172  63.009 0.0000000000
143317  -2.262  -43.362  62.736 0.0000000000
49134  -1.932  -43.039  62.659 0.0000000000
137986  -1.652  -41.817  63.264 0.0000000000
49133  -1.642  -42.699  62.446 0.0000000000
46555  -1.858  -45.360  61.059 0.0000000000
47436  -2.504  -44.569  60.000 0.0000000000
146522  -2.630  -46.134  59.960 0.0000000000
44758  -1.390  -48.294  60.482 0.0000000000
44773  -2.343  -48.638  58.358 0.0000000000
44766  -2.308  -48.191  59.168 0.0000000000
44767  -2.697  -47.826  58.525 0.0000000000
159435  -3.060  -46.982  58.759 0.0000000000
45719  -3.038  -47.474  57.876 0.0000000000
43776  -2.377  -49.360  56.288 0.0000000000
43777  -2.662  -48.963  55.876 0.0000000000
42786  -2.543  -49.742  55.828 0.0000000000
35387  -0.277  -56.464  59.238 0.0000000000
146353  -0.469  -57.165  59.914 0.0000000000
36412  -0.812  -55.256  60.057 0.0000000000
36448  -0.698  -55.156  57.482 0.0000000000
37541  -1.104  -54.198  57.652 0.0000000000
38589  -1.344  -53.176  57.281 0.0000000000
147919  -1.420  -53.634  57.088 0.0000000000
38596  -1.665  -52.855  56.573 0.0000000000
38599  -2.058  -53.083  56.088 0.0000000000
156013  -1.718  -51.838  56.451 0.0000000000
150532  -2.104  -52.532  56.029 0.0000000000
39675  -3.107  -51.965  55.114 0.0000000000
40786  -3.236  -51.383  54.921 0.0000000000
41836  -3.463  -50.954  54.616 0.0000000000
40797  -3.758  -51.428  53.956 0.0000000000
41848  -4.052  -51.067  53.356 0.0000000000
60022  -30.825  -30.948  66.409 0.0000000000
137259  -31.416  -30.489  66.779 0.0000000000
60011  -31.127  -31.081  67.184 0.0000000000
59003  -28.367  -32.481  64.407 0.0000000000
138189  -27.996  -34.188  65.396 0.0000000000
57967  -28.381  -33.529  65.711 0.0000000000
57974  -28.158  -33.322  64.887 0.0000000000
57955  -29.695  -32.925  68.011 0.0000000000
57954  -29.342  -33.649  67.553 0.0000000000
59989  -30.942  -31.512  68.291 0.0000000000
133965  -51.828  -20.946  44.925 0.0000000000
69690  -52.488  -20.700  45.053 0.0000000000
69680  -52.332  -21.290  45.610 0.0000000000
68748  -48.450  -22.159  44.753 0.0000000000
68758  -48.134  -21.722  44.186 0.0000000000
69686  -48.945  -21.560  44.273 0.0000000000
69697  -50.000  -20.847  43.905 0.0000000000
70704  -50.259  -20.349  43.687 0.0000000000
69689  -51.109  -20.915  44.496 0.0000000000
64215  -39.703  -27.478  53.410 0.0000000000
64216  -40.488  -27.228  53.984 0.0000000000
64210  -40.594  -27.326  54.768 0.0000000000
64199  -40.703  -27.303  55.525 0.0000000000
134106  -37.829  -28.319  52.375 0.0000000000
63250  -38.301  -28.189  52.696 0.0000000000
63251  -38.906  -27.884  53.068 0.0000000000
45736  -5.260  -46.555  55.321 0.0000000000
46642  -6.203  -46.077  54.912 0.0000000000
44827  -5.862  -47.912  53.148 0.0000000000
44840  -5.475  -48.367  52.313 0.0000000000
43831  -4.980  -49.355  52.456 0.0000000000
150146  -4.526  -50.107  52.175 0.0000000000
41715  -6.227  -49.099  63.146 0.0000000000
41728  -5.920  -49.700  62.635 0.0000000000
143534  -5.672  -50.364  62.127 0.0000000000
61069  -31.973  -30.016  60.457 0.0000000000
62126  -32.810  -29.560  59.134 0.0000000000
62118  -34.364  -29.066  59.140 0.0000000000
56955  -25.173  -34.569  71.720 0.0000000000
74833  -53.938  -16.082  41.683 0.0000000000
75827  -53.541  -15.456  40.818 0.0000000000
75828  -54.162  -15.144  41.305 0.0000000000
76774  -54.704  -14.570  41.896 0.0000000000
147846  -0.922  -40.602  61.527 0.0000000000
51045  -0.705  -40.638  62.453 0.0000000000
49143  -1.453  -42.266  61.872 0.0000000000
66925  -46.137  -23.705  49.400 0.0000000000
148132  -46.671  -23.686  49.848 0.0000000000
66030  -42.394  -24.760  49.372 0.0000000000
66031  -43.148  -24.411  49.243 0.0000000000
134399  -43.911  -24.045  48.945 0.0000000000
134423  -44.381  -23.806  48.337 0.0000000000
49092  -10.636  -42.431  69.982 0.0000000000
48217  -10.581  -42.697  69.174 0.0000000000
48222  -10.792  -42.728  68.307 0.0000000000
53058  -17.644  -38.174  67.048 0.0000000000
61122  -2.956  -30.704  52.932 0.0000000000
61140  -3.234  -30.518  52.522 0.0000000000
61139  -2.902  -30.718  52.292 0.0000000000
57036  -3.305  -34.943  60.323 0.0000000000
57043  -3.702  -34.599  59.453 0.0000000000
56164  -4.052  -35.627  57.908 0.0000000000
49242  -3.654  -42.261  50.751 0.0000000000
50181  -3.914  -41.748  51.118 0.0000000000
50197  -3.521  -41.632  50.815 0.0000000000
51230  -2.758  -41.012  49.491 0.0000000000
50024  -7.054  -42.349  64.471 0.0000000000
40659  -0.958  -50.759  63.054 0.0000000000
41713  -0.246  -50.506  63.561 0.0000000000
40669  -1.289  -51.363  62.103 0.0000000000
147320  -1.132  -50.986  62.008 0.0000000000
41739  -1.090  -50.730  61.263 0.0000000000
40693  -1.254  -51.513  60.592 0.0000000000
139055  -1.226  -52.107  59.875 0.0000000000
39634  -1.232  -52.854  59.424 0.0000000000
60042  -29.117  -31.130  63.294 0.0000000000
60055  -29.661  -30.799  62.751 0.0000000000
61048  -30.404  -30.424  62.667 0.0000000000
138507  -31.022  -30.435  61.857 0.0000000000
161600  -26.909  -35.537  62.463 0.0000000000
56087  -27.407  -35.862  66.694 0.0000000000
55143  -27.198  -36.534  66.934 0.0000000000
53097  -26.480  -37.672  65.593 0.0000000000
51039  -24.859  -39.538  63.550 0.0000000000
51040  -25.645  -39.376  63.310 0.0000000000
73836  -54.537  -17.683  43.394 0.0000000000
71693  -51.494  -19.414  43.326 0.0000000000
72762  -51.074  -18.909  42.722 0.0000000000
72764  -52.163  -18.799  42.993 0.0000000000
72778  -52.483  -18.341  42.735 0.0000000000
136349  -42.962  -24.822  51.643 0.0000000000
66016  -43.567  -24.773  52.495 0.0000000000
66008  -43.915  -25.028  53.592 0.0000000000
65129  -39.953  -26.585  50.994 0.0000000000
155883  -41.009  -25.675  50.582 0.0000000000
157572  -15.833  -38.199  59.203 0.0000000000
62144  -3.295  -29.866  56.520 0.0000000000
51125  -4.804  -39.980  57.214 0.0000000000
51126  -6.304  -41.031  56.491 0.0000000000
46662  -7.010  -45.219  52.475 0.0000000000
47538  -7.317  -44.321  52.626 0.0000000000
47537  -6.697  -44.556  51.829 0.0000000000
48374  -5.946  -43.887  51.446 0.0000000000
48373  -5.193  -43.406  51.261 0.0000000000
47548  -5.011  -44.107  51.119 0.0000000000
47547  -4.246  -44.171  50.818 0.0000000000
46674  -3.170  -45.310  50.337 0.0000000000
45787  -2.923  -46.190  50.058 0.0000000000
149776  -4.928  -45.483  69.747 0.0000000000
46429  -4.488  -45.841  69.330 0.0000000000
158916  -4.743  -46.871  69.550 0.0000000000
43588  -4.762  -47.771  68.903 0.0000000000
42626  -4.678  -48.585  68.148 0.0000000000
39561  -4.400  -51.536  64.023 0.0000000000
39560  -4.079  -51.735  64.383 0.0000000000
39572  -3.758  -52.388  63.839 0.0000000000
38541  -3.407  -52.680  63.644 0.0000000000
38534  -2.913  -52.424  64.056 0.0000000000
39571  -2.414  -52.219  64.010 0.0000000000
38540  -2.902  -52.900  63.474 0.0000000000
37497  -2.773  -53.862  62.562 0.0000000000
153827  -37.669  -28.465  56.185 0.0000000000
61086  -30.334  -30.296  56.813 0.0000000000
62150  -34.460  -28.699  56.956 0.0000000000
62151  -34.937  -28.567  56.281 0.0000000000
62170  -35.626  -28.582  54.813 0.0000000000
53048  -21.001  -38.298  68.630 0.0000000000
53075  -20.473  -37.702  66.943 0.0000000000
55124  -26.201  -36.037  69.646 0.0000000000
154833  -25.733  -36.315  69.735 0.0000000000
54090  -25.304  -37.170  69.325 0.0000000000
53065  -24.607  -38.356  67.941 0.0000000000
138336  -21.830  -37.910  62.642 0.0000000000
54156  -21.212  -37.626  63.063 0.0000000000
143614  -20.870  -37.445  63.798 0.0000000000
54141  -20.381  -37.194  64.598 0.0000000000
54194  -18.703  -36.974  60.154 0.0000000000
75844  -52.504  -14.407  39.084 0.0000000000
56109  -1.453  -36.136  63.000 0.0000000000
55180  -1.300  -36.657  62.199 0.0000000000
54192  -1.562  -37.518  60.258 0.0000000000
54203  -1.785  -38.064  59.710 0.0000000000
54218  -2.065  -38.549  59.166 0.0000000000
51096  -1.917  -40.275  58.857 0.0000000000
49155  -2.515  -42.022  59.548 0.0000000000
49160  -2.907  -42.460  59.323 0.0000000000
47459  -4.106  -44.452  58.296 0.0000000000
67857  -49.761  -23.264  48.090 0.0000000000
66955  -45.932  -23.635  47.475 0.0000000000
67876  -47.500  -23.179  45.729 0.0000000000
47328  -7.117  -43.993  70.460 0.0000000000
46463  -8.060  -45.105  66.445 0.0000000000
46450  -7.724  -44.874  67.428 0.0000000000
45622  -7.411  -46.023  66.143 0.0000000000
44672  -7.191  -46.932  65.242 0.0000000000
44691  -7.209  -47.060  64.545 0.0000000000
44708  -7.475  -46.804  63.885 0.0000000000
51066  -14.596  -39.842  61.563 0.0000000000
51065  -14.127  -40.362  61.957 0.0000000000
50051  -13.739  -40.762  62.290 0.0000000000
151368  -12.606  -41.914  61.522 0.0000000000
49127  -12.531  -41.780  62.672 0.0000000000
49115  -12.321  -41.927  63.625 0.0000000000
48245  -11.559  -42.290  64.227 0.0000000000
48244  -10.851  -42.638  64.771 0.0000000000
138757  -10.011  -43.870  62.797 0.0000000000
45691  -9.356  -45.621  60.024 0.0000000000
144746  -8.403  -46.852  60.025 0.0000000000
44748  -8.114  -46.843  60.748 0.0000000000
58040  -4.310  -33.547  57.576 0.0000000000
59077  -4.125  -32.705  57.871 0.0000000000
59078  -3.835  -32.865  57.109 0.0000000000
58061  -3.534  -32.804  56.266 0.0000000000
58073  -3.579  -32.893  55.453 0.0000000000
53212  -5.946  -38.101  55.595 0.0000000000
53228  -6.311  -38.059  54.513 0.0000000000
54301  -6.151  -37.493  53.753 0.0000000000
53267  -3.830  -38.324  51.850 0.0000000000
55298  -3.828  -36.115  51.327 0.0000000000
56214  -2.939  -35.834  50.671 0.0000000000
56230  -2.250  -35.582  50.242 0.0000000000
138249  -2.070  -35.149  49.991 0.0000000000
56229  -2.023  -35.940  50.138 0.0000000000
46461  -3.900  -46.243  67.293 0.0000000000
46474  -3.621  -46.571  66.071 0.0000000000
46473  -3.075  -46.887  65.150 0.0000000000
45660  -1.356  -46.650  63.167 0.0000000000
46521  -1.668  -45.649  62.683 0.0000000000
46522  -2.102  -44.833  62.454 0.0000000000
141981  -1.936  -44.990  62.027 0.0000000000
47413  -2.060  -44.376  61.922 0.0000000000
46538  -1.827  -45.145  61.623 0.0000000000
42741  -1.538  -50.127  58.904 0.0000000000
43714  -1.863  -48.819  59.532 0.0000000000
42742  -1.632  -49.987  58.364 0.0000000000
43728  -1.981  -49.330  58.503 0.0000000000
43741  -2.219  -49.051  57.643 0.0000000000
153400  -2.360  -48.807  57.102 0.0000000000
43756  -2.129  -49.339  57.038 0.0000000000
42766  -2.177  -49.676  56.622 0.0000000000
146117  -0.165  -56.912  58.577 0.0000000000
35398  -0.262  -55.965  58.157 0.0000000000
36449  -1.003  -55.255  56.820 0.0000000000
141410  -2.873  -52.638  55.291 0.0000000000
135812  -26.993  -34.096  62.083 0.0000000000
59018  -28.705  -31.775  63.788 0.0000000000
54157  -26.607  -37.341  63.591 0.0000000000
137505  -26.852  -36.809  63.229 0.0000000000
55175  -26.987  -36.126  63.829 0.0000000000
140946  -27.146  -35.782  62.972 0.0000000000
57007  -27.561  -34.755  64.066 0.0000000000
56113  -27.188  -34.783  63.022 0.0000000000
56982  -28.930  -34.427  67.868 0.0000000000
56986  -28.325  -34.814  67.425 0.0000000000
56088  -27.822  -35.311  67.079 0.0000000000
55153  -27.177  -36.501  66.077 0.0000000000
55165  -27.024  -36.291  65.029 0.0000000000
70699  -54.151  -19.695  45.122 0.0000000000
69695  -47.828  -21.445  43.741 0.0000000000
69704  -46.778  -21.048  43.069 0.0000000000
145953  -47.400  -20.430  42.796 0.0000000000
142565  -50.503  -19.705  43.256 0.0000000000
154415  -50.528  -19.993  43.532 0.0000000000
70714  -50.980  -19.731  43.445 0.0000000000
71683  -52.033  -19.466  43.491 0.0000000000
65127  -41.489  -26.271  52.925 0.0000000000
66015  -42.283  -25.886  53.122 0.0000000000
64217  -41.342  -27.002  54.455 0.0000000000
148720  -36.336  -28.056  49.517 0.0000000000
63274  -37.022  -27.785  49.899 0.0000000000
48319  -6.395  -43.184  56.332 0.0000000000
47492  -6.589  -44.409  55.570 0.0000000000
47507  -6.974  -44.683  54.807 0.0000000000
46644  -7.310  -44.708  54.082 0.0000000000
45746  -6.498  -46.390  54.057 0.0000000000
160318  -6.679  -45.765  52.450 0.0000000000
45780  -5.757  -46.216  51.445 0.0000000000
45778  -4.053  -46.486  50.696 0.0000000000
44851  -4.441  -47.452  50.897 0.0000000000
43856  -3.649  -47.997  50.557 0.0000000000
43839  -3.534  -49.060  50.721 0.0000000000
42853  -2.415  -49.203  50.131 0.0000000000
42649  -5.980  -48.275  66.319 0.0000000000
41675  -5.540  -48.642  66.563 0.0000000000
41690  -5.545  -49.143  64.864 0.0000000000
40652  -5.168  -49.983  64.320 0.0000000000
40661  -5.272  -50.255  63.581 0.0000000000
40651  -4.787  -50.894  63.835 0.0000000000
39574  -4.414  -51.825  63.442 0.0000000000
62142  -35.907  -28.479  57.087 0.0000000000
63201  -36.291  -28.489  57.789 0.0000000000
60082  -29.898  -31.522  59.108 0.0000000000
138533  -30.467  -31.225  59.057 0.0000000000
61075  -31.356  -30.433  59.031 0.0000000000
61087  -31.009  -29.975  57.304 0.0000000000
156614  -32.474  -29.229  56.629 0.0000000000
54082  -23.437  -36.916  70.912 0.0000000000
53031  -23.235  -37.490  69.964 0.0000000000
52056  -23.679  -39.184  64.527 0.0000000000
137291  -24.140  -39.197  65.309 0.0000000000
52068  -22.955  -38.929  63.499 0.0000000000
52085  -22.370  -38.364  62.235 0.0000000000
52096  -22.266  -38.391  61.318 0.0000000000
140467  -21.795  -37.877  61.667 0.0000000000
53144  -21.137  -37.683  61.121 0.0000000000
54186  -20.526  -37.406  60.654 0.0000000000
75836  -52.552  -14.850  39.502 0.0000000000
75831  -53.147  -14.893  40.248 0.0000000000
76787  -52.764  -14.260  39.334 0.0000000000
77763  -52.808  -13.932  39.239 0.0000000000
77764  -53.016  -13.577  39.791 0.0000000000
78717  -53.513  -12.975  40.592 0.0000000000
77738  -54.787  -12.972  42.345 0.0000000000
52102  -0.654  -39.246  60.444 0.0000000000
52110  -0.854  -39.676  59.914 0.0000000000
50066  -1.531  -41.139  60.155 0.0000000000
48284  -2.740  -42.916  59.669 0.0000000000
47445  -2.942  -44.523  59.505 0.0000000000
66927  -48.380  -23.462  49.248 0.0000000000
66041  -41.392  -24.974  47.824 0.0000000000
137539  -43.953  -23.820  46.937 0.0000000000
66944  -47.032  -23.651  48.267 0.0000000000
48210  -9.502  -42.916  70.658 0.0000000000
48215  -9.422  -43.163  70.139 0.0000000000
47339  -8.871  -43.804  68.665 0.0000000000
48226  -9.592  -43.516  68.263 0.0000000000
143150  -8.991  -43.849  67.858 0.0000000000
47350  -8.866  -44.527  66.305 0.0000000000
46477  -8.697  -44.920  65.272 0.0000000000
50078  -13.368  -41.497  59.386 0.0000000000
49157  -12.939  -42.009  59.909 0.0000000000
49150  -12.524  -42.373  60.215 0.0000000000
49145  -12.624  -42.186  60.955 0.0000000000
48275  -11.061  -42.881  60.952 0.0000000000
47416  -10.586  -43.230  61.571 0.0000000000
47425  -10.310  -44.328  60.101 0.0000000000
60056  -2.940  -31.163  60.983 0.0000000000
60071  -3.537  -32.008  60.776 0.0000000000
58039  -4.260  -33.457  58.371 0.0000000000
140688  -4.004  -34.208  58.778 0.0000000000
57069  -4.638  -34.283  56.766 0.0000000000
52208  -4.203  -39.607  51.733 0.0000000000
52227  -3.739  -39.964  51.433 0.0000000000
52207  -3.642  -39.122  51.595 0.0000000000
53301  -2.346  -38.221  50.372 0.0000000000
54341  -2.104  -37.617  49.716 0.0000000000
50049  -6.975  -41.147  62.538 0.0000000000
49136  -5.475  -42.371  62.744 0.0000000000
161749  -4.264  -43.107  63.102 0.0000000000
42663  -1.082  -49.738  65.223 0.0000000000
135599  -1.546  -49.116  65.221 0.0000000000
43632  -0.675  -49.514  64.902 0.0000000000
43650  -0.661  -49.164  64.464 0.0000000000
43649  -0.541  -48.885  63.935 0.0000000000
41726  -0.079  -49.884  63.258 0.0000000000
42687  -0.163  -49.293  63.693 0.0000000000
44688  -1.073  -48.251  63.272 0.0000000000
44706  -0.821  -47.965  62.584 0.0000000000
159516  -0.657  -47.847  62.169 0.0000000000
44736  -0.670  -47.917  61.756 0.0000000000
43687  -0.667  -48.510  61.383 0.0000000000
43699  -1.008  -48.751  60.789 0.0000000000
145211  -1.330  -50.164  59.803 0.0000000000
42730  -1.462  -49.858  59.568 0.0000000000
41765  -1.448  -50.336  59.031 0.0000000000
41777  -1.301  -50.679  58.502 0.0000000000
160664  -28.802  -31.922  61.327 0.0000000000
145644  -28.711  -32.083  60.663 0.0000000000
60078  -30.855  -30.881  60.222 0.0000000000
61068  -31.417  -30.410  60.689 0.0000000000
61061  -31.539  -30.248  61.374 0.0000000000
62108  -32.660  -29.786  61.155 0.0000000000
54096  -26.077  -37.297  68.337 0.0000000000
53078  -25.517  -38.170  66.891 0.0000000000
56071  -27.739  -35.522  68.945 0.0000000000
161634  -27.010  -36.927  67.057 0.0000000000
135108  -27.142  -36.683  67.574 0.0000000000
54104  -26.794  -36.922  68.133 0.0000000000
152769  -26.313  -37.413  67.672 0.0000000000
52027  -25.506  -38.457  66.241 0.0000000000
154535  -24.182  -39.275  64.694 0.0000000000
52069  -23.632  -39.557  62.965 0.0000000000
133554  -24.352  -39.800  62.990 0.0000000000
138662  -23.684  -39.518  61.747 0.0000000000
72775  -50.675  -18.463  42.225 0.0000000000
73847  -50.182  -17.920  41.539 0.0000000000
73851  -53.371  -17.061  42.007 0.0000000000
74827  -54.434  -16.183  42.380 0.0000000000
74828  -54.957  -15.923  42.753 0.0000000000
137550  -44.884  -24.238  51.000 0.0000000000
66025  -43.047  -24.707  50.057 0.0000000000
151082  -43.759  -24.524  50.347 0.0000000000
53120  -16.667  -38.075  63.761 0.0000000000
52084  -15.600  -38.761  62.259 0.0000000000
52094  -15.044  -39.258  61.686 0.0000000000
52103  -14.803  -39.223  60.852 0.0000000000
51087  -14.259  -40.443  60.246 0.0000000000
61106  -2.951  -30.774  53.721 0.0000000000
60128  -2.699  -31.267  53.352 0.0000000000
59136  -2.812  -31.801  52.903 0.0000000000
54236  -3.540  -37.130  58.145 0.0000000000
136799  -5.305  -38.518  56.551 0.0000000000
53213  -5.909  -39.107  55.920 0.0000000000
52174  -6.561  -39.507  54.488 0.0000000000
51169  -6.663  -40.522  53.309 0.0000000000
49182  -6.917  -42.652  56.016 0.0000000000
49183  -7.299  -42.819  55.327 0.0000000000
142793  -7.421  -42.568  53.587 0.0000000000
50143  -7.464  -41.825  54.329 0.0000000000
50142  -7.279  -41.085  53.927 0.0000000000
50168  -6.007  -40.965  52.480 0.0000000000
50167  -5.275  -41.473  51.874 0.0000000000
49234  -4.908  -42.731  51.287 0.0000000000
49233  -4.367  -42.633  51.061 0.0000000000
149289  -4.221  -42.097  51.166 0.0000000000
48382  -3.529  -43.159  50.508 0.0000000000
47341  -5.109  -44.309  67.805 0.0000000000
46448  -4.296  -45.473  67.757 0.0000000000
46432  -4.396  -45.481  68.845 0.0000000000
45594  -4.119  -46.034  68.315 0.0000000000
46447  -4.118  -45.873  67.980 0.0000000000
45604  -3.276  -47.084  67.237 0.0000000000
44635  -2.693  -47.794  66.847 0.0000000000
43604  -2.404  -48.652  66.750 0.0000000000
41674  -5.118  -49.045  66.796 0.0000000000
41673  -4.617  -49.392  66.954 0.0000000000
41672  -3.853  -49.613  67.041 0.0000000000
40642  -4.289  -50.865  65.058 0.0000000000
40626  -3.405  -50.084  66.262 0.0000000000
138051  -3.071  -49.584  66.902 0.0000000000
41671  -2.640  -49.288  66.951 0.0000000000
41679  -2.165  -49.586  66.086 0.0000000000
42648  -2.052  -49.423  65.958 0.0000000000
153388  -0.544  -50.160  65.220 0.0000000000
39570  -1.924  -51.917  63.757 0.0000000000
144009  -1.619  -51.578  63.233 0.0000000000
39582  -1.450  -51.508  62.538 0.0000000000
38556  -1.464  -52.833  61.585 0.0000000000
63214  -38.858  -28.232  56.636 0.0000000000
59081  -29.210  -31.470  58.346 0.0000000000
60101  -29.201  -31.162  56.458 0.0000000000
144969  -36.007  -28.553  54.149 0.0000000000
134149  -36.845  -28.605  53.997 0.0000000000
152547  -37.857  -28.457  54.560 0.0000000000
53047  -19.965  -38.425  69.108 0.0000000000
138073  -25.113  -35.847  70.924 0.0000000000
154590  -25.205  -36.580  69.964 0.0000000000
141845  -25.002  -36.478  70.294 0.0000000000
55120  -24.545  -36.597  70.631 0.0000000000
54083  -24.072  -36.962  70.599 0.0000000000
53050  -23.079  -38.026  69.101 0.0000000000
52039  -23.536  -39.043  65.227 0.0000000000
53095  -23.344  -38.914  65.957 0.0000000000
53076  -23.131  -38.628  66.829 0.0000000000
53094  -22.685  -38.527  66.084 0.0000000000
140897  -22.297  -38.341  66.959 0.0000000000
53062  -21.770  -38.205  67.828 0.0000000000
54128  -19.750  -37.188  65.326 0.0000000000
54127  -18.775  -37.168  65.227 0.0000000000
54126  -17.908  -37.367  64.921 0.0000000000
53133  -16.802  -37.748  62.932 0.0000000000
54183  -16.829  -37.525  61.055 0.0000000000
157752  -17.564  -37.265  61.247 0.0000000000
54205  -16.702  -37.437  60.164 0.0000000000
80568  -53.787  -10.826  40.540 0.0000000000
80581  -53.568  -10.536  39.790 0.0000000000
81475  -56.075  -9.234  39.979 0.0000000000
58005  -3.558  -33.670  61.535 0.0000000000
157102  -3.627  -34.140  60.803 0.0000000000
143797  -2.761  -35.752  60.203 0.0000000000
57014  -2.637  -34.765  63.040 0.0000000000
56120  -1.738  -36.379  61.846 0.0000000000
56121  -2.143  -35.737  62.465 0.0000000000
56133  -2.213  -36.021  61.406 0.0000000000
139194  -2.324  -36.185  60.561 0.0000000000
158471  -2.476  -36.457  59.837 0.0000000000
54220  -3.010  -37.272  58.675 0.0000000000
54235  -2.888  -38.021  58.379 0.0000000000
53185  -2.936  -38.703  58.221 0.0000000000
52134  -3.391  -39.280  57.976 0.0000000000
49172  -5.230  -42.518  57.327 0.0000000000
51095  -1.456  -40.262  59.154 0.0000000000
50090  -2.942  -41.693  59.049 0.0000000000
135659  -3.078  -41.293  58.768 0.0000000000
154145  -3.878  -42.005  58.358 0.0000000000
48318  -5.720  -43.219  56.874 0.0000000000
155117  -5.324  -43.802  56.997 0.0000000000
47474  -5.297  -44.501  56.765 0.0000000000
47473  -4.637  -44.930  57.344 0.0000000000
44791  -4.496  -47.270  55.397 0.0000000000
68741  -50.375  -22.284  45.769 0.0000000000
68733  -50.734  -22.621  46.679 0.0000000000
66901  -46.252  -23.933  51.518 0.0000000000
67873  -44.695  -23.446  45.459 0.0000000000
67888  -44.375  -23.294  44.562 0.0000000000
67905  -44.923  -22.935  43.846 0.0000000000
68746  -46.706  -22.566  44.291 0.0000000000
68738  -47.975  -22.780  45.240 0.0000000000
47330  -5.235  -44.131  69.729 0.0000000000
141610  -5.621  -46.015  69.547 0.0000000000
44615  -5.659  -46.852  68.806 0.0000000000
43598  -6.172  -47.351  67.629 0.0000000000
48209  -8.531  -43.174  70.472 0.0000000000
46434  -6.913  -44.865  69.407 0.0000000000
46449  -7.098  -45.535  67.880 0.0000000000
45595  -6.573  -46.051  68.245 0.0000000000
44624  -6.350  -46.819  67.897 0.0000000000
43606  -6.450  -47.448  66.973 0.0000000000
42637  -6.248  -47.788  66.720 0.0000000000
42650  -6.388  -47.914  65.965 0.0000000000
42665  -6.427  -48.059  65.145 0.0000000000
42677  -6.489  -48.244  64.363 0.0000000000
161421  -7.026  -47.323  64.492 0.0000000000
147424  -6.865  -47.738  64.062 0.0000000000
42688  -6.549  -48.391  63.590 0.0000000000
151289  -6.418  -49.175  62.540 0.0000000000
52067  -16.121  -38.755  63.904 0.0000000000
52055  -16.010  -39.062  64.670 0.0000000000
52054  -15.505  -39.658  64.431 0.0000000000
51010  -14.796  -40.807  65.816 0.0000000000
50050  -13.366  -41.115  62.634 0.0000000000
144152  -14.182  -40.913  65.174 0.0000000000
50015  -14.191  -41.260  66.046 0.0000000000
50011  -14.091  -41.451  66.685 0.0000000000
147967  -12.631  -41.801  66.076 0.0000000000
49103  -12.881  -41.715  67.506 0.0000000000
49097  -11.622  -42.307  68.013 0.0000000000
48235  -10.319  -43.158  65.913 0.0000000000
48243  -10.377  -43.148  65.143 0.0000000000
47362  -9.829  -43.645  65.408 0.0000000000
47361  -9.368  -44.318  64.954 0.0000000000
46493  -8.770  -44.936  64.494 0.0000000000
47404  -9.971  -43.888  61.862 0.0000000000
46524  -9.294  -44.571  62.244 0.0000000000
45649  -8.266  -45.824  63.397 0.0000000000
45661  -7.837  -46.517  63.257 0.0000000000
44722  -7.642  -47.109  62.315 0.0000000000
43689  -7.566  -47.534  61.765 0.0000000000
150624  -7.833  -47.326  61.079 0.0000000000
43701  -7.713  -47.881  60.931 0.0000000000
62120  -2.361  -29.109  58.885 0.0000000000
158204  -2.460  -30.035  58.090 0.0000000000
60079  -3.113  -31.008  58.719 0.0000000000
61077  -2.592  -30.435  58.370 0.0000000000
144247  -2.531  -30.547  57.655 0.0000000000
59105  -2.755  -32.047  55.316 0.0000000000
59116  -2.741  -32.043  54.526 0.0000000000
59137  -3.184  -32.231  52.294 0.0000000000
144762  -4.149  -36.565  57.607 0.0000000000
55252  -4.725  -36.220  57.031 0.0000000000
56172  -4.857  -35.501  56.717 0.0000000000
57080  -5.280  -34.556  55.387 0.0000000000
161071  -5.935  -36.972  53.254 0.0000000000
55269  -6.205  -35.820  54.098 0.0000000000
57093  -5.001  -33.707  53.851 0.0000000000
58092  -4.408  -33.178  53.274 0.0000000000
58100  -4.564  -33.456  52.242 0.0000000000
153628  -3.590  -32.702  51.684 0.0000000000
59145  -3.023  -32.346  51.288 0.0000000000
59152  -2.894  -32.927  50.592 0.0000000000
58153  -1.933  -33.650  49.679 0.0000000000
58152  -1.676  -33.350  49.217 0.0000000000
57161  -1.779  -34.859  49.146 0.0000000000
50021  -1.604  -40.485  64.041 0.0000000000
48230  -6.287  -43.233  66.694 0.0000000000
48241  -5.865  -44.062  64.901 0.0000000000
47390  -4.526  -44.204  63.582 0.0000000000
48251  -3.733  -43.606  63.237 0.0000000000
45632  -2.211  -47.638  64.969 0.0000000000
45647  -2.464  -46.883  64.595 0.0000000000
46489  -2.705  -45.983  64.196 0.0000000000
148517  -3.097  -42.890  63.318 0.0000000000
49123  -2.469  -42.564  63.314 0.0000000000
154230  -1.955  -42.321  63.254 0.0000000000
50035  -1.685  -41.053  63.551 0.0000000000
50034  -1.274  -41.229  63.200 0.0000000000
139689  -1.302  -41.987  62.551 0.0000000000
49144  -1.868  -42.981  61.448 0.0000000000
48268  -1.987  -43.775  61.729 0.0000000000
48274  -2.089  -43.735  61.041 0.0000000000
44746  -1.561  -47.272  60.777 0.0000000000
45690  -2.160  -46.655  60.381 0.0000000000
45703  -3.087  -46.194  59.339 0.0000000000
46590  -3.275  -45.337  59.192 0.0000000000
45720  -3.427  -46.773  57.625 0.0000000000
44780  -2.694  -48.313  57.038 0.0000000000
44781  -3.105  -47.968  56.667 0.0000000000
44789  -3.116  -48.240  56.029 0.0000000000
43778  -3.541  -48.594  55.454 0.0000000000
37519  -1.436  -54.329  61.114 0.0000000000
35377  -0.584  -56.614  60.104 0.0000000000
36401  -0.920  -56.194  60.647 0.0000000000
37526  -1.210  -54.393  60.405 0.0000000000
38571  -1.272  -53.618  59.920 0.0000000000
142927  -1.162  -52.761  58.522 0.0000000000
37536  -0.845  -54.379  58.510 0.0000000000
140123  -1.247  -52.503  57.551 0.0000000000
39658  -1.300  -51.993  57.204 0.0000000000
149447  -1.573  -53.594  56.756 0.0000000000
149763  -1.552  -52.371  56.676 0.0000000000
149498  -1.551  -51.951  56.631 0.0000000000
40769  -1.646  -51.465  56.572 0.0000000000
40770  -2.041  -51.330  56.139 0.0000000000
41822  -2.194  -50.826  56.028 0.0000000000
40785  -2.414  -51.336  55.711 0.0000000000
42803  -2.443  -50.358  55.808 0.0000000000
42804  -3.087  -50.277  55.198 0.0000000000
42805  -4.014  -49.921  54.504 0.0000000000
41860  -4.242  -50.665  52.451 0.0000000000
40815  -1.800  -51.623  49.948 0.0000000000
37548  -1.502  -54.466  56.576 0.0000000000
38547  -1.590  -52.511  62.179 0.0000000000
38595  -1.503  -52.943  56.819 0.0000000000
39569  -1.232  -50.975  63.380 0.0000000000
39573  -4.086  -52.263  63.697 0.0000000000
40625  -2.485  -49.839  66.092 0.0000000000
40627  -4.247  -50.005  66.289 0.0000000000
40628  -4.800  -49.689  66.174 0.0000000000
40634  -3.788  -50.735  65.544 0.0000000000
41665  -3.318  -49.136  67.622 0.0000000000
41666  -4.264  -49.108  67.685 0.0000000000
41667  -4.947  -48.853  67.561 0.0000000000
41689  -1.385  -49.979  65.453 0.0000000000
41821  -1.887  -50.860  56.422 0.0000000000
42618  -4.413  -48.226  68.550 0.0000000000
42619  -5.007  -48.134  68.495 0.0000000000
42625  -3.934  -48.708  68.208 0.0000000000
42635  -5.410  -48.480  67.338 0.0000000000
42636  -5.821  -48.092  67.064 0.0000000000
42676  -0.056  -49.387  64.681 0.0000000000
43587  -3.618  -47.907  68.523 0.0000000000
43590  -5.514  -47.463  68.562 0.0000000000
43594  -3.149  -48.048  68.025 0.0000000000
43596  -5.398  -47.883  68.284 0.0000000000
43663  -0.633  -48.721  63.061 0.0000000000
43727  -1.659  -49.671  59.197 0.0000000000
43854  -2.254  -48.742  49.569 0.0000000000
44609  -4.487  -47.332  69.288 0.0000000000
44610  -5.144  -46.538  69.595 0.0000000000
44611  -5.611  -46.401  69.255 0.0000000000
44613  -3.892  -47.304  69.020 0.0000000000
44623  -5.862  -47.168  68.242 0.0000000000
44649  -2.015  -48.578  65.686 0.0000000000
44651  -6.782  -47.129  66.478 0.0000000000
44670  -1.854  -48.367  65.203 0.0000000000
44689  -1.136  -48.484  64.028 0.0000000000
45582  -4.751  -46.284  69.642 0.0000000000
45583  -5.285  -45.915  69.832 0.0000000000
45584  -6.135  -45.546  69.567 0.0000000000
45586  -3.885  -46.753  68.896 0.0000000000
45605  -3.761  -46.458  67.648 0.0000000000
45619  -2.886  -47.349  66.483 0.0000000000
45745  -5.927  -46.724  54.585 0.0000000000
46426  -5.681  -45.014  70.065 0.0000000000
46428  -6.740  -44.439  70.314 0.0000000000
46430  -6.338  -44.958  70.016 0.0000000000
46431  -6.983  -44.513  70.094 0.0000000000
46433  -4.775  -44.937  69.326 0.0000000000
46438  -6.927  -45.212  68.672 0.0000000000
47326  -6.136  -43.913  70.691 0.0000000000
47331  -5.639  -44.143  70.374 0.0000000000
47332  -7.764  -43.792  70.216 0.0000000000
47333  -4.596  -44.862  68.883 0.0000000000
47342  -8.705  -44.290  67.089 0.0000000000
47349  -5.301  -44.571  66.764 0.0000000000
47493  -7.065  -44.005  55.060 0.0000000000
47523  -7.482  -44.152  53.541 0.0000000000
48208  -6.088  -43.207  70.287 0.0000000000
48212  -5.234  -43.887  69.424 0.0000000000
48224  -5.509  -43.603  68.220 0.0000000000
49083  -9.768  -42.522  70.894 0.0000000000
49108  -6.697  -42.821  64.995 0.0000000000
49125  -4.762  -42.785  62.895 0.0000000000
49137  -6.134  -42.659  63.170 0.0000000000
49203  -6.965  -42.111  52.878 0.0000000000
49232  -4.025  -42.522  50.940 0.0000000000
50196  -3.223  -41.890  50.427 0.0000000000
51054  -23.843  -39.699  62.319 0.0000000000
51055  -24.987  -39.835  62.743 0.0000000000
51067  -23.302  -39.220  61.431 0.0000000000
51068  -23.674  -39.441  61.029 0.0000000000
52020  -24.969  -38.410  67.011 0.0000000000
52025  -24.714  -38.754  66.418 0.0000000000
52026  -25.140  -38.609  66.360 0.0000000000
52036  -15.667  -39.657  65.176 0.0000000000
52060  -26.135  -38.240  64.415 0.0000000000
52070  -23.904  -39.420  63.811 0.0000000000
52071  -25.413  -39.096  64.221 0.0000000000
52087  -26.248  -39.050  62.956 0.0000000000
52104  -22.150  -38.462  60.394 0.0000000000
52111  -1.171  -39.714  59.380 0.0000000000
52225  -2.974  -39.568  50.993 0.0000000000
53030  -21.852  -37.530  70.644 0.0000000000
53038  -22.418  -37.832  69.611 0.0000000000
53039  -23.604  -37.829  69.469 0.0000000000
53054  -25.532  -37.777  68.226 0.0000000000
53077  -23.774  -38.781  66.619 0.0000000000
53096  -26.151  -38.103  65.934 0.0000000000
53137  -0.626  -38.510  61.099 0.0000000000
53161  -15.855  -37.956  59.813 0.0000000000
53171  -1.909  -39.245  58.913 0.0000000000
54089  -24.396  -37.449  69.730 0.0000000000
54103  -26.095  -37.754  67.034 0.0000000000
54143  -26.548  -37.442  64.624 0.0000000000
54146  -0.457  -37.494  63.630 0.0000000000
54196  -20.445  -37.409  59.941 0.0000000000
55121  -25.159  -36.148  70.542 0.0000000000
55123  -25.599  -36.165  70.044 0.0000000000
55126  -25.523  -36.689  69.564 0.0000000000
55137  -27.286  -36.261  68.292 0.0000000000
55223  -2.433  -36.834  59.620 0.0000000000
55234  -3.033  -36.691  58.983 0.0000000000
56061  -25.374  -35.353  71.185 0.0000000000
56070  -27.346  -35.650  69.234 0.0000000000
57162  -1.811  -34.403  49.561 0.0000000000
57963  -29.189  -33.337  66.763 0.0000000000
58129  -2.342  -33.266  50.079 0.0000000000
66902  -47.095  -23.745  51.191 0.0000000000
76784  -53.743  -14.111  40.633 0.0000000000
133990  -24.713  -39.123  65.253 0.0000000000
134455  -0.079  -38.822  61.905 0.0000000000
136416  -55.319  -9.336  39.457 0.0000000000
136645  -23.489  -37.229  70.412 0.0000000000
137627  -4.147  -47.833  68.869 0.0000000000
138750  -8.120  -44.216  68.950 0.0000000000
141153  -0.821  -37.380  62.018 0.0000000000
142383  -2.807  -48.649  67.556 0.0000000000
142702  -5.726  -45.419  69.880 0.0000000000
143908  -54.386  -13.403  41.647 0.0000000000
144774  -2.915  -44.773  50.143 0.0000000000
145217  -7.350  -42.002  55.382 0.0000000000
145752  -2.414  -38.028  50.816 0.0000000000
146018  -0.055  -50.556  64.386 0.0000000000
149189  -4.145  -46.176  68.876 0.0000000000
149349  -24.175  -37.232  70.156 0.0000000000
149509  -0.983  -47.263  61.632 0.0000000000
150191  -4.401  -45.224  68.409 0.0000000000
152549  -24.494  -37.165  69.981 0.0000000000
154094  -1.139  -50.333  65.280 0.0000000000
154844  -26.489  -36.750  68.697 0.0000000000
157951  -5.535  -43.783  70.160 0.0000000000
158088  -5.185  -44.684  69.853 0.0000000000
158865  -10.230  -42.612  70.585 0.0000000000
158931  -0.413  -50.301  62.934 0.0000000000
159022  -2.807  -48.139  67.419 0.0000000000
