#!ascii label  , from subject sub-v1s22x0050523_ses-1 vox2ras=TkReg
362
137917  42.835  -63.703  -1.589 0.0000000000
21537  47.416  -65.487  -4.712 0.0000000000
16784  47.583  -70.642  -0.475 0.0000000000
21499  49.547  -65.092  -1.545 0.0000000000
15790  50.814  -71.151  -5.177 0.0000000000
16832  49.289  -71.012  -3.539 0.0000000000
138884  48.123  -74.503  -3.236 0.0000000000
137304  51.749  -65.096  -2.665 0.0000000000
26749  49.980  -60.166  -1.733 0.0000000000
18791  44.128  -68.810  -1.991 0.0000000000
19759  47.492  -67.879  -3.325 0.0000000000
18802  52.196  -68.058  -2.664 0.0000000000
150085  49.679  -67.894  -5.417 0.0000000000
16885  48.145  -70.485  -7.194 0.0000000000
24559  40.663  -62.162  -0.888 0.0000000000
137412  42.678  -67.711  0.309 0.0000000000
17759  47.157  -69.063  1.599 0.0000000000
27824  47.800  -59.729  -2.556 0.0000000000
13538  48.966  -73.932  -1.368 0.0000000000
139648  49.271  -65.089  -4.280 0.0000000000
23486  50.430  -63.648  -3.206 0.0000000000
16785  45.957  -70.085  -1.142 0.0000000000
17817  46.539  -69.747  -3.236 0.0000000000
149012  51.071  -71.750  -3.827 0.0000000000
141379  50.136  -69.309  -3.511 0.0000000000
17812  52.469  -69.441  -3.442 0.0000000000
19757  53.020  -68.013  -3.146 0.0000000000
18832  51.153  -69.106  -5.449 0.0000000000
17856  47.717  -69.407  -6.725 0.0000000000
19710  44.546  -67.325  1.840 0.0000000000
18756  44.799  -68.104  1.401 0.0000000000
154395  46.800  -67.718  2.921 0.0000000000
21501  47.513  -65.314  -1.793 0.0000000000
24554  48.085  -62.565  -1.563 0.0000000000
29990  51.621  -58.704  -2.751 0.0000000000
140333  50.688  -58.430  -3.176 0.0000000000
15712  48.978  -71.968  -0.698 0.0000000000
16817  47.465  -70.950  -2.867 0.0000000000
14617  49.585  -73.035  -1.666 0.0000000000
14651  49.919  -73.023  -3.214 0.0000000000
14666  49.817  -72.817  -4.071 0.0000000000
141984  51.429  -64.757  -1.612 0.0000000000
134659  49.565  -63.153  -1.438 0.0000000000
143501  50.679  -63.094  -1.998 0.0000000000
25664  49.910  -61.537  -2.340 0.0000000000
145566  45.770  -65.914  -5.204 0.0000000000
21523  43.407  -65.862  -2.324 0.0000000000
19750  46.197  -66.974  -2.894 0.0000000000
157788  48.171  -66.368  -2.182 0.0000000000
148055  48.087  -69.476  -3.636 0.0000000000
18814  49.796  -68.077  -3.148 0.0000000000
20640  51.142  -66.279  -1.829 0.0000000000
21518  52.297  -66.168  -2.302 0.0000000000
20655  51.161  -66.659  -4.180 0.0000000000
20669  48.269  -66.777  -4.975 0.0000000000
17854  49.970  -70.090  -6.340 0.0000000000
18848  49.466  -69.481  -6.344 0.0000000000
18835  48.134  -68.188  -5.826 0.0000000000
19775  46.664  -67.359  -5.521 0.0000000000
26737  41.510  -60.561  -1.352 0.0000000000
23465  41.399  -63.341  -1.339 0.0000000000
157347  40.924  -65.897  -1.008 0.0000000000
160393  41.974  -66.721  -1.574 0.0000000000
18784  43.227  -68.455  -1.030 0.0000000000
17777  45.068  -69.154  0.124 0.0000000000
17774  47.622  -69.742  0.963 0.0000000000
17741  49.841  -69.281  2.885 0.0000000000
16741  49.546  -70.319  1.386 0.0000000000
151250  48.955  -59.621  -2.290 0.0000000000
24557  42.590  -62.249  -1.428 0.0000000000
26736  43.360  -60.806  -1.969 0.0000000000
134982  43.356  -62.241  -1.572 0.0000000000
21536  48.520  -65.390  -4.509 0.0000000000
22520  48.861  -64.565  -4.298 0.0000000000
155455  46.756  -70.381  -0.763 0.0000000000
16807  45.744  -70.006  -2.109 0.0000000000
16806  46.563  -70.489  -1.733 0.0000000000
15765  51.554  -70.973  -4.211 0.0000000000
16830  51.608  -70.685  -3.789 0.0000000000
16845  51.936  -70.270  -4.418 0.0000000000
17828  52.418  -69.597  -4.130 0.0000000000
17840  51.764  -69.948  -4.977 0.0000000000
17893  46.269  -69.932  -8.140 0.0000000000
19709  45.359  -67.434  2.245 0.0000000000
21500  48.397  -65.252  -1.699 0.0000000000
135340  47.557  -63.333  -1.437 0.0000000000
136172  48.030  -63.977  -1.476 0.0000000000
30009  52.390  -57.960  -3.493 0.0000000000
15734  49.357  -72.678  -1.004 0.0000000000
14616  49.394  -73.201  -0.654 0.0000000000
12590  48.575  -74.201  -1.917 0.0000000000
157143  49.394  -73.781  -2.153 0.0000000000
13554  49.407  -73.819  -2.693 0.0000000000
13574  49.232  -73.619  -3.498 0.0000000000
22493  51.718  -64.677  -1.829 0.0000000000
23459  51.015  -63.883  -1.829 0.0000000000
23485  50.989  -63.752  -2.361 0.0000000000
24572  49.825  -62.275  -2.885 0.0000000000
25665  49.659  -61.526  -3.258 0.0000000000
26765  50.220  -60.681  -2.611 0.0000000000
144724  43.839  -67.417  -2.444 0.0000000000
20645  43.635  -66.600  -2.422 0.0000000000
19752  44.492  -67.749  -2.653 0.0000000000
20642  47.170  -66.087  -2.209 0.0000000000
19748  48.258  -67.174  -2.687 0.0000000000
16833  48.139  -71.081  -3.279 0.0000000000
17815  48.928  -69.871  -3.762 0.0000000000
148531  51.238  -68.599  -3.006 0.0000000000
18803  51.011  -67.761  -2.667 0.0000000000
144949  50.218  -67.043  -2.371 0.0000000000
19747  51.627  -67.068  -2.361 0.0000000000
20639  52.064  -66.316  -1.971 0.0000000000
19746  52.396  -67.404  -2.627 0.0000000000
144820  51.446  -67.656  -4.594 0.0000000000
20654  52.246  -67.368  -3.646 0.0000000000
19772  50.347  -67.289  -4.910 0.0000000000
20656  49.842  -66.445  -4.587 0.0000000000
20668  49.230  -67.032  -4.985 0.0000000000
14713  45.041  -72.212  -8.195 0.0000000000
138383  47.685  -70.753  -7.494 0.0000000000
15819  47.255  -71.266  -7.550 0.0000000000
15818  48.151  -70.996  -7.064 0.0000000000
16870  49.278  -70.414  -6.536 0.0000000000
17855  48.697  -69.844  -6.785 0.0000000000
17857  46.722  -69.299  -6.913 0.0000000000
18850  47.682  -68.670  -6.180 0.0000000000
19786  47.202  -68.038  -5.802 0.0000000000
19774  47.595  -67.294  -5.359 0.0000000000
19787  46.320  -68.035  -5.931 0.0000000000
137040  41.366  -59.708  -1.486 0.0000000000
25651  41.142  -61.439  -1.149 0.0000000000
24558  41.595  -62.338  -1.225 0.0000000000
153288  40.888  -62.874  -1.097 0.0000000000
20602  42.145  -67.160  0.649 0.0000000000
20603  41.383  -66.658  0.416 0.0000000000
19727  41.629  -67.175  -0.101 0.0000000000
20627  41.258  -66.502  -1.020 0.0000000000
158229  42.301  -67.740  -0.902 0.0000000000
19739  42.354  -67.488  -1.375 0.0000000000
18775  42.806  -68.087  -0.480 0.0000000000
18755  46.322  -68.518  1.711 0.0000000000
18773  45.522  -68.719  1.054 0.0000000000
18763  46.327  -69.050  1.124 0.0000000000
17775  46.749  -69.524  0.699 0.0000000000
16697  51.425  -71.287  4.263 0.0000000000
143339  50.848  -69.827  2.753 0.0000000000
17756  50.079  -69.804  2.163 0.0000000000
25642  49.495  -61.603  -1.665 0.0000000000
160932  49.199  -61.040  -1.593 0.0000000000
27823  49.690  -59.939  -1.818 0.0000000000
30010  50.240  -57.660  -4.233 0.0000000000
21530  50.116  -65.215  -3.914 0.0000000000
22516  50.275  -64.414  -3.624 0.0000000000
17797  44.590  -69.268  -1.676 0.0000000000
18805  44.565  -68.506  -2.498 0.0000000000
17803  45.412  -69.428  -2.580 0.0000000000
154970  46.676  -68.784  -3.447 0.0000000000
139455  50.445  -71.914  -3.429 0.0000000000
151885  50.016  -70.353  -3.642 0.0000000000
17814  51.230  -70.201  -3.512 0.0000000000
148564  51.608  -69.418  -3.242 0.0000000000
18801  52.843  -68.363  -2.832 0.0000000000
19745  52.786  -67.835  -2.831 0.0000000000
18821  52.773  -68.745  -3.562 0.0000000000
19770  51.587  -68.450  -4.876 0.0000000000
19771  50.747  -68.197  -5.273 0.0000000000
17872  48.110  -70.095  -7.226 0.0000000000
142219  47.408  -69.816  -7.354 0.0000000000
17873  46.731  -69.742  -7.528 0.0000000000
19717  43.934  -67.702  1.228 0.0000000000
134636  44.088  -68.376  0.583 0.0000000000
153112  45.617  -68.147  1.778 0.0000000000
140205  47.019  -68.333  2.346 0.0000000000
157350  47.222  -62.707  -1.556 0.0000000000
26751  47.624  -60.417  -2.301 0.0000000000
28931  50.721  -59.393  -2.362 0.0000000000
28932  49.962  -59.475  -2.159 0.0000000000
28948  51.018  -58.951  -2.540 0.0000000000
140334  51.416  -57.954  -3.623 0.0000000000
16783  48.521  -71.098  -0.195 0.0000000000
15736  47.460  -71.123  -2.100 0.0000000000
15713  47.961  -71.336  -1.136 0.0000000000
15735  48.775  -72.008  -1.712 0.0000000000
15754  49.423  -72.468  -2.357 0.0000000000
162080  49.748  -73.014  -2.322 0.0000000000
15753  49.927  -72.893  -2.843 0.0000000000
15766  50.333  -72.447  -3.524 0.0000000000
14650  50.584  -72.283  -3.836 0.0000000000
155768  50.728  -64.900  -1.423 0.0000000000
22495  49.805  -64.159  -1.490 0.0000000000
22494  50.774  -64.200  -1.591 0.0000000000
24551  50.362  -62.806  -1.823 0.0000000000
25641  49.881  -61.993  -1.934 0.0000000000
148957  50.367  -62.990  -2.580 0.0000000000
24571  50.150  -62.355  -2.190 0.0000000000
25661  50.119  -60.807  -2.058 0.0000000000
139809  50.521  -60.060  -2.073 0.0000000000
27821  50.832  -59.502  -2.371 0.0000000000
21550  46.683  -66.100  -4.977 0.0000000000
21505  42.789  -65.312  -2.045 0.0000000000
22501  43.311  -64.391  -1.797 0.0000000000
21504  43.760  -65.118  -2.102 0.0000000000
20626  48.065  -65.770  -1.877 0.0000000000
20625  49.100  -65.829  -1.847 0.0000000000
18816  47.766  -68.733  -3.533 0.0000000000
18815  48.803  -68.844  -3.578 0.0000000000
19758  48.487  -67.974  -3.293 0.0000000000
148425  49.111  -67.354  -2.691 0.0000000000
158016  50.012  -66.228  -1.920 0.0000000000
20624  50.620  -65.636  -1.556 0.0000000000
21498  51.532  -65.392  -1.550 0.0000000000
160756  52.117  -65.566  -1.766 0.0000000000
21528  52.254  -65.999  -2.610 0.0000000000
20650  52.491  -67.023  -2.793 0.0000000000
20651  52.124  -66.547  -3.274 0.0000000000
21529  51.349  -65.725  -3.477 0.0000000000
21534  50.325  -65.939  -4.115 0.0000000000
20657  48.841  -66.239  -4.667 0.0000000000
20658  48.066  -66.061  -4.743 0.0000000000
14679  49.245  -72.305  -5.079 0.0000000000
15820  46.061  -71.680  -7.832 0.0000000000
15805  49.123  -70.978  -6.344 0.0000000000
16868  50.612  -70.286  -5.855 0.0000000000
160758  50.507  -69.984  -6.048 0.0000000000
17842  50.396  -69.660  -5.982 0.0000000000
18833  50.090  -68.839  -5.778 0.0000000000
18849  48.477  -69.035  -6.347 0.0000000000
18834  49.108  -68.504  -5.932 0.0000000000
19773  48.656  -67.592  -5.432 0.0000000000
143388  46.907  -66.764  -5.197 0.0000000000
20671  46.215  -66.691  -5.343 0.0000000000
28939  41.976  -58.316  -2.245 0.0000000000
27830  41.637  -59.078  -1.861 0.0000000000
27808  42.005  -59.880  -1.780 0.0000000000
25650  42.083  -61.461  -1.319 0.0000000000
23464  42.275  -63.051  -1.423 0.0000000000
22502  41.971  -63.964  -1.583 0.0000000000
21480  40.907  -65.977  0.882 0.0000000000
22504  40.523  -64.526  -0.824 0.0000000000
22503  41.167  -64.286  -1.365 0.0000000000
136844  41.839  -65.022  -1.614 0.0000000000
21506  42.125  -65.900  -1.860 0.0000000000
20646  42.784  -66.409  -2.143 0.0000000000
19738  42.932  -67.728  -1.776 0.0000000000
18792  43.436  -68.323  -1.688 0.0000000000
138458  43.567  -68.530  -0.314 0.0000000000
18774  44.304  -68.899  -0.151 0.0000000000
17789  44.696  -69.335  -0.813 0.0000000000
17788  45.502  -69.586  -0.503 0.0000000000
17787  46.344  -69.827  -0.175 0.0000000000
16762  47.170  -70.087  0.134 0.0000000000
17758  48.198  -69.393  1.717 0.0000000000
17773  48.534  -70.047  1.156 0.0000000000
16761  48.047  -70.369  0.377 0.0000000000
24553  49.072  -62.425  -1.397 0.0000000000
26732  48.402  -60.949  -1.858 0.0000000000
28933  48.227  -59.315  -2.786 0.0000000000
28949  50.131  -58.863  -2.656 0.0000000000
28950  49.079  -59.078  -2.808 0.0000000000
12613  48.400  -74.417  -2.588 0.0000000000
12614  47.854  -74.504  -3.002 0.0000000000
13555  49.069  -74.123  -2.151 0.0000000000
13575  48.740  -74.324  -3.080 0.0000000000
13596  48.488  -74.031  -3.805 0.0000000000
14634  49.625  -73.325  -2.351 0.0000000000
15767  49.561  -71.987  -3.027 0.0000000000
15768  48.353  -71.574  -2.639 0.0000000000
15778  51.065  -71.712  -4.225 0.0000000000
15817  48.692  -70.702  -6.718 0.0000000000
16786  45.220  -69.652  -1.429 0.0000000000
16818  46.652  -70.401  -2.644 0.0000000000
16829  52.153  -70.177  -3.786 0.0000000000
16831  50.876  -71.230  -3.581 0.0000000000
16856  51.366  -70.443  -5.117 0.0000000000
16869  49.931  -70.666  -6.102 0.0000000000
16884  48.689  -70.313  -6.848 0.0000000000
16886  47.311  -70.311  -7.672 0.0000000000
17698  51.214  -70.447  3.952 0.0000000000
17719  51.301  -70.263  3.238 0.0000000000
17757  49.047  -69.724  1.765 0.0000000000
17776  45.896  -69.324  0.407 0.0000000000
17811  52.756  -69.039  -3.297 0.0000000000
17813  52.187  -69.668  -3.414 0.0000000000
17816  48.036  -70.294  -3.565 0.0000000000
17841  51.072  -69.853  -5.635 0.0000000000
18754  47.981  -68.714  2.396 0.0000000000
18783  43.925  -68.886  -1.152 0.0000000000
18793  42.772  -68.052  -1.256 0.0000000000
18800  53.001  -68.525  -2.974 0.0000000000
18804  45.205  -68.767  -2.861 0.0000000000
18806  43.924  -68.181  -2.275 0.0000000000
18812  52.749  -68.952  -3.064 0.0000000000
18813  52.439  -68.921  -2.938 0.0000000000
18831  52.132  -68.965  -4.610 0.0000000000
18851  46.920  -68.687  -6.307 0.0000000000
19718  43.074  -67.399  1.054 0.0000000000
19725  43.318  -68.055  0.443 0.0000000000
19726  42.162  -67.579  -0.263 0.0000000000
19733  41.708  -67.253  -0.884 0.0000000000
19753  43.417  -67.831  -2.129 0.0000000000
19754  42.628  -67.139  -1.845 0.0000000000
19763  52.418  -68.201  -4.078 0.0000000000
20604  40.809  -66.302  0.085 0.0000000000
20614  41.220  -66.703  -0.378 0.0000000000
20615  40.807  -66.115  -0.502 0.0000000000
20622  52.218  -65.882  -1.893 0.0000000000
20623  52.029  -65.682  -1.708 0.0000000000
20638  52.235  -66.758  -2.481 0.0000000000
20641  49.092  -66.631  -2.203 0.0000000000
20670  47.458  -66.420  -4.938 0.0000000000
21481  40.375  -65.608  0.197 0.0000000000
21497  51.966  -65.301  -1.699 0.0000000000
21507  40.989  -65.209  -1.218 0.0000000000
21519  52.198  -65.392  -1.971 0.0000000000
21535  49.436  -65.714  -4.373 0.0000000000
22496  48.680  -64.539  -1.552 0.0000000000
22497  47.730  -64.692  -1.557 0.0000000000
22514  51.646  -64.525  -2.172 0.0000000000
22515  51.124  -64.310  -2.873 0.0000000000
23463  43.695  -63.571  -1.575 0.0000000000
23466  40.682  -63.630  -1.042 0.0000000000
23479  51.274  -64.033  -1.965 0.0000000000
24537  40.254  -62.959  -0.668 0.0000000000
24552  49.800  -62.469  -1.633 0.0000000000
24567  49.960  -61.955  -2.070 0.0000000000
25643  48.672  -61.726  -1.571 0.0000000000
25644  47.524  -61.884  -1.860 0.0000000000
26730  49.930  -61.135  -1.964 0.0000000000
26731  49.723  -60.703  -1.780 0.0000000000
26733  47.301  -61.116  -2.175 0.0000000000
26748  50.185  -60.313  -1.908 0.0000000000
26750  48.692  -60.148  -2.023 0.0000000000
27822  50.378  -59.829  -1.997 0.0000000000
27829  42.343  -59.147  -2.274 0.0000000000
28934  47.347  -59.153  -2.970 0.0000000000
29991  49.528  -58.213  -3.679 0.0000000000
30023  51.812  -57.328  -4.852 0.0000000000
134983  43.143  -62.909  -1.494 0.0000000000
135185  48.517  -63.212  -1.412 0.0000000000
136173  48.885  -63.816  -1.474 0.0000000000
137049  42.449  -60.728  -1.643 0.0000000000
137831  50.389  -63.444  -1.626 0.0000000000
140808  49.266  -70.089  -6.643 0.0000000000
141087  41.458  -65.920  -1.432 0.0000000000
141501  46.202  -67.885  2.326 0.0000000000
145837  45.035  -68.119  -2.876 0.0000000000
148255  50.963  -64.904  -3.384 0.0000000000
149538  49.376  -60.456  -1.733 0.0000000000
149555  51.344  -59.078  -2.586 0.0000000000
150159  51.720  -69.522  -5.065 0.0000000000
150810  42.540  -64.468  -1.743 0.0000000000
151803  51.648  -65.806  -1.626 0.0000000000
153772  51.558  -70.898  3.626 0.0000000000
155482  44.780  -69.123  -2.296 0.0000000000
156257  50.118  -62.928  -1.603 0.0000000000
156342  45.103  -69.535  -2.047 0.0000000000
157022  51.326  -70.403  2.761 0.0000000000
157814  43.183  -67.220  -2.176 0.0000000000
158252  49.362  -58.675  -3.144 0.0000000000
159610  44.745  -68.664  0.635 0.0000000000
160525  48.462  -70.583  -6.925 0.0000000000
161721  47.217  -70.780  -1.268 0.0000000000
