#!ascii label  , from subject sub-v1s22x0050520_ses-1 vox2ras=TkReg
1790
8145  -17.878  -69.816  3.673 0.5000000000
6557  -17.558  -72.508  6.457 0.5000000000
5826  -17.977  -73.175  7.144 0.5000000000
5809  -18.022  -73.959  7.646 0.5000000000
9749  -17.656  -68.317  2.497 0.5000000000
8954  -18.331  -69.194  3.234 0.5000000000
9731  -18.785  -68.565  3.013 0.5000000000
8937  -18.653  -69.483  4.005 0.5000000000
8938  -19.483  -69.126  4.199 0.6000000238
8127  -18.143  -70.087  4.695 0.5000000000
5129  -17.454  -74.545  7.409 0.5000000000
7293  -17.664  -71.591  6.086 0.5000000000
5130  -18.069  -74.803  8.051 0.5000000000
122152  -18.552  -71.630  6.500 0.6000000238
7294  -19.516  -71.426  6.746 0.6000000238
142292  -18.490  -73.461  7.695 0.6000000238
5116  -18.726  -75.061  8.633 0.6999999881
7278  -19.884  -71.836  7.424 0.6999999881
5786  -18.693  -74.116  8.277 0.6999999881
6544  -20.108  -72.264  8.104 0.6999999881
6527  -19.706  -72.995  8.362 0.6999999881
5787  -19.439  -73.767  8.698 0.6999999881
9750  -18.469  -68.156  2.628 0.5000000000
9732  -19.663  -68.399  3.505 0.6000000238
10594  -19.588  -67.311  3.084 0.6000000238
10573  -20.612  -67.256  3.594 0.6000000238
8109  -19.553  -70.226  5.707 0.5000000000
4485  -18.268  -75.774  8.449 0.5000000000
3937  -18.728  -76.740  8.725 0.5000000000
3417  -20.175  -77.265  8.304 0.6999999881
3938  -19.520  -76.393  8.994 0.6999999881
136359  -20.087  -76.793  8.772 0.6999999881
7316  -19.056  -70.897  6.175 0.6000000238
8086  -20.002  -70.750  6.364 0.6999999881
4467  -19.671  -75.571  9.199 0.6999999881
7295  -20.368  -71.169  7.067 0.6999999881
7279  -20.536  -71.537  7.843 0.6999999881
5097  -20.746  -74.726  9.505 0.6999999881
7253  -20.507  -71.909  8.771 0.6999999881
6528  -20.204  -72.698  8.895 0.6999999881
5788  -19.932  -73.402  9.035 0.6999999881
126338  -20.823  -73.812  9.743 0.6999999881
7232  -20.860  -71.505  9.571 0.6999999881
6492  -21.075  -71.907  10.145 0.6999999881
5747  -20.995  -72.844  10.104 0.6999999881
7214  -21.671  -71.588  10.412 0.6999999881
10592  -18.127  -67.554  2.625 0.5000000000
12452  -19.371  -66.230  3.207 0.6000000238
12444  -19.827  -65.511  3.408 0.6000000238
11520  -20.536  -66.169  3.422 0.6000000238
12445  -20.721  -65.519  3.524 0.6000000238
8939  -20.339  -68.661  4.360 0.6000000238
10574  -20.999  -66.665  3.723 0.6000000238
8922  -20.053  -69.473  5.087 0.6000000238
3944  -20.698  -77.035  7.688 0.6999999881
3939  -20.641  -76.636  8.466 0.6999999881
3953  -21.275  -76.384  7.159 0.6999999881
4506  -21.578  -75.675  6.619 0.6999999881
8923  -20.752  -69.299  5.533 0.6999999881
3945  -21.273  -76.299  8.109 0.6999999881
5142  -21.923  -75.040  6.257 0.6999999881
8087  -20.795  -70.488  6.684 0.6999999881
8912  -21.052  -69.711  6.315 0.6999999881
4468  -20.583  -75.517  9.267 0.6999999881
4487  -21.085  -75.997  8.788 0.6999999881
4497  -21.759  -75.767  7.563 0.6999999881
4507  -22.113  -75.359  7.041 0.6999999881
8066  -20.995  -70.843  7.447 0.6999999881
8067  -21.281  -70.111  7.128 0.6999999881
5098  -21.499  -74.433  9.454 0.6999999881
5131  -22.750  -74.550  7.700 0.6999999881
138789  -21.113  -70.792  9.501 0.6999999881
5768  -21.566  -73.562  9.771 0.6999999881
5118  -22.084  -74.840  8.955 0.6999999881
8032  -21.368  -70.173  9.859 0.6999999881
5748  -21.798  -72.816  10.120 0.6999999881
5789  -22.761  -73.612  8.945 0.6999999881
8016  -21.738  -70.183  10.317 0.6999999881
6510  -22.596  -72.589  9.868 0.6999999881
8017  -22.398  -70.183  10.467 0.6999999881
11501  -18.009  -66.335  3.382 0.5000000000
12443  -18.818  -65.651  3.497 0.6000000238
13384  -18.720  -64.647  3.960 0.6000000238
12430  -18.244  -65.546  4.390 0.5000000000
13368  -18.680  -63.681  4.341 0.6000000238
10556  -16.685  -66.704  4.232 0.5000000000
141260  -17.838  -66.094  3.857 0.5000000000
14225  -19.546  -64.208  3.920 0.6000000238
131145  -18.485  -62.868  4.516 0.6000000238
13386  -20.831  -64.901  3.788 0.6000000238
14226  -19.457  -63.314  4.310 0.6000000238
10558  -20.921  -67.469  3.988 0.6000000238
9712  -20.936  -68.571  4.989 0.6999999881
11485  -21.191  -66.253  4.075 0.6999999881
8924  -21.223  -68.928  5.888 0.6999999881
143002  -21.300  -67.557  5.020 0.6999999881
5153  -22.289  -74.498  6.043 0.6999999881
8913  -21.412  -69.204  6.925 0.6999999881
10541  -21.215  -67.606  5.907 0.6999999881
5143  -22.548  -74.744  6.893 0.6999999881
5839  -22.392  -73.966  5.481 0.6999999881
10526  -20.967  -67.618  7.033 0.6999999881
5144  -23.115  -74.120  7.062 0.6999999881
5827  -22.872  -74.053  6.289 0.6999999881
5838  -21.801  -73.742  4.763 0.6999999881
8877  -21.427  -69.167  8.816 0.6000000238
5132  -23.113  -73.979  7.740 0.6999999881
5828  -23.443  -73.485  6.475 0.6999999881
5840  -23.161  -73.523  5.638 0.6999999881
5848  -22.696  -73.313  4.725 0.6999999881
127426  -21.899  -73.132  4.228 0.6999999881
135587  -21.469  -69.532  9.531 0.6999999881
5770  -23.082  -72.968  9.162 0.6999999881
133891  -23.659  -72.457  8.557 0.6000000238
6560  -23.937  -72.679  6.715 0.6999999881
8839  -22.115  -69.486  10.357 0.6000000238
7215  -22.389  -71.479  10.441 0.6999999881
7216  -23.121  -71.443  10.156 0.6999999881
6511  -23.322  -72.109  9.556 0.6999999881
7254  -23.922  -71.668  8.982 0.6000000238
6546  -24.164  -72.100  7.473 0.6000000238
8840  -22.924  -69.548  10.450 0.6000000238
140145  -23.099  -70.225  10.433 0.6000000238
7234  -23.639  -71.387  9.651 0.6000000238
7235  -24.166  -70.944  9.344 0.5000000000
139485  -24.130  -71.849  8.186 0.5000000000
7280  -24.634  -71.422  7.616 0.5000000000
8841  -23.737  -69.840  10.240 0.6000000238
8860  -24.483  -69.415  9.847 0.5000000000
8033  -24.364  -70.209  9.709 0.5000000000
13367  -18.330  -64.003  4.499 0.6000000238
12417  -18.405  -65.320  5.387 0.6000000238
15040  -17.843  -62.497  4.916 0.5000000000
15028  -17.789  -62.155  6.268 0.6999999881
11484  -17.601  -66.354  4.215 0.5000000000
11466  -18.260  -66.360  5.018 0.6000000238
9711  -16.694  -68.161  5.752 0.6000000238
10557  -17.607  -67.042  4.889 0.6000000238
15914  -18.200  -61.773  5.018 0.4000000060
10539  -17.496  -67.758  5.613 0.6000000238
14214  -19.285  -62.392  4.505 0.5000000000
14227  -20.042  -62.791  4.509 0.6000000238
13369  -20.566  -64.085  4.178 0.6000000238
11468  -21.087  -66.758  5.197 0.6999999881
12419  -20.819  -65.644  4.943 0.6000000238
10525  -20.683  -66.650  6.732 0.6999999881
10513  -20.978  -67.657  8.049 0.6000000238
11444  -20.681  -66.174  7.637 0.6000000238
9644  -21.627  -68.731  9.646 0.6000000238
7296  -24.583  -71.592  6.638 0.6000000238
6575  -24.203  -72.141  5.743 0.6000000238
7317  -23.785  -72.457  4.986 0.6999999881
6593  -23.173  -72.585  4.357 0.6999999881
6592  -22.174  -72.426  3.668 0.6999999881
9645  -22.151  -68.253  10.021 0.6000000238
7352  -22.058  -71.853  2.662 0.6999999881
122005  -23.975  -68.262  9.751 0.6000000238
7256  -25.201  -70.589  8.379 0.4000000060
7297  -25.105  -70.978  7.137 0.4000000060
134732  -25.167  -70.891  6.267 0.5000000000
7319  -24.663  -71.174  5.554 0.6000000238
7338  -23.574  -71.715  4.085 0.6000000238
124012  -22.991  -71.419  2.548 0.6000000238
135192  -24.503  -68.830  9.801 0.5000000000
9661  -24.856  -68.447  9.304 0.5000000000
9647  -25.160  -69.123  9.437 0.5000000000
8049  -24.876  -70.455  9.045 0.5000000000
8112  -25.262  -70.503  5.236 0.6000000238
14183  -17.439  -63.223  6.697 0.6000000238
14194  -17.525  -63.194  5.751 0.6000000238
15894  -18.474  -61.681  6.541 0.6000000238
11459  -18.484  -66.936  6.287 0.6000000238
12404  -18.251  -65.097  6.533 0.5000000000
12384  -17.718  -65.229  7.597 0.6000000238
131390  -18.191  -67.233  7.546 0.6000000238
15904  -18.245  -61.500  5.843 0.6000000238
9695  -16.538  -68.611  6.508 0.6999999881
9680  -17.934  -68.231  7.062 0.6000000238
9659  -17.897  -67.977  8.037 0.6000000238
15915  -19.604  -60.869  4.697 0.5000000000
16781  -19.245  -60.676  5.155 0.6000000238
9694  -15.639  -68.639  6.652 0.6000000238
8899  -16.726  -69.119  7.861 0.6999999881
15042  -20.251  -61.943  4.658 0.5000000000
9678  -16.246  -69.004  7.254 0.6999999881
14215  -20.258  -62.917  4.693 0.6000000238
8897  -14.849  -69.280  8.110 0.6000000238
11467  -20.582  -65.888  6.148 0.6000000238
13353  -20.495  -63.831  5.911 0.6000000238
13334  -20.674  -64.274  6.915 0.6000000238
12406  -20.493  -65.609  7.026 0.6000000238
10498  -20.877  -66.736  8.196 0.6000000238
11428  -21.433  -66.576  8.591 0.6000000238
11446  -23.775  -66.204  7.807 0.6000000238
10486  -22.377  -67.605  9.632 0.6000000238
11447  -24.615  -66.447  7.271 0.6000000238
10500  -24.069  -67.324  8.799 0.6000000238
8111  -24.569  -70.633  4.522 0.6000000238
7339  -23.946  -70.767  3.659 0.6000000238
7353  -23.661  -70.801  2.672 0.6000000238
10501  -25.045  -67.742  8.459 0.5000000000
9662  -25.771  -68.747  8.799 0.5000000000
8878  -25.669  -69.408  8.982 0.5000000000
7364  -23.939  -70.844  2.360 0.6000000238
8113  -26.044  -70.245  5.457 0.4000000060
8129  -24.501  -70.212  3.634 0.6000000238
7354  -24.262  -70.253  2.841 0.6000000238
127791  -17.467  -63.379  7.335 0.6000000238
14173  -17.296  -63.730  8.049 0.5000000000
15008  -18.429  -62.837  7.834 0.6000000238
15009  -19.474  -62.511  8.167 0.5000000000
13312  -17.522  -64.390  7.319 0.6000000238
13292  -17.092  -64.238  8.652 0.6000000238
15015  -18.025  -62.449  7.027 0.5000000000
15016  -18.944  -62.081  7.370 0.5000000000
15895  -19.325  -61.218  6.995 0.5000000000
11426  -17.352  -66.083  8.765 0.5000000000
131596  -17.179  -64.367  8.014 0.6000000238
10497  -17.773  -67.010  8.430 0.5000000000
16772  -19.024  -60.813  6.152 0.6000000238
8876  -16.376  -69.319  8.669 0.6999999881
9658  -17.042  -68.930  8.540 0.6000000238
8859  -15.991  -69.546  9.530 0.6000000238
15910  -20.990  -61.243  4.858 0.5000000000
133178  -14.508  -69.555  8.871 0.5000000000
8875  -15.466  -69.502  8.776 0.6999999881
14204  -20.579  -62.826  5.425 0.5000000000
12385  -20.739  -65.418  7.586 0.6000000238
13316  -22.703  -64.861  7.167 0.6000000238
12387  -22.153  -65.359  7.863 0.5000000000
12407  -23.775  -65.209  6.542 0.6000000238
11445  -22.717  -65.987  8.269 0.6000000238
10514  -24.991  -67.030  7.624 0.5000000000
8942  -26.377  -69.264  4.022 0.5000000000
8941  -25.485  -69.605  3.593 0.5000000000
8163  -24.977  -70.130  2.629 0.6000000238
133794  -25.431  -70.706  2.388 0.6000000238
13276  -17.134  -64.218  9.487 0.6000000238
14174  -17.779  -63.472  8.297 0.6000000238
133838  -16.643  -64.950  9.957 0.6000000238
15888  -19.751  -61.557  7.833 0.5000000000
12342  -16.918  -65.464  9.401 0.6000000238
11404  -17.346  -66.616  9.423 0.6999999881
16768  -20.138  -59.718  7.115 0.6000000238
9642  -16.803  -69.034  9.579 0.6000000238
9643  -17.323  -68.416  9.224 0.6000000238
17645  -20.061  -59.541  5.841 0.6000000238
8858  -15.054  -69.670  9.556 0.6000000238
139718  -16.383  -69.458  10.403 0.6000000238
15916  -20.404  -61.050  4.601 0.5000000000
14195  -20.935  -63.314  6.492 0.5000000000
8856  -12.739  -69.775  9.254 0.5000000000
137694  -14.232  -69.844  9.626 0.6000000238
13335  -21.095  -64.008  7.078 0.5000000000
14198  -23.123  -63.675  6.124 0.6000000238
13315  -21.573  -64.691  7.440 0.5000000000
13338  -24.292  -64.813  5.565 0.5000000000
12388  -24.204  -65.816  6.912 0.5000000000
8980  -26.627  -69.363  2.935 0.6000000238
13262  -17.031  -64.426  10.346 0.6000000238
125432  -18.652  -63.871  9.380 0.5000000000
14175  -19.019  -63.375  8.679 0.5000000000
12322  -16.718  -64.804  10.507 0.6999999881
15010  -20.182  -61.913  8.630 0.5000000000
11382  -17.407  -66.659  10.537 0.6999999881
126660  -16.838  -65.560  10.221 0.6000000238
15889  -20.298  -60.792  8.416 0.5000000000
129664  -17.379  -68.366  10.244 0.6000000238
15896  -19.956  -60.557  7.539 0.5000000000
17640  -20.377  -59.202  6.542 0.6000000238
8818  -16.039  -69.934  11.222 0.6999999881
17641  -20.722  -58.957  6.062 0.6000000238
143887  -15.414  -70.153  11.030 0.6000000238
17650  -21.238  -59.680  5.036 0.6000000238
8013  -13.442  -70.476  10.788 0.6999999881
8014  -14.115  -70.256  10.410 0.6999999881
15035  -21.667  -61.938  5.653 0.5000000000
15917  -21.361  -60.470  4.798 0.5000000000
8031  -13.404  -70.123  9.899 0.6000000238
15036  -22.231  -62.194  5.776 0.5000000000
8012  -12.643  -70.592  11.017 0.5000000000
14196  -21.639  -63.388  6.585 0.5000000000
8011  -11.230  -70.718  10.808 0.6000000238
13336  -22.226  -63.984  6.758 0.5000000000
13337  -23.387  -64.462  6.315 0.6000000238
13355  -24.732  -64.297  4.566 0.5000000000
13246  -16.992  -64.636  11.106 0.6999999881
13278  -18.797  -64.161  9.965 0.5000000000
14165  -19.711  -63.704  9.566 0.5000000000
136084  -17.322  -65.944  12.213 0.8000000119
122275  -16.969  -65.439  11.192 0.6999999881
15001  -20.423  -62.118  9.343 0.5000000000
15883  -20.568  -60.981  9.340 0.5000000000
9624  -17.671  -68.674  12.038 0.6999999881
11364  -17.606  -66.838  11.529 0.6999999881
9631  -17.571  -68.454  11.238 0.6999999881
16756  -21.153  -59.878  9.607 0.5000000000
8799  -16.637  -69.607  12.659 0.6999999881
8820  -17.325  -69.095  11.592 0.6999999881
16761  -20.543  -59.643  8.163 0.6000000238
143487  -20.685  -60.019  8.975 0.5000000000
142366  -14.454  -70.323  12.666 0.6000000238
8000  -15.310  -70.340  11.643 0.6000000238
17646  -21.474  -59.095  5.602 0.6000000238
7998  -13.369  -70.645  11.797 0.6999999881
7999  -14.416  -70.595  11.961 0.6999999881
15918  -22.514  -60.193  4.587 0.6000000238
136076  -21.855  -59.915  4.764 0.6000000238
7997  -12.497  -70.636  11.937 0.6000000238
15912  -22.376  -61.356  5.163 0.6000000238
14197  -22.603  -62.866  6.052 0.6000000238
124413  -10.826  -70.799  11.304 0.6000000238
146585  -23.529  -63.259  5.372 0.6000000238
14206  -24.423  -63.298  4.356 0.5000000000
132933  -17.552  -65.383  12.395 0.6000000238
13247  -17.859  -64.682  11.555 0.5000000000
13248  -19.157  -64.476  11.289 0.5000000000
14993  -20.672  -61.637  10.027 0.5000000000
10454  -17.626  -67.234  12.429 0.8000000119
132131  -21.048  -60.574  10.168 0.5000000000
8777  -17.164  -69.132  13.020 0.6999999881
17638  -21.490  -58.648  7.437 0.6000000238
10496  -7.625  -67.196  8.544 0.6000000238
8797  -14.922  -69.979  13.061 0.8000000119
11399  -8.444  -66.878  9.022 0.6000000238
8796  -13.309  -69.979  12.917 0.6999999881
132376  -14.142  -70.002  13.041 0.8000000119
18591  -21.732  -58.637  6.636 0.6000000238
9629  -8.472  -68.462  11.251 0.6000000238
8795  -12.440  -69.927  12.691 0.6000000238
16783  -22.774  -59.668  4.669 0.6000000238
16784  -23.604  -59.765  4.555 0.6000000238
135687  -9.440  -69.330  12.101 0.6000000238
7978  -10.219  -70.401  12.029 0.6000000238
8794  -11.476  -69.862  12.495 0.6000000238
15037  -22.956  -61.797  5.160 0.6000000238
15920  -24.458  -60.574  4.591 0.6000000238
7996  -11.715  -70.670  11.475 0.5000000000
14216  -24.536  -62.312  4.159 0.5000000000
14217  -25.105  -62.628  4.009 0.5000000000
15045  -25.528  -61.879  4.511 0.5000000000
12313  -17.993  -64.958  12.229 0.5000000000
13231  -18.967  -64.719  12.066 0.5000000000
11349  -17.374  -66.452  12.827 0.6000000238
12305  -17.447  -65.799  12.907 0.5000000000
9595  -17.390  -68.522  13.027 0.8000000119
126362  -17.286  -67.103  13.110 0.6999999881
9594  -16.789  -68.661  13.445 0.8000000119
8776  -16.417  -69.323  13.301 0.8000000119
17627  -21.800  -59.155  8.829 0.6000000238
16746  -21.717  -59.726  10.232 0.5000000000
11442  -7.939  -66.260  7.332 0.6000000238
8775  -15.533  -69.389  13.343 0.8000000119
17619  -22.347  -59.423  9.364 0.5000000000
129155  -8.806  -66.345  8.391 0.6999999881
11422  -8.047  -66.768  8.132 0.6000000238
9609  -13.941  -69.237  13.052 0.8000000119
17643  -22.498  -58.880  6.157 0.6000000238
17639  -22.299  -58.782  7.136 0.6000000238
143166  -22.249  -59.215  8.636 0.6000000238
11400  -9.401  -66.475  9.347 0.6000000238
16778  -23.717  -59.458  4.913 0.6000000238
17644  -23.211  -59.179  5.422 0.6000000238
16769  -22.728  -59.423  7.125 0.6000000238
9630  -9.204  -68.115  11.482 0.6000000238
9607  -12.109  -69.191  12.658 0.6000000238
9608  -13.071  -69.304  12.837 0.5000000000
16775  -24.560  -60.149  5.539 0.6000000238
8793  -10.543  -69.865  12.351 0.6000000238
15921  -25.196  -61.031  4.726 0.6000000238
15907  -25.343  -60.766  5.474 0.6000000238
130640  -25.734  -61.198  5.904 0.5000000000
15020  -25.981  -62.092  6.100 0.5000000000
14207  -26.226  -62.521  5.286 0.5000000000
14199  -26.444  -63.343  5.966 0.5000000000
11330  -17.183  -66.295  13.340 0.6000000238
10442  -17.060  -67.920  13.395 0.6999999881
13307  -6.298  -64.575  6.760 0.6000000238
12379  -6.471  -65.295  6.838 0.6000000238
9593  -15.976  -68.719  13.764 0.8000000119
17610  -22.454  -59.544  10.073 0.5000000000
12381  -8.395  -65.516  6.665 0.6000000238
10439  -14.361  -67.916  13.416 0.8000000119
15885  -23.305  -60.178  10.042 0.5000000000
11423  -9.153  -65.809  7.671 0.6999999881
136731  -13.819  -67.892  12.684 0.8000000119
16762  -22.614  -59.716  8.190 0.6000000238
131093  -22.839  -60.034  9.152 0.6000000238
11401  -10.669  -66.190  9.308 0.8000000119
9622  -13.026  -68.078  12.048 0.6999999881
15905  -23.556  -59.749  6.270 0.6000000238
15890  -22.433  -61.292  8.113 0.6000000238
11379  -10.002  -66.727  10.222 0.6999999881
10476  -10.657  -67.274  10.907 0.6999999881
9621  -12.016  -68.314  12.087 0.6000000238
15906  -23.637  -60.837  6.674 0.6000000238
15017  -22.877  -61.718  7.468 0.6000000238
9620  -10.338  -68.474  12.104 0.6000000238
15018  -23.811  -61.830  7.018 0.5000000000
15019  -25.244  -61.835  6.543 0.5000000000
10424  -16.654  -66.898  13.750 0.6000000238
11313  -16.911  -66.072  14.069 0.5000000000
13289  -7.719  -64.111  8.318 0.6000000238
146925  -16.112  -67.099  14.197 0.6999999881
13288  -6.514  -64.235  7.426 0.6000000238
10423  -15.621  -67.207  14.371 0.6999999881
11311  -15.197  -66.705  14.864 0.6000000238
12401  -6.999  -64.679  5.764 0.6000000238
13328  -6.452  -64.142  5.996 0.6000000238
145556  -14.781  -67.758  14.048 0.6000000238
10421  -14.016  -67.220  14.249 0.6999999881
12382  -9.614  -65.192  7.040 0.8000000119
10438  -13.625  -67.383  13.171 0.6999999881
11329  -12.942  -66.589  13.077 0.6000000238
125992  -9.784  -65.920  8.610 0.8000000119
11363  -13.390  -66.982  11.354 0.8000000119
136362  -13.124  -66.335  11.329 0.6999999881
11380  -11.365  -66.730  10.069 0.6999999881
11381  -12.648  -66.650  10.037 0.6000000238
136503  -13.117  -66.617  10.536 0.8000000119
14160  -9.109  -63.772  9.606 0.6000000238
132273  -7.255  -63.530  7.356 0.6000000238
13329  -7.291  -63.944  5.734 0.6999999881
12293  -12.390  -65.663  13.693 0.6000000238
12402  -8.868  -64.825  6.236 0.6999999881
12403  -10.003  -64.485  6.593 0.6999999881
12304  -12.558  -65.933  12.517 0.6999999881
13230  -12.277  -65.269  11.777 0.6000000238
12359  -10.201  -65.431  7.930 0.8000000119
12360  -11.078  -65.192  8.278 0.6000000238
11425  -11.495  -65.733  8.904 0.5000000000
12311  -12.998  -65.940  10.726 0.6999999881
13261  -12.338  -65.075  10.615 0.6999999881
13245  -11.724  -64.282  11.565 0.6000000238
11424  -10.663  -65.671  8.622 0.8000000119
12340  -12.220  -65.345  9.137 0.6000000238
144399  -13.011  -66.294  9.995 0.6000000238
14150  -9.056  -63.925  10.734 0.6000000238
14161  -9.234  -63.120  9.170 0.6000000238
15004  -8.212  -63.014  7.640 0.6999999881
14171  -8.639  -63.518  8.543 0.6000000238
14189  -7.033  -63.530  6.125 0.6999999881
14190  -7.771  -63.256  5.918 0.6999999881
13330  -9.257  -64.132  6.024 0.6999999881
13331  -10.340  -63.763  6.328 0.6000000238
122635  -12.009  -65.026  13.017 0.6000000238
13309  -10.746  -64.145  6.815 0.6000000238
13291  -11.796  -64.524  8.493 0.6000000238
14128  -11.601  -63.557  13.038 0.5000000000
14144  -11.489  -63.323  11.323 0.6000000238
135340  -11.422  -62.733  12.092 0.5000000000
15858  -11.613  -61.936  12.271 0.5000000000
14999  -11.652  -62.754  9.951 0.6000000238
14988  -11.419  -62.371  11.439 0.5000000000
135311  -8.980  -61.299  11.535 0.6000000238
14991  -9.373  -62.054  10.150 0.6000000238
14997  -8.731  -62.762  8.431 0.6999999881
14998  -9.135  -62.364  9.329 0.6999999881
15003  -7.496  -62.032  7.554 0.6999999881
15021  -7.596  -62.963  6.517 0.6999999881
15022  -8.192  -62.633  6.358 0.6000000238
15032  -9.821  -63.054  6.057 0.5000000000
14191  -10.875  -63.212  6.396 0.6999999881
15901  -11.447  -62.137  6.576 0.6000000238
13332  -11.060  -63.649  6.735 0.6000000238
14182  -11.791  -63.360  7.700 0.6000000238
15013  -12.088  -62.520  7.296 0.6000000238
14162  -11.874  -63.629  9.453 0.6000000238
129633  -11.819  -61.931  9.552 0.5000000000
15882  -12.243  -61.140  8.981 0.5000000000
123606  -11.635  -61.023  10.154 0.5000000000
16712  -6.217  -60.419  13.444 0.6999999881
17588  -5.424  -59.459  11.910 0.6999999881
17587  -4.513  -59.270  12.308 0.6999999881
16720  -8.343  -60.697  11.732 0.6000000238
16729  -6.406  -59.732  11.579 0.6999999881
17595  -4.799  -59.046  11.572 0.6999999881
19488  -4.555  -58.138  12.140 0.6999999881
20428  -5.397  -56.627  12.959 0.6000000238
15868  -8.537  -60.948  10.805 0.6999999881
16730  -7.220  -60.118  11.208 0.6999999881
17597  -5.939  -59.720  10.409 0.6999999881
18536  -4.844  -58.574  11.613 0.6999999881
16753  -6.791  -61.123  8.849 0.6999999881
16743  -7.416  -60.745  9.911 0.6999999881
17605  -5.359  -58.967  10.798 0.6999999881
15891  -7.498  -61.673  7.424 0.6999999881
15899  -9.306  -61.596  6.845 0.6000000238
15023  -9.451  -62.454  6.343 0.6000000238
16771  -11.598  -61.239  6.617 0.6000000238
16766  -12.551  -60.460  6.588 0.6000000238
14192  -11.406  -63.093  6.713 0.6000000238
142634  -12.426  -61.834  6.984 0.6000000238
16767  -13.008  -60.665  6.677 0.6000000238
125493  -12.449  -61.888  7.493 0.5000000000
16760  -13.058  -60.581  6.869 0.6000000238
17626  -13.155  -59.457  7.130 0.6000000238
15886  -12.255  -61.967  8.458 0.5000000000
16755  -12.634  -60.314  8.190 0.5000000000
16711  -5.052  -60.095  13.613 0.6999999881
17594  -4.262  -58.826  12.261 0.6999999881
19458  -4.925  -57.456  13.150 0.6000000238
125119  -5.597  -56.926  13.347 0.6000000238
19459  -6.354  -56.631  13.472 0.6000000238
20430  -6.584  -55.641  12.998 0.4000000060
19500  -6.155  -57.762  10.758 0.6000000238
20467  -5.599  -56.556  12.047 0.5000000000
141242  -6.078  -55.445  12.416 0.5000000000
20452  -6.952  -54.787  12.659 0.4000000060
20453  -7.974  -55.100  12.802 0.5000000000
15881  -8.013  -61.811  8.505 0.6999999881
135484  -6.100  -60.466  9.150 0.8000000119
17613  -5.823  -59.393  9.422 0.6999999881
19501  -6.862  -56.906  11.106 0.5000000000
20469  -6.530  -55.535  11.581 0.4000000060
21419  -7.049  -54.447  11.689 0.4000000060
21402  -7.459  -54.083  12.368 0.4000000060
22401  -8.041  -53.197  11.677 0.4000000060
15880  -6.824  -61.241  8.118 0.8000000119
17622  -6.322  -60.613  8.466 0.8000000119
16752  -5.876  -59.764  9.024 0.8000000119
18566  -6.400  -58.976  9.194 0.8000000119
18548  -6.490  -58.352  9.962 0.6000000238
142409  -7.851  -56.672  10.945 0.5000000000
20479  -7.172  -55.389  11.189 0.4000000060
21420  -7.620  -53.804  11.522 0.4000000060
16759  -6.862  -61.211  7.921 0.6999999881
16763  -7.567  -60.958  7.478 0.8000000119
17632  -8.110  -60.329  7.584 0.6999999881
17633  -9.312  -59.992  7.552 0.5000000000
19503  -9.048  -57.286  10.840 0.5000000000
20481  -9.041  -55.608  10.464 0.4000000060
21430  -9.174  -54.282  10.389 0.4000000060
16764  -8.959  -60.786  7.259 0.6000000238
133182  -10.165  -60.316  7.155 0.5000000000
17634  -10.842  -59.561  7.135 0.5000000000
17635  -12.250  -59.568  6.560 0.6000000238
17636  -13.083  -59.818  6.501 0.6000000238
128296  -13.125  -58.859  6.527 0.6000000238
17586  -4.219  -59.181  12.666 0.6000000238
18490  -4.579  -59.179  13.747 0.5000000000
19437  -5.257  -57.915  13.856 0.5000000000
19438  -6.183  -57.627  14.074 0.4000000060
19439  -7.035  -57.497  14.093 0.5000000000
19460  -7.292  -56.727  13.589 0.5000000000
20431  -7.606  -55.958  13.120 0.5000000000
20432  -8.801  -56.525  12.949 0.5000000000
20454  -9.272  -55.667  12.643 0.5000000000
20455  -10.438  -56.580  12.752 0.5000000000
145535  -8.290  -54.314  12.484 0.5000000000
133633  -11.003  -55.765  12.549 0.5000000000
17614  -6.594  -59.548  8.653 0.6999999881
18549  -7.232  -58.370  9.707 0.6000000238
18568  -9.192  -58.781  9.687 0.5000000000
19502  -7.746  -57.638  10.584 0.5000000000
21403  -9.218  -54.042  12.317 0.5000000000
21404  -10.403  -54.447  12.346 0.5000000000
17623  -7.088  -60.521  7.870 0.8000000119
141835  -7.049  -59.961  8.238 0.6999999881
136607  -9.117  -59.197  8.700 0.6000000238
18551  -9.595  -58.202  10.468 0.5000000000
128769  -9.934  -56.727  10.563 0.4000000060
20482  -9.944  -55.356  10.149 0.5000000000
22402  -9.420  -52.696  11.500 0.4000000060
22403  -10.184  -52.620  11.469 0.5000000000
17625  -9.730  -59.364  7.915 0.5000000000
19529  -10.881  -58.155  8.554 0.5000000000
18569  -10.221  -58.352  9.916 0.6000000238
19504  -10.178  -57.631  10.483 0.5000000000
19505  -10.849  -56.640  10.178 0.5000000000
20483  -10.787  -55.348  9.936 0.5000000000
18579  -10.822  -58.813  7.606 0.5000000000
18580  -11.756  -58.048  7.098 0.5000000000
19519  -11.026  -57.578  9.626 0.5000000000
19520  -11.558  -56.873  9.468 0.5000000000
18587  -12.655  -58.329  6.478 0.6000000238
19542  -12.569  -57.620  6.921 0.6000000238
18463  -5.479  -59.115  15.608 0.5000000000
18492  -5.967  -58.540  14.897 0.5000000000
18493  -7.033  -58.272  14.894 0.4000000060
136077  -7.701  -58.056  14.451 0.4000000060
18464  -6.585  -58.684  15.696 0.4000000060
19440  -8.036  -57.688  13.892 0.5000000000
19461  -8.436  -57.181  13.413 0.6000000238
18512  -8.974  -58.098  13.709 0.5000000000
141730  -9.694  -56.897  12.880 0.5000000000
19463  -10.382  -57.580  13.231 0.4000000060
20433  -11.465  -56.868  12.919 0.4000000060
20434  -12.452  -56.745  13.125 0.4000000060
18438  -6.958  -58.617  16.390 0.4000000060
18465  -7.438  -58.638  15.709 0.4000000060
130189  -7.943  -58.475  15.079 0.4000000060
18494  -8.468  -58.374  14.396 0.5000000000
18495  -9.428  -58.718  14.382 0.5000000000
18466  -8.093  -58.810  15.828 0.4000000060
17562  -8.795  -59.268  16.102 0.4000000060
18467  -9.861  -59.272  15.125 0.5000000000
18496  -10.386  -58.831  14.477 0.4000000060
18514  -10.847  -58.283  13.887 0.4000000060
128763  -11.251  -57.638  13.451 0.4000000060
19464  -12.078  -57.452  13.609 0.4000000060
19390  -6.696  -57.888  17.792 0.4000000060
18416  -7.114  -58.404  17.185 0.4000000060
18439  -7.552  -58.729  16.490 0.4000000060
19370  -7.058  -57.504  18.626 0.4000000060
19391  -7.383  -58.129  18.128 0.4000000060
18440  -8.151  -59.021  16.697 0.4000000060
17515  -9.291  -59.385  17.371 0.4000000060
17542  -9.567  -59.543  16.613 0.5000000000
18468  -10.785  -59.258  15.332 0.5000000000
18497  -11.297  -58.714  14.711 0.4000000060
19441  -11.720  -58.108  14.154 0.4000000060
17516  -9.978  -59.490  17.503 0.4000000060
17518  -11.188  -59.299  17.207 0.4000000060
18441  -11.960  -58.964  16.681 0.4000000060
18469  -11.683  -59.008  15.643 0.4000000060
19442  -12.561  -57.814  14.451 0.4000000060
20342  -6.585  -56.949  19.021 0.4000000060
20332  -6.128  -56.294  19.422 0.3000000119
19371  -8.008  -57.726  19.185 0.3000000119
143116  -9.048  -58.700  18.672 0.4000000060
21296  -7.114  -54.996  20.502 0.4000000060
20333  -7.098  -56.418  19.926 0.3000000119
140098  -8.635  -56.985  19.814 0.3000000119
19372  -9.171  -57.914  19.470 0.4000000060
20345  -10.158  -56.856  19.387 0.5000000000
18394  -11.261  -58.263  18.177 0.4000000060
18421  -11.665  -58.685  17.555 0.4000000060
18442  -12.612  -58.435  16.598 0.4000000060
20394  -14.067  -57.232  15.468 0.3000000119
21315  -9.883  -55.338  19.066 0.5000000000
21316  -10.514  -55.995  18.747 0.5000000000
19393  -11.965  -57.911  17.815 0.4000000060
19394  -12.681  -57.558  17.433 0.4000000060
19409  -13.030  -57.959  16.875 0.3000000119
21305  -6.661  -55.767  20.250 0.4000000060
23233  -6.576  -53.954  20.456 0.4000000060
21297  -7.876  -54.814  20.410 0.4000000060
21307  -8.570  -55.141  20.242 0.5000000000
132908  -9.907  -56.163  19.438 0.5000000000
146608  -7.897  -53.715  19.859 0.4000000060
22307  -9.209  -54.604  19.373 0.5000000000
22308  -9.686  -54.657  18.354 0.5000000000
21332  -10.219  -55.051  18.033 0.4000000060
140380  -11.632  -55.766  17.593 0.4000000060
20362  -12.995  -56.670  17.532 0.3000000119
22316  -9.158  -54.020  18.087 0.3000000119
21333  -10.846  -55.406  17.710 0.3000000119
21295  -5.696  -54.856  20.343 0.4000000060
129202  -7.673  -53.134  19.397 0.3000000119
23257  -8.098  -52.883  18.323 0.4000000060
128427  -12.555  -55.794  17.583 0.3000000119
24188  -6.749  -52.803  19.990 0.3000000119
24208  -6.709  -51.739  18.166 0.3000000119
131020  -18.067  -64.237  5.693 0.6000000238
13333  -17.579  -63.867  6.624 0.5000000000
13260  -12.044  -64.410  9.956 0.6000000238
13275  -12.082  -64.560  9.165 0.6000000238
5825  -17.242  -73.415  6.619 0.5000000000
6559  -19.071  -72.105  7.107 0.6000000238
8128  -19.018  -69.731  4.956 0.5000000000
6543  -19.450  -72.547  7.724 0.6999999881
145377  -19.149  -75.267  8.962 0.6999999881
5766  -20.103  -74.121  9.381 0.6999999881
143712  -21.293  -70.409  7.887 0.6999999881
6509  -20.663  -72.369  9.603 0.6999999881
12432  -21.071  -65.455  3.771 0.5000000000
4488  -21.789  -75.508  8.450 0.6999999881
127014  -21.369  -68.718  8.005 0.6999999881
8900  -21.465  -69.678  7.873 0.6999999881
5119  -22.686  -74.208  8.466 0.6999999881
8838  -21.663  -69.480  10.064 0.6999999881
14213  -18.004  -63.204  4.689 0.6000000238
5811  -23.467  -73.437  7.316 0.6999999881
10499  -21.282  -67.300  8.755 0.6000000238
9646  -23.026  -68.131  10.091 0.6000000238
8018  -23.601  -70.716  10.094 0.5000000000
10523  -18.043  -67.800  6.210 0.6999999881
10485  -21.708  -67.806  9.420 0.6000000238
7318  -24.165  -71.488  4.778 0.6000000238
10487  -23.361  -67.515  9.431 0.5000000000
10515  -25.708  -67.387  7.626 0.5000000000
8130  -24.982  -69.995  4.137 0.5000000000
11458  -18.412  -66.346  6.962 0.6000000238
9679  -17.104  -68.801  7.107 0.6999999881
17649  -19.959  -60.094  5.200 0.6000000238
12386  -21.224  -65.345  7.848 0.5000000000
11429  -22.223  -66.498  8.810 0.5000000000
11431  -24.340  -66.857  8.113 0.6000000238
11430  -23.285  -66.717  8.718 0.5000000000
8162  -24.355  -70.396  2.564 0.6000000238
8957  -25.317  -69.662  3.052 0.6000000238
8959  -26.899  -69.056  3.326 0.5000000000
8837  -17.085  -68.959  10.715 0.6000000238
17618  -21.799  -59.392  9.569 0.5000000000
10483  -7.976  -67.574  9.441 0.6000000238
7994  -9.523  -70.626  11.668 0.6000000238
15043  -24.105  -61.486  4.315 0.6000000238
10474  -8.827  -67.742  10.928 0.6000000238
10453  -14.360  -68.577  13.201 0.8000000119
10475  -9.566  -67.432  10.923 0.6000000238
10467  -11.213  -67.908  11.669 0.6000000238
15031  -24.825  -60.935  6.168 0.6000000238
11348  -13.445  -67.233  12.157 0.8000000119
10468  -13.173  -67.222  11.151 0.6000000238
10477  -12.082  -67.270  10.643 0.6999999881
11402  -12.002  -66.253  9.405 0.6000000238
13311  -11.569  -64.035  7.767 0.6000000238
130441  -12.463  -65.389  9.690 0.6999999881
14172  -11.890  -63.682  8.536 0.6000000238
15876  -11.480  -61.904  10.636 0.5000000000
15900  -10.561  -61.935  6.498 0.5000000000
15006  -12.088  -62.711  8.056 0.6000000238
16754  -12.016  -60.212  9.673 0.5000000000
16718  -6.479  -59.990  12.566 0.6999999881
16719  -7.518  -60.264  12.238 0.6000000238
17596  -5.450  -59.269  10.903 0.6999999881
16742  -6.553  -60.239  10.121 0.8000000119
18511  -4.560  -58.394  13.384 0.6000000238
21418  -6.304  -55.070  12.126 0.5000000000
20468  -6.055  -55.978  11.868 0.5000000000
21431  -9.920  -53.704  9.973 0.5000000000
18491  -5.031  -58.902  14.408 0.5000000000
142793  -10.107  -55.390  12.508 0.5000000000
17615  -7.939  -59.265  8.599 0.6000000238
124909  -10.019  -58.836  8.897 0.6000000238
19530  -11.825  -57.342  8.069 0.5000000000
125258  -6.090  -58.731  16.323 0.5000000000
18513  -9.913  -58.303  13.711 0.5000000000
128315  -8.856  -58.999  15.180 0.6000000238
19369  -6.280  -57.293  18.173 0.4000000060
18417  -7.734  -58.648  17.437 0.4000000060
20343  -7.584  -57.050  19.604 0.3000000119
19392  -8.274  -58.407  18.561 0.4000000060
17543  -10.478  -59.584  16.879 0.5000000000
17564  -11.104  -59.441  16.286 0.4000000060
18392  -9.791  -58.600  18.817 0.4000000060
123225  -10.953  -58.949  17.906 0.4000000060
18470  -12.484  -58.618  15.937 0.4000000060
19422  -12.974  -58.131  15.377 0.4000000060
20334  -8.182  -56.229  20.201 0.3000000119
20344  -9.479  -56.884  19.669 0.5000000000
145903  -9.743  -57.364  19.520 0.4000000060
134504  -10.756  -56.997  18.787 0.5000000000
19373  -10.181  -57.766  19.235 0.4000000060
18443  -13.131  -58.175  16.209 0.4000000060
20346  -11.238  -56.363  18.128 0.4000000060
20361  -12.049  -56.881  17.823 0.4000000060
22301  -8.337  -54.304  19.959 0.5000000000
23258  -8.549  -53.646  19.061 0.5000000000
130448  -8.629  -53.415  17.834 0.4000000060
24204  -7.298  -52.387  18.861 0.3000000119
24209  -7.525  -52.309  17.486 0.3000000119
3989  -23.146  -75.397  1.965 0.5000000000
3990  -23.890  -76.365  1.786 0.5000000000
3478  -24.779  -77.362  1.707 0.5000000000
3991  -24.470  -76.784  1.581 0.5000000000
3479  -25.396  -77.583  1.817 0.5000000000
3992  -25.293  -76.874  1.491 0.5000000000
3481  -26.512  -77.347  2.076 0.6000000238
4537  -22.276  -74.545  1.994 0.5000000000
5178  -23.193  -74.872  1.795 0.5000000000
5179  -24.134  -74.891  1.700 0.5000000000
4539  -24.900  -75.537  1.486 0.5000000000
3987  -26.962  -76.985  2.069 0.6000000238
128350  -26.654  -75.708  1.406 0.6000000238
3993  -26.245  -76.502  1.522 0.6000000238
4536  -21.303  -74.437  2.173 0.4000000060
3967  -18.441  -75.949  3.996 0.4000000060
4523  -18.715  -74.932  3.800 0.4000000060
4526  -18.615  -74.605  3.016 0.5000000000
5169  -19.085  -74.352  2.613 0.5000000000
139313  -19.011  -75.188  2.486 0.5000000000
5170  -19.879  -73.939  2.371 0.5000000000
5860  -20.060  -72.922  2.830 0.5000000000
4535  -20.443  -74.417  2.248 0.5000000000
5175  -20.759  -73.844  2.113 0.5000000000
3980  -27.169  -77.222  2.808 0.6000000238
136079  -27.499  -76.212  3.566 0.6000000238
5176  -21.613  -73.866  1.909 0.5000000000
5177  -22.449  -73.812  1.751 0.5000000000
5875  -22.353  -72.848  1.821 0.5000000000
4532  -27.359  -76.553  2.534 0.6000000238
138737  -25.913  -74.970  1.414 0.6000000238
144268  -27.360  -75.598  1.422 0.6000000238
4527  -27.596  -75.731  3.262 0.6000000238
4542  -28.067  -75.503  1.424 0.6000000238
4533  -28.519  -75.967  1.966 0.6000000238
144486  -29.706  -75.507  2.373 0.6999999881
127863  -29.119  -75.591  1.752 0.6000000238
5172  -30.113  -75.681  1.999 0.6999999881
3961  -20.092  -76.327  5.602 0.6000000238
4516  -21.162  -75.243  5.709 0.6000000238
4514  -19.319  -75.604  4.688 0.5000000000
4524  -19.476  -74.672  4.391 0.5000000000
5151  -20.500  -74.600  4.868 0.6000000238
5159  -18.959  -74.090  3.515 0.5000000000
5160  -19.736  -73.826  4.043 0.5000000000
5846  -20.247  -73.033  3.578 0.5000000000
5869  -20.329  -73.096  2.342 0.5000000000
122855  -20.634  -72.423  2.944 0.5000000000
5874  -21.728  -73.043  1.879 0.5000000000
4517  -27.611  -74.839  4.858 0.6999999881
5862  -27.553  -74.596  3.926 0.6000000238
5850  -27.624  -73.664  4.983 0.8000000119
129668  -23.735  -73.039  1.820 0.5000000000
5878  -25.363  -73.912  1.719 0.5000000000
5879  -26.407  -73.941  1.528 0.6000000238
5165  -28.380  -75.117  3.116 0.6999999881
5863  -28.128  -74.002  3.720 0.6999999881
5181  -27.205  -74.923  1.294 0.6000000238
5864  -29.721  -74.791  3.096 0.6999999881
139523  -28.098  -74.685  1.207 0.6000000238
5183  -29.756  -75.315  1.620 0.6000000238
5883  -30.415  -74.467  1.470 0.6999999881
5167  -31.466  -74.976  2.453 0.6999999881
5865  -31.321  -74.846  2.939 0.6000000238
3951  -19.878  -77.349  6.132 0.5000000000
4505  -20.925  -76.045  6.106 0.6000000238
5152  -21.551  -74.447  5.386 0.6000000238
5847  -21.143  -73.251  4.196 0.6000000238
5861  -21.134  -72.641  3.552 0.6000000238
6611  -21.419  -72.198  2.474 0.5000000000
7362  -22.445  -71.861  2.321 0.6000000238
5154  -27.593  -74.136  5.347 0.6999999881
6616  -22.024  -72.246  2.107 0.5000000000
7375  -23.492  -71.468  2.146 0.5000000000
5842  -27.953  -72.800  5.321 0.5000000000
6562  -28.094  -72.141  6.698 0.6000000238
6617  -22.951  -72.225  1.936 0.6000000238
130851  -25.607  -73.010  1.891 0.5000000000
6594  -28.830  -72.611  4.611 0.6000000238
5880  -27.480  -73.915  1.341 0.5000000000
6595  -30.069  -72.859  4.274 0.6000000238
130850  -28.409  -73.966  1.182 0.5000000000
129214  -30.282  -73.880  3.582 0.6000000238
6597  -32.294  -73.659  4.043 0.6000000238
6623  -29.755  -73.555  1.360 0.5000000000
6624  -30.668  -73.743  1.514 0.6000000238
5866  -32.077  -74.824  2.748 0.5000000000
6614  -32.173  -73.940  2.194 0.5000000000
141578  -33.718  -73.320  4.357 0.5000000000
3432  -20.323  -77.538  7.042 0.6000000238
3952  -20.621  -76.835  6.627 0.6000000238
3421  -20.006  -77.714  7.657 0.4000000060
7363  -23.416  -71.260  2.359 0.5000000000
6576  -28.170  -72.144  5.977 0.6000000238
7376  -24.184  -71.316  2.144 0.5000000000
6577  -29.466  -72.047  4.994 0.5000000000
6620  -26.629  -72.867  1.832 0.5000000000
6578  -30.587  -72.115  4.860 0.5000000000
7321  -29.888  -71.449  5.464 0.5000000000
7299  -29.222  -71.047  6.189 0.5000000000
7379  -28.184  -72.243  2.015 0.5000000000
146305  -31.226  -72.955  4.412 0.5000000000
6579  -31.967  -72.496  4.885 0.5000000000
7380  -29.250  -72.320  1.951 0.6000000238
7370  -30.655  -72.013  2.130 0.6000000238
5854  -33.165  -74.142  3.508 0.5000000000
6598  -33.146  -73.564  4.303 0.6000000238
137617  -31.319  -72.124  2.197 0.6000000238
127240  -32.736  -73.136  2.497 0.5000000000
3415  -18.989  -77.631  8.475 0.4000000060
137034  -25.032  -71.384  2.176 0.5000000000
8092  -30.662  -70.292  6.560 0.5000000000
7378  -27.147  -72.045  2.139 0.5000000000
7367  -27.564  -71.185  2.512 0.5000000000
7323  -31.801  -71.596  5.539 0.5000000000
125820  -31.947  -70.018  7.202 0.5000000000
8883  -32.488  -69.565  8.375 0.5000000000
8864  -33.144  -69.669  8.897 0.5000000000
8020  -35.272  -70.912  11.102 0.5000000000
134576  -29.335  -71.297  2.511 0.6000000238
8168  -30.183  -71.077  2.600 0.6000000238
142998  -32.477  -72.036  5.461 0.5000000000
128218  -31.065  -71.322  2.487 0.6000000238
7325  -34.269  -71.714  5.313 0.5000000000
8169  -32.626  -71.092  2.838 0.5000000000
8170  -33.563  -71.537  2.883 0.5000000000
136949  -27.717  -69.179  2.916 0.5000000000
8094  -32.603  -70.774  6.895 0.5000000000
8074  -32.655  -70.271  7.642 0.5000000000
8865  -33.850  -70.264  9.180 0.5000000000
126800  -34.412  -70.486  9.710 0.5000000000
8166  -27.984  -70.291  2.754 0.5000000000
8983  -29.140  -69.271  3.056 0.6000000238
7302  -32.319  -71.278  6.041 0.5000000000
145933  -33.073  -70.846  7.349 0.5000000000
7219  -34.897  -70.707  10.447 0.5000000000
133109  -35.554  -71.395  11.201 0.5000000000
135188  -31.551  -70.622  2.926 0.5000000000
7303  -33.227  -71.483  6.280 0.5000000000
7304  -33.992  -71.086  6.118 0.5000000000
8981  -27.472  -68.987  3.030 0.5000000000
7259  -34.706  -71.986  8.390 0.5000000000
8037  -34.222  -71.468  8.597 0.5000000000
7220  -35.391  -71.611  10.281 0.5000000000
127957  -36.102  -74.060  10.520 0.4000000060
7239  -35.232  -72.447  8.978 0.4000000060
130381  -17.213  -66.529  3.599 0.4000000060
126904  -7.525  -66.621  7.890 0.5000000000
13287  -6.193  -64.846  8.174 0.5000000000
137106  -6.174  -65.234  7.624 0.5000000000
133664  -8.160  -64.439  9.910 0.5000000000
141738  -6.695  -64.443  8.395 0.5000000000
11440  -6.541  -65.997  7.979 0.5000000000
16713  -7.362  -60.671  13.160 0.5000000000
17581  -4.529  -59.468  13.325 0.5000000000
8164  -25.952  -70.003  2.665 0.5000000000
7366  -26.511  -70.913  2.445 0.5000000000
3994  -26.960  -76.700  1.812 0.6000000238
5180  -24.964  -74.650  1.644 0.6000000238
3988  -27.728  -76.095  1.805 0.6000000238
5173  -30.721  -75.366  2.125 0.6999999881
4515  -20.245  -75.416  5.215 0.6000000238
130852  -24.644  -72.965  1.870 0.5000000000
5881  -29.158  -74.075  1.158 0.6000000238
5174  -31.489  -74.985  2.312 0.6000000238
5884  -31.436  -74.413  1.874 0.6000000238
5841  -27.672  -73.431  5.721 0.6999999881
138978  -25.634  -72.216  2.053 0.5000000000
6621  -27.793  -73.034  1.562 0.5000000000
6612  -30.252  -72.722  1.715 0.6000000238
6613  -31.220  -73.069  1.836 0.6000000238
145717  -32.446  -74.647  2.750 0.5000000000
6580  -33.072  -72.786  5.016 0.5000000000
7322  -30.958  -71.488  5.407 0.5000000000
7301  -31.277  -70.881  5.945 0.5000000000
7369  -29.958  -71.897  2.175 0.5000000000
7371  -32.023  -71.814  2.508 0.5000000000
130332  -30.723  -70.595  2.917 0.5000000000
8167  -29.326  -70.350  2.948 0.5000000000
8036  -33.721  -71.174  8.216 0.5000000000
8095  -33.455  -71.131  6.945 0.5000000000
8075  -33.914  -71.403  7.617 0.5000000000
136798  -35.808  -72.067  10.859 0.5000000000
134814  -35.665  -72.646  9.891 0.4000000060
8842  -29.670  -69.639  10.233 0.5000000000
8861  -29.478  -69.735  9.449 0.6000000238
8881  -29.889  -69.515  8.761 0.6000000238
8050  -28.926  -70.307  8.414 0.6000000238
6529  -28.792  -72.137  8.358 0.4000000060
8844  -31.279  -68.890  9.717 0.4000000060
8904  -30.472  -69.506  7.954 0.4000000060
8882  -30.825  -69.214  8.763 0.5000000000
8071  -29.093  -70.309  7.584 0.6000000238
8072  -30.019  -69.880  7.286 0.5000000000
8091  -29.591  -70.447  6.721 0.4000000060
6547  -28.220  -72.120  7.459 0.5000000000
5812  -27.941  -72.760  6.811 0.6000000238
5145  -27.684  -73.898  6.077 0.6000000238
4518  -27.951  -75.339  5.076 0.6000000238
3965  -28.387  -76.433  4.457 0.6000000238
3964  -27.615  -75.876  4.236 0.6000000238
3972  -27.936  -77.223  3.954 0.6000000238
3971  -27.479  -77.016  3.508 0.5000000000
3469  -27.108  -77.938  3.086 0.5000000000
3476  -26.217  -78.104  2.464 0.4000000060
3475  -25.611  -78.129  2.335 0.5000000000
6481  -35.935  -72.678  11.430 0.3000000119
15884  -22.579  -61.251  9.127 0.4000000060
127498  -22.503  -63.568  9.803 0.4000000060
15011  -22.421  -62.377  8.663 0.5000000000
18570  -13.227  -58.602  8.235 0.5000000000
18581  -13.369  -58.443  7.017 0.5000000000
18582  -13.638  -58.015  7.900 0.5000000000
18589  -13.437  -57.797  7.170 0.4000000060
19531  -12.629  -56.938  7.620 0.4000000060
19535  -16.171  -57.026  8.978 0.4000000060
20506  -12.193  -56.708  8.790 0.4000000060
20497  -13.561  -56.269  8.197 0.4000000060
20517  -13.683  -56.814  7.660 0.4000000060
137711  -11.745  -56.003  9.695 0.4000000060
21444  -12.171  -54.983  9.660 0.4000000060
20519  -16.043  -56.048  8.123 0.4000000060
22424  -13.259  -54.149  9.313 0.4000000060
22430  -15.907  -54.445  7.884 0.4000000060
22416  -10.581  -53.268  9.715 0.4000000060
22422  -11.233  -53.384  9.546 0.4000000060
22415  -10.277  -52.722  10.380 0.4000000060
23341  -10.932  -52.431  10.137 0.4000000060
20456  -11.973  -56.002  12.610 0.3000000119
21405  -11.413  -54.872  12.305 0.4000000060
19465  -12.935  -57.214  13.846 0.3000000119
20435  -13.279  -56.557  13.407 0.3000000119
21406  -12.405  -55.218  12.298 0.3000000119
20457  -12.903  -56.068  12.707 0.3000000119
19534  -15.444  -57.163  8.747 0.4000000060
19546  -15.076  -56.764  8.323 0.4000000060
19544  -13.534  -57.317  7.516 0.4000000060
19532  -13.956  -57.449  7.925 0.4000000060
124533  -14.362  -56.506  8.064 0.4000000060
21466  -14.192  -56.211  8.083 0.4000000060
21457  -16.695  -55.664  8.175 0.4000000060
21456  -15.453  -55.202  8.148 0.4000000060
21455  -14.637  -55.360  8.530 0.4000000060
21445  -13.251  -55.284  9.329 0.4000000060
139850  -33.040  -77.116  16.639 0.3000000119
3855  -33.007  -77.297  17.016 0.3000000119
3867  -32.374  -76.057  15.345 0.4000000060
4380  -32.454  -76.037  15.284 0.3000000119
4381  -33.042  -75.993  15.914 0.4000000060
5689  -31.242  -74.225  14.357 0.3000000119
5024  -32.203  -75.313  14.802 0.3000000119
129919  -32.501  -74.268  15.358 0.4000000060
5709  -29.922  -74.539  13.713 0.3000000119
5676  -31.932  -74.090  14.739 0.3000000119
6424  -31.850  -72.758  15.220 0.3000000119
6438  -30.483  -73.572  14.178 0.3000000119
128142  -30.621  -72.243  14.521 0.3000000119
7167  -31.294  -71.973  15.102 0.3000000119
6437  -29.854  -72.413  14.010 0.3000000119
7166  -30.086  -71.278  14.258 0.3000000119
7952  -30.463  -70.265  14.281 0.3000000119
7180  -29.461  -71.450  13.503 0.3000000119
7189  -29.250  -71.059  12.758 0.3000000119
8778  -29.995  -69.943  13.508 0.3000000119
6496  -27.792  -72.221  11.008 0.3000000119
6480  -28.330  -71.811  11.948 0.3000000119
7188  -28.844  -71.499  12.374 0.3000000119
7202  -29.410  -70.778  12.184 0.3000000119
8001  -29.541  -70.019  11.741 0.3000000119
6512  -29.149  -72.337  10.892 0.4000000060
5010  -33.302  -74.630  16.644 0.3000000119
4396  -31.760  -75.842  14.869 0.4000000060
6411  -32.902  -72.999  16.255 0.4000000060
5688  -30.700  -74.869  13.994 0.3000000119
7154  -31.933  -71.735  15.590 0.4000000060
6457  -29.652  -73.453  13.750 0.3000000119
7937  -31.637  -70.929  15.395 0.4000000060
6455  -28.249  -73.092  12.936 0.3000000119
8802  -30.253  -69.535  12.917 0.4000000060
5751  -27.429  -72.888  10.356 0.3000000119
6479  -27.129  -72.652  11.099 0.4000000060
124594  -29.908  -69.636  12.120 0.4000000060
8019  -29.472  -69.996  10.899 0.3000000119
5750  -26.489  -73.362  10.442 0.3000000119
124801  -33.192  -76.400  16.991 0.3000000119
4361  -33.637  -75.156  17.332 0.3000000119
3856  -33.805  -76.770  18.002 0.3000000119
5662  -33.484  -73.413  16.922 0.3000000119
5643  -34.197  -72.931  17.271 0.3000000119
5022  -30.458  -75.497  15.139 0.4000000060
7143  -33.092  -71.900  16.374 0.3000000119
7144  -33.878  -71.660  16.511 0.3000000119
5053  -30.126  -75.297  13.816 0.3000000119
4409  -30.338  -75.550  14.195 0.4000000060
7155  -32.548  -71.268  15.873 0.4000000060
7939  -33.244  -70.648  15.622 0.3000000119
7954  -31.860  -70.142  15.015 0.4000000060
8766  -32.227  -69.712  14.407 0.4000000060
5708  -28.933  -74.229  13.403 0.3000000119
5050  -27.707  -74.895  13.357 0.3000000119
8765  -31.328  -69.770  14.317 0.4000000060
130654  -31.880  -69.485  13.819 0.4000000060
5724  -27.524  -73.663  12.528 0.3000000119
5063  -26.612  -74.164  12.709 0.3000000119
140169  -31.459  -69.129  12.370 0.4000000060
8823  -31.428  -68.944  11.529 0.5000000000
5064  -27.328  -74.516  12.899 0.3000000119
8821  -29.813  -69.619  11.115 0.4000000060
8843  -30.296  -69.203  10.465 0.4000000060
128661  -31.009  -68.892  10.742 0.5000000000
5101  -25.748  -74.501  9.665 0.3000000119
4990  -33.962  -73.933  17.484 0.3000000119
4346  -34.697  -76.279  18.397 0.3000000119
5021  -29.607  -75.397  14.674 0.4000000060
7955  -33.568  -70.218  14.796 0.4000000060
129219  -33.536  -69.768  13.223 0.4000000060
5037  -28.367  -75.263  13.902 0.4000000060
8781  -32.603  -69.524  13.579 0.4000000060
8804  -32.855  -69.431  12.680 0.5000000000
128312  -32.802  -68.991  10.451 0.4000000060
143387  -27.113  -74.518  13.626 0.3000000119
8824  -32.520  -69.003  11.244 0.4000000060
128760  -25.806  -73.829  12.738 0.3000000119
144744  -31.705  -69.133  8.745 0.4000000060
8863  -32.271  -69.090  9.066 0.4000000060
124666  -25.696  -73.643  10.933 0.3000000119
5771  -25.751  -73.905  10.191 0.3000000119
5100  -24.969  -75.086  9.733 0.3000000119
6413  -34.492  -72.182  16.852 0.3000000119
7156  -34.024  -71.045  16.051 0.3000000119
7956  -34.313  -70.467  14.364 0.3000000119
5674  -28.083  -74.610  14.604 0.4000000060
8805  -33.556  -69.637  12.351 0.5000000000
135810  -33.497  -69.348  10.814 0.4000000060
145522  -27.022  -74.215  14.139 0.4000000060
125642  -33.377  -69.373  9.826 0.4000000060
5704  -24.062  -73.238  12.773 0.3000000119
5705  -24.876  -73.302  12.988 0.3000000119
5721  -24.244  -73.667  11.863 0.3000000119
5074  -24.370  -74.415  10.813 0.3000000119
3914  -24.626  -76.303  9.984 0.3000000119
5085  -24.252  -75.027  10.342 0.3000000119
7157  -34.714  -71.150  15.672 0.3000000119
7972  -34.398  -70.363  13.302 0.4000000060
8806  -34.185  -69.999  12.417 0.4000000060
5062  -22.854  -74.118  12.423 0.3000000119
5048  -22.424  -74.244  13.141 0.3000000119
5073  -23.247  -74.392  11.791 0.3000000119
4434  -22.689  -74.838  12.236 0.3000000119
143263  -23.656  -75.211  10.863 0.3000000119
4418  -21.735  -75.407  13.874 0.3000000119
3891  -22.021  -76.002  13.337 0.3000000119
3896  -22.555  -75.773  12.547 0.3000000119
3361  -22.634  -76.774  13.155 0.3000000119
4435  -22.937  -75.489  11.827 0.3000000119
7182  -35.524  -71.594  13.462 0.3000000119
7987  -35.117  -70.983  12.928 0.4000000060
3355  -22.057  -77.214  14.029 0.3000000119
135959  -22.168  -77.923  14.486 0.3000000119
5690  -36.511  -73.598  14.585 0.3000000119
126204  -35.965  -72.237  13.961 0.3000000119
6458  -35.953  -72.472  13.060 0.3000000119
136619  -36.362  -73.537  13.482 0.3000000119
6470  -36.190  -73.247  12.617 0.3000000119
18588  -13.148  -58.072  6.620 0.5000000000
22389  -10.736  -53.541  12.077 0.5000000000
23328  -10.665  -52.168  11.006 0.4000000060
19543  -13.143  -57.335  7.124 0.4000000060
5830  -28.026  -73.522  6.766 0.6000000238
7282  -28.362  -71.484  7.304 0.5000000000
8073  -31.089  -69.790  7.183 0.4000000060
8846  -34.326  -69.925  10.694 0.4000000060
8002  -34.702  -70.338  11.550 0.4000000060
8003  -35.346  -70.997  11.935 0.4000000060
6469  -35.977  -72.542  12.238 0.3000000119
139376  -13.521  -58.245  9.025 0.5000000000
18571  -13.892  -57.853  8.945 0.4000000060
20508  -15.753  -56.619  8.418 0.4000000060
4397  -31.903  -75.796  14.777 0.3000000119
7179  -28.715  -71.911  12.949 0.3000000119
132187  -27.882  -72.108  11.354 0.3000000119
4395  -30.844  -75.620  14.547 0.4000000060
8803  -31.022  -69.270  12.983 0.4000000060
4408  -29.661  -75.610  14.074 0.4000000060
4407  -29.150  -75.500  13.810 0.3000000119
5707  -28.110  -74.412  12.942 0.3000000119
8767  -33.081  -69.803  14.232 0.4000000060
5735  -25.027  -73.774  11.450 0.3000000119
135339  -33.125  -69.356  11.814 0.4000000060
5749  -25.068  -74.040  10.790 0.3000000119
3906  -23.762  -76.408  11.158 0.3000000119
7169  -35.449  -71.459  14.393 0.3000000119
2844  -22.621  -77.755  13.762 0.3000000119
3457  -27.885  -78.088  3.621 0.5000000000
3458  -29.047  -78.372  3.876 0.5000000000
3973  -29.549  -77.682  4.111 0.5000000000
4508  -28.569  -75.064  5.892 0.5000000000
5133  -28.739  -73.983  7.300 0.4000000060
8982  -28.479  -68.904  3.015 0.4000000060
7236  -28.685  -70.799  8.738 0.5000000000
7237  -29.221  -70.987  9.822 0.3000000119
6498  -30.610  -72.633  10.278 0.3000000119
121807  -29.413  -70.410  10.464 0.4000000060
7217  -29.516  -71.460  11.453 0.3000000119
7218  -29.525  -70.705  11.267 0.3000000119
5035  -26.437  -73.795  13.817 0.3000000119
130893  -27.642  -72.530  14.949 0.3000000119
5687  -27.469  -73.981  14.596 0.3000000119
4379  -32.049  -76.167  15.545 0.3000000119
6436  -26.860  -71.900  14.565 0.3000000119
6423  -28.661  -74.025  15.345 0.3000000119
5675  -29.445  -74.466  15.484 0.3000000119
5007  -30.213  -74.832  15.639 0.3000000119
146097  -31.564  -75.635  16.425 0.3000000119
5660  -31.172  -74.473  16.961 0.3000000119
6422  -28.633  -72.501  15.664 0.3000000119
6409  -29.572  -73.106  16.118 0.3000000119
5658  -30.095  -73.876  16.124 0.3000000119
5641  -30.790  -73.546  17.282 0.3000000119
4378  -31.306  -75.810  15.175 0.3000000119
136694  -32.275  -76.871  17.162 0.3000000119
6408  -29.366  -71.993  16.405 0.3000000119
3837  -31.692  -76.601  17.790 0.3000000119
4345  -31.551  -75.664  17.515 0.3000000119
3474  -24.829  -77.811  2.070 0.3000000119
5813  -28.555  -72.963  7.614 0.5000000000
5147  -29.157  -74.839  6.778 0.4000000060
4519  -29.295  -75.958  5.159 0.5000000000
6513  -30.315  -71.974  10.078 0.3000000119
141481  -17.320  -54.561  7.883 0.3000000119
21469  -16.860  -54.964  7.790 0.3000000119
23358  -11.564  -52.386  9.603 0.3000000119
2943  -27.301  -78.807  3.487 0.4000000060
2927  -28.763  -78.741  4.528 0.4000000060
2485  -31.737  -78.925  8.519 0.4000000060
136254  -31.731  -77.587  6.633 0.4000000060
3441  -31.278  -77.579  5.678 0.4000000060
3956  -31.687  -77.121  5.827 0.4000000060
4509  -29.952  -75.635  5.938 0.4000000060
3451  -30.783  -77.998  4.763 0.4000000060
126858  -30.171  -77.114  4.555 0.4000000060
4520  -30.749  -76.664  5.267 0.4000000060
2458  -29.944  -80.370  9.821 0.3000000119
2892  -32.550  -78.575  9.127 0.4000000060
128796  -32.623  -77.492  7.319 0.4000000060
3459  -30.040  -78.184  4.184 0.4000000060
2916  -31.652  -78.405  7.701 0.4000000060
3440  -31.074  -77.865  5.614 0.4000000060
2459  -31.104  -79.651  9.439 0.3000000119
141065  -32.816  -77.949  7.770 0.4000000060
133325  -32.364  -77.734  7.300 0.4000000060
3966  -31.070  -77.549  4.912 0.4000000060
125120  -32.422  -77.092  6.827 0.4000000060
142257  -31.058  -76.231  6.023 0.4000000060
143696  -30.657  -79.883  9.847 0.3000000119
2890  -31.184  -79.486  9.742 0.3000000119
3427  -32.970  -77.616  7.898 0.3000000119
3409  -32.768  -77.926  9.445 0.3000000119
4500  -31.264  -75.631  7.713 0.3000000119
5135  -30.805  -74.869  8.257 0.3000000119
4510  -31.618  -76.324  6.742 0.3000000119
5792  -30.512  -72.993  9.279 0.3000000119
6530  -29.990  -72.274  9.431 0.3000000119
5814  -29.571  -73.504  8.189 0.3000000119
4499  -30.462  -75.426  7.049 0.3000000119
5134  -29.810  -74.444  7.740 0.3000000119
2334  -18.536  -78.986  21.806 0.3000000119
2751  -18.215  -78.175  21.409 0.3000000119
5018  -22.162  -74.114  15.072 0.3000000119
3808  -19.042  -76.394  20.186 0.3000000119
4328  -19.981  -75.650  19.776 0.3000000119
137490  -21.788  -75.413  19.297 0.3000000119
143213  -23.419  -75.571  18.525 0.3000000119
4972  -23.880  -74.969  17.926 0.3000000119
123537  -24.330  -75.031  17.081 0.3000000119
5005  -23.923  -73.848  16.408 0.3000000119
5672  -23.709  -72.950  15.913 0.3000000119
4957  -19.926  -74.873  19.729 0.3000000119
4958  -20.960  -74.927  19.394 0.3000000119
4959  -21.819  -74.717  18.948 0.3000000119
4971  -22.858  -74.632  18.426 0.3000000119
4988  -23.798  -73.958  17.754 0.3000000119
3946  -32.881  -76.991  7.921 0.3000000119
135194  -19.347  -77.955  19.823 0.3000000119
128453  -22.154  -75.994  19.439 0.3000000119
3291  -19.773  -76.973  19.745 0.3000000119
3281  -18.869  -77.272  20.229 0.3000000119
3821  -21.578  -76.453  19.598 0.3000000119
4330  -21.293  -75.758  19.539 0.3000000119
129031  -20.362  -74.197  19.464 0.3000000119
2471  -31.448  -79.477  9.059 0.4000000060
2752  -18.607  -78.737  20.987 0.3000000119
2761  -18.661  -78.093  20.511 0.3000000119
2891  -31.863  -79.152  9.515 0.4000000060
2901  -32.169  -78.889  8.806 0.4000000060
2902  -32.950  -78.023  8.521 0.3000000119
2917  -32.353  -78.385  8.036 0.4000000060
2928  -29.670  -78.541  4.504 0.4000000060
2929  -30.244  -78.296  4.455 0.4000000060
2935  -28.952  -78.738  4.028 0.4000000060
2936  -29.687  -78.542  4.118 0.4000000060
2942  -26.949  -79.022  3.461 0.4000000060
3354  -21.855  -77.395  14.709 0.3000000119
3416  -19.581  -77.747  8.170 0.6999999881
3460  -30.488  -78.104  4.391 0.4000000060
3468  -26.639  -78.533  2.980 0.4000000060
3473  -24.350  -77.171  1.806 0.5000000000
3477  -26.608  -77.761  2.520 0.4000000060
3480  -26.041  -77.617  1.972 0.6000000238
3819  -19.718  -76.129  19.897 0.3000000119
3820  -20.555  -76.213  19.696 0.3000000119
3822  -22.416  -76.605  19.471 0.3000000119
3887  -21.685  -76.650  14.516 0.3000000119
3897  -23.203  -76.287  12.006 0.3000000119
3907  -24.325  -76.666  10.578 0.3000000119
3913  -24.009  -75.826  10.511 0.3000000119
3923  -20.310  -76.228  9.039 0.6999999881
3930  -32.939  -77.349  8.761 0.3000000119
3974  -30.546  -77.901  4.416 0.4000000060
3986  -23.743  -76.610  2.059 0.4000000060
4312  -18.429  -75.844  20.590 0.3000000119
4329  -20.544  -75.494  19.625 0.3000000119
4360  -32.179  -76.412  16.584 0.3000000119
4362  -34.073  -75.707  18.035 0.3000000119
4394  -30.138  -75.584  14.376 0.4000000060
4410  -31.141  -75.623  14.503 0.4000000060
4419  -22.198  -75.159  13.106 0.3000000119
4420  -29.870  -75.584  13.918 0.4000000060
4449  -23.192  -75.018  11.433 0.3000000119
4458  -24.553  -75.589  9.974 0.3000000119
4469  -21.387  -75.261  9.151 0.6999999881
4486  -18.965  -75.818  8.963 0.6999999881
4489  -22.381  -74.908  8.328 0.6999999881
4490  -31.672  -75.353  8.726 0.3000000119
4498  -22.311  -75.213  7.716 0.6999999881
4501  -32.077  -76.299  7.778 0.3000000119
4522  -18.376  -75.340  3.268 0.5000000000
4525  -27.460  -75.123  4.155 0.6000000238
4529  -19.719  -74.752  2.355 0.5000000000
4534  -30.053  -75.629  1.941 0.6000000238
4538  -24.013  -75.938  1.575 0.5000000000
4540  -25.637  -76.013  1.369 0.5000000000
4541  -27.156  -76.175  1.589 0.6000000238
4960  -22.538  -75.474  18.996 0.3000000119
4973  -24.135  -75.210  17.435 0.3000000119
4989  -24.303  -74.551  17.303 0.3000000119
4991  -34.436  -74.648  17.933 0.3000000119
5008  -30.922  -75.195  15.986 0.3000000119
5009  -32.688  -75.400  15.415 0.4000000060
5019  -22.853  -73.405  15.492 0.3000000119
5020  -28.788  -75.066  14.638 0.4000000060
5023  -31.448  -75.212  14.409 0.3000000119
5036  -27.552  -74.795  14.004 0.4000000060
5038  -29.072  -75.529  14.127 0.4000000060
5039  -30.571  -75.356  14.087 0.4000000060
5047  -21.997  -74.697  13.746 0.3000000119
5049  -27.121  -74.595  13.189 0.3000000119
5051  -28.467  -75.048  13.413 0.3000000119
5052  -29.415  -75.253  13.646 0.3000000119
5065  -27.850  -74.692  12.967 0.3000000119
5084  -23.709  -74.698  11.077 0.3000000119
5086  -24.988  -74.500  10.175 0.3000000119
5096  -20.054  -74.945  9.377 0.6999999881
5099  -22.212  -74.075  9.279 0.6999999881
5117  -19.369  -74.692  8.974 0.6999999881
5120  -30.661  -73.856  8.790 0.3000000119
5146  -28.217  -74.334  6.446 0.4000000060
5155  -27.829  -74.559  5.634 0.6000000238
5161  -20.815  -73.840  4.503 0.6000000238
5162  -27.541  -74.372  4.617 0.6000000238
5163  -18.976  -73.932  2.936 0.5000000000
5164  -19.405  -73.450  3.187 0.5000000000
5166  -30.642  -75.335  2.335 0.6999999881
5168  -32.073  -74.831  2.657 0.6000000238
5171  -29.017  -75.735  2.206 0.6000000238
5182  -28.992  -74.909  1.258 0.6000000238
5184  -30.336  -75.263  1.749 0.6999999881
5185  -30.939  -75.002  1.884 0.6999999881
5642  -31.095  -74.120  17.786 0.3000000119
5659  -30.619  -74.118  16.529 0.3000000119
5661  -33.000  -74.091  16.175 0.3000000119
5673  -28.054  -73.630  15.096 0.3000000119
5706  -25.548  -73.242  13.481 0.3000000119
5720  -23.423  -73.736  12.316 0.3000000119
5722  -24.909  -73.562  12.223 0.3000000119
5723  -26.938  -73.875  12.402 0.3000000119
5733  -23.870  -74.096  11.478 0.3000000119
5734  -24.518  -74.000  11.266 0.3000000119
5767  -20.428  -73.242  9.536 0.6999999881
5769  -22.343  -73.317  9.578 0.6999999881
5773  -28.040  -73.218  9.900 0.3000000119
5790  -23.285  -73.393  8.264 0.6999999881
5791  -29.479  -72.740  8.559 0.3000000119
5808  -17.540  -73.832  7.146 0.5000000000
5810  -19.068  -73.269  8.025 0.6999999881
5829  -27.753  -73.255  6.292 0.6000000238
5849  -23.420  -73.092  5.080 0.6999999881
5851  -28.136  -73.286  4.426 0.8000000119
5852  -29.067  -73.412  3.886 0.6000000238
5853  -32.341  -74.486  3.205 0.5000000000
5859  -19.558  -73.587  2.702 0.5000000000
5867  -32.681  -74.543  2.940 0.5000000000
5870  -21.130  -72.602  2.202 0.5000000000
5871  -32.138  -74.687  2.497 0.5000000000
5873  -21.076  -73.234  2.059 0.5000000000
5876  -22.970  -73.185  1.776 0.5000000000
5877  -24.405  -73.911  1.775 0.5000000000
5882  -29.757  -74.646  1.346 0.6000000238
6404  -35.011  -72.752  17.198 0.3000000119
6410  -30.348  -73.142  16.727 0.3000000119
6412  -33.612  -72.461  16.814 0.3000000119
6425  -32.416  -72.229  15.902 0.4000000060
6439  -31.282  -73.176  14.654 0.3000000119
6441  -36.235  -72.751  14.443 0.3000000119
6456  -29.045  -72.641  13.443 0.3000000119
6467  -27.318  -72.682  11.730 0.4000000060
6468  -28.026  -72.242  12.347 0.3000000119
6482  -36.010  -73.560  11.187 0.3000000119
6493  -21.507  -72.256  10.292 0.6999999881
6494  -22.112  -72.155  10.399 0.6999999881
6495  -22.734  -71.976  10.159 0.6999999881
6497  -29.811  -71.682  10.834 0.3000000119
6499  -35.872  -73.035  10.602 0.4000000060
6542  -18.710  -72.808  7.434 0.6000000238
6545  -23.751  -72.744  7.712 0.6000000238
6558  -18.319  -72.375  6.852 0.6000000238
6561  -27.833  -72.741  6.136 0.6999999881
6574  -23.762  -73.002  5.751 0.6999999881
6596  -31.282  -73.766  3.723 0.6000000238
6606  -20.759  -72.537  2.598 0.5000000000
6607  -21.229  -72.159  2.858 0.6999999881
6608  -22.880  -71.802  3.390 0.6000000238
6618  -23.918  -72.049  1.898 0.6000000238
6619  -24.783  -72.073  1.947 0.5000000000
6622  -28.763  -73.182  1.446 0.5000000000
7145  -34.640  -71.564  16.322 0.3000000119
7181  -34.992  -70.885  13.884 0.3000000119
7190  -35.623  -71.697  12.575 0.3000000119
7200  -10.228  -71.083  11.079 0.6000000238
7201  -29.358  -71.118  11.954 0.3000000119
7203  -35.763  -71.807  11.720 0.5000000000
7233  -21.311  -70.986  10.166 0.6999999881
7238  -34.738  -71.599  9.285 0.5000000000
7255  -24.551  -71.137  8.494 0.4000000060
7257  -28.429  -71.416  8.118 0.4000000060
7258  -29.042  -71.511  9.104 0.3000000119
7281  -25.038  -70.912  7.857 0.5000000000
7298  -28.476  -71.540  6.508 0.5000000000
7300  -30.271  -70.839  5.959 0.5000000000
7320  -28.883  -71.640  5.702 0.6000000238
7324  -33.138  -72.064  5.630 0.5000000000
7365  -24.514  -70.686  2.391 0.6000000238
7368  -28.512  -71.366  2.480 0.5000000000
7372  -33.151  -72.247  2.696 0.5000000000
7374  -22.802  -71.728  2.169 0.5000000000
7377  -26.069  -71.695  2.216 0.5000000000
7938  -32.371  -70.581  15.449 0.4000000060
7940  -34.150  -70.650  15.295 0.3000000119
7953  -31.188  -70.395  14.816 0.4000000060
7969  -29.578  -70.433  13.184 0.3000000119
7970  -29.850  -70.585  13.798 0.3000000119
7971  -33.808  -70.043  13.992 0.3000000119
7979  -10.972  -70.458  12.053 0.6000000238
7980  -11.987  -70.339  12.288 0.6000000238
7981  -12.855  -70.337  12.470 0.6000000238
7982  -13.726  -70.386  12.576 0.6999999881
7983  -15.137  -70.306  12.435 0.8000000119
7984  -15.986  -70.127  12.159 0.6999999881
7985  -29.535  -70.228  12.502 0.3000000119
7986  -34.756  -70.522  12.427 0.4000000060
7995  -10.257  -70.833  11.556 0.6000000238
8015  -14.802  -70.330  10.965 0.6999999881
8034  -25.104  -69.765  9.336 0.5000000000
8035  -29.079  -70.224  9.363 0.5000000000
8047  -20.973  -71.051  8.522 0.6999999881
8048  -21.320  -70.135  8.865 0.6999999881
8051  -33.134  -70.334  8.145 0.5000000000
8052  -34.211  -71.733  8.066 0.4000000060
8070  -28.550  -70.820  7.869 0.5000000000
8090  -28.697  -70.879  7.053 0.5000000000
8093  -31.672  -70.427  6.612 0.5000000000
8110  -20.412  -70.014  5.954 0.6999999881
8131  -25.722  -69.889  4.570 0.5000000000
8146  -24.018  -70.685  2.478 0.6000000238
8165  -27.006  -69.974  2.661 0.5000000000
8779  -30.674  -69.636  13.649 0.4000000060
8780  -31.359  -69.456  13.574 0.4000000060
8792  -9.779  -69.950  12.169 0.6000000238
8798  -15.784  -69.925  12.887 0.8000000119
8800  -17.297  -69.206  12.351 0.6999999881
8801  -29.758  -69.856  12.880 0.3000000119
8819  -16.756  -69.615  11.864 0.6999999881
8822  -30.435  -69.203  11.362 0.4000000060
8825  -33.951  -69.693  11.621 0.4000000060
8835  -14.736  -69.949  10.150 0.6999999881
8836  -15.492  -69.843  10.388 0.6000000238
8845  -32.511  -68.959  9.745 0.4000000060
8857  -13.619  -69.662  9.043 0.5000000000
8862  -30.157  -69.307  9.570 0.6000000238
8879  -26.266  -69.332  8.465 0.5000000000
8880  -29.277  -69.871  8.802 0.6000000238
8898  -15.893  -69.364  7.975 0.6999999881
8903  -29.524  -69.810  8.105 0.6000000238
8905  -31.645  -69.491  7.908 0.4000000060
8940  -24.858  -69.875  3.247 0.6000000238
8955  -18.987  -68.952  3.534 0.5000000000
8956  -24.845  -69.995  2.803 0.6000000238
8958  -26.003  -69.411  3.192 0.6000000238
8978  -18.027  -68.799  2.689 0.5000000000
8979  -25.577  -69.700  2.860 0.6000000238
9592  -15.129  -68.525  13.596 0.8000000119
9605  -10.058  -69.205  12.332 0.6000000238
9606  -11.031  -68.958  12.480 0.6000000238
9610  -14.739  -69.408  13.192 0.8000000119
9611  -17.665  -68.231  12.466 0.6999999881
9619  -9.610  -68.633  11.983 0.6000000238
9623  -13.527  -68.278  12.596 0.8000000119
9632  -21.933  -68.920  10.171 0.6000000238
9633  -22.625  -68.800  10.321 0.6000000238
9634  -23.668  -68.900  10.248 0.6000000238
9641  -8.208  -67.948  10.478 0.6000000238
9660  -21.340  -68.170  8.880 0.6000000238
9681  -21.268  -68.370  7.285 0.6999999881
9696  -17.365  -68.360  6.328 0.6999999881
9697  -21.332  -68.407  6.341 0.6999999881
9713  -21.291  -68.188  5.426 0.6999999881
9721  -20.488  -67.922  3.751 0.6000000238
9722  -20.828  -68.097  4.294 0.6000000238
9723  -21.151  -67.840  4.621 0.6000000238
9751  -19.266  -67.964  2.933 0.5000000000
9752  -28.296  -68.806  3.093 0.5000000000
10422  -14.850  -67.271  14.476 0.6000000238
10440  -15.451  -67.900  14.076 0.6999999881
10441  -16.257  -67.859  13.917 0.6999999881
10466  -10.037  -67.889  11.608 0.6000000238
10469  -13.333  -67.508  11.967 0.8000000119
10470  -17.830  -67.907  11.777 0.6999999881
10478  -17.680  -67.650  10.890 0.6999999881
10484  -17.530  -67.587  9.862 0.6999999881
10488  -24.293  -67.835  9.207 0.6000000238
10511  -18.331  -67.359  6.701 0.6999999881
10512  -20.747  -66.943  7.591 0.6000000238
10524  -18.308  -67.354  6.187 0.6000000238
10540  -18.218  -67.173  5.682 0.6000000238
10559  -21.190  -67.099  4.343 0.6999999881
10572  -20.034  -67.593  3.351 0.6000000238
10593  -18.884  -67.660  2.757 0.5000000000
10595  -20.432  -66.778  3.383 0.6000000238
11310  -14.344  -66.674  14.852 0.6000000238
11312  -16.122  -66.479  14.599 0.6999999881
11347  -13.268  -66.683  11.918 0.8000000119
11403  -12.686  -66.025  9.585 0.6000000238
11405  -21.810  -67.074  9.188 0.6000000238
11406  -22.554  -67.040  9.234 0.6000000238
11427  -20.984  -65.971  8.146 0.6000000238
11441  -7.051  -66.090  7.321 0.5000000000
11443  -17.861  -66.182  7.999 0.6000000238
11448  -25.325  -66.673  6.975 0.5000000000
11502  -18.630  -66.436  3.131 0.6000000238
11503  -20.877  -66.007  3.521 0.6000000238
11504  -21.055  -65.894  3.657 0.5000000000
11518  -18.963  -67.002  2.853 0.6000000238
11519  -19.903  -66.624  3.205 0.6000000238
12276  -16.754  -65.892  14.824 0.5000000000
12277  -17.407  -65.634  14.573 0.5000000000
12306  -18.177  -65.290  12.996 0.5000000000
12312  -17.268  -65.096  11.782 0.6999999881
12320  -13.036  -65.981  10.055 0.6000000238
12321  -16.776  -64.524  9.986 0.6000000238
12339  -12.142  -65.749  9.180 0.5000000000
12341  -16.842  -64.698  9.381 0.6000000238
12361  -11.760  -65.220  8.715 0.6000000238
12362  -17.115  -65.124  8.563 0.5000000000
12363  -21.692  -65.933  8.344 0.5000000000
12380  -7.130  -65.461  6.366 0.6000000238
12383  -10.681  -64.725  7.395 0.6000000238
12400  -6.451  -64.831  6.128 0.6000000238
12405  -18.549  -66.255  5.971 0.6000000238
12418  -20.458  -64.892  6.319 0.6000000238
12431  -20.719  -64.708  4.558 0.6000000238
12442  -18.323  -65.530  3.859 0.5000000000
12446  -20.959  -65.416  3.662 0.5000000000
12453  -20.122  -66.002  3.298 0.6000000238
13229  -11.686  -64.306  12.555 0.6000000238
13263  -17.978  -64.392  10.706 0.6999999881
13273  -7.321  -64.443  9.334 0.5000000000
13274  -8.490  -64.200  9.243 0.5000000000
13277  -17.803  -64.143  9.859 0.6000000238
13290  -11.380  -64.600  7.999 0.6000000238
13308  -6.362  -63.959  6.632 0.6000000238
13310  -11.202  -64.115  7.278 0.6000000238
13313  -20.554  -64.932  7.162 0.6000000238
13314  -20.860  -64.727  7.424 0.6000000238
13350  -8.395  -63.681  5.832 0.6999999881
13351  -9.530  -63.482  6.051 0.5000000000
13352  -17.864  -63.567  4.994 0.6000000238
13354  -23.945  -64.049  5.312 0.5000000000
13370  -20.894  -64.951  3.644 0.5000000000
13371  -25.248  -63.671  4.025 0.5000000000
13385  -20.341  -64.815  3.662 0.6000000238
14135  -11.465  -63.472  12.272 0.5000000000
14151  -9.470  -63.016  10.160 0.6000000238
14152  -11.683  -63.494  10.358 0.6000000238
14163  -17.295  -63.898  8.744 0.5000000000
14164  -17.796  -63.846  9.071 0.6000000238
14170  -7.286  -62.973  6.727 0.6999999881
14181  -11.478  -63.559  7.165 0.6000000238
14184  -22.522  -62.301  8.027 0.6000000238
14193  -11.740  -62.993  7.067 0.6000000238
14201  -8.854  -63.108  6.039 0.6999999881
14202  -10.283  -63.246  6.188 0.6999999881
14203  -17.597  -62.960  5.067 0.6000000238
14205  -23.740  -62.503  4.742 0.6000000238
14980  -9.372  -62.176  11.708 0.6000000238
14987  -9.452  -62.376  10.856 0.6000000238
14992  -11.503  -62.773  10.731 0.6000000238
15000  -20.088  -62.897  8.938 0.5000000000
15002  -22.558  -62.446  9.678 0.4000000060
15005  -11.934  -62.798  8.983 0.6000000238
15007  -17.645  -63.147  7.535 0.6000000238
15012  -7.661  -62.563  7.223 0.6999999881
15014  -17.551  -62.824  6.801 0.5000000000
15024  -10.603  -62.756  6.272 0.6999999881
15025  -11.260  -62.743  6.521 0.6000000238
15026  -11.857  -62.377  6.780 0.6000000238
15027  -17.494  -62.622  6.067 0.6999999881
15029  -21.206  -62.547  5.997 0.5000000000
15030  -21.693  -62.700  6.235 0.5000000000
15033  -17.532  -62.630  5.433 0.5000000000
15034  -20.845  -62.092  5.315 0.5000000000
15038  -26.037  -61.708  5.194 0.5000000000
15041  -18.446  -62.210  4.693 0.6000000238
15044  -24.900  -61.631  4.291 0.6000000238
15869  -9.188  -61.601  10.810 0.6999999881
15875  -8.542  -61.438  9.737 0.6999999881
15887  -12.722  -61.232  7.691 0.5000000000
15892  -8.024  -61.468  7.030 0.6999999881
15893  -12.860  -61.221  6.951 0.5000000000
15897  -22.913  -60.538  7.271 0.6000000238
15898  -7.773  -62.130  6.833 0.6999999881
15902  -12.438  -61.370  6.798 0.6000000238
15903  -17.763  -62.030  5.532 0.5000000000
15908  -25.719  -61.021  5.226 0.5000000000
15909  -18.308  -61.511  5.353 0.6000000238
15911  -21.844  -61.045  5.017 0.6000000238
15913  -25.066  -60.472  5.051 0.6000000238
15919  -23.448  -60.666  4.436 0.6000000238
16717  -5.282  -59.786  12.782 0.6999999881
16731  -7.803  -60.493  10.836 0.6999999881
16741  -5.813  -59.817  9.534 0.8000000119
16744  -11.782  -60.357  10.654 0.5000000000
16757  -22.582  -59.584  9.117 0.5000000000
16765  -11.358  -60.356  6.745 0.6000000238
16770  -10.370  -61.051  6.867 0.5000000000
16773  -19.716  -59.905  6.295 0.6000000238
16774  -23.810  -59.516  5.397 0.6000000238
16776  -18.798  -61.008  5.463 0.6000000238
16777  -19.444  -60.313  5.640 0.6000000238
16779  -24.311  -59.840  4.914 0.6000000238
16780  -18.746  -61.171  5.025 0.4000000060
16782  -20.710  -60.294  4.856 0.5000000000
17517  -10.590  -59.331  17.548 0.5000000000
17541  -8.847  -59.318  16.871 0.4000000060
17563  -10.222  -59.573  15.962 0.5000000000
17582  -4.568  -59.513  12.877 0.6999999881
17606  -5.715  -59.345  10.039 0.6999999881
17617  -21.194  -59.344  8.973 0.5000000000
17624  -8.233  -59.765  7.941 0.6000000238
17628  -22.342  -59.088  7.913 0.6000000238
17637  -20.750  -58.962  7.408 0.6000000238
17642  -21.903  -58.783  6.039 0.6000000238
17647  -22.472  -59.082  5.479 0.6000000238
17648  -23.134  -59.355  4.870 0.6000000238
17651  -22.223  -59.438  4.959 0.6000000238
18393  -10.560  -58.461  18.519 0.4000000060
18418  -8.602  -59.064  17.747 0.4000000060
18419  -9.509  -59.188  18.110 0.4000000060
18420  -10.262  -59.119  18.137 0.4000000060
18422  -12.382  -58.331  17.213 0.4000000060
18498  -12.160  -58.460  15.020 0.4000000060
18510  -4.167  -58.890  12.909 0.6000000238
18547  -5.802  -58.825  9.989 0.6999999881
18550  -8.625  -58.290  10.352 0.5000000000
18552  -12.937  -58.719  9.771 0.5000000000
18565  -5.934  -59.091  9.347 0.6999999881
18567  -7.561  -58.814  9.226 0.6000000238
18586  -11.920  -58.762  6.678 0.6000000238
18590  -21.004  -58.651  6.703 0.6000000238
18595  -21.312  -58.697  6.227 0.6000000238
19374  -11.365  -57.363  18.271 0.5000000000
19395  -13.475  -57.293  17.164 0.3000000119
19423  -13.637  -57.716  15.783 0.4000000060
19443  -13.439  -57.433  14.801 0.4000000060
19457  -4.398  -58.185  12.710 0.6999999881
19462  -9.407  -57.532  13.267 0.5000000000
19478  -5.061  -57.238  12.507 0.6000000238
19489  -5.121  -57.645  11.752 0.5000000000
19490  -5.828  -57.143  11.461 0.6000000238
19491  -6.302  -56.642  11.400 0.5000000000
19499  -5.522  -58.223  11.007 0.6000000238
19521  -14.943  -57.599  9.180 0.4000000060
19522  -15.719  -57.646  9.565 0.4000000060
19533  -14.700  -57.182  8.389 0.4000000060
19545  -14.285  -56.916  7.940 0.4000000060
20429  -5.993  -55.940  12.812 0.6000000238
20450  -5.724  -56.189  12.537 0.5000000000
20451  -6.392  -55.089  12.466 0.4000000060
20480  -8.114  -55.710  10.808 0.4000000060
20507  -12.790  -56.209  8.833 0.4000000060
20509  -16.467  -56.362  8.535 0.4000000060
20518  -15.177  -56.326  8.185 0.4000000060
21306  -7.623  -55.579  20.415 0.4000000060
21314  -9.247  -55.854  19.869 0.5000000000
21400  -5.980  -55.707  12.226 0.5000000000
21401  -6.933  -54.430  12.216 0.4000000060
21428  -7.545  -54.495  11.204 0.4000000060
21429  -8.231  -54.058  10.946 0.4000000060
21443  -11.008  -54.389  9.661 0.4000000060
21446  -13.955  -55.051  9.215 0.4000000060
21454  -13.976  -55.724  8.628 0.4000000060
21458  -17.250  -55.223  8.216 0.4000000060
21467  -14.942  -55.946  8.109 0.4000000060
21468  -16.318  -55.486  7.980 0.3000000119
22288  -6.513  -54.537  20.475 0.4000000060
22289  -7.393  -54.237  20.366 0.4000000060
22386  -7.536  -53.746  11.947 0.4000000060
22387  -8.828  -53.075  11.811 0.4000000060
22388  -9.760  -53.191  12.026 0.5000000000
22404  -11.054  -52.819  11.570 0.5000000000
22414  -8.897  -53.054  10.989 0.4000000060
22423  -12.178  -53.629  9.434 0.4000000060
22429  -15.048  -54.395  8.468 0.4000000060
22436  -16.562  -54.506  7.687 0.3000000119
23248  -7.106  -53.515  20.202 0.4000000060
23359  -12.372  -52.465  9.167 0.3000000119
121652  -23.064  -59.132  6.190 0.6000000238
121961  -19.734  -61.684  4.553 0.5000000000
122290  -21.060  -73.995  19.084 0.3000000119
123103  -24.154  -74.855  16.776 0.3000000119
123546  -19.629  -60.408  6.760 0.6000000238
123759  -21.267  -58.908  8.242 0.6000000238
124096  -26.867  -73.202  14.377 0.3000000119
124239  -18.927  -61.632  4.716 0.4000000060
124624  -25.778  -73.729  11.852 0.3000000119
124684  -23.460  -73.991  1.749 0.5000000000
124872  -15.735  -55.707  8.064 0.4000000060
124893  -29.526  -70.453  11.637 0.3000000119
125268  -29.574  -75.687  1.914 0.6000000238
126633  -36.097  -73.483  11.888 0.3000000119
127091  -17.318  -63.806  7.515 0.6000000238
127352  -20.400  -63.966  4.146 0.6000000238
127581  -31.904  -68.795  10.586 0.4000000060
127729  -18.247  -64.517  4.807 0.6000000238
128192  -31.930  -69.270  13.031 0.4000000060
128706  -9.627  -52.760  10.720 0.4000000060
129098  -30.788  -71.097  14.851 0.3000000119
129323  -17.589  -67.700  8.885 0.6000000238
129469  -30.683  -69.225  12.218 0.4000000060
129709  -32.237  -69.149  12.114 0.5000000000
129791  -11.848  -70.459  10.453 0.6000000238
129943  -27.034  -72.823  10.746 0.4000000060
130325  -18.203  -66.865  2.864 0.5000000000
130587  -30.369  -80.106  9.592 0.3000000119
130843  -16.190  -55.092  7.824 0.3000000119
131139  -23.417  -75.670  11.252 0.3000000119
131160  -29.350  -69.937  10.041 0.5000000000
131713  -22.929  -59.683  9.796 0.5000000000
131846  -26.503  -76.927  1.772 0.6000000238
132002  -12.783  -58.994  6.366 0.6000000238
132366  -30.006  -72.219  16.948 0.3000000119
132423  -32.266  -75.916  14.979 0.3000000119
132692  -13.158  -66.673  14.043 0.6999999881
132779  -19.544  -77.149  8.681 0.4000000060
132861  -32.045  -77.382  6.635 0.4000000060
132874  -17.408  -68.677  7.820 0.6999999881
133000  -23.226  -65.536  7.504 0.6000000238
133416  -32.715  -70.097  15.003 0.4000000060
133629  -12.579  -67.578  11.265 0.6000000238
133817  -5.787  -55.604  19.900 0.4000000060
134118  -13.028  -70.378  10.420 0.6000000238
134160  -31.876  -72.773  2.231 0.6000000238
134222  -14.039  -70.549  11.199 0.6999999881
134295  -18.414  -64.797  4.251 0.5000000000
134389  -13.177  -56.759  7.655 0.4000000060
134608  -11.773  -64.132  10.775 0.6000000238
135106  -32.327  -78.556  9.747 0.3000000119
135800  -21.956  -70.855  10.515 0.6999999881
135801  -24.813  -76.310  1.436 0.5000000000
136160  -21.945  -76.575  13.763 0.3000000119
136425  -26.528  -74.203  13.254 0.3000000119
136513  -28.541  -69.664  2.930 0.6000000238
137077  -13.897  -68.425  12.906 0.8000000119
137193  -8.043  -64.397  5.725 0.6999999881
137311  -20.602  -59.489  5.476 0.6000000238
137564  -22.749  -70.817  10.454 0.6000000238
138348  -10.825  -57.758  18.636 0.5000000000
138478  -8.433  -62.027  6.695 0.6000000238
138497  -19.426  -64.932  3.620 0.6000000238
138885  -17.522  -67.883  12.919 0.8000000119
139332  -28.617  -72.184  5.311 0.5000000000
140076  -28.735  -70.622  2.775 0.5000000000
140084  -32.220  -75.912  14.976 0.4000000060
140278  -33.440  -71.007  7.658 0.5000000000
140408  -6.661  -63.563  6.394 0.6000000238
140817  -8.887  -67.154  10.138 0.6000000238
140865  -18.783  -64.880  12.670 0.5000000000
141366  -33.037  -74.317  2.840 0.5000000000
141570  -6.358  -55.177  20.417 0.4000000060
141654  -9.456  -59.400  15.758 0.4000000060
141788  -8.048  -53.495  12.114 0.4000000060
141930  -21.922  -58.830  8.115 0.6000000238
142810  -20.973  -72.297  2.697 0.5000000000
142906  -30.876  -74.422  1.618 0.6999999881
142907  -7.800  -65.048  5.952 0.6999999881
142910  -32.746  -76.449  16.016 0.3000000119
143141  -32.311  -73.287  15.435 0.4000000060
143537  -23.923  -72.297  7.980 0.6000000238
143614  -34.001  -69.711  10.023 0.4000000060
143751  -25.894  -61.341  5.675 0.5000000000
143926  -14.367  -57.574  8.802 0.4000000060
144011  -12.917  -67.114  10.569 0.6000000238
144377  -16.765  -69.395  11.149 0.6999999881
144520  -20.526  -69.026  5.000 0.6000000238
144685  -10.909  -57.238  13.039 0.4000000060
144706  -18.000  -71.994  6.509 0.5000000000
145082  -17.126  -64.001  8.093 0.6000000238
145102  -31.327  -74.849  17.422 0.3000000119
145534  -25.912  -77.144  1.660 0.5000000000
145567  -19.892  -62.211  4.507 0.5000000000
145651  -20.603  -59.878  5.081 0.6000000238
145782  -32.635  -78.369  8.409 0.4000000060
146139  -33.351  -71.251  16.175 0.3000000119
146652  -17.485  -68.800  12.605 0.6999999881
146653  -27.649  -73.920  4.303 0.8000000119
146795  -17.485  -68.409  8.473 0.6000000238
146953  -11.756  -63.945  8.100 0.6000000238
146962  -23.359  -71.179  3.218 0.6000000238
