#!ascii label  , from subject sub-v1s22x0050435_ses-1 vox2ras=TkReg
565
71007  21.971  -7.492  2.659 0.0000000000
76043  29.926  -2.947  -2.305 0.0000000000
86165  27.828  7.169  -2.672 0.0000000000
140313  21.739  5.874  -1.562 0.0000000000
66787  24.656  -11.877  2.940 0.0000000000
68840  27.065  -9.820  1.106 0.0000000000
73109  24.780  -5.493  -0.830 0.0000000000
77994  22.360  0.010  -0.932 0.0000000000
80046  28.578  2.009  -1.487 0.0000000000
147204  29.083  4.707  -6.947 0.0000000000
89883  28.212  11.651  -4.298 0.0000000000
68831  22.621  -9.083  2.878 0.0000000000
138566  25.558  -11.084  2.120 0.0000000000
69897  24.261  -8.250  1.487 0.0000000000
138387  20.738  -1.187  1.621 0.0000000000
81133  20.084  2.391  1.133 0.0000000000
84318  25.172  5.629  -3.404 0.0000000000
81202  24.343  2.929  -3.368 0.0000000000
83259  27.778  4.978  -1.926 0.0000000000
82233  31.451  3.394  -4.344 0.0000000000
139699  31.113  6.437  -2.880 0.0000000000
92677  25.679  14.625  -3.430 0.0000000000
143975  25.085  12.516  -3.420 0.0000000000
90921  27.908  13.175  -5.025 0.0000000000
136652  26.947  -3.277  -0.833 0.0000000000
73105  28.476  -6.407  -1.056 0.0000000000
132517  29.861  -6.302  -4.062 0.0000000000
141854  23.989  8.077  -3.728 0.0000000000
77066  31.131  -2.430  -5.633 0.0000000000
151818  20.370  -4.946  2.839 0.0000000000
73090  22.553  -5.779  0.956 0.0000000000
74109  21.589  -3.910  0.851 0.0000000000
76033  23.169  -2.986  -1.272 0.0000000000
77034  26.096  -1.384  -2.054 0.0000000000
82182  21.317  3.482  -0.665 0.0000000000
144561  24.954  0.730  -2.712 0.0000000000
142980  30.027  -0.270  -2.003 0.0000000000
79058  31.430  0.381  -4.933 0.0000000000
145352  24.901  10.343  -4.352 0.0000000000
87968  27.308  9.403  -3.860 0.0000000000
90928  29.646  12.872  -6.830 0.0000000000
141589  30.640  10.873  -5.389 0.0000000000
87105  30.742  8.776  -4.016 0.0000000000
86194  30.264  7.454  -7.216 0.0000000000
133400  25.967  -7.683  0.272 0.0000000000
71009  20.731  -6.828  3.643 0.0000000000
140193  20.970  -7.481  3.780 0.0000000000
69883  22.284  -8.298  2.788 0.0000000000
68843  23.907  -8.804  1.994 0.0000000000
69899  22.754  -7.810  2.161 0.0000000000
85228  26.169  6.521  -3.096 0.0000000000
84308  25.736  5.223  -2.861 0.0000000000
84305  28.328  5.713  -2.181 0.0000000000
84304  30.432  5.164  -2.260 0.0000000000
86163  29.555  7.070  -2.552 0.0000000000
141596  27.110  13.831  -4.457 0.0000000000
144552  26.685  13.134  -4.097 0.0000000000
91837  27.534  13.899  -5.322 0.0000000000
75129  28.643  -3.520  -1.270 0.0000000000
74144  28.966  -4.570  -1.284 0.0000000000
151958  29.800  -4.795  -3.956 0.0000000000
139953  23.065  7.357  -2.877 0.0000000000
135445  23.146  8.534  -3.176 0.0000000000
146909  22.635  -10.684  4.322 0.0000000000
65732  23.277  -12.023  4.043 0.0000000000
64800  24.756  -12.978  3.641 0.0000000000
65742  25.335  -12.474  3.145 0.0000000000
67859  26.638  -10.378  1.562 0.0000000000
146329  27.096  -10.855  2.232 0.0000000000
74097  21.135  -4.142  1.689 0.0000000000
135928  20.416  -2.953  2.568 0.0000000000
77964  21.434  -0.447  0.446 0.0000000000
76991  21.540  -1.453  0.405 0.0000000000
77978  22.368  -0.902  -0.633 0.0000000000
134249  24.238  -2.159  -2.379 0.0000000000
77038  23.649  -0.963  -2.364 0.0000000000
137900  20.532  3.679  0.132 0.0000000000
82201  21.723  4.179  -1.140 0.0000000000
81191  26.577  2.699  -2.206 0.0000000000
80086  24.749  2.176  -3.150 0.0000000000
80068  27.146  1.260  -1.775 0.0000000000
79011  27.402  0.401  -1.788 0.0000000000
151489  29.716  0.835  -1.756 0.0000000000
79026  30.639  0.318  -2.942 0.0000000000
80065  31.116  1.664  -2.961 0.0000000000
141037  30.772  4.132  -6.127 0.0000000000
81219  31.010  2.480  -5.734 0.0000000000
89877  25.762  11.789  -3.877 0.0000000000
88921  25.112  11.166  -4.182 0.0000000000
154611  26.698  10.513  -4.241 0.0000000000
87969  26.372  9.565  -4.043 0.0000000000
88919  27.877  10.164  -4.043 0.0000000000
87996  30.926  9.989  -4.967 0.0000000000
88001  31.255  9.318  -6.275 0.0000000000
137288  31.299  7.792  -5.367 0.0000000000
148511  23.729  -5.887  -0.114 0.0000000000
72071  24.039  -6.520  0.173 0.0000000000
72083  25.186  -6.281  -0.655 0.0000000000
72093  29.425  -7.089  -2.272 0.0000000000
71042  28.681  -7.798  -1.168 0.0000000000
68818  22.271  -9.349  3.760 0.0000000000
67842  23.441  -10.553  3.274 0.0000000000
128721  24.759  -11.150  2.525 0.0000000000
67853  24.001  -10.323  2.647 0.0000000000
68841  25.254  -9.635  1.765 0.0000000000
151693  26.080  -8.965  1.154 0.0000000000
77929  19.824  -0.622  2.469 0.0000000000
129861  20.424  0.616  1.250 0.0000000000
80003  20.618  1.345  0.576 0.0000000000
83264  22.218  5.550  -2.161 0.0000000000
82217  22.558  4.334  -2.253 0.0000000000
83275  24.195  4.293  -3.476 0.0000000000
82214  26.356  3.893  -2.305 0.0000000000
82198  28.544  3.575  -1.732 0.0000000000
81189  30.622  2.769  -2.526 0.0000000000
83257  30.536  4.316  -2.304 0.0000000000
83272  31.433  4.939  -3.062 0.0000000000
84333  31.274  5.509  -4.920 0.0000000000
91808  25.094  14.597  -2.328 0.0000000000
90906  25.184  13.612  -3.086 0.0000000000
145685  26.058  12.509  -3.719 0.0000000000
90916  27.492  12.478  -4.555 0.0000000000
74125  26.250  -4.569  -0.671 0.0000000000
73107  26.718  -5.637  -0.498 0.0000000000
74124  27.281  -4.865  -0.594 0.0000000000
73122  29.059  -6.461  -1.703 0.0000000000
84298  21.809  6.814  -1.566 0.0000000000
85231  23.430  6.478  -3.089 0.0000000000
86180  24.531  7.208  -3.712 0.0000000000
86179  25.623  7.253  -3.505 0.0000000000
66773  26.728  -11.846  3.269 0.0000000000
76052  30.398  -3.154  -4.476 0.0000000000
75167  30.317  -4.285  -5.167 0.0000000000
72043  20.906  -6.407  2.904 0.0000000000
71023  22.458  -6.994  1.976 0.0000000000
145436  21.763  -5.466  1.460 0.0000000000
152143  22.219  -5.123  0.803 0.0000000000
74129  22.806  -4.152  -0.275 0.0000000000
145531  21.208  -2.712  0.952 0.0000000000
76018  21.947  -2.832  -0.205 0.0000000000
74149  24.033  -3.969  -1.264 0.0000000000
75132  25.134  -3.174  -1.395 0.0000000000
128705  26.910  -2.495  -1.205 0.0000000000
77018  28.259  -1.739  -1.513 0.0000000000
82169  20.239  2.990  0.596 0.0000000000
80048  21.914  1.687  -0.954 0.0000000000
81194  22.751  3.326  -2.295 0.0000000000
80073  23.063  1.437  -2.249 0.0000000000
79032  22.823  0.794  -1.853 0.0000000000
131876  25.686  -0.711  -2.368 0.0000000000
136926  27.664  -1.164  -1.686 0.0000000000
77033  29.918  -1.974  -2.258 0.0000000000
77051  30.838  -1.277  -3.630 0.0000000000
78037  31.270  -0.866  -5.637 0.0000000000
80099  31.553  1.795  -4.416 0.0000000000
143020  24.955  9.009  -4.088 0.0000000000
130869  25.920  8.882  -3.679 0.0000000000
152952  27.478  8.285  -3.182 0.0000000000
90929  29.013  13.102  -6.277 0.0000000000
147978  29.158  12.376  -5.184 0.0000000000
90927  30.214  12.114  -6.171 0.0000000000
88930  29.657  11.139  -4.214 0.0000000000
88917  29.585  10.576  -3.848 0.0000000000
87966  29.469  9.280  -3.421 0.0000000000
87079  29.209  7.941  -2.785 0.0000000000
86176  31.255  7.281  -4.093 0.0000000000
85240  31.232  6.312  -5.239 0.0000000000
142523  29.176  5.902  -7.414 0.0000000000
71022  23.947  -7.593  1.190 0.0000000000
71034  25.241  -7.703  0.823 0.0000000000
69909  26.512  -8.342  0.469 0.0000000000
72081  27.190  -6.810  -0.454 0.0000000000
71043  27.627  -8.355  -0.356 0.0000000000
71008  21.206  -7.165  3.146 0.0000000000
69884  21.482  -7.970  3.446 0.0000000000
86166  26.966  6.904  -2.789 0.0000000000
85219  26.902  6.236  -2.635 0.0000000000
85218  27.647  6.376  -2.492 0.0000000000
152539  28.901  6.026  -2.245 0.0000000000
85217  28.599  6.562  -2.441 0.0000000000
75128  29.346  -3.175  -1.723 0.0000000000
138469  29.759  -3.711  -2.337 0.0000000000
75145  30.125  -3.877  -3.195 0.0000000000
66777  23.264  -11.136  3.792 0.0000000000
66776  23.947  -11.885  3.500 0.0000000000
65743  23.948  -12.704  3.808 0.0000000000
66775  24.546  -12.411  3.374 0.0000000000
133334  27.488  -10.233  1.667 0.0000000000
68839  27.848  -9.759  1.158 0.0000000000
75068  20.144  -3.606  2.978 0.0000000000
78989  21.872  -0.195  -0.283 0.0000000000
77993  23.030  -0.741  -1.427 0.0000000000
134764  21.277  4.410  -0.643 0.0000000000
83249  21.512  5.304  -1.120 0.0000000000
81190  27.306  2.797  -1.853 0.0000000000
141715  26.838  2.062  -1.929 0.0000000000
143038  27.660  2.024  -1.560 0.0000000000
140324  28.073  1.084  -1.513 0.0000000000
128573  29.123  1.160  -1.564 0.0000000000
80044  30.005  1.430  -1.968 0.0000000000
80045  29.370  1.985  -1.678 0.0000000000
83291  30.339  4.750  -6.369 0.0000000000
83300  29.527  3.961  -6.828 0.0000000000
89884  27.261  11.609  -4.249 0.0000000000
88933  26.424  11.111  -4.194 0.0000000000
88932  27.381  10.823  -4.177 0.0000000000
88931  28.306  10.896  -4.020 0.0000000000
88953  31.182  10.044  -6.605 0.0000000000
88006  31.111  9.540  -7.212 0.0000000000
87119  30.937  8.753  -7.063 0.0000000000
136375  23.951  -5.372  -0.603 0.0000000000
72084  24.372  -6.116  -0.502 0.0000000000
72092  29.918  -7.082  -2.521 0.0000000000
71052  29.579  -7.406  -1.672 0.0000000000
69864  22.022  -8.639  3.408 0.0000000000
67843  22.809  -10.263  3.754 0.0000000000
68817  23.102  -9.844  3.100 0.0000000000
149963  23.502  -9.388  2.515 0.0000000000
68830  24.393  -9.563  2.165 0.0000000000
68842  24.733  -8.894  1.720 0.0000000000
130794  25.543  -8.919  1.408 0.0000000000
81134  19.822  2.219  1.645 0.0000000000
148996  20.137  0.715  1.924 0.0000000000
143201  20.163  1.526  1.337 0.0000000000
84320  23.791  5.694  -3.281 0.0000000000
83276  23.656  4.931  -3.305 0.0000000000
84319  24.477  5.150  -3.407 0.0000000000
129300  27.043  5.059  -2.208 0.0000000000
83261  26.393  4.744  -2.405 0.0000000000
83260  27.204  4.263  -1.992 0.0000000000
82199  27.715  3.554  -1.816 0.0000000000
83247  28.136  4.233  -1.802 0.0000000000
82212  29.850  3.890  -1.959 0.0000000000
83246  28.993  4.142  -1.795 0.0000000000
84316  31.151  5.567  -2.641 0.0000000000
83273  31.099  4.842  -2.572 0.0000000000
84315  31.463  5.785  -3.273 0.0000000000
83285  31.452  5.053  -4.045 0.0000000000
84326  31.422  5.998  -4.190 0.0000000000
92676  26.102  14.925  -3.577 0.0000000000
92669  25.549  15.256  -3.017 0.0000000000
91817  25.250  14.527  -3.045 0.0000000000
141972  27.255  13.372  -4.645 0.0000000000
74146  26.352  -3.689  -0.815 0.0000000000
146286  26.914  -4.021  -0.671 0.0000000000
74161  29.650  -6.016  -3.570 0.0000000000
132996  29.252  -5.616  -1.642 0.0000000000
73121  29.558  -6.470  -2.735 0.0000000000
72100  29.723  -6.821  -2.934 0.0000000000
85209  21.348  7.963  -1.088 0.0000000000
85221  22.025  7.784  -1.613 0.0000000000
84310  22.234  6.613  -2.147 0.0000000000
85220  22.645  6.998  -2.457 0.0000000000
86181  23.457  7.691  -3.408 0.0000000000
138775  23.772  6.957  -3.444 0.0000000000
87096  25.054  8.183  -3.707 0.0000000000
66786  25.456  -11.790  2.575 0.0000000000
152513  26.321  -11.490  2.459 0.0000000000
66785  27.080  -11.336  2.938 0.0000000000
73067  20.187  -5.257  3.434 0.0000000000
146205  20.616  -5.620  2.794 0.0000000000
72059  21.268  -5.933  2.164 0.0000000000
73066  20.982  -5.033  2.060 0.0000000000
73091  21.620  -4.693  1.199 0.0000000000
74108  22.213  -4.454  0.449 0.0000000000
76975  20.624  -1.857  1.881 0.0000000000
76992  21.156  -1.892  1.162 0.0000000000
76017  22.609  -2.501  -0.820 0.0000000000
75116  22.636  -3.319  -0.587 0.0000000000
75115  23.343  -3.724  -0.965 0.0000000000
75134  23.758  -3.252  -1.600 0.0000000000
74148  24.788  -3.939  -1.193 0.0000000000
76044  25.162  -1.966  -2.088 0.0000000000
76030  25.406  -2.562  -1.631 0.0000000000
76029  26.105  -2.171  -1.651 0.0000000000
76028  27.688  -2.258  -1.273 0.0000000000
77019  27.081  -1.721  -1.588 0.0000000000
152015  20.917  3.699  -0.345 0.0000000000
132758  20.684  2.913  -0.181 0.0000000000
80026  20.879  1.984  -0.075 0.0000000000
81163  21.448  2.498  -0.643 0.0000000000
82216  23.110  3.730  -2.949 0.0000000000
138225  23.685  3.241  -3.380 0.0000000000
80070  25.204  1.504  -2.911 0.0000000000
80072  23.544  1.968  -2.677 0.0000000000
133821  23.743  1.236  -2.473 0.0000000000
79031  23.470  0.636  -2.239 0.0000000000
79030  24.199  0.647  -2.508 0.0000000000
137586  24.565  -0.095  -2.553 0.0000000000
79029  25.332  -0.020  -2.527 0.0000000000
139367  28.552  -0.177  -1.710 0.0000000000
137481  27.686  -0.420  -1.767 0.0000000000
77991  29.265  -0.608  -1.783 0.0000000000
77017  29.194  -1.407  -1.752 0.0000000000
77016  29.989  -1.076  -2.103 0.0000000000
77032  30.416  -1.618  -2.951 0.0000000000
78000  30.354  -0.583  -2.873 0.0000000000
79043  31.056  0.413  -3.671 0.0000000000
128919  31.229  0.031  -4.283 0.0000000000
135414  31.314  -0.115  -5.646 0.0000000000
78049  31.185  -0.729  -6.585 0.0000000000
79071  31.349  0.585  -5.533 0.0000000000
82210  31.100  3.188  -2.857 0.0000000000
81188  31.230  2.442  -3.033 0.0000000000
81210  31.501  2.540  -3.874 0.0000000000
90907  24.273  12.777  -3.108 0.0000000000
139796  23.865  11.942  -3.720 0.0000000000
88922  24.007  10.912  -4.153 0.0000000000
88923  23.368  10.931  -2.993 0.0000000000
87971  23.523  10.091  -3.452 0.0000000000
154235  23.696  9.497  -3.668 0.0000000000
87970  24.393  9.728  -4.111 0.0000000000
153419  26.631  9.117  -3.762 0.0000000000
87094  26.911  8.598  -3.442 0.0000000000
133998  27.852  8.741  -3.417 0.0000000000
91847  28.937  13.445  -6.842 0.0000000000
90919  29.425  12.556  -5.890 0.0000000000
88954  30.939  10.805  -6.440 0.0000000000
89903  30.651  11.582  -6.761 0.0000000000
132440  30.601  11.447  -6.019 0.0000000000
89890  30.292  11.592  -5.514 0.0000000000
89881  30.056  11.395  -4.799 0.0000000000
88929  30.298  10.560  -4.343 0.0000000000
87983  31.173  9.129  -4.766 0.0000000000
148413  30.435  9.330  -3.850 0.0000000000
130370  30.187  9.025  -3.531 0.0000000000
87092  29.711  8.527  -3.098 0.0000000000
87091  30.368  8.296  -3.341 0.0000000000
149177  30.542  7.667  -3.142 0.0000000000
87090  30.891  7.882  -3.771 0.0000000000
86193  30.977  7.832  -6.215 0.0000000000
86189  31.076  7.077  -5.792 0.0000000000
86190  30.568  7.079  -6.556 0.0000000000
85241  30.486  6.275  -6.436 0.0000000000
85250  29.728  6.740  -7.246 0.0000000000
72072  22.900  -6.545  1.253 0.0000000000
140280  23.229  -7.318  1.526 0.0000000000
142290  25.226  -7.263  0.236 0.0000000000
71035  24.500  -7.208  0.611 0.0000000000
69895  25.876  -8.366  0.946 0.0000000000
73106  27.742  -5.955  -0.555 0.0000000000
72082  26.120  -6.421  -0.487 0.0000000000
133718  28.399  -8.416  -0.729 0.0000000000
69906  28.792  -8.649  -0.306 0.0000000000
69907  28.091  -8.933  0.016 0.0000000000
69882  23.084  -8.587  2.348 0.0000000000
69898  23.519  -8.088  1.740 0.0000000000
84317  25.756  5.907  -3.183 0.0000000000
84307  26.455  5.646  -2.633 0.0000000000
84306  27.363  5.668  -2.347 0.0000000000
84295  28.687  4.881  -1.812 0.0000000000
85215  30.284  6.191  -2.422 0.0000000000
92685  26.911  14.169  -3.918 0.0000000000
91827  26.389  14.145  -3.778 0.0000000000
91836  28.016  13.592  -5.622 0.0000000000
74145  27.810  -3.994  -0.799 0.0000000000
130097  29.458  -4.118  -1.859 0.0000000000
75146  29.833  -4.743  -2.926 0.0000000000
74160  29.920  -5.534  -4.263 0.0000000000
86167  22.765  8.151  -2.610 0.0000000000
66765  22.138  -10.620  5.088 0.0000000000
66764  22.672  -11.413  4.477 0.0000000000
149828  24.888  -13.598  4.216 0.0000000000
64799  25.488  -12.965  3.879 0.0000000000
65741  26.247  -12.464  3.670 0.0000000000
67851  25.791  -10.391  1.747 0.0000000000
152762  26.270  -10.916  1.897 0.0000000000
74062  20.060  -4.380  3.393 0.0000000000
136829  20.548  -4.290  2.540 0.0000000000
75091  20.788  -3.497  2.197 0.0000000000
75090  21.184  -3.354  1.299 0.0000000000
148814  20.777  -0.324  1.268 0.0000000000
141692  21.272  -1.051  1.050 0.0000000000
77979  21.847  -0.977  -0.068 0.0000000000
77006  22.042  -1.833  -0.309 0.0000000000
143801  23.106  -2.325  -1.483 0.0000000000
76032  23.580  -2.566  -1.912 0.0000000000
77020  23.414  -1.781  -2.072 0.0000000000
77037  23.891  -1.639  -2.580 0.0000000000
77036  24.535  -1.490  -2.503 0.0000000000
82183  20.950  4.389  -0.143 0.0000000000
81201  25.118  2.780  -2.959 0.0000000000
81203  23.994  2.438  -3.236 0.0000000000
140303  25.451  2.061  -2.931 0.0000000000
146997  25.778  1.564  -2.682 0.0000000000
79028  25.767  0.809  -2.543 0.0000000000
79027  26.621  0.584  -2.132 0.0000000000
79009  28.627  0.501  -1.601 0.0000000000
79008  29.386  0.268  -1.727 0.0000000000
152707  30.291  -0.002  -2.437 0.0000000000
146182  30.197  0.515  -2.081 0.0000000000
129099  31.110  1.035  -3.302 0.0000000000
132261  31.394  0.956  -4.193 0.0000000000
82240  31.240  3.831  -5.309 0.0000000000
143203  31.317  3.124  -5.285 0.0000000000
82241  30.649  3.298  -6.264 0.0000000000
82248  29.220  3.057  -7.189 0.0000000000
151502  25.001  11.815  -3.795 0.0000000000
144187  25.416  9.611  -4.248 0.0000000000
87985  25.992  10.295  -4.285 0.0000000000
88920  26.954  10.082  -4.221 0.0000000000
88944  31.131  10.108  -5.844 0.0000000000
87995  31.256  9.452  -5.454 0.0000000000
87110  31.321  8.629  -5.532 0.0000000000
149457  31.245  8.117  -4.613 0.0000000000
87114  30.749  8.133  -6.891 0.0000000000
73089  23.321  -6.131  0.535 0.0000000000
72070  24.785  -6.779  -0.190 0.0000000000
71045  25.588  -7.010  -0.335 0.0000000000
71054  28.949  -7.182  -1.694 0.0000000000
72080  28.207  -7.076  -0.846 0.0000000000
71053  29.154  -7.428  -1.609 0.0000000000
69916  29.077  -8.065  -1.058 0.0000000000
67830  22.263  -9.948  4.497 0.0000000000
66788  24.015  -11.157  3.110 0.0000000000
67852  24.941  -10.374  2.151 0.0000000000
140724  26.165  -9.628  1.348 0.0000000000
77945  20.278  -0.691  1.930 0.0000000000
78951  20.195  -0.019  1.926 0.0000000000
78973  20.976  0.469  0.609 0.0000000000
78990  21.200  1.136  0.042 0.0000000000
83248  21.955  4.840  -1.706 0.0000000000
83263  23.038  4.715  -2.747 0.0000000000
82226  23.582  4.039  -3.397 0.0000000000
82225  24.055  3.604  -3.506 0.0000000000
141752  25.193  4.953  -3.168 0.0000000000
83262  25.566  4.350  -2.721 0.0000000000
82215  25.666  3.427  -2.599 0.0000000000
134394  26.301  3.207  -2.332 0.0000000000
81177  29.108  2.838  -1.677 0.0000000000
80067  29.950  2.383  -2.092 0.0000000000
132364  29.886  3.172  -2.100 0.0000000000
82211  30.608  3.550  -2.464 0.0000000000
83256  31.201  4.049  -2.878 0.0000000000
83258  29.668  4.651  -1.920 0.0000000000
133148  31.405  4.162  -3.649 0.0000000000
130992  31.389  4.233  -4.483 0.0000000000
83290  31.159  4.725  -5.333 0.0000000000
90905  25.860  13.453  -3.520 0.0000000000
127598  26.667  12.048  -4.124 0.0000000000
74126  25.247  -4.685  -0.906 0.0000000000
73108  25.698  -5.517  -0.682 0.0000000000
74123  28.394  -5.366  -0.909 0.0000000000
149621  29.411  -6.976  -2.397 0.0000000000
84309  23.017  5.840  -2.686 0.0000000000
85230  24.391  6.182  -3.511 0.0000000000
85229  25.293  6.421  -3.557 0.0000000000
149239  26.389  7.288  -3.132 0.0000000000
66774  26.021  -12.118  2.887 0.0000000000
76042  30.505  -2.806  -3.136 0.0000000000
139195  30.103  -3.790  -4.244 0.0000000000
72042  21.647  -6.701  2.419 0.0000000000
72058  22.087  -6.231  1.694 0.0000000000
73110  23.040  -5.186  0.112 0.0000000000
74128  23.580  -4.543  -0.700 0.0000000000
75965  20.194  -2.229  2.456 0.0000000000
75986  20.887  -2.642  1.827 0.0000000000
76004  21.501  -2.356  0.350 0.0000000000
75103  21.494  -3.150  0.489 0.0000000000
75102  22.052  -3.650  0.076 0.0000000000
74127  24.399  -4.689  -0.958 0.0000000000
74147  25.619  -3.806  -0.985 0.0000000000
76031  24.671  -2.630  -1.866 0.0000000000
75131  26.050  -2.978  -1.194 0.0000000000
75130  27.738  -2.946  -0.987 0.0000000000
76027  28.501  -2.617  -1.336 0.0000000000
76026  29.264  -2.268  -1.654 0.0000000000
82161  19.850  3.025  1.329 0.0000000000
81143  20.403  2.203  0.514 0.0000000000
80025  21.430  1.635  -0.445 0.0000000000
79013  21.782  0.797  -0.556 0.0000000000
82200  22.286  3.823  -1.629 0.0000000000
81180  21.934  3.240  -1.080 0.0000000000
141942  22.865  2.345  -2.300 0.0000000000
138590  22.051  2.436  -1.160 0.0000000000
80047  22.427  1.755  -1.699 0.0000000000
79012  22.301  0.877  -1.290 0.0000000000
147099  22.770  0.176  -1.455 0.0000000000
78004  23.319  -0.053  -1.892 0.0000000000
78002  24.128  -0.935  -2.687 0.0000000000
77035  25.268  -1.290  -2.366 0.0000000000
137287  26.119  -0.052  -2.323 0.0000000000
154166  26.367  -0.688  -2.165 0.0000000000
137674  30.777  -2.190  -3.642 0.0000000000
77050  31.026  -2.108  -4.520 0.0000000000
79044  30.872  -0.313  -3.624 0.0000000000
78016  31.161  -0.915  -4.304 0.0000000000
139967  31.227  -1.391  -5.115 0.0000000000
80066  30.648  1.972  -2.528 0.0000000000
80085  31.385  1.748  -3.591 0.0000000000
81218  31.488  2.539  -4.765 0.0000000000
135373  31.531  1.126  -5.023 0.0000000000
133991  23.965  8.868  -3.805 0.0000000000
87095  26.150  8.034  -3.261 0.0000000000
86178  27.088  7.777  -2.966 0.0000000000
91849  27.608  13.999  -6.087 0.0000000000
91848  28.264  13.651  -6.316 0.0000000000
90920  28.632  12.994  -5.562 0.0000000000
90915  28.491  12.442  -4.817 0.0000000000
89882  29.250  11.789  -4.560 0.0000000000
89891  29.787  12.002  -5.315 0.0000000000
89876  29.041  11.180  -3.945 0.0000000000
88918  28.823  10.451  -3.746 0.0000000000
136243  29.326  9.951  -3.630 0.0000000000
87965  30.086  9.821  -3.734 0.0000000000
87967  28.516  9.535  -3.605 0.0000000000
87093  28.814  8.693  -3.138 0.0000000000
87080  28.116  8.012  -2.922 0.0000000000
86164  28.653  7.354  -2.639 0.0000000000
86162  30.473  7.107  -2.747 0.0000000000
85227  31.349  6.575  -3.629 0.0000000000
86185  31.323  7.219  -4.886 0.0000000000
85233  31.366  6.687  -4.384 0.0000000000
84334  30.893  5.484  -5.927 0.0000000000
84345  29.719  5.405  -6.703 0.0000000000
85260  29.363  6.993  -7.835 0.0000000000
85251  28.779  6.328  -8.125 0.0000000000
84346  28.430  5.047  -7.495 0.0000000000
71036  23.662  -6.875  0.875 0.0000000000
71021  24.623  -7.754  1.130 0.0000000000
69896  25.055  -8.270  1.298 0.0000000000
69894  26.667  -9.055  0.827 0.0000000000
71044  26.457  -7.269  -0.297 0.0000000000
128401  27.911  -7.828  -0.709 0.0000000000
135429  27.190  -7.658  -0.370 0.0000000000
71033  26.810  -8.006  -0.038 0.0000000000
69908  27.224  -8.717  0.223 0.0000000000
68852  27.538  -9.334  0.640 0.0000000000
75155  30.001  -4.661  -4.463 0.0000000000
74172  30.408  -5.139  -4.884 0.0000000000
73133  29.833  -6.538  -3.630 0.0000000000
74143  29.602  -5.225  -2.167 0.0000000000
75133  24.352  -3.290  -1.602 0.0000000000
76045  24.018  -2.740  -2.119 0.0000000000
77005  22.788  -1.688  -1.115 0.0000000000
77074  31.502  -2.334  -6.287 0.0000000000
77992  26.956  -0.952  -1.879 0.0000000000
78001  26.868  -0.211  -2.029 0.0000000000
78003  23.895  -0.166  -2.408 0.0000000000
78026  31.330  -0.462  -4.944 0.0000000000
79010  28.057  0.254  -1.663 0.0000000000
80069  26.388  1.393  -2.278 0.0000000000
80071  24.424  1.558  -2.803 0.0000000000
81178  28.152  2.842  -1.663 0.0000000000
81179  22.399  2.845  -1.666 0.0000000000
81192  25.870  2.692  -2.559 0.0000000000
81193  23.293  2.830  -2.909 0.0000000000
82197  29.260  3.559  -1.797 0.0000000000
82213  26.930  3.401  -2.056 0.0000000000
82223  31.339  3.288  -3.405 0.0000000000
82224  24.817  3.678  -3.149 0.0000000000
83274  24.871  4.473  -3.213 0.0000000000
85216  29.339  6.280  -2.342 0.0000000000
86177  30.985  7.175  -3.352 0.0000000000
87078  30.039  7.824  -2.766 0.0000000000
87113  31.124  8.554  -6.356 0.0000000000
87984  30.635  9.618  -4.255 0.0000000000
129169  31.341  -1.566  -6.014 0.0000000000
130410  24.874  -0.765  -2.556 0.0000000000
139573  28.415  -0.925  -1.708 0.0000000000
143273  26.145  2.063  -2.487 0.0000000000
145325  30.686  1.147  -2.587 0.0000000000
148834  23.822  -2.213  -2.360 0.0000000000
149849  29.382  5.555  -2.114 0.0000000000
153512  21.470  0.367  0.062 0.0000000000
