#!ascii label  , from subject sub-v1s22x0050445_ses-1 vox2ras=TkReg
817
41259  -19.784  -45.678  77.388 0.0000000000
47241  -42.077  -39.269  71.361 0.0000000000
57020  -38.357  -29.595  71.798 0.0000000000
61039  -47.762  -25.539  66.871 0.0000000000
124551  -42.528  -43.645  68.671 0.0000000000
60038  -42.933  -26.795  69.103 0.0000000000
63767  -49.371  -22.090  58.229 0.0000000000
67237  -52.373  -17.999  57.172 0.0000000000
50427  -45.119  -36.437  70.524 0.0000000000
54180  -42.490  -33.016  73.567 0.0000000000
52365  -39.484  -34.446  72.615 0.0000000000
40232  -23.713  -45.763  80.346 0.0000000000
40250  -26.839  -46.665  78.675 0.0000000000
39341  -30.473  -46.741  77.276 0.0000000000
36631  -33.343  -49.717  75.011 0.0000000000
36663  -37.261  -49.179  71.666 0.0000000000
136023  -42.086  -47.499  69.928 0.0000000000
147226  -45.813  -42.499  68.577 0.0000000000
137507  -42.679  -28.693  72.907 0.0000000000
69015  -55.403  -16.407  56.965 0.0000000000
48250  -43.255  -38.199  71.719 0.0000000000
50398  -41.967  -36.181  73.265 0.0000000000
50424  -41.314  -36.536  72.027 0.0000000000
42325  -23.259  -44.881  78.160 0.0000000000
40242  -25.427  -46.376  79.388 0.0000000000
38461  -38.563  -47.538  72.029 0.0000000000
37569  -39.979  -48.563  71.064 0.0000000000
40367  -40.993  -46.364  71.162 0.0000000000
45232  -42.709  -40.809  69.979 0.0000000000
44313  -44.360  -42.853  69.686 0.0000000000
146595  -44.422  -40.702  70.466 0.0000000000
47267  -45.967  -39.855  69.253 0.0000000000
55099  -40.055  -31.417  75.177 0.0000000000
55110  -41.246  -30.694  73.737 0.0000000000
58000  -40.476  -28.042  74.113 0.0000000000
60060  -44.993  -25.891  67.439 0.0000000000
147827  -45.297  -25.788  70.719 0.0000000000
60994  -47.876  -24.871  69.043 0.0000000000
61006  -49.719  -24.640  68.004 0.0000000000
64556  -51.471  -21.385  60.786 0.0000000000
62900  -50.278  -23.340  61.007 0.0000000000
42426  -40.649  -45.193  70.153 0.0000000000
59109  -45.691  -27.190  64.251 0.0000000000
66264  -50.767  -19.333  57.837 0.0000000000
65389  -52.798  -20.368  59.694 0.0000000000
66295  -54.448  -18.922  56.424 0.0000000000
51495  -45.150  -36.311  67.829 0.0000000000
51458  -44.179  -34.802  71.874 0.0000000000
52344  -41.318  -34.329  74.468 0.0000000000
40248  -21.899  -46.977  78.693 0.0000000000
39357  -26.877  -46.817  77.142 0.0000000000
40252  -28.669  -46.133  78.191 0.0000000000
138691  -28.010  -46.656  75.494 0.0000000000
38432  -29.878  -48.518  74.877 0.0000000000
36650  -30.643  -50.306  73.484 0.0000000000
35727  -32.613  -50.996  72.438 0.0000000000
35709  -35.299  -50.473  73.579 0.0000000000
38489  -37.738  -48.009  70.514 0.0000000000
41362  -42.876  -45.515  70.138 0.0000000000
40393  -44.694  -45.300  68.735 0.0000000000
42489  -43.450  -44.452  67.008 0.0000000000
45283  -44.433  -41.682  67.080 0.0000000000
130900  -45.602  -38.092  67.445 0.0000000000
60007  -42.775  -26.793  72.738 0.0000000000
126673  -49.681  -25.108  62.023 0.0000000000
123451  -50.279  -24.293  65.802 0.0000000000
41249  -20.688  -46.042  78.863 0.0000000000
47228  -42.101  -39.180  71.733 0.0000000000
49356  -42.221  -37.585  72.281 0.0000000000
49368  -41.777  -37.555  71.897 0.0000000000
40345  -38.765  -45.364  71.749 0.0000000000
40346  -39.677  -46.125  71.753 0.0000000000
130641  -39.413  -45.223  71.278 0.0000000000
46230  -42.330  -39.714  70.815 0.0000000000
46248  -42.739  -40.281  70.511 0.0000000000
46232  -42.892  -40.026  70.964 0.0000000000
47244  -43.301  -39.623  71.251 0.0000000000
56009  -40.212  -29.863  75.168 0.0000000000
58015  -39.258  -28.676  73.171 0.0000000000
61038  -46.788  -25.683  67.191 0.0000000000
61925  -46.831  -24.908  68.689 0.0000000000
61926  -48.227  -24.577  68.623 0.0000000000
60049  -48.877  -25.150  68.583 0.0000000000
124497  -49.077  -24.244  67.869 0.0000000000
64558  -52.243  -21.975  61.360 0.0000000000
63729  -52.232  -22.185  61.751 0.0000000000
62902  -52.590  -23.325  61.827 0.0000000000
66276  -50.497  -19.132  56.349 0.0000000000
66265  -51.419  -18.907  58.081 0.0000000000
66252  -51.877  -19.248  58.953 0.0000000000
66253  -52.861  -19.212  59.154 0.0000000000
65390  -53.498  -19.787  59.279 0.0000000000
67218  -53.801  -18.727  58.850 0.0000000000
134298  -55.992  -17.449  57.189 0.0000000000
50456  -45.414  -36.352  69.103 0.0000000000
51478  -44.851  -35.524  69.869 0.0000000000
51459  -44.541  -35.321  71.182 0.0000000000
51447  -41.206  -35.810  73.439 0.0000000000
52356  -41.804  -35.004  74.180 0.0000000000
52354  -39.778  -34.290  73.561 0.0000000000
53277  -39.470  -33.539  73.901 0.0000000000
136859  -38.633  -33.391  72.415 0.0000000000
39318  -22.260  -47.346  78.116 0.0000000000
39311  -23.420  -47.115  79.361 0.0000000000
40243  -26.176  -46.449  79.143 0.0000000000
40262  -30.390  -46.025  77.347 0.0000000000
39339  -29.347  -46.731  77.443 0.0000000000
39358  -29.068  -47.025  77.065 0.0000000000
39376  -29.777  -47.546  76.418 0.0000000000
39390  -29.284  -47.743  74.630 0.0000000000
38414  -30.573  -47.775  76.680 0.0000000000
36641  -31.937  -50.490  74.290 0.0000000000
36661  -31.277  -50.701  72.411 0.0000000000
35706  -33.122  -51.108  73.424 0.0000000000
37552  -36.893  -49.041  72.409 0.0000000000
37545  -35.324  -49.746  73.165 0.0000000000
35721  -35.719  -50.207  72.042 0.0000000000
35742  -34.930  -50.433  72.269 0.0000000000
36674  -35.811  -49.617  71.685 0.0000000000
37580  -36.541  -48.825  71.168 0.0000000000
37581  -37.280  -48.777  71.236 0.0000000000
38479  -40.930  -47.783  70.302 0.0000000000
145032  -40.037  -47.916  70.281 0.0000000000
38502  -41.304  -47.424  69.390 0.0000000000
39469  -41.835  -47.114  68.823 0.0000000000
42427  -41.779  -45.179  70.001 0.0000000000
42449  -42.473  -44.513  69.050 0.0000000000
44297  -45.266  -42.755  69.683 0.0000000000
42430  -44.871  -44.160  69.555 0.0000000000
42465  -45.285  -44.364  68.453 0.0000000000
141511  -44.091  -45.155  67.827 0.0000000000
42475  -44.901  -44.144  67.847 0.0000000000
44334  -45.486  -42.442  67.899 0.0000000000
48281  -45.742  -38.297  69.669 0.0000000000
134206  -46.062  -39.046  68.321 0.0000000000
144249  -45.975  -37.371  68.350 0.0000000000
145252  -45.708  -37.097  67.780 0.0000000000
42314  -23.278  -44.620  79.965 0.0000000000
41229  -23.128  -45.109  80.900 0.0000000000
40230  -22.068  -46.113  80.755 0.0000000000
53301  -42.957  -33.726  72.073 0.0000000000
54206  -41.443  -32.924  71.989 0.0000000000
132949  -41.351  -29.870  72.402 0.0000000000
59044  -42.117  -27.246  69.397 0.0000000000
59018  -41.463  -27.014  72.022 0.0000000000
129701  -42.729  -26.671  70.236 0.0000000000
59032  -46.451  -27.251  70.420 0.0000000000
59020  -45.074  -27.175  71.474 0.0000000000
124750  -51.545  -23.142  62.705 0.0000000000
62025  -49.758  -24.088  60.825 0.0000000000
62016  -50.432  -24.079  62.272 0.0000000000
61075  -49.661  -25.285  63.258 0.0000000000
62872  -51.436  -23.628  64.222 0.0000000000
62840  -51.681  -23.652  65.975 0.0000000000
144999  -52.571  -17.435  55.129 0.0000000000
68122  -53.910  -16.948  57.135 0.0000000000
144246  -53.524  -16.493  55.249 0.0000000000
70016  -54.255  -14.699  54.835 0.0000000000
49369  -44.505  -37.017  71.208 0.0000000000
50413  -44.229  -36.478  71.861 0.0000000000
49357  -42.928  -37.483  72.247 0.0000000000
50410  -41.488  -36.161  73.134 0.0000000000
51457  -40.595  -35.775  72.003 0.0000000000
144439  -23.774  -44.918  79.428 0.0000000000
40233  -24.436  -45.588  79.978 0.0000000000
41264  -26.522  -45.321  78.670 0.0000000000
38447  -38.162  -48.391  72.203 0.0000000000
37558  -38.810  -48.997  71.681 0.0000000000
38462  -39.556  -48.189  71.991 0.0000000000
39432  -40.789  -47.278  71.227 0.0000000000
39433  -41.546  -47.256  70.968 0.0000000000
45250  -42.495  -41.842  69.126 0.0000000000
43434  -43.895  -43.562  69.454 0.0000000000
44295  -43.821  -41.989  69.916 0.0000000000
44296  -44.686  -42.207  69.955 0.0000000000
45235  -45.265  -41.926  69.857 0.0000000000
45251  -45.998  -41.454  68.795 0.0000000000
46249  -44.930  -40.304  70.410 0.0000000000
139298  -44.725  -38.579  70.669 0.0000000000
131890  -22.453  -44.521  78.280 0.0000000000
137707  -41.170  -32.038  74.724 0.0000000000
130027  -41.801  -32.212  73.837 0.0000000000
136245  -40.928  -30.722  75.058 0.0000000000
126953  -41.272  -29.474  74.604 0.0000000000
57015  -42.152  -28.627  73.781 0.0000000000
60048  -44.159  -26.049  68.263 0.0000000000
60989  -44.136  -25.818  70.222 0.0000000000
60991  -45.485  -25.277  69.340 0.0000000000
60982  -46.676  -25.654  69.972 0.0000000000
64563  -50.159  -21.570  59.118 0.0000000000
63749  -49.764  -22.509  59.291 0.0000000000
63740  -51.505  -21.895  61.406 0.0000000000
62890  -51.964  -22.718  62.481 0.0000000000
47253  -42.174  -39.421  70.590 0.0000000000
46246  -42.284  -40.036  70.201 0.0000000000
58050  -39.262  -28.443  70.581 0.0000000000
60068  -43.317  -26.724  66.897 0.0000000000
60089  -43.943  -26.477  66.185 0.0000000000
60091  -45.427  -26.675  65.719 0.0000000000
60092  -46.425  -26.826  65.573 0.0000000000
65394  -50.274  -20.460  58.266 0.0000000000
65387  -51.297  -20.473  59.615 0.0000000000
65382  -52.212  -21.177  60.436 0.0000000000
128814  -52.381  -21.583  60.558 0.0000000000
68105  -54.756  -18.028  57.923 0.0000000000
66279  -54.608  -19.066  57.080 0.0000000000
52403  -44.232  -35.378  68.866 0.0000000000
53310  -43.585  -34.396  70.997 0.0000000000
53292  -43.398  -33.865  72.430 0.0000000000
51448  -43.901  -35.269  72.731 0.0000000000
52357  -42.705  -34.457  73.851 0.0000000000
53266  -42.086  -33.347  74.641 0.0000000000
53264  -40.054  -33.019  74.738 0.0000000000
55109  -38.655  -31.533  73.705 0.0000000000
49385  -41.416  -36.904  70.937 0.0000000000
145270  -40.357  -35.740  71.074 0.0000000000
52373  -38.597  -34.113  71.192 0.0000000000
127712  -21.269  -46.657  78.296 0.0000000000
124366  -21.734  -47.162  77.740 0.0000000000
40299  -26.318  -46.692  74.917 0.0000000000
143789  -26.786  -44.881  77.133 0.0000000000
147637  -27.179  -45.556  78.730 0.0000000000
40251  -27.792  -46.420  78.359 0.0000000000
40283  -27.529  -46.630  76.133 0.0000000000
126219  -29.622  -49.365  73.118 0.0000000000
37556  -29.962  -49.957  72.515 0.0000000000
37542  -33.962  -49.093  74.668 0.0000000000
37544  -34.983  -49.944  73.982 0.0000000000
35700  -34.312  -50.552  74.052 0.0000000000
35717  -33.761  -51.135  73.089 0.0000000000
35740  -33.878  -50.673  72.109 0.0000000000
38476  -38.965  -48.283  70.661 0.0000000000
41326  -39.981  -45.262  70.715 0.0000000000
41344  -41.957  -45.666  70.501 0.0000000000
40381  -42.480  -46.223  70.284 0.0000000000
42451  -44.024  -44.096  69.436 0.0000000000
41363  -43.868  -45.390  69.509 0.0000000000
39470  -42.923  -46.672  69.080 0.0000000000
145173  -42.855  -46.195  67.966 0.0000000000
40438  -42.357  -45.725  67.042 0.0000000000
46303  -43.732  -40.456  66.592 0.0000000000
124713  -45.873  -40.517  68.186 0.0000000000
47312  -45.125  -39.523  67.267 0.0000000000
47310  -43.755  -39.610  66.544 0.0000000000
49449  -44.296  -37.696  66.368 0.0000000000
40229  -21.427  -46.004  80.422 0.0000000000
58034  -40.039  -27.809  72.005 0.0000000000
59007  -41.592  -26.966  73.192 0.0000000000
58003  -42.927  -27.598  72.982 0.0000000000
60009  -44.120  -26.448  71.801 0.0000000000
58019  -44.075  -27.430  72.065 0.0000000000
58035  -43.316  -28.680  72.059 0.0000000000
60110  -47.255  -27.345  63.835 0.0000000000
60094  -48.161  -26.585  65.043 0.0000000000
62914  -49.699  -23.622  60.206 0.0000000000
62024  -49.108  -24.812  60.594 0.0000000000
61085  -48.957  -25.752  62.160 0.0000000000
142290  -49.150  -25.705  64.425 0.0000000000
61973  -49.408  -24.770  66.072 0.0000000000
123969  -50.548  -24.117  66.725 0.0000000000
47227  -42.146  -38.974  71.778 0.0000000000
48247  -41.975  -38.331  71.998 0.0000000000
48265  -41.945  -38.530  71.579 0.0000000000
40320  -38.042  -45.228  72.018 0.0000000000
46231  -42.355  -39.699  70.940 0.0000000000
47242  -42.212  -39.403  71.369 0.0000000000
47243  -42.361  -39.561  71.280 0.0000000000
57012  -38.454  -30.084  72.628 0.0000000000
57013  -38.744  -29.324  72.846 0.0000000000
57021  -38.866  -28.761  72.188 0.0000000000
61020  -47.563  -24.903  67.771 0.0000000000
61941  -48.362  -24.483  68.232 0.0000000000
61959  -48.482  -24.629  67.500 0.0000000000
63741  -52.477  -22.190  61.207 0.0000000000
63730  -52.483  -22.389  61.742 0.0000000000
67225  -52.051  -18.452  57.854 0.0000000000
67216  -52.358  -18.762  58.575 0.0000000000
67226  -52.855  -18.225  58.158 0.0000000000
67217  -53.305  -18.716  58.828 0.0000000000
67227  -53.747  -18.061  58.484 0.0000000000
50441  -45.393  -36.261  69.814 0.0000000000
50440  -44.953  -35.682  70.394 0.0000000000
50426  -44.683  -36.000  71.196 0.0000000000
52366  -40.017  -34.891  73.204 0.0000000000
52355  -40.507  -34.801  73.913 0.0000000000
53289  -39.116  -33.813  72.952 0.0000000000
128253  -23.355  -46.585  79.936 0.0000000000
39314  -26.234  -47.121  78.738 0.0000000000
39340  -29.891  -46.486  77.507 0.0000000000
39359  -30.066  -47.203  77.227 0.0000000000
37532  -32.820  -49.091  75.565 0.0000000000
36630  -32.319  -49.849  75.164 0.0000000000
144695  -32.657  -50.238  74.770 0.0000000000
36642  -33.001  -50.635  74.244 0.0000000000
36654  -37.188  -49.346  72.154 0.0000000000
36662  -36.503  -49.546  71.915 0.0000000000
35732  -35.936  -49.683  71.873 0.0000000000
36675  -36.528  -49.340  71.632 0.0000000000
36685  -36.554  -49.172  71.458 0.0000000000
36676  -37.319  -48.905  71.386 0.0000000000
38494  -41.486  -47.617  69.947 0.0000000000
38493  -41.049  -47.630  69.889 0.0000000000
38503  -41.702  -47.460  69.543 0.0000000000
39453  -42.275  -47.116  69.257 0.0000000000
43419  -45.611  -43.108  69.260 0.0000000000
42432  -45.549  -43.843  69.092 0.0000000000
43436  -45.709  -43.318  68.801 0.0000000000
42476  -45.337  -43.820  68.143 0.0000000000
43449  -45.557  -43.234  68.410 0.0000000000
43465  -45.268  -43.294  67.929 0.0000000000
44335  -45.636  -42.644  68.254 0.0000000000
49387  -45.525  -36.972  69.997 0.0000000000
49388  -45.811  -37.585  69.492 0.0000000000
49405  -45.727  -36.879  69.289 0.0000000000
131970  -45.819  -36.904  68.607 0.0000000000
134305  -23.807  -45.039  80.302 0.0000000000
42303  -23.159  -44.611  80.732 0.0000000000
40231  -22.813  -46.177  80.408 0.0000000000
124766  -42.006  -33.575  71.552 0.0000000000
53290  -42.270  -33.234  72.526 0.0000000000
57014  -41.801  -29.314  72.988 0.0000000000
57022  -41.514  -29.632  71.863 0.0000000000
57023  -42.339  -29.127  71.865 0.0000000000
59031  -41.950  -27.142  70.295 0.0000000000
61996  -50.563  -24.219  63.679 0.0000000000
134468  -43.984  -37.896  71.466 0.0000000000
49358  -43.781  -37.316  71.963 0.0000000000
49355  -41.963  -37.561  72.212 0.0000000000
122463  -41.896  -36.753  72.696 0.0000000000
50425  -41.666  -36.694  72.563 0.0000000000
50409  -41.181  -36.149  72.950 0.0000000000
39418  -37.947  -46.561  71.976 0.0000000000
38460  -37.652  -47.689  72.248 0.0000000000
140166  -38.865  -48.260  72.089 0.0000000000
146356  -39.143  -47.909  72.010 0.0000000000
40347  -40.411  -46.410  71.510 0.0000000000
39420  -40.104  -47.236  71.739 0.0000000000
44294  -43.082  -41.809  69.657 0.0000000000
126242  -43.553  -40.675  70.497 0.0000000000
128089  -43.939  -41.436  70.197 0.0000000000
45234  -44.527  -41.336  70.213 0.0000000000
133669  -45.209  -41.082  70.087 0.0000000000
48266  -43.868  -38.760  71.299 0.0000000000
47245  -44.522  -39.457  70.764 0.0000000000
48267  -44.557  -37.914  70.887 0.0000000000
55100  -40.735  -31.359  75.024 0.0000000000
55101  -41.112  -31.370  74.676 0.0000000000
137756  -40.498  -30.637  75.263 0.0000000000
57986  -40.398  -28.696  74.640 0.0000000000
56997  -40.615  -29.215  74.939 0.0000000000
57987  -41.027  -28.466  74.627 0.0000000000
57006  -41.516  -28.654  74.373 0.0000000000
57988  -41.495  -28.004  74.251 0.0000000000
61017  -44.938  -25.616  68.064 0.0000000000
61001  -44.881  -25.532  68.846 0.0000000000
61002  -45.576  -25.283  68.620 0.0000000000
61913  -47.018  -24.911  69.106 0.0000000000
60992  -46.488  -25.234  69.608 0.0000000000
60993  -47.196  -25.134  69.375 0.0000000000
60030  -46.866  -26.467  70.036 0.0000000000
60041  -48.193  -25.363  69.000 0.0000000000
64564  -50.989  -21.097  59.927 0.0000000000
63750  -50.664  -21.770  60.251 0.0000000000
60069  -43.825  -26.436  66.801 0.0000000000
60103  -44.877  -26.868  64.875 0.0000000000
60104  -45.816  -26.996  64.983 0.0000000000
60072  -46.099  -26.351  66.519 0.0000000000
66277  -50.879  -18.999  57.195 0.0000000000
66263  -50.212  -19.636  57.083 0.0000000000
65404  -49.749  -20.485  57.447 0.0000000000
65405  -50.505  -19.883  58.005 0.0000000000
65395  -50.829  -20.092  58.802 0.0000000000
66244  -52.452  -19.792  59.454 0.0000000000
65388  -52.099  -20.473  59.842 0.0000000000
139837  -52.727  -20.896  59.863 0.0000000000
64566  -52.875  -21.009  59.803 0.0000000000
64567  -53.169  -20.292  59.523 0.0000000000
65391  -53.838  -19.406  58.907 0.0000000000
69014  -54.672  -16.564  56.833 0.0000000000
68111  -54.153  -17.425  57.968 0.0000000000
69005  -54.754  -16.973  57.373 0.0000000000
67238  -55.100  -18.512  56.716 0.0000000000
66280  -54.944  -18.559  57.285 0.0000000000
140563  -44.921  -36.075  67.434 0.0000000000
52413  -44.060  -35.500  67.751 0.0000000000
51494  -44.688  -35.890  68.120 0.0000000000
52382  -44.456  -35.090  70.714 0.0000000000
52381  -44.019  -34.768  70.478 0.0000000000
52375  -43.941  -34.557  71.390 0.0000000000
53302  -43.487  -34.111  71.759 0.0000000000
52368  -43.775  -34.204  72.236 0.0000000000
50412  -43.582  -36.434  72.559 0.0000000000
50399  -42.986  -35.893  73.232 0.0000000000
52345  -42.210  -34.104  74.435 0.0000000000
53279  -42.695  -33.489  73.912 0.0000000000
53265  -41.125  -33.343  74.722 0.0000000000
54177  -38.625  -32.320  73.360 0.0000000000
54178  -39.132  -32.756  74.136 0.0000000000
40260  -21.228  -46.796  77.345 0.0000000000
39319  -22.842  -47.332  78.789 0.0000000000
40241  -24.841  -46.212  79.681 0.0000000000
39312  -24.769  -46.969  79.200 0.0000000000
39375  -25.844  -46.946  76.497 0.0000000000
39388  -25.478  -46.927  75.327 0.0000000000
40298  -25.755  -46.686  74.551 0.0000000000
40282  -26.555  -46.665  75.813 0.0000000000
41275  -27.050  -45.118  78.104 0.0000000000
39338  -27.264  -46.927  78.034 0.0000000000
134222  -28.283  -46.635  77.874 0.0000000000
40284  -28.323  -46.768  76.289 0.0000000000
40300  -27.231  -46.625  75.009 0.0000000000
40301  -28.023  -46.716  74.708 0.0000000000
39402  -29.017  -47.844  73.814 0.0000000000
38439  -29.069  -48.415  73.004 0.0000000000
126831  -29.518  -48.709  73.906 0.0000000000
37540  -30.605  -49.886  74.376 0.0000000000
36649  -30.274  -49.924  73.643 0.0000000000
134213  -30.062  -49.811  73.171 0.0000000000
36659  -30.359  -50.183  72.978 0.0000000000
36660  -30.704  -50.486  72.741 0.0000000000
35726  -32.073  -51.039  72.673 0.0000000000
35738  -31.991  -50.771  72.079 0.0000000000
36670  -32.385  -50.549  71.647 0.0000000000
35739  -32.711  -50.847  72.179 0.0000000000
36644  -35.615  -50.059  73.167 0.0000000000
36634  -35.033  -50.129  74.040 0.0000000000
37535  -34.657  -49.875  74.229 0.0000000000
35701  -34.889  -50.589  73.941 0.0000000000
35708  -34.460  -50.933  73.598 0.0000000000
124212  -35.046  -50.896  73.506 0.0000000000
36673  -35.058  -50.050  71.758 0.0000000000
35741  -34.540  -50.555  72.219 0.0000000000
36672  -34.435  -50.272  71.712 0.0000000000
136158  -33.786  -50.308  71.572 0.0000000000
38474  -36.963  -48.399  70.810 0.0000000000
134245  -36.116  -48.550  70.744 0.0000000000
38488  -36.714  -47.928  70.456 0.0000000000
37559  -39.516  -48.600  71.549 0.0000000000
137386  -39.010  -48.630  71.093 0.0000000000
37583  -39.598  -48.365  70.742 0.0000000000
42411  -40.866  -45.370  70.261 0.0000000000
41361  -41.993  -45.375  70.265 0.0000000000
43435  -44.649  -43.592  69.633 0.0000000000
41365  -44.986  -45.073  69.011 0.0000000000
41364  -44.714  -44.903  69.314 0.0000000000
40383  -44.491  -45.464  69.122 0.0000000000
147727  -43.892  -45.846  69.365 0.0000000000
40392  -44.179  -45.842  68.915 0.0000000000
40408  -43.495  -46.171  68.591 0.0000000000
40409  -44.313  -45.496  68.480 0.0000000000
41419  -43.819  -44.888  67.488 0.0000000000
40427  -43.531  -45.321  67.598 0.0000000000
41418  -42.951  -45.179  67.098 0.0000000000
44346  -44.475  -42.403  67.125 0.0000000000
45282  -43.711  -41.287  66.675 0.0000000000
46264  -46.055  -40.775  69.001 0.0000000000
46278  -45.978  -41.031  68.490 0.0000000000
47280  -46.018  -39.986  68.553 0.0000000000
48332  -45.911  -38.570  67.913 0.0000000000
47296  -45.894  -39.521  68.028 0.0000000000
48331  -45.621  -39.041  67.596 0.0000000000
47311  -44.438  -39.990  66.928 0.0000000000
141058  -45.170  -38.605  67.110 0.0000000000
146899  -44.605  -38.325  66.723 0.0000000000
143515  -45.080  -36.678  66.832 0.0000000000
50487  -44.973  -36.183  66.914 0.0000000000
40238  -22.097  -46.663  79.762 0.0000000000
40247  -21.347  -46.429  79.332 0.0000000000
55119  -41.111  -31.332  73.145 0.0000000000
54191  -41.195  -32.187  72.562 0.0000000000
58051  -39.946  -27.946  70.941 0.0000000000
60006  -42.231  -26.738  72.570 0.0000000000
59999  -42.230  -26.894  73.303 0.0000000000
59000  -42.371  -27.453  73.512 0.0000000000
59008  -42.694  -27.047  73.137 0.0000000000
60979  -44.663  -25.746  70.644 0.0000000000
142494  -44.054  -25.848  70.956 0.0000000000
60971  -44.824  -26.189  71.313 0.0000000000
58036  -44.532  -27.602  71.572 0.0000000000
135722  -43.862  -28.127  71.877 0.0000000000
58052  -43.893  -28.571  71.016 0.0000000000
60106  -47.727  -27.009  64.390 0.0000000000
60111  -48.000  -27.014  63.388 0.0000000000
63739  -50.355  -22.691  60.522 0.0000000000
125196  -49.617  -23.219  59.633 0.0000000000
62015  -49.773  -24.608  61.426 0.0000000000
62033  -49.250  -24.290  60.096 0.0000000000
61104  -48.441  -25.518  60.354 0.0000000000
61095  -48.949  -25.438  61.285 0.0000000000
60133  -48.419  -26.151  61.627 0.0000000000
61068  -49.723  -25.103  64.084 0.0000000000
61067  -49.132  -25.873  63.676 0.0000000000
61055  -49.596  -24.986  65.004 0.0000000000
61960  -49.949  -24.175  66.813 0.0000000000
48249  -42.445  -38.388  71.870 0.0000000000
48248  -42.016  -38.460  71.998 0.0000000000
39419  -38.818  -46.420  71.994 0.0000000000
134972  -39.380  -47.268  72.017 0.0000000000
41327  -40.178  -45.690  71.144 0.0000000000
46247  -42.487  -40.056  70.474 0.0000000000
45233  -43.233  -41.061  70.127 0.0000000000
46233  -43.868  -40.218  70.891 0.0000000000
47229  -42.892  -38.878  71.587 0.0000000000
56015  -38.932  -30.717  74.170 0.0000000000
56008  -39.711  -30.656  75.006 0.0000000000
56016  -39.429  -29.910  74.518 0.0000000000
57005  -39.285  -29.251  73.834 0.0000000000
147880  -39.769  -28.189  73.461 0.0000000000
61037  -45.776  -25.751  67.399 0.0000000000
61018  -45.624  -25.411  68.039 0.0000000000
61019  -46.557  -25.155  68.053 0.0000000000
61914  -48.178  -24.626  68.706 0.0000000000
61927  -48.718  -24.445  68.378 0.0000000000
61005  -49.143  -24.433  68.269 0.0000000000
61928  -49.716  -24.416  67.833 0.0000000000
64557  -51.920  -21.603  61.194 0.0000000000
62892  -52.585  -22.631  62.044 0.0000000000
66251  -51.099  -19.491  58.525 0.0000000000
66245  -53.280  -19.677  59.352 0.0000000000
66254  -53.539  -19.138  59.117 0.0000000000
66246  -53.582  -19.214  59.118 0.0000000000
66247  -53.900  -18.947  58.950 0.0000000000
69992  -55.775  -15.492  56.470 0.0000000000
69006  -55.451  -16.923  57.252 0.0000000000
69016  -55.897  -16.260  57.041 0.0000000000
68124  -56.186  -17.036  56.966 0.0000000000
67254  -54.944  -18.420  55.986 0.0000000000
51487  -45.129  -36.137  68.666 0.0000000000
51486  -44.771  -35.668  69.175 0.0000000000
51438  -41.473  -35.723  73.618 0.0000000000
51437  -41.103  -35.303  73.889 0.0000000000
53278  -40.314  -33.985  74.406 0.0000000000
53276  -38.808  -33.101  73.181 0.0000000000
54190  -38.269  -32.634  72.319 0.0000000000
40249  -22.375  -47.087  78.965 0.0000000000
143771  -28.837  -47.055  75.541 0.0000000000
132834  -29.627  -47.784  75.492 0.0000000000
36640  -31.048  -50.357  74.073 0.0000000000
36651  -31.352  -50.708  73.275 0.0000000000
35715  -32.358  -51.010  73.415 0.0000000000
35716  -32.863  -51.196  72.844 0.0000000000
38445  -36.282  -48.930  72.463 0.0000000000
144803  -35.505  -48.877  72.646 0.0000000000
36652  -36.097  -49.974  72.724 0.0000000000
35710  -35.484  -50.432  73.149 0.0000000000
35719  -35.253  -50.815  73.132 0.0000000000
37567  -35.705  -49.418  71.410 0.0000000000
38475  -37.564  -48.535  70.927 0.0000000000
128387  -40.542  -48.260  70.763 0.0000000000
38478  -40.270  -48.038  70.457 0.0000000000
38492  -40.621  -47.662  69.896 0.0000000000
39480  -41.574  -46.823  68.214 0.0000000000
39481  -42.118  -46.635  68.019 0.0000000000
43416  -41.314  -44.907  69.332 0.0000000000
42428  -42.759  -45.085  69.901 0.0000000000
43417  -45.010  -43.118  69.805 0.0000000000
141461  -45.046  -43.608  69.689 0.0000000000
43418  -45.225  -43.557  69.522 0.0000000000
42452  -45.356  -44.460  68.859 0.0000000000
41377  -45.042  -44.850  68.584 0.0000000000
40428  -44.555  -45.077  68.150 0.0000000000
41400  -44.941  -44.443  67.989 0.0000000000
42490  -44.226  -44.308  67.451 0.0000000000
43464  -44.578  -43.614  67.438 0.0000000000
128509  -44.887  -42.836  67.450 0.0000000000
44333  -45.086  -42.098  67.470 0.0000000000
128212  -45.880  -38.988  69.478 0.0000000000
132673  -46.140  -39.035  68.836 0.0000000000
48297  -46.083  -38.232  69.096 0.0000000000
48312  -46.083  -38.157  68.451 0.0000000000
49421  -45.875  -37.611  67.903 0.0000000000
49451  -45.513  -37.266  67.389 0.0000000000
49420  -45.814  -36.994  68.078 0.0000000000
50471  -45.521  -36.588  68.302 0.0000000000
42313  -22.679  -44.236  80.315 0.0000000000
41214  -22.910  -44.559  81.185 0.0000000000
56024  -41.435  -29.879  73.662 0.0000000000
56032  -41.123  -30.501  72.634 0.0000000000
59043  -41.296  -27.471  69.810 0.0000000000
59030  -41.338  -27.243  70.845 0.0000000000
60018  -42.227  -26.779  71.336 0.0000000000
60019  -42.913  -26.504  72.020 0.0000000000
60021  -45.561  -26.224  70.980 0.0000000000
143251  -45.163  -26.692  71.389 0.0000000000
62889  -50.621  -23.508  61.815 0.0000000000
61086  -49.531  -25.447  62.594 0.0000000000
62005  -50.113  -24.607  62.808 0.0000000000
61987  -50.605  -24.213  64.751 0.0000000000
61974  -51.099  -23.711  65.707 0.0000000000
68121  -53.060  -17.517  56.731 0.0000000000
68110  -53.380  -17.660  57.689 0.0000000000
68134  -53.240  -17.145  55.788 0.0000000000
69028  -54.088  -16.458  56.078 0.0000000000
70001  -54.112  -15.735  55.240 0.0000000000
70002  -54.976  -15.013  55.713 0.0000000000
146248  -54.857  -14.258  55.134 0.0000000000
49370  -45.069  -37.210  70.571 0.0000000000
50411  -42.530  -36.759  72.803 0.0000000000
126927  -40.666  -35.465  73.209 0.0000000000
51446  -39.928  -35.119  72.345 0.0000000000
41239  -24.478  -45.208  79.687 0.0000000000
41241  -25.774  -45.763  79.348 0.0000000000
41252  -26.815  -45.962  79.079 0.0000000000
37533  -33.514  -48.878  75.043 0.0000000000
38446  -37.278  -48.579  72.374 0.0000000000
37553  -37.736  -49.020  72.262 0.0000000000
37557  -38.045  -49.178  72.048 0.0000000000
37554  -38.523  -48.803  72.040 0.0000000000
140182  -39.190  -48.702  72.027 0.0000000000
38468  -40.231  -48.075  71.243 0.0000000000
38469  -41.197  -47.984  71.019 0.0000000000
38480  -41.608  -47.640  70.433 0.0000000000
39440  -42.120  -47.053  70.427 0.0000000000
44311  -42.888  -42.787  68.953 0.0000000000
43433  -43.157  -43.608  69.067 0.0000000000
44312  -43.571  -42.753  69.417 0.0000000000
44298  -45.681  -42.363  69.341 0.0000000000
44314  -45.966  -42.059  68.926 0.0000000000
45236  -45.799  -41.484  69.378 0.0000000000
46250  -45.687  -40.559  69.694 0.0000000000
47254  -45.495  -39.671  70.017 0.0000000000
135613  -45.347  -38.811  70.159 0.0000000000
48280  -45.316  -37.888  70.207 0.0000000000
145756  -23.020  -44.747  78.988 0.0000000000
54179  -42.183  -32.784  74.307 0.0000000000
129187  -41.588  -32.134  74.424 0.0000000000
55111  -41.333  -31.333  74.195 0.0000000000
56017  -41.182  -30.463  74.628 0.0000000000
129521  -41.738  -29.179  74.090 0.0000000000
132133  -43.626  -26.342  68.878 0.0000000000
60039  -43.516  -26.312  69.710 0.0000000000
61000  -44.193  -25.878  69.265 0.0000000000
60990  -44.778  -25.515  69.756 0.0000000000
60980  -45.382  -25.448  70.125 0.0000000000
61912  -46.179  -25.002  69.082 0.0000000000
137635  -45.923  -25.233  69.723 0.0000000000
60981  -45.987  -25.581  70.371 0.0000000000
60029  -46.220  -26.283  70.582 0.0000000000
62901  -51.173  -22.610  61.744 0.0000000000
48279  -41.966  -38.693  70.761 0.0000000000
44310  -42.208  -43.101  68.413 0.0000000000
45231  -42.432  -40.747  69.755 0.0000000000
58049  -38.638  -28.963  70.265 0.0000000000
58032  -38.696  -28.870  71.188 0.0000000000
58070  -39.872  -28.105  69.963 0.0000000000
59054  -42.330  -27.235  68.297 0.0000000000
60058  -42.920  -26.942  67.454 0.0000000000
144104  -43.653  -26.444  67.460 0.0000000000
60059  -44.354  -26.129  67.447 0.0000000000
60070  -44.407  -26.298  66.728 0.0000000000
60090  -44.488  -26.551  65.799 0.0000000000
60071  -45.114  -26.277  66.650 0.0000000000
60073  -47.124  -26.371  66.262 0.0000000000
64571  -49.860  -21.151  58.199 0.0000000000
64572  -50.535  -20.781  58.979 0.0000000000
64565  -51.753  -21.019  60.408 0.0000000000
65396  -51.555  -19.882  59.241 0.0000000000
62916  -52.525  -22.524  60.680 0.0000000000
64574  -53.331  -20.392  59.271 0.0000000000
68104  -54.194  -18.002  58.357 0.0000000000
66255  -54.298  -19.088  58.456 0.0000000000
68113  -55.388  -17.517  57.361 0.0000000000
66256  -54.712  -18.618  57.934 0.0000000000
52393  -44.426  -35.192  69.822 0.0000000000
53291  -42.996  -33.502  72.958 0.0000000000
51449  -44.306  -35.631  71.972 0.0000000000
136807  -43.846  -34.473  72.655 0.0000000000
51439  -42.337  -35.443  73.718 0.0000000000
51440  -43.295  -34.865  73.287 0.0000000000
52367  -43.446  -33.949  73.069 0.0000000000
54169  -41.742  -32.640  74.684 0.0000000000
142757  -40.933  -32.649  74.814 0.0000000000
54168  -40.430  -32.137  74.953 0.0000000000
54167  -39.604  -32.175  74.695 0.0000000000
55098  -39.261  -31.451  74.554 0.0000000000
49386  -41.744  -37.838  70.855 0.0000000000
126767  -40.842  -36.154  70.996 0.0000000000
52374  -39.258  -34.626  71.679 0.0000000000
52364  -38.833  -33.992  72.077 0.0000000000
53300  -38.311  -33.392  71.654 0.0000000000
135585  -38.219  -29.508  70.748 0.0000000000
41260  -20.427  -45.993  77.951 0.0000000000
40240  -24.160  -46.569  79.852 0.0000000000
141601  -24.047  -47.233  79.242 0.0000000000
40271  -28.000  -46.777  77.265 0.0000000000
39389  -28.606  -47.138  74.307 0.0000000000
38423  -30.354  -48.298  75.893 0.0000000000
125308  -30.083  -49.369  74.251 0.0000000000
141001  -29.904  -49.509  73.629 0.0000000000
140207  -31.160  -50.585  71.828 0.0000000000
37550  -34.767  -49.654  73.758 0.0000000000
37543  -34.340  -49.534  74.230 0.0000000000
37534  -34.083  -49.476  74.522 0.0000000000
36632  -33.891  -50.240  74.435 0.0000000000
35707  -33.743  -50.822  73.803 0.0000000000
35728  -33.286  -50.978  72.468 0.0000000000
35730  -34.876  -50.829  72.755 0.0000000000
35729  -34.169  -50.907  72.644 0.0000000000
36671  -33.163  -50.686  71.940 0.0000000000
37568  -37.868  -48.744  71.260 0.0000000000
37582  -38.238  -48.585  70.963 0.0000000000
140675  -38.302  -48.347  70.721 0.0000000000
38477  -39.596  -48.197  70.565 0.0000000000
38490  -38.711  -47.893  70.394 0.0000000000
42397  -39.257  -44.860  71.102 0.0000000000
41343  -40.922  -45.656  70.551 0.0000000000
147632  -41.401  -45.473  70.304 0.0000000000
40368  -41.748  -46.347  70.808 0.0000000000
39454  -42.754  -46.787  69.864 0.0000000000
42450  -43.387  -44.370  69.338 0.0000000000
42429  -43.566  -44.955  69.604 0.0000000000
125014  -44.288  -44.762  69.456 0.0000000000
40382  -43.386  -46.077  69.965 0.0000000000
135616  -42.530  -46.661  68.572 0.0000000000
40426  -42.258  -46.142  67.433 0.0000000000
122776  -43.745  -45.611  68.008 0.0000000000
126022  -42.929  -45.692  67.524 0.0000000000
45264  -45.936  -41.756  68.474 0.0000000000
129817  -45.884  -41.381  68.255 0.0000000000
45273  -45.106  -41.296  67.476 0.0000000000
139743  -45.605  -39.978  67.777 0.0000000000
46305  -45.081  -40.406  67.401 0.0000000000
48350  -45.084  -37.560  66.851 0.0000000000
41238  -20.538  -45.757  79.797 0.0000000000
54192  -41.841  -32.740  72.914 0.0000000000
58033  -39.363  -28.327  71.550 0.0000000000
134201  -39.522  -28.227  72.575 0.0000000000
58016  -40.194  -27.732  73.135 0.0000000000
59029  -40.665  -27.473  71.419 0.0000000000
59017  -40.800  -27.347  72.604 0.0000000000
59006  -41.006  -27.388  73.689 0.0000000000
58999  -41.726  -27.355  73.910 0.0000000000
58002  -42.599  -28.157  73.346 0.0000000000
60028  -43.546  -26.167  70.686 0.0000000000
60020  -43.650  -26.271  71.490 0.0000000000
60008  -43.441  -26.645  72.244 0.0000000000
59010  -43.858  -26.959  72.286 0.0000000000
59009  -43.214  -27.035  72.743 0.0000000000
58018  -43.527  -27.579  72.465 0.0000000000
58017  -43.170  -28.255  72.613 0.0000000000
59119  -46.445  -27.407  63.683 0.0000000000
60105  -46.693  -27.209  64.593 0.0000000000
60093  -47.389  -26.814  65.311 0.0000000000
61053  -48.030  -26.230  65.919 0.0000000000
62925  -49.243  -23.230  59.018 0.0000000000
62913  -48.998  -23.861  59.418 0.0000000000
60123  -48.434  -26.518  62.502 0.0000000000
61074  -49.042  -25.916  62.913 0.0000000000
60112  -48.677  -26.433  63.320 0.0000000000
60107  -48.575  -26.440  64.208 0.0000000000
61054  -48.788  -25.775  65.284 0.0000000000
123377  -48.608  -25.248  66.456 0.0000000000
61040  -49.117  -24.457  66.964 0.0000000000
61942  -49.695  -24.282  67.436 0.0000000000
61943  -50.416  -24.219  67.095 0.0000000000
61961  -51.280  -23.781  66.202 0.0000000000
61944  -51.105  -24.070  66.673 0.0000000000
144771  -50.724  -25.284  67.261 0.0000000000
35711  -35.807  -50.269  72.767 0.0000000000
35718  -34.704  -51.041  73.116 0.0000000000
36633  -34.570  -50.106  74.294 0.0000000000
36643  -35.257  -50.098  73.705 0.0000000000
36653  -36.245  -49.510  72.252 0.0000000000
37551  -35.870  -48.993  72.846 0.0000000000
40239  -22.748  -46.899  79.501 0.0000000000
40391  -43.465  -46.267  69.302 0.0000000000
40410  -44.766  -45.081  68.434 0.0000000000
41386  -44.955  -44.794  68.332 0.0000000000
41399  -44.502  -44.746  67.826 0.0000000000
42431  -45.207  -44.357  69.239 0.0000000000
42466  -45.539  -43.989  68.726 0.0000000000
42477  -45.511  -43.789  68.510 0.0000000000
45274  -45.629  -41.726  67.915 0.0000000000
45275  -45.833  -42.052  68.253 0.0000000000
46291  -45.627  -40.905  67.897 0.0000000000
46304  -44.405  -40.837  67.027 0.0000000000
48348  -43.802  -38.634  66.462 0.0000000000
48349  -44.480  -39.118  66.855 0.0000000000
49406  -46.029  -37.467  68.841 0.0000000000
50488  -45.414  -36.727  67.612 0.0000000000
51469  -45.166  -35.875  69.693 0.0000000000
51479  -45.085  -35.888  69.335 0.0000000000
56010  -40.909  -29.912  75.143 0.0000000000
56996  -39.930  -29.169  74.781 0.0000000000
56998  -41.046  -29.138  74.840 0.0000000000
57999  -39.805  -28.610  74.111 0.0000000000
58001  -42.034  -28.013  73.999 0.0000000000
58991  -41.211  -27.780  74.216 0.0000000000
59108  -44.795  -27.133  63.969 0.0000000000
60047  -43.271  -26.609  68.199 0.0000000000
60970  -44.228  -26.013  71.249 0.0000000000
61003  -46.120  -25.108  68.512 0.0000000000
61004  -48.467  -24.599  68.613 0.0000000000
61021  -50.257  -24.656  67.557 0.0000000000
61022  -50.979  -24.605  67.076 0.0000000000
61940  -47.561  -24.735  68.432 0.0000000000
62849  -51.714  -23.644  65.665 0.0000000000
67219  -54.226  -18.550  58.510 0.0000000000
67239  -55.687  -18.100  57.066 0.0000000000
68106  -55.159  -18.154  57.526 0.0000000000
68112  -54.755  -17.505  57.654 0.0000000000
68123  -56.117  -17.656  56.643 0.0000000000
69007  -55.885  -16.831  57.248 0.0000000000
69017  -56.211  -16.367  56.979 0.0000000000
69029  -54.918  -15.896  56.304 0.0000000000
69039  -53.251  -16.013  54.593 0.0000000000
123895  -49.193  -24.298  67.997 0.0000000000
124046  -39.125  -48.411  70.781 0.0000000000
131486  -35.209  -50.638  72.740 0.0000000000
133051  -45.883  -42.685  68.967 0.0000000000
135815  -43.014  -26.423  71.197 0.0000000000
138421  -47.664  -24.732  68.807 0.0000000000
141651  -51.035  -23.962  66.575 0.0000000000
142505  -50.713  -23.962  66.322 0.0000000000
145096  -49.507  -24.282  67.431 0.0000000000
146665  -47.665  -24.808  68.983 0.0000000000
146847  -38.911  -32.096  74.200 0.0000000000
