#!ascii label  , from subject sub-v1s22x0050445_ses-1 vox2ras=TkReg
1758
128977  -9.459  -72.438  -10.550 0.5000000000
132111  -10.738  -75.956  -10.134 0.5000000000
134447  -10.828  -76.670  -8.836 0.5000000000
11320  -10.526  -77.374  -8.795 0.5000000000
16854  -6.240  -71.282  -9.084 0.5000000000
16879  -7.515  -71.707  -9.558 0.5000000000
16855  -7.754  -71.309  -8.875 0.5000000000
16880  -8.397  -71.716  -9.416 0.5000000000
16856  -8.314  -71.388  -8.781 0.6000000238
15868  -9.618  -72.229  -10.198 0.5000000000
10483  -9.923  -78.594  -8.490 0.5000000000
13949  -10.797  -74.373  -9.873 0.5000000000
9576  -10.083  -79.198  -8.046 0.5000000000
132571  -10.933  -76.028  -9.222 0.6000000238
10464  -10.516  -78.583  -7.980 0.6000000238
13025  -10.775  -75.216  -8.791 0.6000000238
11321  -10.750  -77.860  -7.965 0.6000000238
10465  -10.861  -78.537  -7.393 0.6999999881
12147  -10.882  -76.311  -7.404 0.6999999881
125999  -10.921  -77.927  -7.248 0.6999999881
12132  -10.852  -76.578  -6.417 0.6999999881
11298  -10.983  -77.493  -6.584 0.6999999881
124688  -11.076  -78.348  -6.672 0.6999999881
17921  -6.941  -70.976  -8.354 0.5000000000
17922  -7.737  -71.041  -8.141 0.6000000238
17912  -7.153  -70.535  -7.534 0.6000000238
17913  -7.888  -70.645  -7.351 0.6000000238
14893  -10.392  -73.519  -9.545 0.5000000000
9564  -10.671  -79.232  -7.489 0.5000000000
8640  -10.202  -80.823  -7.293 0.5000000000
7761  -10.444  -81.911  -6.762 0.6999999881
9551  -10.698  -80.099  -6.886 0.6999999881
8627  -10.885  -80.852  -6.089 0.6999999881
13927  -10.095  -74.711  -7.897 0.6999999881
9552  -11.156  -79.935  -6.025 0.6999999881
13010  -10.598  -75.546  -7.674 0.6999999881
12997  -10.451  -75.753  -6.656 0.6999999881
9542  -11.237  -79.957  -4.938 0.6999999881
12112  -10.815  -76.604  -5.468 0.6999999881
11283  -11.082  -77.283  -5.282 0.6999999881
127557  -11.101  -77.872  -5.888 0.6999999881
9534  -11.438  -80.035  -3.834 0.6999999881
11267  -11.154  -77.351  -4.483 0.6999999881
11256  -11.257  -77.247  -3.633 0.6999999881
10424  -11.318  -78.205  -3.916 0.6999999881
11245  -11.693  -77.932  -2.378 0.6999999881
17911  -6.350  -70.315  -7.739 0.5000000000
17901  -6.607  -70.042  -6.980 0.6000000238
18983  -6.951  -69.703  -6.326 0.6000000238
17902  -7.365  -70.168  -6.752 0.6000000238
18984  -7.757  -69.561  -6.117 0.6000000238
16857  -8.589  -71.511  -8.601 0.6000000238
17903  -8.200  -70.166  -6.501 0.6000000238
15847  -8.990  -71.877  -8.728 0.6000000238
7762  -11.003  -82.335  -5.934 0.6999999881
14879  -9.428  -73.304  -7.885 0.6999999881
137586  -11.115  -81.628  -5.560 0.6999999881
6950  -11.922  -82.666  -5.343 0.6999999881
138728  -12.732  -82.711  -5.830 0.6999999881
14860  -9.289  -73.333  -6.867 0.6999999881
133307  -11.538  -82.297  -5.320 0.6999999881
6968  -13.210  -82.368  -6.326 0.6999999881
13926  -9.512  -74.152  -7.258 0.6999999881
13914  -9.341  -74.301  -6.127 0.6999999881
8611  -11.203  -80.846  -5.258 0.6999999881
7747  -11.598  -81.644  -4.804 0.6999999881
6933  -12.518  -81.957  -4.768 0.6999999881
143020  -13.220  -81.571  -4.972 0.6999999881
12996  -9.725  -75.213  -5.925 0.6999999881
12982  -9.491  -74.769  -5.372 0.6999999881
8593  -11.536  -80.878  -4.271 0.6999999881
7732  -12.849  -81.425  -4.311 0.6999999881
12098  -10.909  -76.582  -4.089 0.6999999881
9525  -11.630  -79.858  -2.932 0.6999999881
8572  -11.864  -80.641  -3.347 0.6999999881
10413  -11.521  -78.759  -2.866 0.6999999881
8553  -11.975  -80.128  -2.627 0.6999999881
127353  -11.503  -77.117  -2.792 0.6999999881
9510  -11.876  -79.399  -2.333 0.6999999881
11246  -12.001  -77.155  -1.880 0.6999999881
18981  -5.175  -69.478  -6.799 0.5000000000
18962  -5.055  -69.319  -6.108 0.6000000238
18963  -6.027  -69.490  -5.815 0.6000000238
20084  -4.353  -68.934  -5.336 0.5000000000
18947  -6.627  -69.298  -4.139 0.6000000238
18960  -2.999  -68.942  -5.981 0.5000000000
18961  -3.804  -69.095  -6.136 0.5000000000
18964  -7.416  -69.270  -5.669 0.6000000238
18935  -7.791  -69.063  -3.767 0.6000000238
18965  -8.203  -68.960  -5.544 0.6000000238
20073  -8.118  -68.774  -5.313 0.6000000238
17914  -8.568  -70.821  -7.027 0.6000000238
15823  -9.142  -72.426  -7.755 0.6999999881
16837  -9.270  -71.203  -6.423 0.6999999881
14840  -9.342  -73.274  -5.795 0.6999999881
15804  -9.282  -72.269  -6.602 0.6999999881
139909  -13.547  -81.081  -6.903 0.6999999881
13895  -9.411  -74.044  -5.173 0.6999999881
15785  -9.581  -72.328  -5.544 0.6999999881
7748  -13.535  -81.260  -5.562 0.6999999881
123863  -13.757  -80.257  -7.001 0.6999999881
14817  -10.215  -73.345  -4.486 0.6999999881
8612  -13.536  -80.925  -4.757 0.6999999881
9553  -13.822  -80.050  -6.365 0.6999999881
8641  -13.617  -80.630  -7.623 0.6999999881
12962  -10.643  -75.049  -3.743 0.6000000238
8594  -13.134  -80.911  -3.819 0.6999999881
9543  -13.875  -79.948  -5.024 0.6999999881
10466  -14.077  -79.317  -6.875 0.6999999881
9566  -13.964  -79.735  -7.850 0.6999999881
12081  -10.637  -75.801  -3.836 0.6999999881
9526  -13.201  -79.988  -2.668 0.6999999881
10414  -13.837  -79.477  -3.205 0.6000000238
10425  -14.006  -79.480  -4.233 0.6999999881
10435  -14.230  -78.994  -5.263 0.6999999881
12068  -12.241  -76.462  -1.865 0.6000000238
10401  -11.841  -78.653  -2.123 0.6999999881
10383  -12.629  -78.385  -1.285 0.6999999881
9512  -13.044  -79.532  -2.048 0.6999999881
10402  -13.684  -79.307  -2.260 0.6000000238
141609  -14.259  -78.864  -3.754 0.6000000238
12054  -12.859  -76.407  -1.426 0.6000000238
144091  -12.774  -77.482  -1.054 0.6000000238
10384  -13.531  -78.859  -1.571 0.6000000238
10385  -14.057  -78.206  -1.084 0.5000000000
10415  -14.302  -78.802  -2.872 0.5000000000
11257  -14.939  -78.020  -2.720 0.5000000000
12055  -13.609  -76.718  -0.834 0.6000000238
124603  -14.260  -76.122  -0.704 0.5000000000
11235  -14.591  -77.392  -0.818 0.5000000000
20072  -5.991  -68.981  -4.053 0.6000000238
20071  -5.001  -68.722  -4.379 0.6000000238
21157  -8.253  -68.216  -3.016 0.5000000000
131931  -8.229  -67.284  -2.967 0.6999999881
20083  -3.278  -68.636  -5.414 0.5000000000
21171  -3.312  -67.967  -3.841 0.6000000238
20051  -4.472  -68.112  -3.728 0.6000000238
142663  -2.169  -68.766  -4.106 0.6000000238
20082  -2.682  -68.587  -5.204 0.6000000238
20056  -8.863  -68.287  -3.409 0.4000000060
20050  -2.640  -67.961  -3.828 0.6000000238
20085  -8.771  -68.476  -5.195 0.5000000000
143767  -8.885  -68.713  -5.388 0.6000000238
17889  -9.828  -69.914  -5.631 0.6000000238
16829  -9.768  -71.473  -5.512 0.6999999881
137195  -9.705  -70.731  -5.660 0.6000000238
15786  -10.096  -72.015  -4.886 0.6999999881
126707  -10.524  -73.916  -4.236 0.6000000238
14818  -10.978  -73.234  -4.293 0.6000000238
12963  -11.271  -75.585  -3.294 0.6000000238
10426  -14.482  -78.500  -4.571 0.6000000238
10449  -14.311  -78.627  -6.167 0.6000000238
136370  -14.355  -78.246  -6.966 0.6999999881
127701  -14.245  -78.754  -7.715 0.6999999881
10484  -14.114  -78.959  -8.516 0.6999999881
12964  -12.024  -75.369  -2.875 0.6000000238
125267  -14.710  -78.214  -3.782 0.6000000238
10499  -13.940  -79.008  -9.364 0.6999999881
12947  -13.695  -75.728  -1.210 0.6000000238
11247  -14.793  -77.901  -1.497 0.4000000060
128179  -15.323  -77.686  -3.856 0.4000000060
11268  -14.983  -77.816  -4.716 0.5000000000
10436  -14.629  -78.029  -5.572 0.6000000238
10467  -14.489  -77.913  -7.675 0.6000000238
10500  -14.292  -78.133  -9.061 0.6000000238
12948  -14.586  -75.308  -0.824 0.5000000000
12939  -15.264  -75.326  -0.598 0.5000000000
11220  -15.295  -76.576  -0.628 0.5000000000
11236  -15.420  -77.303  -1.168 0.5000000000
11269  -15.678  -77.386  -4.728 0.4000000060
11284  -15.283  -77.427  -5.616 0.6000000238
22235  -6.648  -66.675  -2.841 0.6000000238
21155  -6.215  -67.579  -3.135 0.6000000238
22237  -9.091  -66.670  -3.199 0.6000000238
21153  -3.083  -67.580  -3.061 0.6000000238
138050  -4.031  -67.534  -2.993 0.5000000000
22226  -4.185  -66.736  -1.557 0.6000000238
22198  -3.270  -66.985  -0.483 0.6000000238
21158  -9.000  -67.786  -3.164 0.6000000238
123974  -2.164  -68.310  -3.086 0.6999999881
21133  -2.868  -67.201  -1.193 0.6000000238
135622  -3.219  -67.171  -0.149 0.6000000238
21190  -10.338  -67.985  -5.103 0.5000000000
21173  -10.370  -67.686  -4.218 0.6000000238
18918  -2.513  -68.797  -2.244 0.6000000238
20020  -2.777  -67.701  -0.594 0.6999999881
20086  -10.384  -68.309  -5.325 0.5000000000
18911  -3.079  -69.253  -1.365 0.6999999881
145427  -10.204  -69.391  -5.525 0.6000000238
17775  -3.826  -70.205  0.204 0.6000000238
16830  -10.437  -70.953  -5.101 0.6000000238
17890  -10.733  -69.949  -5.278 0.6000000238
144147  -11.477  -70.707  -4.835 0.6000000238
16819  -10.875  -71.674  -4.585 0.6000000238
13869  -11.359  -73.959  -4.031 0.6000000238
13870  -12.339  -74.153  -4.202 0.6000000238
14820  -14.595  -74.012  -4.399 0.6000000238
12965  -12.933  -75.285  -2.768 0.6000000238
14803  -15.129  -73.839  -3.477 0.6000000238
12956  -14.155  -74.967  -1.491 0.6000000238
11299  -14.755  -77.475  -7.052 0.6000000238
147032  -14.725  -77.468  -7.735 0.6000000238
11322  -14.589  -77.531  -8.352 0.6000000238
13795  -14.729  -74.681  -1.378 0.5000000000
13779  -15.936  -75.023  -0.575 0.5000000000
132027  -16.173  -76.186  -0.652 0.5000000000
12186  -14.705  -76.683  -9.625 0.6000000238
11285  -16.076  -77.071  -5.408 0.4000000060
12149  -15.344  -77.019  -7.173 0.6000000238
12148  -15.056  -77.007  -7.874 0.6000000238
129009  -6.227  -66.056  -2.257 0.6000000238
23188  -6.682  -65.588  -1.740 0.5000000000
23189  -7.463  -65.422  -2.082 0.6000000238
24158  -8.846  -64.785  -1.928 0.5000000000
22227  -5.446  -66.417  -2.177 0.6000000238
23155  -5.695  -65.731  -0.881 0.6000000238
22236  -7.491  -66.574  -2.869 0.5000000000
23212  -8.616  -65.758  -2.953 0.5000000000
23214  -10.407  -65.427  -3.147 0.5000000000
22218  -5.092  -66.123  -0.943 0.5000000000
23187  -5.791  -65.846  -1.352 0.6000000238
21121  -3.801  -66.984  -0.304 0.5000000000
22238  -10.119  -66.427  -3.373 0.6000000238
134747  -3.734  -68.872  0.214 0.6999999881
146114  -3.862  -67.968  0.330 0.6000000238
18863  -4.690  -69.588  1.374 0.6000000238
18986  -11.571  -68.815  -5.889 0.5000000000
17776  -4.123  -70.816  0.997 0.5000000000
17755  -4.177  -69.822  0.905 0.6999999881
17891  -11.539  -69.717  -5.335 0.5000000000
16821  -12.215  -71.784  -4.902 0.5000000000
15769  -12.056  -72.466  -4.699 0.6000000238
13898  -13.737  -74.071  -5.785 0.6000000238
13871  -13.243  -74.258  -4.909 0.5000000000
147097  -14.356  -74.003  -5.234 0.6000000238
123070  -13.766  -74.464  -4.228 0.6000000238
14764  -15.901  -74.056  -1.551 0.5000000000
12114  -16.467  -76.715  -5.976 0.5000000000
12133  -16.029  -76.779  -6.775 0.5000000000
12168  -15.470  -76.389  -8.484 0.6000000238
12187  -15.208  -76.293  -9.324 0.6000000238
23156  -7.152  -65.273  -0.926 0.6000000238
24142  -8.036  -65.092  -1.613 0.6000000238
22200  -6.209  -65.842  -0.677 0.6000000238
147310  -9.849  -65.072  -2.865 0.5000000000
127307  -5.429  -66.143  -0.650 0.6000000238
20021  -5.449  -67.631  -0.234 0.6999999881
22239  -11.955  -65.617  -3.980 0.6000000238
19987  -4.703  -68.980  0.830 0.6000000238
21109  -4.231  -67.494  0.093 0.6000000238
22245  -11.234  -66.723  -4.047 0.6000000238
18849  -4.934  -69.982  2.109 0.6000000238
18865  -5.467  -69.821  1.975 0.6000000238
124852  -11.016  -67.808  -5.432 0.5000000000
146947  -12.136  -70.267  -5.143 0.5000000000
16716  -4.474  -71.311  1.652 0.5000000000
16695  -4.753  -71.259  2.456 0.6000000238
15787  -12.405  -72.559  -5.328 0.5000000000
14881  -13.548  -73.352  -7.103 0.6000000238
13897  -13.117  -73.849  -5.906 0.5000000000
14844  -15.319  -73.196  -5.678 0.5000000000
14843  -15.031  -73.582  -5.029 0.5000000000
12150  -16.597  -76.331  -7.446 0.6000000238
12169  -16.257  -76.178  -8.253 0.6000000238
22201  -7.183  -65.673  -0.616 0.6000000238
24123  -7.909  -65.046  -1.048 0.5000000000
24144  -9.635  -64.385  -1.469 0.5000000000
21124  -7.265  -67.506  -0.725 0.6999999881
24160  -10.536  -64.191  -2.028 0.5000000000
18898  -7.015  -68.906  -0.745 0.6999999881
21123  -6.108  -66.887  -0.514 0.6000000238
24176  -11.701  -64.265  -2.677 0.5000000000
20007  -5.893  -68.508  -0.127 0.6000000238
23215  -11.379  -65.007  -3.278 0.5000000000
22247  -12.565  -65.709  -4.825 0.6000000238
17758  -6.847  -70.536  1.904 0.6999999881
22253  -12.233  -66.624  -5.227 0.6000000238
17739  -5.759  -70.278  2.941 0.6000000238
21206  -11.643  -67.779  -5.809 0.6000000238
15670  -5.524  -72.122  3.785 0.6999999881
16679  -5.034  -71.108  3.016 0.6999999881
18968  -12.219  -69.563  -5.749 0.5000000000
20092  -11.898  -68.287  -6.145 0.5000000000
16696  -5.002  -71.738  3.104 0.6000000238
122785  -12.884  -70.507  -6.829 0.5000000000
14691  -5.978  -73.046  3.648 0.5000000000
16843  -13.020  -71.254  -7.707 0.6000000238
16831  -12.501  -71.537  -5.450 0.5000000000
15693  -6.315  -73.399  2.485 0.6000000238
15805  -12.693  -72.733  -6.400 0.5000000000
14863  -13.987  -73.782  -6.556 0.6000000238
140445  -15.498  -72.830  -6.360 0.5000000000
22202  -8.049  -65.960  -0.217 0.6999999881
23157  -8.093  -65.298  -0.609 0.5000000000
24124  -9.261  -64.518  -0.758 0.5000000000
20024  -8.566  -68.684  -0.890 0.8000000119
21125  -8.109  -67.780  -0.829 0.6999999881
24145  -10.635  -64.203  -1.404 0.5000000000
129937  -11.889  -64.009  -1.996 0.5000000000
17797  -8.040  -70.208  -0.524 0.6999999881
18899  -7.916  -69.307  -0.967 0.6999999881
20023  -7.688  -68.451  -1.013 0.8000000119
18883  -7.162  -69.725  -0.316 0.6999999881
24162  -12.418  -64.374  -2.589 0.5000000000
16718  -7.710  -71.094  1.304 0.6999999881
17777  -7.331  -70.495  0.468 0.6999999881
23234  -12.953  -64.884  -4.087 0.6000000238
24188  -13.007  -64.651  -3.463 0.5000000000
16698  -7.764  -71.715  3.596 0.6000000238
16697  -7.343  -71.066  2.688 0.6000000238
21193  -12.979  -67.034  -5.925 0.6000000238
15661  -7.528  -72.223  4.366 0.6999999881
144845  -6.239  -70.871  3.922 0.6999999881
135923  -12.754  -69.646  -6.734 0.6000000238
20093  -12.608  -68.497  -6.548 0.6000000238
14679  -6.899  -73.016  4.432 0.6000000238
17915  -13.109  -70.348  -7.724 0.6000000238
16844  -13.343  -72.034  -7.985 0.6000000238
13734  -7.116  -74.752  3.266 0.6000000238
137807  -14.014  -72.708  -7.959 0.6000000238
146956  -15.029  -72.919  -6.757 0.5000000000
20008  -9.281  -68.449  -0.344 0.6000000238
21110  -8.714  -67.791  -0.526 0.5000000000
22182  -8.719  -66.302  0.513 0.5000000000
24128  -11.796  -64.470  -1.459 0.5000000000
18900  -8.796  -69.786  -0.691 0.8000000119
22219  -12.593  -65.385  -2.024 0.5000000000
16737  -8.522  -71.582  0.741 0.6999999881
23249  -13.556  -65.149  -4.804 0.6000000238
14651  -6.034  -73.849  7.342 0.6000000238
16719  -8.203  -71.624  2.094 0.8000000119
145995  -7.044  -74.877  7.281 0.6000000238
15672  -8.271  -72.516  3.806 0.6999999881
15680  -9.036  -73.072  3.027 0.8000000119
22254  -12.799  -66.114  -5.491 0.6000000238
12890  -6.211  -75.615  5.499 0.6000000238
15662  -7.923  -72.909  4.273 0.6000000238
18999  -13.195  -69.653  -7.535 0.6000000238
17916  -13.498  -70.387  -8.247 0.6000000238
122274  -7.383  -76.051  4.085 0.6000000238
12914  -7.334  -75.355  3.635 0.6000000238
14693  -7.359  -74.064  3.963 0.6000000238
141154  -13.347  -71.417  -8.306 0.6000000238
17923  -13.863  -70.992  -8.822 0.6000000238
14692  -6.661  -73.539  3.970 0.5000000000
15849  -14.506  -72.114  -8.842 0.5000000000
15850  -15.475  -72.364  -8.485 0.5000000000
147775  -15.144  -72.093  -9.085 0.5000000000
21111  -9.199  -67.705  0.431 0.5000000000
22160  -9.153  -66.712  1.292 0.5000000000
18901  -9.682  -69.783  -0.411 0.6000000238
18884  -9.818  -69.059  -0.033 0.5000000000
16758  -8.822  -71.351  -0.025 0.8000000119
17799  -9.483  -70.488  -0.396 0.6999999881
16738  -9.381  -71.910  0.192 0.8000000119
15694  -8.952  -72.246  1.271 0.8000000119
23235  -13.718  -64.731  -3.886 0.6000000238
22229  -13.306  -65.509  -2.773 0.5000000000
141539  -7.212  -73.910  9.432 0.6000000238
15695  -9.461  -72.997  1.739 0.8000000119
23218  -14.429  -64.944  -3.901 0.5000000000
13687  -7.614  -74.664  8.442 0.6999999881
13695  -6.834  -74.487  7.822 0.6000000238
14695  -9.480  -73.702  3.406 0.8000000119
21208  -13.938  -66.855  -6.274 0.6000000238
22255  -13.694  -65.865  -5.612 0.6000000238
23250  -14.574  -65.107  -4.986 0.6000000238
13696  -7.650  -75.112  7.569 0.6000000238
20105  -14.071  -68.773  -7.468 0.6000000238
122820  -13.089  -67.916  -6.500 0.6000000238
22268  -15.119  -66.209  -6.155 0.6000000238
142051  -6.780  -76.270  5.081 0.6000000238
13724  -8.690  -74.992  4.285 0.6000000238
14682  -9.118  -74.170  3.945 0.5000000000
19003  -14.380  -69.471  -8.141 0.6000000238
13723  -7.985  -74.925  4.023 0.6000000238
140993  -14.461  -71.697  -9.237 0.6000000238
17924  -14.688  -70.702  -9.211 0.6000000238
135526  -15.070  -71.127  -9.544 0.5000000000
16885  -16.471  -71.261  -9.673 0.5000000000
142464  -16.516  -72.226  -8.781 0.5000000000
16886  -17.421  -71.330  -9.518 0.5000000000
18885  -10.351  -69.777  0.156 0.6000000238
137424  -10.004  -71.588  -0.194 0.6999999881
14612  -7.421  -73.233  10.908 0.6000000238
14630  -6.939  -73.439  9.891 0.6000000238
132188  -9.740  -72.668  0.672 0.8000000119
22240  -14.068  -65.518  -3.430 0.5000000000
127530  -7.806  -73.880  10.143 0.6000000238
130469  -10.494  -73.720  1.493 0.8000000119
21161  -14.780  -66.833  -4.203 0.5000000000
14631  -7.801  -74.350  9.340 0.6999999881
13735  -10.048  -74.402  3.742 0.8000000119
23251  -15.411  -65.195  -5.031 0.6000000238
22248  -15.522  -65.773  -4.591 0.6000000238
13697  -8.349  -75.155  8.331 0.8000000119
20094  -13.891  -67.995  -6.819 0.6000000238
22269  -16.162  -65.833  -6.013 0.6000000238
12878  -8.539  -75.899  6.422 0.6999999881
123287  -8.243  -76.080  5.739 0.6999999881
13725  -9.520  -75.057  4.438 0.6000000238
127314  -15.005  -68.424  -7.653 0.6000000238
21210  -16.440  -66.397  -6.487 0.6000000238
147622  -7.796  -76.247  4.930 0.6000000238
21219  -15.741  -67.177  -7.222 0.5000000000
19004  -15.360  -69.931  -8.894 0.5000000000
17779  -11.225  -71.236  0.290 0.6000000238
17759  -11.002  -70.257  0.666 0.5000000000
125701  -7.996  -70.867  12.218 0.6000000238
16740  -11.232  -72.196  0.328 0.6999999881
16606  -7.842  -71.893  12.314 0.6000000238
15712  -10.778  -72.883  0.441 0.6999999881
15713  -11.400  -72.994  0.639 0.6000000238
15586  -8.329  -72.846  11.512 0.6000000238
142681  -8.280  -72.226  11.901 0.6000000238
14722  -11.025  -73.518  0.847 0.6000000238
13747  -11.501  -74.419  2.319 0.6999999881
13668  -8.687  -74.086  10.356 0.8000000119
13736  -10.839  -74.420  3.116 0.6999999881
13737  -11.762  -74.865  3.211 0.6000000238
140364  -8.248  -74.773  8.968 0.8000000119
128585  -10.318  -75.023  4.296 0.8000000119
12906  -11.724  -75.591  4.992 0.6999999881
12865  -8.836  -75.669  7.487 0.6999999881
12879  -9.428  -76.062  6.549 0.6999999881
12893  -10.019  -76.037  5.777 0.6000000238
12894  -10.956  -75.853  5.392 0.8000000119
18723  -7.632  -70.048  12.337 0.6000000238
17624  -8.346  -70.637  11.327 0.6000000238
134158  -8.922  -71.991  11.400 0.6999999881
13727  -12.988  -74.957  3.893 0.6000000238
15596  -9.209  -72.760  11.130 0.6999999881
15597  -9.810  -72.647  10.453 0.6999999881
12907  -12.382  -75.257  4.516 0.6999999881
12896  -12.332  -75.413  5.445 0.6000000238
13677  -9.557  -74.246  10.214 0.8000000119
13678  -10.360  -74.386  9.813 0.6000000238
12858  -10.751  -75.335  8.965 0.5000000000
12895  -11.673  -75.814  5.898 0.6999999881
13699  -12.532  -74.735  6.987 0.6999999881
134695  -12.866  -74.172  6.209 0.6000000238
12857  -9.832  -75.337  9.087 0.8000000119
12859  -11.451  -75.165  8.551 0.6000000238
142721  -10.966  -76.131  7.237 0.6000000238
130104  -6.504  -68.714  12.096 0.6000000238
19831  -6.557  -68.785  11.359 0.6000000238
18739  -7.600  -69.763  10.550 0.6999999881
135579  -7.850  -70.012  11.412 0.6000000238
17639  -8.810  -71.049  10.701 0.6999999881
17650  -8.384  -70.751  9.776 0.6999999881
16617  -9.360  -71.878  10.571 0.6999999881
16618  -9.677  -72.029  9.912 0.6000000238
13716  -13.041  -74.847  4.890 0.6000000238
14632  -10.265  -73.529  10.173 0.6000000238
13690  -11.024  -74.636  9.248 0.6000000238
14672  -13.308  -74.135  5.552 0.5000000000
14654  -12.565  -73.822  6.752 0.6000000238
14663  -12.789  -73.231  6.144 0.5000000000
127911  -11.893  -71.834  6.527 0.5000000000
15632  -11.418  -72.741  7.200 0.6000000238
15643  -11.548  -72.125  6.722 0.5000000000
20930  -5.285  -68.038  11.580 0.6000000238
19851  -5.821  -68.400  10.919 0.6000000238
125668  -7.049  -69.365  10.069 0.6999999881
19852  -6.405  -68.881  10.377 0.6999999881
17649  -7.502  -70.137  9.662 0.6999999881
17659  -7.709  -71.075  8.737 0.6000000238
145258  -8.463  -71.213  9.181 0.5000000000
16636  -8.546  -71.724  8.357 0.6999999881
16635  -7.673  -71.548  7.398 0.6000000238
15620  -10.023  -72.574  8.615 0.6000000238
15630  -9.852  -72.405  7.775 0.6000000238
16643  -9.297  -71.928  7.206 0.6000000238
14652  -11.337  -73.523  8.099 0.6000000238
15642  -10.617  -71.991  7.172 0.5000000000
16655  -10.429  -71.350  7.037 0.5000000000
17695  -10.637  -70.766  7.065 0.5000000000
23013  -2.815  -65.058  10.759 0.6999999881
23023  -2.506  -65.032  9.882 0.6999999881
23989  -1.652  -64.328  9.369 0.6999999881
20951  -4.486  -67.417  10.306 0.6000000238
126763  -3.738  -66.082  9.962 0.6999999881
23996  -1.579  -64.243  8.540 0.6999999881
24938  -2.422  -63.039  8.032 0.6000000238
20952  -4.999  -68.025  10.640 0.6999999881
22038  -4.089  -66.707  10.063 0.6999999881
22051  -3.685  -66.503  9.195 0.6999999881
130854  -1.955  -64.789  7.958 0.6999999881
126466  -5.484  -68.491  10.064 0.6999999881
20966  -4.755  -68.042  9.783 0.6999999881
23048  -2.757  -66.031  7.654 0.6999999881
17658  -6.866  -70.491  8.653 0.6999999881
134381  -6.474  -70.735  8.056 0.6000000238
17692  -7.468  -70.496  6.095 0.6000000238
147520  -7.212  -69.412  5.941 0.6000000238
16642  -8.544  -71.813  7.118 0.6000000238
16652  -8.081  -71.182  6.246 0.6000000238
124120  -8.238  -70.371  5.876 0.6000000238
17693  -8.889  -70.586  5.920 0.5000000000
18799  -8.637  -69.907  5.959 0.6000000238
19893  -8.702  -68.376  7.320 0.6000000238
16654  -9.746  -71.522  6.899 0.5000000000
18783  -9.382  -70.046  6.267 0.5000000000
18782  -8.999  -69.236  6.879 0.5000000000
23983  -1.983  -64.376  10.371 0.6999999881
23995  -1.405  -63.575  9.095 0.6999999881
25845  -2.079  -62.461  8.687 0.6000000238
25846  -2.953  -62.456  8.407 0.6000000238
25870  -3.300  -63.118  7.705 0.6000000238
124214  -3.392  -63.623  6.898 0.4000000060
23047  -2.414  -65.292  7.341 0.6000000238
24012  -2.403  -64.627  7.333 0.5000000000
24990  -2.787  -64.179  7.010 0.5000000000
129554  -3.738  -63.584  5.412 0.4000000060
25891  -4.245  -63.030  5.402 0.5000000000
18753  -5.947  -68.993  9.495 0.6999999881
20977  -4.522  -67.988  8.857 0.8000000119
22061  -3.391  -66.665  8.174 0.6999999881
22093  -3.106  -65.734  6.017 0.5000000000
24044  -3.322  -64.799  5.513 0.4000000060
25005  -3.585  -64.110  4.970 0.4000000060
25006  -3.866  -63.360  4.418 0.4000000060
143816  -4.470  -63.064  3.645 0.4000000060
20978  -4.977  -68.757  9.175 0.8000000119
19875  -4.656  -68.769  7.919 0.8000000119
20993  -3.727  -67.424  7.721 0.8000000119
21010  -3.542  -67.627  6.709 0.8000000119
22094  -3.269  -66.751  6.146 0.6000000238
23080  -3.516  -65.361  5.306 0.5000000000
24053  -3.692  -64.703  4.654 0.4000000060
25018  -3.999  -63.817  3.471 0.4000000060
18764  -5.464  -69.545  8.511 0.6999999881
18765  -6.117  -70.331  8.260 0.8000000119
18796  -5.337  -70.045  6.511 0.6999999881
18810  -5.667  -69.650  5.692 0.5000000000
140763  -4.153  -65.325  4.616 0.5000000000
24070  -4.346  -64.373  3.441 0.4000000060
25036  -5.383  -63.653  2.983 0.4000000060
17672  -5.914  -70.537  6.617 0.6000000238
17691  -6.561  -70.615  6.419 0.5000000000
18811  -6.600  -69.365  5.752 0.5000000000
19913  -7.381  -68.829  6.121 0.6000000238
19892  -8.206  -69.073  6.538 0.6000000238
20995  -7.970  -68.156  6.947 0.6000000238
23982  -1.481  -63.626  9.908 0.6000000238
25817  -1.710  -62.058  10.150 0.5000000000
25830  -2.733  -61.797  9.172 0.5000000000
133711  -3.520  -62.198  8.776 0.4000000060
24939  -3.866  -62.808  8.167 0.5000000000
123875  -4.326  -63.256  7.235 0.5000000000
24992  -4.942  -63.108  6.339 0.5000000000
129996  -4.990  -62.604  5.360 0.5000000000
25910  -5.172  -62.358  4.818 0.5000000000
26825  -6.339  -61.629  4.795 0.5000000000
25926  -5.207  -62.467  4.127 0.5000000000
26844  -6.700  -61.520  4.047 0.5000000000
20994  -4.016  -68.192  7.296 0.6999999881
142214  -3.722  -67.716  5.816 0.6000000238
21025  -4.112  -67.502  5.245 0.5000000000
22105  -3.997  -66.551  5.162 0.5000000000
25942  -5.971  -62.557  3.183 0.5000000000
26859  -6.933  -61.839  3.124 0.5000000000
19891  -4.999  -69.714  7.506 0.8000000119
127087  -4.347  -68.771  6.893 0.6999999881
19911  -4.969  -69.538  6.001 0.6000000238
22118  -4.687  -66.190  4.984 0.5000000000
23091  -4.735  -65.317  4.388 0.4000000060
24072  -5.697  -64.205  3.139 0.5000000000
25961  -6.325  -62.743  3.087 0.4000000060
26873  -7.144  -62.047  2.845 0.5000000000
19928  -6.002  -68.885  5.523 0.5000000000
21027  -5.747  -67.935  5.349 0.5000000000
21039  -5.144  -66.962  5.144 0.6000000238
22119  -5.257  -66.035  4.984 0.5000000000
24055  -6.119  -64.736  3.892 0.5000000000
25019  -6.460  -63.911  3.446 0.5000000000
19912  -6.600  -68.331  5.813 0.5000000000
22107  -6.585  -66.332  6.063 0.5000000000
22106  -5.836  -66.782  5.382 0.5000000000
145078  -6.018  -65.100  4.700 0.5000000000
22096  -7.158  -66.779  6.763 0.6000000238
136627  -7.228  -66.039  6.664 0.6000000238
25795  -2.050  -61.503  10.531 0.5000000000
25819  -3.074  -61.394  10.009 0.5000000000
25831  -3.745  -61.975  9.442 0.5000000000
24929  -4.317  -62.736  8.852 0.4000000060
24940  -5.083  -63.254  8.148 0.4000000060
25796  -3.339  -61.513  10.914 0.5000000000
25820  -3.991  -61.943  10.314 0.4000000060
123437  -5.431  -63.236  7.290 0.6000000238
25871  -5.885  -63.039  6.707 0.5000000000
25911  -5.770  -62.131  5.218 0.5000000000
26826  -7.123  -61.129  5.245 0.4000000060
27792  -7.392  -60.862  4.484 0.4000000060
129879  -8.435  -59.935  4.844 0.4000000060
24894  -4.822  -63.072  10.735 0.4000000060
24917  -4.587  -62.936  9.808 0.4000000060
24930  -5.310  -63.405  9.137 0.4000000060
147669  -5.775  -63.270  7.870 0.5000000000
25872  -6.749  -62.692  6.556 0.5000000000
24941  -6.220  -63.456  8.458 0.4000000060
24942  -7.395  -63.271  8.196 0.4000000060
24967  -7.340  -62.880  7.366 0.5000000000
25873  -7.749  -62.261  6.932 0.4000000060
26807  -7.420  -61.334  5.775 0.4000000060
27778  -7.517  -60.657  5.197 0.4000000060
28749  -8.462  -59.708  5.747 0.4000000060
25798  -5.144  -63.018  11.641 0.4000000060
24895  -5.866  -63.482  11.012 0.4000000060
24931  -6.364  -63.680  9.478 0.4000000060
24877  -7.344  -63.149  11.924 0.4000000060
24920  -7.787  -63.497  10.480 0.4000000060
24932  -7.405  -63.616  9.682 0.4000000060
136667  -7.928  -63.359  8.986 0.4000000060
25847  -7.992  -62.569  7.817 0.5000000000
26786  -7.939  -61.335  6.564 0.4000000060
27761  -7.843  -60.656  5.883 0.4000000060
25848  -8.388  -62.176  8.395 0.4000000060
26787  -8.186  -60.838  7.375 0.4000000060
125118  -8.332  -59.524  7.094 0.4000000060
28733  -8.270  -59.893  6.358 0.4000000060
28734  -8.636  -59.279  6.605 0.4000000060
25780  -7.582  -62.611  12.606 0.4000000060
25799  -8.404  -62.780  11.998 0.3000000119
24921  -8.656  -63.022  10.565 0.3000000119
24943  -8.512  -62.672  9.091 0.4000000060
25782  -9.465  -61.635  11.986 0.4000000060
25800  -9.341  -62.022  11.467 0.3000000119
25821  -9.059  -62.336  10.709 0.3000000119
140547  -8.811  -61.956  10.124 0.4000000060
27722  -6.569  -60.128  9.343 0.5000000000
28713  -7.959  -59.814  7.826 0.4000000060
28714  -8.317  -59.457  7.659 0.4000000060
29699  -8.720  -59.107  7.170 0.4000000060
29721  -9.862  -58.399  6.461 0.3000000119
28680  -6.553  -59.678  9.563 0.5000000000
28681  -7.470  -59.393  9.420 0.5000000000
28700  -7.928  -59.543  8.469 0.4000000060
28701  -8.802  -59.295  7.981 0.4000000060
29700  -9.371  -58.772  7.090 0.3000000119
25781  -9.255  -62.132  12.108 0.4000000060
27680  -9.225  -60.462  12.608 0.4000000060
27692  -7.524  -60.539  11.221 0.4000000060
27710  -6.993  -60.827  10.296 0.5000000000
143659  -6.707  -60.589  9.588 0.5000000000
28651  -6.861  -60.002  11.534 0.4000000060
27709  -6.176  -60.249  10.066 0.5000000000
29670  -6.384  -59.340  10.049 0.5000000000
29672  -8.235  -58.874  10.273 0.4000000060
28682  -10.185  -59.282  9.809 0.4000000060
29686  -9.871  -59.184  7.873 0.3000000119
29650  -6.626  -58.781  10.582 0.3000000119
28665  -9.425  -58.797  10.496 0.3000000119
26706  -9.407  -60.768  12.910 0.4000000060
28650  -6.398  -59.328  11.466 0.3000000119
29639  -6.322  -58.736  11.150 0.4000000060
28683  -11.127  -59.303  9.479 0.3000000119
29626  -6.682  -58.512  12.607 0.3000000119
123584  -6.088  -57.244  12.141 0.3000000119
20052  -5.649  -68.334  -3.657 0.6000000238
21154  -5.150  -67.338  -3.015 0.5000000000
14653  -12.173  -74.006  7.593 0.6000000238
14642  -11.581  -74.543  8.487 0.6000000238
12185  -10.555  -76.676  -9.502 0.5000000000
12165  -10.923  -76.132  -8.355 0.6000000238
135919  -9.403  -72.113  -9.521 0.5000000000
11312  -10.902  -77.190  -7.307 0.6999999881
9565  -11.082  -79.168  -6.775 0.6999999881
10448  -11.211  -78.924  -5.761 0.6999999881
12131  -10.359  -75.920  -5.678 0.6999999881
132345  -11.274  -79.058  -4.526 0.6999999881
10434  -11.161  -78.108  -4.996 0.6999999881
17904  -9.046  -70.355  -6.132 0.5000000000
7731  -12.185  -81.582  -4.315 0.6999999881
12972  -9.658  -74.700  -4.747 0.6999999881
12973  -10.097  -75.287  -4.349 0.6999999881
7717  -12.321  -81.060  -3.638 0.6999999881
12067  -11.703  -76.210  -2.501 0.6999999881
20053  -6.765  -68.795  -3.435 0.6000000238
140296  -11.528  -74.758  -3.577 0.6000000238
146848  -13.051  -75.650  -1.903 0.6000000238
11234  -13.764  -77.538  -0.799 0.5000000000
21152  -2.537  -67.742  -3.026 0.6999999881
10450  -14.557  -77.913  -6.395 0.6000000238
10485  -14.347  -78.272  -8.280 0.6000000238
12955  -13.600  -75.097  -2.152 0.5000000000
13796  -15.380  -74.654  -0.959 0.5000000000
12113  -15.822  -77.060  -6.059 0.5000000000
21141  -3.703  -67.159  -2.218 0.6000000238
20031  -2.606  -68.246  -1.336 0.6999999881
21174  -11.077  -67.367  -4.848 0.6000000238
13896  -12.702  -73.767  -5.067 0.5000000000
13842  -12.862  -74.757  -3.707 0.5000000000
13844  -14.421  -74.319  -3.492 0.6000000238
13843  -13.672  -74.796  -3.225 0.5000000000
13845  -15.407  -73.911  -2.500 0.5000000000
12167  -14.871  -76.755  -8.765 0.6000000238
124679  -15.775  -76.593  -7.653 0.6000000238
12134  -16.911  -76.370  -6.601 0.5000000000
146827  -5.660  -69.556  1.157 0.6000000238
23217  -13.722  -64.920  -3.355 0.5000000000
13715  -6.391  -75.119  6.266 0.6000000238
12913  -6.748  -75.793  3.584 0.6000000238
134347  -13.865  -72.154  -8.504 0.6000000238
13705  -7.182  -75.335  6.743 0.6000000238
14706  -9.861  -73.631  2.381 0.8000000119
12877  -7.739  -75.926  6.167 0.6000000238
136300  -15.462  -66.669  -6.656 0.6000000238
144378  -8.784  -75.638  4.798 0.6000000238
20115  -15.235  -69.151  -8.275 0.6000000238
13726  -10.925  -74.922  3.830 0.8000000119
22249  -16.160  -65.940  -5.022 0.6000000238
12904  -10.177  -75.545  4.909 0.6000000238
12903  -9.332  -75.743  5.152 0.6999999881
143310  -10.067  -76.042  7.430 0.6000000238
15610  -10.579  -73.317  9.359 0.6000000238
12869  -12.119  -75.372  7.293 0.6999999881
15621  -10.568  -73.053  8.352 0.6000000238
145480  -10.989  -71.765  7.095 0.5000000000
17674  -7.094  -71.047  6.804 0.5000000000
15641  -9.936  -72.058  7.318 0.6000000238
126480  -9.778  -69.343  7.320 0.5000000000
23014  -3.318  -65.597  10.325 0.6999999881
133357  -4.193  -66.963  10.702 0.6000000238
23030  -2.035  -65.152  8.780 0.6999999881
20976  -3.999  -67.288  8.619 0.8000000119
22075  -2.849  -65.932  6.758 0.6000000238
24928  -1.624  -62.829  9.019 0.6000000238
24033  -3.373  -64.135  6.029 0.5000000000
24032  -2.901  -64.804  6.399 0.5000000000
24084  -6.069  -63.454  3.010 0.5000000000
25818  -2.233  -61.457  9.933 0.5000000000
26843  -5.911  -61.960  4.110 0.5000000000
19926  -4.323  -68.281  5.594 0.6000000238
21026  -4.811  -67.836  5.168 0.6000000238
23067  -6.933  -65.463  6.025 0.5000000000
25893  -6.433  -62.274  5.772 0.5000000000
24966  -6.426  -63.182  7.467 0.6000000238
24876  -6.229  -63.193  11.812 0.4000000060
134473  -7.030  -63.514  11.171 0.4000000060
24919  -6.658  -63.686  10.359 0.4000000060
24897  -8.921  -62.631  11.347 0.3000000119
24933  -8.332  -63.207  9.763 0.4000000060
25874  -8.206  -61.802  7.546 0.5000000000
131145  -8.161  -60.158  6.769 0.4000000060
26756  -8.562  -61.957  9.097 0.4000000060
26772  -8.262  -61.487  8.067 0.4000000060
29720  -9.164  -58.786  6.614 0.4000000060
26749  -9.106  -61.764  10.876 0.3000000119
146529  -8.429  -61.455  10.314 0.5000000000
26771  -7.448  -60.819  8.864 0.4000000060
28699  -7.179  -59.883  8.885 0.5000000000
27738  -7.535  -60.290  8.437 0.4000000060
125606  -8.765  -59.296  9.433 0.5000000000
127983  -9.619  -59.396  8.831 0.4000000060
27691  -6.305  -60.190  10.833 0.5000000000
28664  -6.151  -59.738  10.627 0.5000000000
29649  -6.277  -59.189  10.503 0.4000000060
29625  -6.286  -58.041  12.101 0.3000000119
30651  -6.216  -57.697  11.566 0.3000000119
123753  -6.385  -58.317  11.135 0.3000000119
9636  -12.855  -79.850  -12.925 0.5000000000
10550  -13.219  -78.848  -13.506 0.5000000000
9641  -14.272  -79.410  -14.144 0.5000000000
10551  -13.486  -78.101  -13.828 0.5000000000
10555  -15.125  -78.306  -14.803 0.5000000000
11384  -14.288  -77.730  -14.303 0.5000000000
10556  -16.034  -78.120  -15.176 0.6000000238
9627  -12.776  -79.441  -12.550 0.5000000000
10530  -12.916  -78.568  -12.985 0.5000000000
129958  -13.241  -77.980  -13.252 0.5000000000
12224  -13.954  -76.805  -13.723 0.5000000000
10557  -16.709  -77.896  -15.088 0.6000000238
12234  -14.386  -76.107  -14.215 0.6000000238
11386  -15.179  -77.441  -14.844 0.6000000238
8704  -12.696  -80.475  -12.063 0.4000000060
137377  -12.709  -83.887  -9.328 0.4000000060
7001  -12.730  -82.903  -9.472 0.4000000060
7009  -12.729  -82.659  -10.282 0.5000000000
7811  -12.713  -81.920  -10.549 0.5000000000
124879  -12.748  -82.503  -11.118 0.5000000000
8688  -12.944  -80.551  -11.001 0.5000000000
8675  -13.122  -80.530  -9.989 0.5000000000
8687  -12.726  -81.401  -11.309 0.5000000000
9611  -13.007  -79.761  -11.655 0.5000000000
10558  -16.882  -77.494  -14.805 0.6000000238
11385  -17.124  -77.082  -14.185 0.6000000238
10520  -13.244  -78.802  -12.140 0.5000000000
132110  -13.789  -78.555  -11.125 0.5000000000
11388  -16.662  -77.059  -15.013 0.6000000238
11359  -13.280  -77.983  -12.971 0.5000000000
12225  -14.213  -75.888  -13.817 0.6000000238
12235  -15.155  -75.758  -14.678 0.6000000238
12237  -17.350  -76.322  -14.669 0.6000000238
13095  -15.287  -74.930  -14.346 0.6000000238
138430  -17.370  -75.780  -14.785 0.6000000238
123712  -17.923  -75.801  -14.533 0.6999999881
13096  -16.967  -75.280  -14.810 0.6000000238
13097  -17.945  -75.149  -14.689 0.6999999881
124441  -12.250  -83.744  -7.004 0.6000000238
6978  -12.720  -83.303  -7.446 0.6000000238
6979  -13.183  -82.460  -7.188 0.6000000238
6217  -12.719  -83.340  -8.494 0.5000000000
7785  -12.798  -82.124  -8.855 0.5000000000
122750  -13.362  -80.987  -8.183 0.6000000238
7796  -12.707  -81.967  -9.801 0.5000000000
139687  -13.044  -81.313  -8.705 0.5000000000
8659  -13.346  -80.542  -9.000 0.5000000000
9599  -13.332  -79.823  -10.593 0.5000000000
9590  -13.585  -79.787  -9.656 0.5000000000
124571  -13.461  -79.216  -11.154 0.5000000000
11362  -17.296  -77.583  -12.654 0.6999999881
11373  -17.458  -76.946  -13.341 0.6000000238
11363  -18.306  -76.993  -12.655 0.8000000119
11350  -13.856  -77.942  -11.896 0.5000000000
11360  -14.041  -77.125  -12.686 0.5000000000
135118  -14.670  -75.367  -13.116 0.6000000238
12226  -17.694  -76.353  -14.065 0.6999999881
11374  -18.143  -76.432  -13.485 0.6999999881
13090  -14.584  -75.343  -14.106 0.6000000238
12238  -18.623  -75.521  -14.485 0.6999999881
13989  -15.511  -74.289  -13.896 0.6000000238
13990  -16.414  -73.720  -13.935 0.6000000238
13991  -17.519  -73.441  -14.002 0.6999999881
13098  -18.947  -75.078  -14.613 0.6999999881
13099  -19.826  -75.173  -14.489 0.6000000238
6205  -11.606  -84.004  -7.321 0.5000000000
6196  -12.603  -83.210  -6.480 0.6000000238
141979  -13.368  -81.454  -7.453 0.6000000238
129104  -13.662  -80.321  -8.288 0.6000000238
9577  -13.801  -79.733  -8.778 0.6000000238
10508  -13.759  -79.039  -10.302 0.5000000000
10509  -14.122  -78.336  -9.967 0.6000000238
145129  -13.973  -78.444  -10.525 0.5000000000
11341  -14.373  -77.423  -9.852 0.5000000000
144406  -19.385  -78.518  -11.490 0.6000000238
139184  -14.308  -77.249  -11.577 0.6000000238
13070  -14.901  -75.821  -12.215 0.5000000000
11375  -19.151  -76.441  -13.418 0.6000000238
127284  -15.190  -75.157  -12.492 0.5000000000
12227  -18.655  -75.966  -14.198 0.6999999881
13086  -15.736  -74.480  -12.729 0.5000000000
12239  -19.363  -75.584  -14.355 0.6000000238
12240  -20.248  -75.720  -14.248 0.6000000238
141166  -17.145  -73.947  -12.320 0.5000000000
13981  -17.481  -73.367  -13.042 0.6000000238
14002  -20.298  -74.463  -14.262 0.5000000000
14936  -20.063  -73.451  -13.034 0.5000000000
13101  -21.523  -75.028  -14.353 0.5000000000
6194  -11.069  -83.676  -6.925 0.6000000238
6195  -11.777  -83.525  -6.428 0.6000000238
6966  -10.912  -83.042  -6.508 0.4000000060
11332  -14.525  -77.256  -9.109 0.5000000000
10534  -19.014  -77.806  -11.964 0.6000000238
130048  -14.585  -76.782  -10.690 0.5000000000
11364  -19.725  -77.171  -12.629 0.5000000000
13071  -15.814  -75.273  -11.717 0.5000000000
11376  -20.309  -76.675  -13.450 0.5000000000
11365  -20.946  -77.572  -12.809 0.5000000000
126013  -20.256  -78.205  -11.918 0.5000000000
134360  -16.749  -75.259  -11.226 0.5000000000
12229  -20.597  -76.220  -13.974 0.5000000000
126138  -21.269  -76.858  -13.632 0.5000000000
13073  -17.421  -74.712  -11.504 0.6000000238
13074  -18.327  -74.621  -11.272 0.6000000238
13100  -20.729  -75.183  -14.398 0.5000000000
12241  -21.230  -75.856  -14.239 0.6000000238
13972  -18.879  -74.027  -11.818 0.6000000238
13984  -20.342  -73.792  -12.520 0.5000000000
8626  -10.546  -81.038  -6.662 0.4000000060
12198  -15.047  -76.333  -10.276 0.5000000000
9629  -21.333  -78.463  -12.146 0.5000000000
13058  -16.206  -75.747  -10.683 0.5000000000
13059  -17.159  -75.658  -10.393 0.5000000000
11377  -21.919  -77.360  -13.524 0.5000000000
10535  -21.827  -78.161  -12.819 0.5000000000
9631  -22.867  -79.106  -12.659 0.5000000000
9619  -23.392  -79.622  -12.100 0.5000000000
7011  -25.181  -82.274  -10.526 0.5000000000
13045  -18.059  -75.687  -9.792 0.6000000238
131957  -18.676  -75.141  -10.507 0.6000000238
127362  -22.179  -76.498  -13.896 0.5000000000
13060  -19.078  -74.606  -11.137 0.6000000238
12231  -24.187  -75.903  -13.688 0.5000000000
13961  -20.346  -74.798  -11.192 0.5000000000
13075  -21.089  -74.936  -11.379 0.5000000000
12171  -18.167  -75.973  -7.965 0.5000000000
10544  -22.193  -77.972  -13.298 0.5000000000
10537  -23.208  -78.865  -13.222 0.5000000000
8717  -24.140  -79.921  -12.447 0.5000000000
8713  -24.814  -81.030  -11.773 0.5000000000
13027  -17.678  -75.940  -8.851 0.5000000000
13028  -18.606  -75.841  -8.892 0.6000000238
11378  -22.581  -77.475  -13.599 0.5000000000
10545  -22.886  -78.250  -13.458 0.5000000000
8718  -24.754  -80.418  -12.254 0.5000000000
7821  -25.088  -81.541  -11.178 0.5000000000
7806  -25.438  -82.455  -10.303 0.5000000000
13061  -19.642  -75.052  -10.584 0.5000000000
122271  -23.203  -76.653  -13.747 0.5000000000
11380  -24.622  -76.952  -13.969 0.5000000000
140283  -18.179  -75.958  -7.096 0.5000000000
10538  -25.237  -79.345  -12.916 0.5000000000
9633  -24.555  -79.600  -12.846 0.5000000000
8714  -25.073  -80.903  -11.977 0.5000000000
7807  -25.917  -82.200  -9.786 0.4000000060
9620  -25.415  -80.066  -12.097 0.4000000060
18980  -3.391  -69.338  -6.827 0.4000000060
14639  -6.321  -73.850  8.285 0.5000000000
15595  -6.737  -72.709  11.140 0.5000000000
124818  -6.477  -72.829  10.299 0.5000000000
17614  -7.498  -70.733  12.900 0.5000000000
15576  -7.011  -72.123  12.445 0.5000000000
15608  -6.191  -73.018  9.434 0.5000000000
142731  -3.392  -65.617  10.990 0.5000000000
22993  -2.893  -65.344  11.536 0.5000000000
127315  -1.543  -63.679  10.860 0.5000000000
13026  -16.759  -75.952  -8.884 0.5000000000
13044  -16.495  -75.933  -9.745 0.5000000000
11387  -15.991  -77.248  -15.132 0.6000000238
12217  -14.065  -76.496  -13.555 0.6000000238
13102  -16.087  -75.530  -14.820 0.6000000238
13085  -15.089  -74.648  -13.389 0.6000000238
14000  -18.370  -74.201  -14.411 0.6999999881
143764  -12.942  -82.642  -7.976 0.6000000238
12208  -14.611  -76.536  -11.867 0.5000000000
146979  -16.935  -73.452  -13.547 0.6000000238
13992  -19.048  -73.788  -14.115 0.6000000238
14935  -19.241  -73.422  -13.431 0.6000000238
10533  -17.913  -77.803  -11.947 0.6999999881
13056  -14.974  -76.169  -11.248 0.5000000000
13072  -16.524  -74.524  -12.067 0.5000000000
13971  -17.954  -73.957  -12.061 0.6000000238
13983  -19.503  -73.652  -12.503 0.6000000238
13993  -19.830  -73.823  -13.948 0.5000000000
12242  -22.190  -75.219  -14.185 0.5000000000
11366  -21.674  -77.600  -13.241 0.5000000000
145853  -17.318  -75.281  -10.955 0.5000000000
128094  -17.253  -75.873  -9.530 0.5000000000
13046  -19.067  -75.510  -9.685 0.5000000000
9632  -23.674  -79.392  -12.865 0.5000000000
11379  -23.558  -77.619  -13.831 0.5000000000
9639  -23.996  -78.947  -13.426 0.5000000000
7822  -25.212  -81.887  -10.817 0.5000000000
122478  -24.317  -78.124  -13.857 0.4000000060
8697  -25.240  -81.041  -11.494 0.4000000060
134829  -20.971  -80.874  -9.849 0.5000000000
7817  -20.609  -80.869  -10.198 0.6000000238
8693  -21.155  -80.342  -10.599 0.6000000238
8692  -20.109  -80.655  -10.445 0.6000000238
8691  -19.033  -80.644  -10.444 0.4000000060
8694  -22.164  -80.394  -10.569 0.4000000060
9617  -21.675  -79.136  -11.619 0.4000000060
142607  -21.261  -79.625  -11.081 0.5000000000
8709  -20.561  -79.779  -10.897 0.6000000238
9616  -20.889  -79.041  -11.449 0.5000000000
8708  -19.617  -79.877  -10.791 0.5000000000
9615  -19.020  -79.112  -11.062 0.6000000238
10521  -17.457  -78.574  -11.632 0.6000000238
10531  -16.706  -78.619  -12.514 0.6000000238
10543  -17.016  -78.720  -13.731 0.6000000238
10553  -16.886  -77.830  -13.360 0.6000000238
9642  -17.685  -79.169  -14.673 0.6000000238
10554  -16.901  -77.995  -14.185 0.5000000000
122430  -17.241  -78.546  -15.095 0.5000000000
145073  -16.397  -79.477  -15.190 0.4000000060
8732  -15.795  -79.920  -15.114 0.5000000000
6997  -26.536  -82.982  -9.575 0.3000000119
9640  -13.483  -79.650  -13.894 0.4000000060
21175  -15.492  -66.924  -4.726 0.4000000060
21176  -15.999  -66.995  -5.165 0.4000000060
21194  -16.527  -66.292  -5.666 0.5000000000
20997  -9.196  -67.645  7.712 0.5000000000
129010  -8.639  -66.981  7.497 0.5000000000
143853  -9.373  -66.903  7.649 0.5000000000
23049  -8.666  -65.451  7.199 0.4000000060
24034  -7.544  -64.671  5.957 0.4000000060
24015  -10.875  -64.519  7.609 0.4000000060
25007  -7.527  -63.956  5.061 0.4000000060
24046  -8.083  -64.047  5.935 0.4000000060
24035  -8.442  -64.595  6.624 0.4000000060
24056  -6.835  -64.226  4.238 0.4000000060
24995  -10.034  -63.348  6.910 0.4000000060
25020  -7.214  -63.511  3.955 0.4000000060
25929  -9.141  -62.287  4.428 0.4000000060
26808  -10.725  -61.723  6.076 0.4000000060
25927  -7.644  -62.709  3.544 0.4000000060
25945  -8.958  -62.055  3.351 0.4000000060
25943  -7.438  -62.290  2.880 0.4000000060
25964  -8.836  -61.739  2.559 0.4000000060
27793  -8.081  -60.523  4.042 0.3000000119
138334  -8.130  -61.083  3.205 0.4000000060
29743  -9.529  -58.606  5.983 0.3000000119
28750  -9.106  -59.366  5.201 0.3000000119
28775  -9.451  -60.087  2.959 0.3000000119
28761  -9.486  -59.483  4.216 0.3000000119
129734  -10.095  -64.729  7.461 0.4000000060
24014  -9.697  -64.061  7.119 0.4000000060
24013  -9.252  -64.744  7.188 0.4000000060
23050  -9.644  -65.537  7.478 0.4000000060
24994  -9.383  -63.561  6.572 0.4000000060
25009  -9.033  -63.124  5.880 0.4000000060
25876  -11.164  -62.763  7.185 0.4000000060
25895  -9.699  -62.841  6.250 0.4000000060
25914  -10.033  -62.168  5.744 0.4000000060
25912  -8.695  -62.771  5.036 0.4000000060
8540  -26.820  -79.821  -1.706 0.3000000119
8559  -27.013  -80.304  -2.414 0.3000000119
9517  -25.687  -79.601  -2.257 0.4000000060
8558  -26.116  -80.142  -2.958 0.3000000119
139018  -25.426  -80.345  -3.520 0.4000000060
8576  -23.651  -80.160  -4.033 0.3000000119
8577  -24.564  -80.200  -3.646 0.3000000119
8599  -25.212  -80.784  -4.260 0.4000000060
130103  -22.531  -79.733  -3.957 0.3000000119
8598  -24.242  -80.564  -4.531 0.3000000119
9540  -22.913  -80.111  -4.315 0.3000000119
8597  -23.399  -80.454  -4.782 0.3000000119
8616  -23.071  -80.667  -5.542 0.3000000119
8615  -22.414  -80.191  -5.408 0.3000000119
8630  -21.986  -79.974  -6.129 0.3000000119
126698  -22.577  -80.487  -6.002 0.3000000119
124271  -21.323  -79.424  -5.923 0.3000000119
8644  -21.856  -79.948  -7.079 0.3000000119
10468  -18.879  -78.733  -6.634 0.3000000119
9556  -20.483  -78.892  -6.253 0.3000000119
9569  -20.333  -79.209  -7.217 0.3000000119
9581  -21.186  -79.611  -7.556 0.3000000119
8664  -21.332  -80.035  -8.323 0.3000000119
9568  -19.271  -79.113  -7.363 0.4000000060
8578  -26.073  -80.764  -3.753 0.3000000119
9516  -24.858  -79.513  -2.339 0.4000000060
7734  -24.712  -81.132  -5.041 0.4000000060
9530  -23.818  -79.869  -3.254 0.3000000119
9539  -22.291  -79.840  -4.644 0.3000000119
7751  -23.626  -81.303  -6.050 0.4000000060
8632  -23.036  -80.932  -6.367 0.4000000060
9545  -20.947  -78.946  -5.332 0.3000000119
8645  -22.297  -80.337  -7.744 0.4000000060
10451  -18.676  -78.681  -5.897 0.3000000119
10429  -20.090  -78.533  -4.939 0.4000000060
8663  -20.167  -80.289  -8.620 0.3000000119
10437  -18.699  -78.805  -5.123 0.3000000119
8579  -26.848  -80.769  -3.297 0.3000000119
7721  -26.685  -81.461  -3.919 0.3000000119
7706  -27.861  -81.460  -2.867 0.3000000119
7720  -26.011  -81.384  -4.407 0.3000000119
6937  -25.936  -82.061  -5.046 0.3000000119
10392  -23.841  -79.083  -1.144 0.4000000060
147073  -25.404  -81.412  -4.836 0.3000000119
7753  -25.170  -81.885  -5.462 0.3000000119
9528  -22.407  -79.451  -3.155 0.3000000119
125959  -23.236  -79.579  -2.757 0.4000000060
7752  -24.380  -81.591  -5.780 0.4000000060
7768  -24.211  -81.986  -6.543 0.3000000119
7767  -23.585  -81.536  -6.853 0.4000000060
7777  -23.648  -81.610  -7.791 0.4000000060
123356  -21.950  -79.391  -3.929 0.3000000119
9514  -21.558  -78.954  -3.193 0.3000000119
7766  -23.012  -80.980  -7.236 0.4000000060
7776  -23.044  -80.907  -8.262 0.4000000060
9537  -20.839  -78.747  -4.592 0.3000000119
135682  -19.764  -78.455  -3.220 0.3000000119
130757  -22.819  -80.982  -9.118 0.4000000060
10418  -20.126  -78.522  -4.047 0.3000000119
7792  -22.081  -80.648  -8.774 0.4000000060
7803  -21.958  -80.820  -9.607 0.4000000060
7818  -21.501  -80.720  -10.189 0.5000000000
9536  -18.435  -79.378  -4.790 0.3000000119
7736  -27.108  -82.281  -4.015 0.3000000119
7722  -27.403  -81.660  -3.435 0.3000000119
10391  -23.049  -79.095  -1.271 0.4000000060
6971  -24.617  -83.004  -7.004 0.4000000060
6984  -24.300  -82.470  -8.376 0.4000000060
10408  -21.892  -79.066  -2.346 0.4000000060
7793  -23.765  -81.631  -8.904 0.4000000060
132081  -23.234  -81.149  -9.679 0.5000000000
8695  -23.145  -80.596  -10.667 0.4000000060
10407  -20.986  -78.648  -2.436 0.3000000119
7819  -22.592  -80.785  -10.172 0.4000000060
129750  -20.226  -78.486  -2.195 0.3000000119
8710  -21.960  -79.743  -11.048 0.4000000060
9618  -22.500  -79.332  -11.792 0.4000000060
10417  -19.148  -78.598  -3.738 0.3000000119
10427  -18.740  -78.860  -4.241 0.3000000119
9527  -18.467  -79.638  -3.809 0.3000000119
6956  -25.769  -82.925  -5.809 0.3000000119
6985  -24.697  -83.290  -7.946 0.3000000119
10390  -22.257  -78.907  -1.484 0.4000000060
6995  -24.630  -82.656  -9.448 0.5000000000
7820  -23.944  -81.173  -10.501 0.4000000060
10388  -20.631  -78.535  -1.658 0.4000000060
8711  -23.051  -80.036  -11.255 0.4000000060
10386  -18.863  -78.751  -1.761 0.3000000119
10387  -19.732  -78.544  -1.663 0.3000000119
10404  -18.854  -78.707  -2.605 0.3000000119
139402  -18.408  -79.552  -3.004 0.3000000119
7733  -18.648  -81.479  -4.158 0.3000000119
6972  -25.345  -83.553  -6.694 0.3000000119
6996  -24.887  -83.453  -8.970 0.4000000060
7804  -24.349  -81.805  -9.896 0.4000000060
9497  -18.301  -79.274  -1.385 0.3000000119
8539  -17.901  -79.932  -1.573 0.3000000119
9513  -18.454  -79.118  -2.289 0.3000000119
8556  -18.134  -80.139  -2.463 0.3000000119
129664  -18.312  -80.245  -3.161 0.3000000119
8538  -16.993  -80.322  -0.957 0.3000000119
7704  -17.032  -81.284  -2.397 0.3000000119
8555  -17.517  -80.652  -1.967 0.3000000119
140819  -17.388  -81.765  -3.200 0.3000000119
7705  -17.991  -81.002  -2.891 0.3000000119
6223  -26.036  -84.431  -8.921 0.3000000119
137639  -25.224  -83.348  -9.774 0.4000000060
7703  -16.032  -81.657  -1.976 0.3000000119
6151  -15.938  -82.894  -3.470 0.3000000119
5561  -27.100  -85.409  -6.834 0.3000000119
5584  -26.596  -84.906  -8.074 0.3000000119
6231  -25.821  -83.626  -9.650 0.3000000119
5562  -27.796  -85.334  -6.957 0.3000000119
6224  -26.820  -84.444  -8.659 0.3000000119
6998  -27.025  -83.692  -8.903 0.3000000119
22097  -7.956  -66.269  7.237 0.5000000000
124846  -8.805  -61.250  2.462 0.5000000000
26874  -8.439  -61.846  2.540 0.4000000060
23068  -7.773  -65.392  6.697 0.4000000060
10522  -18.418  -78.430  -11.465 0.6000000238
138116  -20.004  -79.116  -11.267 0.5000000000
9630  -22.118  -78.774  -12.375 0.4000000060
8696  -23.983  -80.736  -11.196 0.4000000060
7805  -24.882  -81.958  -10.755 0.4000000060
7004  -25.472  -82.997  -10.206 0.4000000060
7005  -26.039  -83.120  -9.963 0.3000000119
22078  -9.825  -67.170  7.785 0.5000000000
135362  -10.011  -66.399  7.699 0.4000000060
24968  -10.420  -63.910  7.314 0.4000000060
147328  -24.492  -79.806  -2.950 0.3000000119
8614  -21.785  -79.649  -5.329 0.3000000119
10439  -20.061  -78.574  -5.619 0.3000000119
9499  -24.346  -79.279  -1.732 0.4000000060
9498  -23.526  -79.330  -1.891 0.4000000060
10419  -21.191  -78.827  -3.960 0.3000000119
6970  -24.143  -82.310  -7.369 0.4000000060
142106  -19.091  -78.566  -3.073 0.3000000119
10416  -18.708  -78.844  -3.249 0.3000000119
10360  -19.324  -78.734  -0.860 0.3000000119
8575  -18.452  -80.783  -3.673 0.3000000119
6210  -25.370  -84.128  -8.539 0.3000000119
7718  -16.509  -81.794  -2.683 0.3000000119
9646  -17.539  -79.533  -15.103 0.5000000000
8723  -18.071  -80.447  -14.003 0.5000000000
8722  -17.256  -80.202  -13.364 0.5000000000
9628  -16.578  -79.236  -12.524 0.5000000000
143311  -17.517  -79.805  -10.910 0.4000000060
12152  -18.919  -75.828  -7.301 0.4000000060
145850  -20.088  -80.999  -10.185 0.5000000000
7801  -19.245  -81.149  -9.623 0.3000000119
8662  -18.967  -80.332  -8.523 0.3000000119
7791  -20.879  -80.787  -9.266 0.4000000060
133699  -19.906  -79.346  -7.682 0.3000000119
9580  -20.448  -79.573  -7.978 0.3000000119
131994  -20.220  -78.553  -0.914 0.3000000119
142397  -21.403  -78.531  -0.426 0.3000000119
10363  -21.816  -78.535  -0.905 0.3000000119
9500  -25.222  -79.221  -1.632 0.3000000119
10345  -21.315  -78.637  0.251 0.3000000119
10364  -22.568  -78.706  -0.690 0.3000000119
143608  -24.173  -78.831  -0.589 0.3000000119
9484  -24.648  -78.959  -1.046 0.3000000119
10366  -24.852  -78.666  -0.245 0.3000000119
10346  -22.052  -78.707  0.622 0.3000000119
10347  -23.568  -78.645  0.559 0.3000000119
10365  -23.445  -78.763  -0.444 0.3000000119
10348  -24.495  -78.625  0.557 0.3000000119
9485  -25.508  -78.932  -0.866 0.3000000119
9486  -26.313  -79.063  -0.575 0.3000000119
136841  -22.767  -78.730  0.874 0.3000000119
10368  -26.355  -78.847  0.115 0.3000000119
10367  -25.712  -78.729  -0.060 0.3000000119
8731  -14.916  -80.058  -14.455 0.3000000119
8707  -18.477  -79.885  -10.751 0.5000000000
9613  -17.039  -79.331  -11.374 0.4000000060
9637  -16.744  -79.319  -13.139 0.5000000000
7790  -19.688  -80.898  -9.199 0.3000000119
25898  -11.907  -61.772  6.897 0.3000000119
25896  -10.477  -62.553  6.649 0.3000000119
26860  -9.621  -61.624  2.702 0.3000000119
8733  -16.888  -79.921  -15.106 0.4000000060
7033  -18.005  -81.428  -13.941 0.4000000060
4946  -19.411  -84.926  -10.180 0.4000000060
6245  -17.889  -83.640  -11.988 0.4000000060
6248  -16.348  -82.874  -11.690 0.4000000060
7019  -16.145  -82.142  -11.692 0.4000000060
8705  -16.427  -79.814  -11.864 0.4000000060
7020  -16.598  -82.155  -12.377 0.4000000060
7834  -16.561  -80.798  -12.622 0.4000000060
132325  -16.211  -80.682  -12.041 0.4000000060
4947  -20.128  -85.083  -9.491 0.3000000119
5592  -18.434  -84.826  -9.700 0.4000000060
5600  -16.640  -83.950  -10.931 0.4000000060
7835  -18.016  -81.144  -13.530 0.4000000060
5607  -18.439  -84.120  -11.429 0.4000000060
6249  -17.011  -83.022  -12.286 0.4000000060
5601  -17.338  -84.413  -10.677 0.4000000060
5606  -17.315  -84.063  -11.349 0.4000000060
6243  -16.323  -83.351  -11.163 0.4000000060
7827  -16.209  -81.514  -11.554 0.4000000060
131201  -19.786  -84.703  -8.733 0.3000000119
5593  -19.147  -84.821  -9.407 0.3000000119
5590  -16.623  -84.109  -10.112 0.3000000119
5591  -17.458  -84.552  -9.667 0.3000000119
129835  -16.275  -82.209  -10.774 0.3000000119
7814  -17.449  -81.347  -10.147 0.3000000119
7816  -19.390  -81.074  -10.129 0.3000000119
8690  -17.686  -80.636  -10.503 0.3000000119
8689  -16.654  -81.234  -10.837 0.3000000119
8706  -16.825  -80.187  -11.114 0.3000000119
4839  -17.643  -84.925  2.001 0.3000000119
5442  -18.057  -84.641  1.520 0.3000000119
8512  -16.969  -80.307  0.831 0.3000000119
127769  -18.285  -84.955  -0.453 0.3000000119
5478  -18.450  -84.665  -1.501 0.3000000119
6100  -18.224  -83.454  -1.341 0.3000000119
6878  -17.743  -82.915  -0.392 0.3000000119
130924  -17.874  -82.385  0.622 0.3000000119
6842  -17.618  -81.931  1.286 0.3000000119
7651  -17.480  -81.127  1.575 0.3000000119
141640  -17.806  -80.672  1.758 0.3000000119
5499  -18.944  -84.426  -2.077 0.3000000119
6116  -19.030  -83.517  -1.934 0.3000000119
6101  -18.819  -82.810  -1.162 0.3000000119
6862  -18.690  -82.317  0.003 0.3000000119
7010  -16.218  -82.868  -10.388 0.3000000119
131988  -17.710  -84.950  0.887 0.3000000119
5497  -16.653  -84.108  -1.261 0.3000000119
5477  -17.357  -84.538  -1.112 0.3000000119
5458  -17.738  -84.833  0.196 0.3000000119
5498  -18.013  -84.017  -1.580 0.3000000119
6117  -20.123  -83.172  -2.145 0.3000000119
4936  -20.640  -85.195  -8.881 0.3000000119
5553  -27.719  -85.310  -6.378 0.3000000119
5569  -26.492  -85.150  -7.369 0.3000000119
5570  -27.212  -85.230  -7.435 0.3000000119
5571  -27.784  -84.999  -7.536 0.3000000119
5585  -27.219  -84.848  -7.975 0.3000000119
5602  -18.311  -84.725  -10.406 0.4000000060
6180  -12.137  -83.086  -5.748 0.6999999881
6211  -25.912  -84.838  -8.049 0.3000000119
6222  -25.443  -83.901  -9.255 0.3000000119
6230  -16.389  -83.377  -9.695 0.3000000119
6232  -26.469  -83.798  -9.418 0.3000000119
6239  -16.299  -83.404  -10.558 0.4000000060
6244  -16.808  -83.576  -11.569 0.4000000060
6907  -15.926  -82.112  -2.549 0.3000000119
6922  -16.323  -82.258  -3.109 0.3000000119
6932  -11.936  -82.096  -4.777 0.6999999881
6938  -26.522  -83.022  -5.155 0.3000000119
6951  -12.286  -82.510  -5.256 0.6999999881
6952  -13.144  -82.079  -5.520 0.6999999881
6955  -24.867  -82.469  -6.229 0.3000000119
6967  -11.586  -82.958  -5.793 0.6999999881
7003  -24.945  -82.658  -10.224 0.4000000060
7016  -16.126  -82.703  -11.071 0.4000000060
7716  -11.940  -81.366  -4.133 0.6999999881
7735  -26.587  -82.205  -4.506 0.3000000119
7763  -13.508  -81.598  -6.229 0.6999999881
7774  -13.407  -81.818  -6.806 0.6000000238
7786  -13.073  -81.802  -8.062 0.6000000238
7797  -12.899  -81.263  -9.441 0.5000000000
7802  -20.117  -81.094  -9.845 0.5000000000
7812  -12.798  -81.252  -10.327 0.5000000000
7815  -18.394  -80.997  -10.166 0.3000000119
7828  -24.758  -81.367  -11.187 0.4000000060
7830  -16.228  -81.442  -12.149 0.4000000060
7831  -18.080  -81.843  -13.427 0.4000000060
8500  -17.422  -80.490  1.418 0.3000000119
8554  -12.538  -80.098  -2.580 0.6999999881
8557  -25.207  -79.871  -2.980 0.3000000119
8573  -12.195  -80.540  -2.988 0.6999999881
8574  -12.745  -80.570  -3.111 0.6999999881
8580  -27.445  -80.933  -2.908 0.3000000119
8596  -22.792  -80.291  -4.925 0.3000000119
8617  -23.898  -80.892  -5.320 0.3000000119
8628  -13.657  -80.777  -6.294 0.6999999881
8631  -22.476  -80.463  -6.720 0.3000000119
8658  -10.175  -79.909  -7.649 0.5000000000
8676  -25.442  -81.439  -10.580 0.4000000060
8712  -24.124  -80.338  -11.914 0.5000000000
8716  -16.502  -79.990  -12.507 0.5000000000
8719  -25.117  -80.081  -12.457 0.4000000060
9495  -12.245  -78.906  -1.729 0.6999999881
9496  -12.903  -79.021  -1.519 0.6999999881
9511  -12.438  -79.545  -2.128 0.6999999881
9515  -22.708  -79.293  -2.157 0.4000000060
9518  -26.378  -79.803  -2.157 0.3000000119
9529  -23.068  -79.837  -3.593 0.3000000119
9535  -13.456  -80.229  -3.485 0.6999999881
9538  -21.558  -79.263  -4.634 0.3000000119
9555  -19.677  -78.801  -6.746 0.4000000060
9557  -21.244  -79.484  -6.682 0.3000000119
9579  -19.521  -79.608  -8.040 0.3000000119
9612  -16.723  -78.910  -11.969 0.5000000000
9614  -17.942  -79.101  -11.098 0.4000000060
9638  -17.827  -79.660  -14.081 0.5000000000
9643  -18.083  -79.948  -14.671 0.5000000000
9644  -15.008  -79.218  -14.795 0.5000000000
9645  -15.923  -79.022  -15.259 0.5000000000
10389  -21.452  -78.697  -1.655 0.4000000060
10403  -14.237  -78.626  -1.821 0.5000000000
10405  -19.464  -78.517  -2.473 0.3000000119
10406  -20.241  -78.466  -2.717 0.3000000119
10438  -19.322  -78.539  -5.392 0.3000000119
10452  -19.479  -78.556  -6.114 0.3000000119
10529  -12.864  -79.108  -12.961 0.5000000000
10532  -17.084  -78.214  -12.189 0.6000000238
10536  -22.492  -78.579  -13.018 0.5000000000
10541  -13.174  -78.293  -13.241 0.5000000000
10542  -16.644  -78.641  -13.003 0.6000000238
10546  -23.565  -78.465  -13.618 0.5000000000
10547  -24.952  -78.646  -13.421 0.5000000000
10552  -14.247  -78.564  -14.294 0.5000000000
11233  -12.144  -78.103  -1.634 0.6999999881
11300  -15.295  -77.215  -6.488 0.6000000238
11351  -14.186  -77.818  -10.796 0.5000000000
11361  -16.802  -78.172  -12.783 0.6000000238
11372  -13.496  -77.636  -13.498 0.5000000000
11383  -13.757  -77.374  -13.878 0.5000000000
11389  -16.940  -76.852  -14.836 0.6000000238
12011  -7.322  -76.290  4.743 0.6000000238
12046  -14.899  -75.979  -0.494 0.5000000000
12056  -14.393  -76.720  -0.675 0.5000000000
12082  -11.172  -76.409  -3.313 0.6999999881
12135  -17.742  -76.104  -6.481 0.5000000000
12151  -17.449  -76.092  -7.284 0.6000000238
12166  -10.850  -76.960  -8.146 0.6000000238
12170  -17.144  -76.019  -8.097 0.6000000238
12188  -15.870  -75.994  -9.046 0.5000000000
12216  -13.578  -77.372  -13.431 0.6000000238
12228  -19.762  -76.042  -14.015 0.6000000238
12230  -23.142  -75.492  -13.849 0.5000000000
12236  -16.843  -76.249  -14.969 0.6000000238
12243  -15.140  -76.600  -14.859 0.6000000238
12244  -16.019  -76.429  -15.054 0.6000000238
12845  -10.439  -74.963  9.459 0.6000000238
12856  -9.153  -75.434  8.492 0.8000000119
12864  -7.981  -75.591  6.882 0.6000000238
12866  -9.939  -75.680  8.326 0.5000000000
12867  -10.891  -75.782  8.158 0.6000000238
12868  -11.596  -75.586  7.758 0.6999999881
12876  -6.960  -75.909  5.872 0.6000000238
12880  -10.298  -76.194  6.651 0.6000000238
12881  -11.638  -75.872  6.846 0.6999999881
12882  -12.248  -75.462  6.439 0.6999999881
12891  -7.588  -76.235  5.354 0.6000000238
12892  -9.000  -75.974  5.788 0.6999999881
12902  -8.069  -75.998  4.568 0.6000000238
12905  -10.996  -75.449  4.578 0.8000000119
12915  -11.726  -75.281  4.129 0.6999999881
12916  -12.370  -75.111  3.768 0.6999999881
12923  -6.812  -75.299  2.897 0.6000000238
12940  -15.650  -75.789  -0.515 0.5000000000
12946  -12.415  -75.842  -2.149 0.6000000238
12983  -9.784  -75.357  -5.075 0.6999999881
13042  -10.933  -75.355  -9.714 0.6000000238
13043  -15.672  -76.112  -9.991 0.5000000000
13057  -15.455  -75.987  -10.969 0.5000000000
13084  -14.518  -75.244  -13.683 0.6000000238
13091  -14.871  -74.788  -13.866 0.6000000238
13676  -8.715  -74.580  9.696 0.8000000119
13688  -8.956  -75.110  9.087 0.8000000119
13689  -9.633  -74.844  9.624 0.8000000119
13698  -12.098  -74.964  7.964 0.6999999881
13706  -12.756  -74.896  5.944 0.6000000238
13738  -12.765  -74.929  3.093 0.6000000238
13746  -6.953  -75.015  2.241 0.6000000238
13818  -14.490  -74.477  -2.341 0.6000000238
13819  -15.164  -74.301  -1.677 0.5000000000
13867  -9.840  -73.953  -4.609 0.6999999881
13868  -10.192  -74.568  -4.223 0.6999999881
13872  -13.923  -74.294  -4.998 0.6000000238
13915  -9.785  -74.990  -6.905 0.6999999881
13937  -9.802  -73.994  -8.098 0.6999999881
13938  -10.348  -74.217  -8.806 0.6999999881
13960  -19.798  -74.228  -11.624 0.5000000000
13970  -16.481  -73.716  -13.052 0.6000000238
13980  -15.775  -74.038  -13.456 0.5000000000
13982  -18.532  -73.491  -12.708 0.6000000238
13998  -16.199  -74.573  -14.433 0.6000000238
13999  -17.201  -74.280  -14.463 0.6999999881
14001  -19.390  -74.434  -14.388 0.5000000000
14004  -22.047  -74.507  -14.025 0.5000000000
14621  -8.464  -73.495  10.903 0.6999999881
14622  -9.399  -73.514  10.687 0.6999999881
14633  -10.745  -74.000  9.645 0.6000000238
14640  -7.022  -74.176  8.734 0.6000000238
14641  -11.120  -73.984  9.100 0.6000000238
14662  -12.099  -72.911  6.577 0.6000000238
14680  -7.574  -73.451  4.231 0.6000000238
14681  -8.319  -73.901  4.066 0.6000000238
14694  -8.669  -73.322  3.818 0.6999999881
14696  -10.184  -73.995  3.069 0.8000000119
14705  -6.725  -74.144  2.934 0.6000000238
14707  -10.675  -74.108  2.296 0.6999999881
14708  -11.285  -74.010  1.539 0.6999999881
14721  -10.211  -73.270  0.898 0.8000000119
14819  -11.943  -73.306  -4.433 0.6000000238
14841  -9.726  -73.087  -4.925 0.6999999881
14842  -12.675  -73.436  -5.836 0.5000000000
14861  -13.009  -73.539  -6.600 0.5000000000
14862  -13.421  -73.821  -6.482 0.6000000238
14864  -14.789  -73.272  -6.386 0.5000000000
14880  -13.140  -72.884  -7.205 0.6000000238
14882  -14.364  -73.084  -7.177 0.5000000000
14892  -9.931  -73.316  -8.819 0.6999999881
14905  -10.047  -72.618  -9.785 0.5000000000
14934  -18.213  -73.281  -13.511 0.6000000238
14938  -18.435  -73.471  -13.976 0.6000000238
14939  -20.150  -73.594  -13.413 0.5000000000
15585  -7.434  -72.596  11.792 0.6000000238
15609  -10.123  -72.610  9.687 0.6000000238
15619  -9.213  -72.191  7.917 0.6000000238
15631  -10.548  -72.582  7.610 0.6000000238
15644  -12.236  -72.402  6.425 0.5000000000
15660  -6.842  -72.253  4.514 0.6999999881
15671  -6.282  -72.556  4.210 0.6000000238
15678  -5.411  -72.426  3.064 0.5000000000
15679  -8.628  -72.310  2.711 0.8000000119
15711  -10.328  -72.256  0.130 0.6999999881
15767  -10.454  -72.604  -4.550 0.6999999881
15768  -11.340  -72.440  -4.448 0.6000000238
15824  -13.609  -72.625  -7.702 0.6000000238
15825  -14.701  -72.568  -7.984 0.5000000000
15848  -14.150  -71.778  -9.020 0.6000000238
15867  -9.019  -72.140  -10.007 0.5000000000
15870  -15.073  -71.922  -9.280 0.5000000000
15871  -15.694  -72.028  -9.242 0.5000000000
15872  -16.518  -71.780  -9.414 0.5000000000
16586  -7.041  -71.050  13.442 0.5000000000
16596  -6.664  -71.620  12.998 0.5000000000
16597  -7.383  -71.425  12.789 0.5000000000
16605  -6.522  -72.320  11.735 0.5000000000
16607  -8.477  -71.400  11.719 0.6000000238
16629  -9.052  -71.438  9.680 0.5000000000
16630  -9.519  -72.060  9.021 0.6000000238
16644  -12.056  -71.342  6.963 0.5000000000
16653  -9.014  -71.398  6.403 0.6000000238
16680  -5.454  -71.250  3.603 0.6999999881
16681  -6.196  -71.490  4.203 0.6999999881
16682  -7.033  -71.720  4.322 0.6999999881
16717  -4.868  -71.862  2.339 0.6000000238
16736  -8.174  -70.970  0.166 0.6999999881
16739  -10.577  -71.516  -0.036 0.6999999881
16759  -9.442  -71.193  -0.266 0.8000000119
16760  -10.042  -71.011  -0.277 0.6999999881
16820  -11.734  -71.605  -4.635 0.6000000238
16838  -12.804  -71.374  -6.437 0.5000000000
16841  -8.269  -71.180  -7.952 0.6000000238
16842  -8.826  -71.514  -7.629 0.6999999881
16858  -13.357  -70.962  -8.390 0.6000000238
16859  -13.780  -71.549  -8.698 0.6000000238
16881  -8.949  -71.797  -9.400 0.6000000238
16882  -14.290  -71.439  -9.176 0.6000000238
16883  -14.714  -71.506  -9.403 0.6000000238
16884  -15.554  -71.568  -9.535 0.5000000000
16900  -8.164  -72.161  -10.092 0.5000000000
17638  -8.139  -70.314  10.562 0.6999999881
17673  -6.295  -70.758  7.354 0.6000000238
17675  -10.135  -70.123  6.963 0.5000000000
17694  -9.766  -70.809  6.388 0.5000000000
17722  -5.940  -70.696  3.688 0.6999999881
17737  -4.953  -70.532  2.576 0.6000000238
17738  -5.457  -70.579  3.123 0.6999999881
17740  -6.370  -70.618  3.199 0.6000000238
17756  -4.540  -70.506  1.771 0.6000000238
17757  -6.299  -69.993  1.071 0.6000000238
17760  -11.644  -70.706  1.189 0.5000000000
17778  -10.560  -70.742  -0.049 0.6000000238
17798  -8.787  -70.711  -0.384 0.8000000119
17800  -10.048  -70.383  -0.293 0.6999999881
17876  -12.220  -70.952  -4.910 0.5000000000
17905  -12.583  -70.436  -5.663 0.5000000000
17925  -15.521  -70.585  -9.428 0.5000000000
17932  -14.527  -71.215  -9.357 0.6000000238
18722  -7.139  -69.286  12.170 0.6000000238
18738  -7.224  -69.306  11.083 0.6000000238
18754  -6.519  -69.657  9.232 0.6999999881
18780  -4.744  -69.366  6.800 0.6999999881
18781  -5.591  -70.265  7.494 0.8000000119
18797  -6.940  -69.951  6.054 0.5000000000
18798  -7.784  -69.722  5.956 0.6000000238
18850  -5.322  -70.115  2.467 0.6000000238
18864  -5.041  -69.585  1.752 0.6000000238
18880  -4.373  -68.789  0.639 0.6000000238
18881  -5.178  -69.163  0.980 0.6000000238
18882  -6.169  -69.295  0.278 0.6999999881
18897  -3.496  -69.623  -0.582 0.6000000238
18934  -7.244  -69.166  -3.696 0.6000000238
18946  -5.672  -69.240  -4.956 0.6000000238
18948  -7.433  -69.174  -4.635 0.6000000238
18966  -9.658  -68.899  -5.473 0.6000000238
18967  -10.678  -68.959  -5.535 0.5000000000
18982  -6.057  -69.651  -6.527 0.6000000238
18985  -8.688  -69.473  -5.785 0.6000000238
18987  -12.287  -68.867  -6.434 0.6000000238
18998  -5.742  -69.801  -7.186 0.6000000238
19000  -13.687  -69.666  -7.905 0.6000000238
19002  -14.102  -70.399  -8.657 0.6000000238
19830  -6.038  -68.441  11.637 0.6000000238
19910  -4.501  -68.980  6.112 0.6000000238
19927  -5.136  -68.872  5.434 0.6000000238
19988  -9.619  -68.287  0.961 0.5000000000
20005  -4.141  -68.091  0.478 0.6000000238
20006  -4.724  -68.301  0.439 0.6000000238
20022  -6.667  -68.061  -0.699 0.6999999881
20025  -9.282  -69.151  -0.572 0.6000000238
20036  -2.280  -67.979  -2.213 0.6999999881
20049  -2.319  -68.132  -3.583 0.6000000238
20054  -7.626  -68.711  -3.298 0.5000000000
20055  -8.362  -68.663  -3.552 0.6000000238
20068  -2.463  -68.394  -4.399 0.6000000238
20069  -2.882  -68.257  -4.623 0.6000000238
20070  -3.737  -68.427  -4.595 0.6000000238
20074  -8.296  -68.682  -4.683 0.6000000238
20075  -9.016  -68.491  -4.128 0.5000000000
20087  -11.182  -68.249  -5.679 0.5000000000
20088  -16.209  -67.846  -5.431 0.4000000060
20104  -13.242  -68.850  -7.168 0.6000000238
20965  -4.290  -67.303  9.481 0.6999999881
20996  -8.475  -67.679  7.434 0.5000000000
20998  -10.010  -67.815  7.930 0.5000000000
21011  -3.965  -68.362  6.352 0.6999999881
21012  -7.216  -67.730  6.501 0.6000000238
21024  -3.715  -67.001  5.512 0.5000000000
21038  -4.485  -66.826  5.115 0.5000000000
21085  -8.834  -66.961  0.564 0.5000000000
21108  -3.635  -67.504  0.063 0.6000000238
21120  -2.921  -67.226  -0.442 0.6000000238
21122  -4.837  -66.761  -0.375 0.6000000238
21132  -2.623  -67.596  -1.285 0.6000000238
21139  -2.565  -67.677  -2.157 0.6999999881
21140  -2.981  -67.351  -2.172 0.6000000238
21142  -4.569  -66.874  -2.237 0.6000000238
21156  -7.361  -67.928  -2.831 0.6999999881
21159  -9.829  -67.348  -3.494 0.6000000238
21160  -14.115  -66.668  -3.578 0.5000000000
21172  -9.527  -68.070  -3.717 0.4000000060
21189  -9.621  -68.177  -4.867 0.5000000000
21191  -11.655  -67.296  -5.323 0.6000000238
21192  -12.257  -67.185  -5.649 0.6000000238
21207  -12.315  -67.829  -6.154 0.6000000238
21209  -14.724  -67.727  -7.112 0.6000000238
22037  -3.830  -66.250  10.712 0.6000000238
22076  -3.184  -66.786  7.190 0.8000000119
22077  -7.857  -67.230  7.187 0.6000000238
22095  -6.522  -67.319  5.972 0.5000000000
22116  -3.939  -65.708  4.999 0.5000000000
22117  -4.279  -65.776  4.843 0.5000000000
22199  -4.793  -66.374  -0.752 0.5000000000
22216  -3.475  -66.938  -1.309 0.6000000238
22217  -4.213  -66.614  -0.821 0.5000000000
22228  -7.023  -65.930  -2.483 0.6000000238
22234  -5.927  -66.678  -2.761 0.6000000238
22241  -14.803  -65.597  -3.995 0.5000000000
22246  -11.809  -66.568  -4.708 0.6000000238
22256  -15.786  -65.536  -5.444 0.6000000238
22257  -16.282  -65.751  -5.455 0.6000000238
22258  -16.606  -65.969  -5.961 0.5000000000
23024  -3.070  -65.725  9.483 0.6999999881
23031  -2.831  -65.949  8.549 0.6999999881
23066  -2.758  -65.241  6.589 0.5000000000
23079  -3.055  -65.227  5.949 0.4000000060
23081  -6.063  -65.665  5.290 0.5000000000
23089  -3.979  -65.104  4.538 0.4000000060
23090  -4.281  -64.942  4.139 0.4000000060
23092  -5.499  -65.292  4.424 0.5000000000
23105  -5.198  -64.734  3.669 0.5000000000
23141  -8.760  -65.701  0.252 0.5000000000
23172  -6.479  -65.435  -1.051 0.6000000238
23173  -7.240  -65.293  -1.324 0.6000000238
23190  -8.268  -65.279  -2.356 0.6000000238
23191  -9.110  -65.187  -2.642 0.5000000000
23192  -12.365  -64.630  -2.024 0.5000000000
23193  -12.990  -64.841  -2.684 0.5000000000
23211  -7.808  -65.807  -2.705 0.5000000000
23213  -9.491  -65.692  -3.110 0.5000000000
23216  -12.328  -64.610  -3.319 0.5000000000
23236  -15.082  -65.216  -4.551 0.6000000238
23237  -15.851  -65.470  -4.981 0.6000000238
24036  -9.102  -64.156  6.796 0.4000000060
24045  -6.691  -64.821  5.080 0.5000000000
24054  -3.960  -64.541  3.900 0.4000000060
24071  -4.922  -64.279  3.176 0.4000000060
24127  -11.436  -64.423  -1.180 0.5000000000
24143  -8.661  -64.694  -1.219 0.5000000000
24146  -11.736  -64.017  -1.781 0.5000000000
24159  -9.743  -64.642  -2.319 0.5000000000
24161  -11.872  -64.023  -2.107 0.5000000000
24163  -13.102  -64.657  -3.213 0.5000000000
24175  -10.686  -64.568  -2.707 0.5000000000
24896  -8.150  -63.248  11.251 0.3000000119
24916  -1.437  -62.978  10.265 0.5000000000
24918  -5.528  -63.546  10.125 0.4000000060
24927  -1.519  -62.826  9.602 0.6000000238
24937  -1.742  -63.427  8.413 0.6000000238
24964  -2.228  -63.830  7.729 0.6000000238
24965  -2.795  -63.565  7.480 0.5000000000
24991  -3.948  -63.429  6.234 0.4000000060
24993  -8.739  -63.817  6.258 0.4000000060
25008  -8.331  -63.438  5.499 0.4000000060
25017  -3.715  -64.081  4.145 0.4000000060
25021  -7.924  -63.055  4.608 0.4000000060
25035  -4.596  -63.862  3.107 0.4000000060
25037  -6.837  -63.059  3.173 0.4000000060
25053  -5.655  -63.109  3.034 0.4000000060
25054  -5.961  -63.174  2.972 0.4000000060
25055  -6.593  -62.822  3.054 0.4000000060
25095  -11.340  -64.226  -1.522 0.5000000000
25120  -11.409  -63.994  -1.842 0.5000000000
25766  -8.898  -61.745  12.893 0.4000000060
25779  -6.560  -62.790  12.562 0.4000000060
25829  -1.855  -62.041  9.365 0.6000000238
25832  -8.741  -62.504  9.914 0.3000000119
25875  -10.636  -63.216  7.175 0.4000000060
25892  -5.759  -62.670  5.955 0.5000000000
25894  -7.281  -62.025  6.076 0.5000000000
25897  -11.240  -62.048  6.787 0.4000000060
25909  -4.550  -62.700  4.619 0.5000000000
25913  -9.393  -62.508  5.395 0.4000000060
25928  -8.422  -62.481  4.016 0.4000000060
25941  -5.275  -62.788  3.355 0.4000000060
25944  -8.255  -62.169  2.958 0.4000000060
25962  -6.977  -62.285  2.969 0.5000000000
25963  -8.353  -61.893  2.538 0.4000000060
26718  -9.388  -61.374  12.492 0.4000000060
26731  -9.318  -61.417  11.574 0.4000000060
26747  -2.502  -61.303  10.646 0.5000000000
26748  -8.008  -61.345  9.582 0.4000000060
26806  -6.663  -61.688  5.397 0.4000000060
26824  -5.649  -62.108  4.644 0.5000000000
26857  -5.698  -62.346  3.611 0.5000000000
26858  -6.251  -62.012  3.458 0.5000000000
26872  -6.648  -62.293  3.092 0.5000000000
27679  -8.340  -60.116  12.092 0.4000000060
27693  -9.032  -60.743  11.779 0.4000000060
27694  -9.488  -61.080  12.228 0.4000000060
27711  -8.601  -61.106  10.984 0.3000000119
27777  -6.968  -61.131  4.799 0.4000000060
27779  -7.943  -60.274  5.026 0.4000000060
27803  -7.465  -61.284  3.561 0.5000000000
27804  -8.729  -60.609  3.082 0.4000000060
27813  -7.738  -61.754  2.830 0.5000000000
28638  -7.406  -59.427  12.312 0.3000000119
28679  -6.203  -59.763  9.958 0.5000000000
28748  -8.054  -60.259  5.681 0.4000000060
28760  -8.838  -59.974  4.047 0.3000000119
29671  -7.134  -59.089  10.082 0.5000000000
29722  -10.679  -58.063  6.196 0.3000000119
29742  -8.963  -59.084  6.129 0.4000000060
122244  -10.896  -70.051  7.555 0.5000000000
122257  -6.905  -71.083  7.835 0.6000000238
122768  -16.370  -80.669  -11.532 0.3000000119
122821  -8.373  -76.071  5.168 0.6000000238
123760  -12.946  -72.150  -7.214 0.6000000238
124423  -14.459  -76.159  -12.888 0.6000000238
124549  -13.754  -80.417  -5.663 0.6999999881
124737  -7.659  -62.050  2.720 0.4000000060
124871  -2.278  -67.952  -2.867 0.6999999881
124882  -14.004  -79.546  -5.910 0.6999999881
124910  -6.598  -73.606  9.063 0.6000000238
125262  -9.478  -72.498  -8.810 0.5000000000
125505  -16.883  -78.962  -15.419 0.4000000060
125934  -14.206  -70.923  -9.055 0.6000000238
126666  -9.560  -68.366  -5.241 0.5000000000
126980  -11.295  -64.974  7.776 0.4000000060
127241  -19.318  -84.418  -10.969 0.4000000060
127586  -11.304  -64.080  -2.252 0.5000000000
127612  -12.193  -64.268  -2.732 0.5000000000
127692  -20.657  -78.579  -3.258 0.3000000119
128021  -4.906  -66.354  -1.431 0.6000000238
129143  -10.012  -64.297  -0.878 0.5000000000
129508  -13.600  -78.861  -13.947 0.5000000000
130149  -10.376  -78.081  -8.452 0.6000000238
130207  -10.965  -76.139  6.303 0.6000000238
130360  -10.932  -76.751  -4.813 0.6999999881
130680  -15.384  -72.643  -7.272 0.5000000000
130733  -14.334  -76.923  -14.287 0.6000000238
130763  -8.484  -62.324  12.592 0.3000000119
131237  -13.272  -78.313  -1.024 0.6000000238
131653  -13.641  -80.336  -4.253 0.6999999881
131858  -3.547  -66.197  5.507 0.5000000000
132524  -1.853  -64.171  7.993 0.5000000000
132919  -14.860  -77.577  -6.232 0.6000000238
132923  -8.209  -66.309  -3.007 0.5000000000
132974  -6.085  -70.167  2.399 0.6999999881
133421  -24.021  -79.595  -2.474 0.4000000060
133436  -7.129  -63.614  8.940 0.4000000060
133719  -6.655  -69.348  -5.259 0.6000000238
134005  -22.753  -78.603  0.109 0.3000000119
134129  -4.925  -63.346  3.113 0.4000000060
134130  -4.226  -67.900  8.111 0.8000000119
134194  -3.242  -67.597  -0.045 0.6999999881
134220  -6.501  -65.446  -0.905 0.6000000238
134915  -14.559  -67.138  -6.646 0.6000000238
134943  -3.110  -68.496  -0.518 0.6999999881
135340  -6.072  -70.321  5.905 0.5000000000
135738  -2.253  -65.457  8.021 0.6999999881
136006  -6.578  -74.590  6.978 0.6000000238
136190  -21.064  -78.481  -0.974 0.3000000119
136661  -22.008  -78.552  -0.190 0.3000000119
136912  -18.260  -80.874  2.004 0.3000000119
137036  -9.085  -66.270  7.485 0.5000000000
137492  -11.057  -66.129  -3.520 0.6000000238
137508  -11.001  -77.145  -5.932 0.6999999881
138009  -11.403  -79.196  -3.595 0.6999999881
138034  -8.261  -66.903  -0.320 0.5000000000
138053  -14.368  -64.904  -4.343 0.6000000238
138194  -14.748  -65.715  -5.645 0.6000000238
138277  -8.806  -72.511  -10.604 0.5000000000
138278  -4.363  -69.252  -6.721 0.5000000000
138670  -7.051  -71.341  -9.102 0.5000000000
138704  -10.639  -67.020  -3.696 0.6000000238
138756  -10.731  -81.588  -6.162 0.6999999881
139359  -10.407  -76.020  -4.680 0.6999999881
139633  -8.170  -62.896  8.475 0.4000000060
139639  -10.796  -74.450  -3.896 0.6000000238
139646  -6.883  -66.473  -0.582 0.6999999881
139683  -14.533  -73.724  -5.814 0.6000000238
139727  -8.585  -64.824  -0.768 0.5000000000
139871  -11.435  -77.835  -3.129 0.6999999881
140176  -7.286  -72.676  4.504 0.6000000238
141432  -24.121  -78.620  -0.049 0.3000000119
141487  -6.523  -69.159  9.779 0.6999999881
141560  -13.045  -79.472  -13.322 0.5000000000
141652  -6.835  -71.156  3.822 0.6999999881
142048  -4.610  -64.658  3.661 0.4000000060
142617  -17.847  -75.235  -10.725 0.5000000000
142714  -15.244  -75.685  -11.723 0.5000000000
143190  -16.146  -82.149  -11.306 0.4000000060
143502  -15.745  -71.089  -9.657 0.5000000000
143951  -14.679  -70.008  -8.691 0.6000000238
144245  -12.812  -69.052  -6.983 0.6000000238
144354  -14.363  -75.767  -13.553 0.6000000238
144631  -14.882  -74.137  -2.970 0.6000000238
144875  -7.613  -66.734  -0.488 0.6999999881
144962  -8.235  -74.257  9.907 0.8000000119
144982  -10.139  -68.951  0.869 0.5000000000
146318  -7.513  -69.619  11.757 0.6000000238
146452  -23.876  -76.779  -13.850 0.5000000000
146461  -21.730  -79.911  -7.707 0.3000000119
146485  -10.863  -67.245  -4.136 0.6000000238
146846  -10.238  -72.812  0.489 0.6999999881
146908  -12.438  -76.872  -1.507 0.6000000238
146924  -6.692  -69.527  -6.028 0.6000000238
146949  -12.651  -64.436  -3.057 0.5000000000
147103  -4.437  -63.517  3.254 0.4000000060
147324  -12.375  -73.160  -5.024 0.6000000238
147461  -9.465  -71.814  -6.005 0.6999999881
147698  -16.860  -81.479  -12.790 0.4000000060
147734  -9.969  -73.483  1.541 0.8000000119
