#!ascii label  , from subject sub-v1s22x0050445_ses-1 vox2ras=TkReg
1539
44084  8.253  -42.575  81.735 0.0000000000
66151  37.103  -20.465  55.783 0.0000000000
44240  24.632  -41.852  70.612 0.0000000000
50526  32.758  -36.640  73.424 0.0000000000
47417  16.172  -39.943  72.232 0.0000000000
48277  15.751  -38.751  80.870 0.0000000000
70888  47.231  -15.628  50.057 0.0000000000
126312  49.074  -19.407  57.627 0.0000000000
58653  32.278  -28.295  64.738 0.0000000000
75399  49.821  -10.111  42.921 0.0000000000
145414  23.780  -44.966  75.580 0.0000000000
141102  12.109  -39.994  81.725 0.0000000000
67190  49.118  -19.311  53.118 0.0000000000
124947  43.272  -19.818  52.894 0.0000000000
67036  36.370  -20.291  60.444 0.0000000000
68072  41.658  -18.276  60.584 0.0000000000
66079  31.699  -21.092  60.003 0.0000000000
51700  29.036  -35.578  67.028 0.0000000000
47425  29.048  -39.987  71.420 0.0000000000
125228  20.433  -42.760  76.948 0.0000000000
45227  21.042  -41.407  81.770 0.0000000000
46335  15.658  -39.987  76.060 0.0000000000
47357  11.904  -39.431  76.583 0.0000000000
45343  20.355  -41.244  71.325 0.0000000000
71756  52.473  -14.904  49.674 0.0000000000
69078  54.105  -17.208  53.680 0.0000000000
68119  42.690  -18.946  56.832 0.0000000000
62353  35.089  -23.922  64.850 0.0000000000
55682  32.041  -31.551  69.639 0.0000000000
71817  48.180  -14.204  45.814 0.0000000000
123673  53.570  -13.333  45.343 0.0000000000
133708  55.533  -12.233  42.141 0.0000000000
40947  24.178  -45.018  78.476 0.0000000000
45234  10.007  -41.268  81.361 0.0000000000
47261  12.527  -39.486  84.663 0.0000000000
45178  10.251  -41.358  85.182 0.0000000000
69118  42.842  -18.054  50.461 0.0000000000
67009  35.791  -19.549  62.391 0.0000000000
68041  38.798  -18.416  62.637 0.0000000000
40898  4.226  -45.331  85.123 0.0000000000
65156  31.615  -21.996  57.841 0.0000000000
123096  25.134  -40.186  67.921 0.0000000000
47448  27.071  -39.544  68.223 0.0000000000
45352  27.206  -41.421  70.468 0.0000000000
45311  18.491  -41.772  74.695 0.0000000000
45279  18.338  -41.544  77.350 0.0000000000
46367  15.926  -40.212  74.508 0.0000000000
46389  18.346  -40.409  71.331 0.0000000000
146925  20.334  -42.371  74.177 0.0000000000
46276  18.781  -40.373  81.321 0.0000000000
70898  49.185  -15.184  49.770 0.0000000000
140335  53.437  -16.643  51.319 0.0000000000
69110  50.856  -17.357  50.665 0.0000000000
67121  48.467  -19.186  55.451 0.0000000000
138524  51.616  -18.324  55.578 0.0000000000
67156  37.390  -20.371  53.987 0.0000000000
67153  39.958  -19.721  54.449 0.0000000000
67130  39.874  -19.679  55.888 0.0000000000
59631  32.084  -27.151  62.548 0.0000000000
61491  33.025  -25.008  62.160 0.0000000000
60576  33.890  -26.658  64.428 0.0000000000
50570  31.185  -36.146  70.281 0.0000000000
52668  30.674  -33.875  68.377 0.0000000000
145945  32.783  -34.106  70.722 0.0000000000
70932  45.660  -15.771  47.841 0.0000000000
72680  46.374  -13.693  46.216 0.0000000000
70913  48.186  -15.529  48.152 0.0000000000
71795  50.323  -14.612  48.553 0.0000000000
74512  53.407  -10.957  40.517 0.0000000000
73611  52.217  -12.308  41.534 0.0000000000
73567  54.054  -13.065  43.937 0.0000000000
73570  50.238  -12.621  43.104 0.0000000000
131876  24.391  -43.747  73.073 0.0000000000
44189  26.788  -42.814  73.177 0.0000000000
40989  26.169  -45.688  75.520 0.0000000000
128044  13.933  -38.828  80.453 0.0000000000
49317  17.377  -37.641  84.256 0.0000000000
49313  14.390  -37.909  84.255 0.0000000000
70061  45.485  -16.279  49.549 0.0000000000
137613  48.216  -17.892  50.660 0.0000000000
68186  46.020  -18.520  51.058 0.0000000000
67194  45.669  -19.702  52.569 0.0000000000
131058  46.245  -19.571  54.990 0.0000000000
66105  36.905  -20.506  57.995 0.0000000000
67068  39.588  -19.383  58.553 0.0000000000
67033  39.065  -19.340  60.200 0.0000000000
123688  30.032  -29.406  64.964 0.0000000000
52608  34.080  -34.125  75.113 0.0000000000
44072  6.892  -43.391  81.736 0.0000000000
44043  8.385  -42.578  85.311 0.0000000000
42959  6.070  -44.176  84.805 0.0000000000
66153  34.965  -21.378  55.118 0.0000000000
66122  34.879  -21.214  58.017 0.0000000000
126874  33.796  -20.613  60.441 0.0000000000
67012  33.589  -20.286  62.337 0.0000000000
49504  27.323  -37.348  66.146 0.0000000000
49470  29.428  -37.405  69.303 0.0000000000
49424  30.816  -37.805  72.202 0.0000000000
44187  28.727  -42.376  73.930 0.0000000000
124898  30.502  -40.201  74.166 0.0000000000
43007  23.325  -43.739  79.690 0.0000000000
44090  23.476  -43.469  81.476 0.0000000000
44109  20.831  -42.370  79.267 0.0000000000
45254  18.628  -41.423  79.113 0.0000000000
47321  15.956  -39.615  78.748 0.0000000000
48366  14.089  -38.416  74.737 0.0000000000
131658  13.820  -38.603  76.294 0.0000000000
48309  13.665  -38.898  78.302 0.0000000000
47325  12.202  -39.798  78.727 0.0000000000
46298  9.954  -41.202  78.898 0.0000000000
45258  7.716  -41.949  79.211 0.0000000000
132525  23.225  -40.531  68.081 0.0000000000
46422  21.000  -40.137  68.739 0.0000000000
45357  22.905  -41.757  70.981 0.0000000000
43086  22.172  -43.344  73.939 0.0000000000
43032  22.316  -43.875  76.914 0.0000000000
68160  55.183  -18.515  52.774 0.0000000000
130558  51.227  -18.440  53.495 0.0000000000
68168  40.115  -19.254  52.123 0.0000000000
67150  42.658  -19.677  54.739 0.0000000000
67083  46.121  -19.047  57.291 0.0000000000
68093  42.662  -18.272  58.492 0.0000000000
67049  45.671  -19.078  59.347 0.0000000000
63237  31.409  -23.009  60.035 0.0000000000
143735  33.557  -22.515  62.187 0.0000000000
65043  34.742  -21.094  65.250 0.0000000000
55705  29.652  -31.460  66.633 0.0000000000
57649  31.959  -29.743  67.683 0.0000000000
55654  34.499  -31.846  72.347 0.0000000000
57618  33.990  -30.256  70.052 0.0000000000
58626  34.444  -28.174  67.390 0.0000000000
60544  36.248  -25.957  67.024 0.0000000000
63189  37.202  -23.712  68.149 0.0000000000
73572  48.712  -12.061  43.837 0.0000000000
126171  50.186  -14.075  45.076 0.0000000000
72655  52.899  -13.980  47.910 0.0000000000
40939  25.108  -46.271  80.153 0.0000000000
45235  9.441  -41.723  81.641 0.0000000000
45205  10.457  -41.267  83.516 0.0000000000
45223  9.252  -42.149  83.032 0.0000000000
68026  35.805  -19.043  63.810 0.0000000000
68025  36.732  -18.645  63.814 0.0000000000
141753  3.021  -46.227  83.466 0.0000000000
138611  24.852  -41.069  69.192 0.0000000000
46407  26.098  -40.831  68.977 0.0000000000
45353  26.350  -41.726  70.350 0.0000000000
45321  17.763  -41.327  73.587 0.0000000000
46365  17.201  -41.098  74.275 0.0000000000
46373  16.213  -40.247  73.114 0.0000000000
47435  17.361  -39.922  70.285 0.0000000000
147420  17.353  -40.532  72.104 0.0000000000
124301  18.632  -41.618  73.405 0.0000000000
47288  17.438  -39.514  81.469 0.0000000000
47279  17.804  -39.145  82.284 0.0000000000
70886  48.717  -15.513  50.210 0.0000000000
70039  50.445  -16.436  50.303 0.0000000000
70040  49.257  -16.210  50.303 0.0000000000
123687  49.112  -19.238  56.733 0.0000000000
67099  50.188  -19.171  56.291 0.0000000000
67133  37.759  -20.301  55.058 0.0000000000
131530  38.677  -19.984  54.999 0.0000000000
67132  38.397  -20.000  55.733 0.0000000000
58665  30.782  -28.622  63.387 0.0000000000
59623  31.983  -27.695  63.154 0.0000000000
60592  33.041  -26.778  63.322 0.0000000000
59614  33.488  -27.333  64.754 0.0000000000
50553  32.188  -36.283  71.839 0.0000000000
51645  32.255  -35.188  70.857 0.0000000000
51633  33.311  -35.061  71.935 0.0000000000
70915  46.408  -15.829  49.009 0.0000000000
70931  46.576  -15.906  47.790 0.0000000000
70900  47.924  -15.235  49.866 0.0000000000
71767  49.020  -14.914  49.436 0.0000000000
75427  50.936  -10.391  41.892 0.0000000000
74498  50.781  -11.387  41.922 0.0000000000
73587  51.601  -12.574  42.155 0.0000000000
73589  49.834  -11.996  42.783 0.0000000000
41995  23.837  -44.471  74.307 0.0000000000
41993  25.337  -44.642  74.598 0.0000000000
40990  25.242  -45.773  75.635 0.0000000000
48271  13.262  -39.092  81.002 0.0000000000
48261  13.821  -38.414  82.579 0.0000000000
48252  13.158  -38.798  83.037 0.0000000000
48217  12.562  -39.145  86.956 0.0000000000
49294  13.742  -38.240  86.511 0.0000000000
70062  44.472  -16.446  49.448 0.0000000000
126509  45.700  -16.744  50.226 0.0000000000
69116  44.383  -17.380  50.274 0.0000000000
68165  42.901  -19.057  51.464 0.0000000000
67218  44.445  -19.181  51.675 0.0000000000
67195  44.722  -19.655  52.424 0.0000000000
67147  46.570  -19.784  54.138 0.0000000000
145069  44.950  -19.951  54.392 0.0000000000
66092  37.039  -20.403  58.964 0.0000000000
133857  37.993  -19.951  58.829 0.0000000000
67035  37.530  -19.843  60.545 0.0000000000
70918  43.867  -15.583  48.483 0.0000000000
42969  6.885  -43.909  83.541 0.0000000000
41896  5.474  -44.667  83.344 0.0000000000
65212  33.303  -22.109  54.872 0.0000000000
123784  34.832  -21.217  56.285 0.0000000000
66139  33.868  -21.691  56.589 0.0000000000
66110  32.202  -21.329  58.945 0.0000000000
66109  33.232  -21.400  58.578 0.0000000000
127691  32.691  -20.751  60.176 0.0000000000
67039  33.766  -20.203  61.337 0.0000000000
127430  32.790  -20.745  60.864 0.0000000000
49514  26.391  -38.001  65.339 0.0000000000
134994  28.432  -39.251  70.028 0.0000000000
48450  28.167  -38.373  68.447 0.0000000000
48427  29.064  -38.653  70.364 0.0000000000
48425  30.151  -37.616  70.947 0.0000000000
48397  29.905  -38.758  71.774 0.0000000000
43066  27.276  -43.519  74.881 0.0000000000
124867  27.912  -42.743  73.876 0.0000000000
44176  28.255  -42.844  74.692 0.0000000000
45300  30.219  -41.353  75.558 0.0000000000
47362  31.250  -39.185  74.978 0.0000000000
43022  21.919  -43.254  78.275 0.0000000000
43008  22.612  -43.147  79.676 0.0000000000
44125  21.373  -42.782  78.708 0.0000000000
46333  17.095  -40.848  76.797 0.0000000000
45268  18.460  -41.512  78.235 0.0000000000
46307  17.186  -40.633  78.322 0.0000000000
46294  17.400  -40.564  79.280 0.0000000000
47339  15.888  -39.695  77.884 0.0000000000
48385  13.873  -38.162  73.206 0.0000000000
48369  12.051  -38.940  74.770 0.0000000000
48352  13.251  -38.448  75.753 0.0000000000
135694  12.886  -38.644  76.309 0.0000000000
48323  13.842  -38.786  77.918 0.0000000000
48325  12.993  -38.888  77.611 0.0000000000
127091  12.605  -39.285  78.005 0.0000000000
47343  11.867  -39.672  77.417 0.0000000000
45269  9.069  -41.486  78.784 0.0000000000
46441  23.300  -39.904  67.027 0.0000000000
47458  21.507  -39.617  67.097 0.0000000000
46398  19.359  -40.363  70.488 0.0000000000
45371  21.110  -40.926  70.153 0.0000000000
129758  21.795  -41.092  70.036 0.0000000000
45342  22.056  -41.730  71.174 0.0000000000
44207  22.407  -42.520  72.453 0.0000000000
44208  21.627  -42.366  72.656 0.0000000000
44155  20.688  -42.847  76.159 0.0000000000
43057  21.667  -43.342  75.277 0.0000000000
144686  21.762  -43.505  76.598 0.0000000000
43021  22.588  -43.823  77.951 0.0000000000
44078  22.426  -42.320  81.773 0.0000000000
44040  7.748  -42.393  86.572 0.0000000000
45167  9.072  -41.304  87.128 0.0000000000
70874  54.062  -15.758  51.045 0.0000000000
69085  54.139  -17.054  52.887 0.0000000000
69084  54.518  -17.335  52.765 0.0000000000
69077  54.423  -17.386  53.586 0.0000000000
68141  54.886  -18.195  54.469 0.0000000000
68164  48.655  -19.132  52.125 0.0000000000
68182  50.262  -18.529  51.703 0.0000000000
68156  50.153  -18.864  53.529 0.0000000000
68129  53.208  -17.897  56.121 0.0000000000
67128  41.736  -19.334  55.624 0.0000000000
137532  42.021  -19.450  55.024 0.0000000000
67127  42.538  -19.396  55.538 0.0000000000
140803  44.922  -19.176  56.394 0.0000000000
68117  44.114  -19.040  56.888 0.0000000000
146131  40.872  -18.642  59.255 0.0000000000
140565  40.933  -18.686  58.688 0.0000000000
68083  41.926  -18.247  59.770 0.0000000000
62383  31.607  -24.735  59.936 0.0000000000
129244  34.346  -24.185  63.665 0.0000000000
63220  33.536  -23.504  62.114 0.0000000000
63212  34.331  -23.416  63.441 0.0000000000
65062  34.415  -21.749  64.083 0.0000000000
64097  35.062  -22.996  64.782 0.0000000000
52722  28.345  -35.128  65.673 0.0000000000
52700  28.632  -34.413  65.927 0.0000000000
135782  31.164  -32.309  68.755 0.0000000000
130665  30.260  -32.510  67.749 0.0000000000
55689  30.991  -31.552  68.412 0.0000000000
56676  30.469  -30.790  67.225 0.0000000000
56665  31.928  -30.562  68.632 0.0000000000
53624  34.136  -32.901  73.483 0.0000000000
57616  35.728  -29.292  70.227 0.0000000000
58605  34.786  -28.755  68.889 0.0000000000
58613  35.977  -27.934  68.990 0.0000000000
59589  35.500  -27.350  67.435 0.0000000000
59579  36.471  -27.281  68.431 0.0000000000
72679  47.269  -14.083  46.031 0.0000000000
72703  48.743  -13.210  44.740 0.0000000000
72702  49.566  -13.430  44.512 0.0000000000
71815  49.789  -14.380  45.627 0.0000000000
124295  50.727  -14.535  49.157 0.0000000000
140711  51.003  -14.450  48.003 0.0000000000
71764  52.945  -14.407  49.331 0.0000000000
71763  53.820  -14.274  49.546 0.0000000000
74495  53.905  -11.754  40.688 0.0000000000
72698  53.821  -13.161  44.702 0.0000000000
72687  54.051  -13.209  45.888 0.0000000000
72675  53.665  -13.565  46.688 0.0000000000
40960  24.297  -45.549  77.305 0.0000000000
40069  25.096  -46.324  77.298 0.0000000000
40050  25.315  -46.457  78.497 0.0000000000
46278  11.182  -40.678  81.378 0.0000000000
47271  12.216  -39.899  83.347 0.0000000000
46259  11.569  -40.440  83.740 0.0000000000
46233  11.350  -40.483  85.489 0.0000000000
46223  11.417  -40.225  86.400 0.0000000000
69097  41.872  -18.244  50.580 0.0000000000
68191  41.502  -18.755  51.247 0.0000000000
67023  36.245  -19.856  61.380 0.0000000000
67022  37.170  -19.621  61.339 0.0000000000
68042  37.122  -18.845  62.972 0.0000000000
68997  38.068  -17.783  64.159 0.0000000000
41892  4.897  -45.106  83.813 0.0000000000
40906  4.220  -45.514  83.415 0.0000000000
40904  3.640  -45.859  84.684 0.0000000000
65173  32.305  -22.145  56.514 0.0000000000
65137  31.407  -21.887  59.205 0.0000000000
146237  26.472  -39.071  66.962 0.0000000000
46428  26.374  -39.782  67.948 0.0000000000
46406  27.353  -40.699  69.875 0.0000000000
46396  28.363  -40.471  70.959 0.0000000000
44168  19.590  -42.210  75.656 0.0000000000
44143  19.651  -42.328  77.113 0.0000000000
45303  18.347  -41.649  75.431 0.0000000000
45304  17.658  -41.296  75.666 0.0000000000
46351  16.270  -40.511  75.385 0.0000000000
124778  11.271  -39.854  75.922 0.0000000000
47373  9.337  -40.111  74.987 0.0000000000
46399  18.572  -40.205  70.590 0.0000000000
122863  19.764  -41.302  72.021 0.0000000000
44209  20.865  -42.066  72.788 0.0000000000
45331  19.156  -41.438  72.708 0.0000000000
44181  19.830  -42.238  74.734 0.0000000000
45228  20.082  -41.207  81.289 0.0000000000
70884  51.540  -15.378  49.875 0.0000000000
70037  53.309  -16.150  50.826 0.0000000000
128706  52.247  -16.092  50.426 0.0000000000
69093  52.857  -17.328  51.521 0.0000000000
69087  52.255  -17.943  51.967 0.0000000000
67144  49.317  -19.267  54.109 0.0000000000
68144  50.124  -18.854  54.606 0.0000000000
68132  50.109  -18.959  55.352 0.0000000000
128032  51.766  -18.394  56.219 0.0000000000
67201  38.525  -19.625  52.597 0.0000000000
67154  39.158  -19.911  54.323 0.0000000000
131057  39.499  -19.776  55.073 0.0000000000
67107  41.457  -19.183  56.353 0.0000000000
68055  43.646  -18.313  61.206 0.0000000000
60616  31.699  -26.391  61.419 0.0000000000
61492  32.470  -25.092  61.557 0.0000000000
60615  32.655  -25.751  62.329 0.0000000000
61476  33.657  -25.628  63.287 0.0000000000
61467  34.542  -25.404  64.474 0.0000000000
50602  30.105  -36.088  68.763 0.0000000000
51682  29.829  -34.930  67.711 0.0000000000
52655  30.932  -34.797  68.898 0.0000000000
52654  31.901  -33.794  69.787 0.0000000000
53653  32.737  -32.718  70.560 0.0000000000
71811  44.947  -13.961  46.918 0.0000000000
72681  45.542  -13.363  46.525 0.0000000000
71810  45.747  -14.305  46.631 0.0000000000
144285  47.233  -14.868  46.444 0.0000000000
71808  47.903  -14.810  46.367 0.0000000000
71806  49.648  -14.786  46.414 0.0000000000
71797  49.180  -15.177  47.620 0.0000000000
71766  49.871  -14.762  49.358 0.0000000000
75426  52.040  -10.392  41.089 0.0000000000
137215  52.426  -11.054  40.921 0.0000000000
73610  53.393  -12.515  41.468 0.0000000000
73584  55.289  -12.402  42.923 0.0000000000
73586  52.580  -12.859  42.161 0.0000000000
72708  53.254  -13.330  44.084 0.0000000000
72699  52.937  -13.518  44.669 0.0000000000
44221  24.713  -42.669  71.855 0.0000000000
145308  25.988  -42.391  71.661 0.0000000000
43083  25.759  -43.430  73.634 0.0000000000
43067  26.615  -43.550  74.519 0.0000000000
41976  27.387  -44.746  75.609 0.0000000000
48268  15.336  -38.444  81.355 0.0000000000
48258  16.492  -38.254  82.494 0.0000000000
49326  15.305  -37.896  82.780 0.0000000000
49311  15.875  -37.534  84.555 0.0000000000
48242  13.679  -38.344  84.702 0.0000000000
123097  14.246  -37.921  86.044 0.0000000000
70060  46.391  -15.968  49.864 0.0000000000
131764  47.817  -16.816  50.534 0.0000000000
69113  47.004  -16.805  50.560 0.0000000000
68206  46.770  -17.965  50.697 0.0000000000
67214  47.844  -19.414  52.278 0.0000000000
69096  43.930  -18.038  50.602 0.0000000000
67216  46.188  -19.270  51.848 0.0000000000
67192  47.403  -19.682  52.761 0.0000000000
67146  47.852  -19.535  54.286 0.0000000000
67122  47.617  -19.236  55.621 0.0000000000
124588  47.228  -19.151  56.339 0.0000000000
66119  37.182  -20.479  57.313 0.0000000000
67088  38.847  -19.809  57.232 0.0000000000
140070  38.362  -19.903  58.017 0.0000000000
67051  39.370  -19.367  59.390 0.0000000000
68073  40.298  -18.651  60.755 0.0000000000
123662  39.144  -18.781  61.657 0.0000000000
68059  39.885  -18.610  61.478 0.0000000000
68057  41.418  -18.265  61.430 0.0000000000
57677  30.794  -28.913  64.837 0.0000000000
51612  33.794  -35.385  73.777 0.0000000000
72670  43.414  -13.373  47.394 0.0000000000
71782  44.078  -15.105  47.921 0.0000000000
142153  45.262  -16.111  49.144 0.0000000000
77180  50.677  -8.554  43.423 0.0000000000
143634  49.850  -9.141  43.596 0.0000000000
42981  7.726  -43.159  82.327 0.0000000000
44062  8.669  -42.735  83.529 0.0000000000
42968  7.552  -43.460  83.275 0.0000000000
42952  7.104  -43.238  85.033 0.0000000000
131653  6.926  -42.890  86.543 0.0000000000
41887  5.405  -44.483  85.164 0.0000000000
66152  36.693  -20.597  54.761 0.0000000000
135891  35.109  -21.135  54.115 0.0000000000
144553  36.265  -20.737  55.748 0.0000000000
66138  35.792  -20.849  56.648 0.0000000000
66121  35.681  -20.862  57.655 0.0000000000
66107  35.515  -20.863  58.554 0.0000000000
66123  33.551  -21.726  57.568 0.0000000000
66108  34.163  -21.298  58.609 0.0000000000
66075  35.785  -20.556  59.987 0.0000000000
67038  34.596  -20.113  61.185 0.0000000000
67010  34.783  -19.567  62.585 0.0000000000
66995  34.635  -19.754  63.723 0.0000000000
49503  28.107  -36.629  66.496 0.0000000000
48458  27.449  -38.240  67.210 0.0000000000
49486  28.524  -37.612  68.152 0.0000000000
142137  29.263  -36.648  68.240 0.0000000000
49469  29.991  -37.029  69.612 0.0000000000
49441  30.710  -37.393  71.508 0.0000000000
49422  32.102  -37.145  73.114 0.0000000000
44218  27.304  -42.416  71.991 0.0000000000
45328  28.418  -42.051  72.451 0.0000000000
45327  29.052  -41.402  72.450 0.0000000000
44163  29.337  -42.631  75.947 0.0000000000
46372  30.026  -41.044  73.924 0.0000000000
47413  29.904  -39.982  72.665 0.0000000000
48378  30.712  -38.956  73.172 0.0000000000
48360  31.536  -38.385  74.419 0.0000000000
49400  32.435  -37.264  74.811 0.0000000000
41934  24.400  -44.818  80.505 0.0000000000
42996  23.749  -43.875  80.697 0.0000000000
44107  22.535  -42.836  80.326 0.0000000000
44093  21.172  -42.163  80.224 0.0000000000
44127  19.713  -42.270  78.045 0.0000000000
45253  19.395  -41.707  79.457 0.0000000000
45241  19.704  -41.489  80.358 0.0000000000
46285  18.453  -40.655  80.455 0.0000000000
47303  16.877  -39.991  79.835 0.0000000000
47295  16.317  -39.360  80.373 0.0000000000
47407  15.038  -39.255  73.596 0.0000000000
47391  15.324  -39.624  74.424 0.0000000000
47355  14.964  -39.325  75.812 0.0000000000
128238  12.897  -38.294  74.764 0.0000000000
48351  13.911  -38.432  75.513 0.0000000000
132374  15.214  -39.448  76.613 0.0000000000
47341  14.273  -38.839  77.492 0.0000000000
48307  14.515  -38.850  78.947 0.0000000000
48290  14.704  -38.729  79.726 0.0000000000
48280  13.888  -38.847  79.584 0.0000000000
47306  13.052  -39.180  79.575 0.0000000000
47298  12.062  -40.008  80.262 0.0000000000
139825  11.113  -40.427  77.842 0.0000000000
144826  10.695  -40.819  78.562 0.0000000000
147247  11.310  -40.590  80.019 0.0000000000
45245  10.046  -41.222  80.598 0.0000000000
127781  8.978  -41.776  80.231 0.0000000000
45247  8.054  -42.062  80.204 0.0000000000
44100  7.376  -42.572  80.517 0.0000000000
44086  6.759  -43.145  80.846 0.0000000000
47466  23.752  -39.591  66.468 0.0000000000
46431  23.707  -40.380  67.609 0.0000000000
45381  23.823  -40.868  68.953 0.0000000000
46421  21.796  -40.327  68.467 0.0000000000
45370  22.525  -40.982  69.618 0.0000000000
44241  23.764  -41.778  70.792 0.0000000000
44206  23.234  -42.602  72.242 0.0000000000
43084  23.462  -43.683  73.228 0.0000000000
41996  23.039  -44.104  74.730 0.0000000000
44192  21.616  -42.992  73.979 0.0000000000
43056  22.345  -43.763  75.065 0.0000000000
125733  23.308  -44.638  75.919 0.0000000000
41955  23.618  -44.877  77.352 0.0000000000
41944  23.736  -44.366  79.169 0.0000000000
45179  9.586  -41.744  85.493 0.0000000000
46217  10.208  -40.607  87.244 0.0000000000
70030  53.984  -16.180  51.451 0.0000000000
68203  49.869  -18.240  51.065 0.0000000000
68181  51.245  -18.311  51.795 0.0000000000
69079  52.453  -18.061  53.620 0.0000000000
124040  51.645  -18.257  54.426 0.0000000000
69067  52.548  -17.935  54.584 0.0000000000
138409  54.078  -17.555  54.904 0.0000000000
68192  40.557  -18.742  51.357 0.0000000000
67198  41.523  -19.536  52.634 0.0000000000
67199  40.244  -19.570  53.060 0.0000000000
67175  41.778  -19.749  53.478 0.0000000000
145060  43.571  -20.017  53.616 0.0000000000
67125  44.336  -19.796  55.021 0.0000000000
67103  46.279  -19.125  56.471 0.0000000000
67082  47.570  -19.206  57.542 0.0000000000
67087  39.661  -19.471  57.710 0.0000000000
67085  41.226  -18.985  57.109 0.0000000000
68104  42.712  -18.572  57.595 0.0000000000
68081  43.904  -18.357  59.606 0.0000000000
123670  44.279  -18.431  58.911 0.0000000000
68102  44.461  -18.776  57.649 0.0000000000
68089  45.943  -19.108  57.966 0.0000000000
67065  47.572  -19.455  58.363 0.0000000000
64161  31.007  -22.505  58.769 0.0000000000
64148  31.524  -22.025  60.195 0.0000000000
62376  32.555  -24.248  61.075 0.0000000000
130785  32.553  -22.755  61.092 0.0000000000
65103  32.458  -21.101  60.886 0.0000000000
66049  33.426  -20.619  62.241 0.0000000000
66018  34.410  -20.443  64.089 0.0000000000
66004  35.121  -19.986  65.728 0.0000000000
132181  29.689  -33.662  67.146 0.0000000000
56694  29.355  -30.241  65.847 0.0000000000
123518  31.083  -29.321  66.236 0.0000000000
57668  31.978  -28.859  66.060 0.0000000000
52621  34.133  -34.002  73.341 0.0000000000
132581  33.734  -32.885  71.680 0.0000000000
54658  32.969  -31.808  70.668 0.0000000000
56627  34.245  -31.225  71.341 0.0000000000
56655  33.236  -30.642  69.839 0.0000000000
127889  33.022  -29.596  68.531 0.0000000000
57648  33.008  -28.885  67.048 0.0000000000
58643  33.227  -28.194  65.832 0.0000000000
59600  34.379  -27.371  66.024 0.0000000000
60561  35.310  -26.048  65.953 0.0000000000
61458  35.437  -25.184  65.714 0.0000000000
60519  37.318  -26.092  68.436 0.0000000000
61441  36.843  -25.104  67.311 0.0000000000
63195  35.797  -23.762  65.960 0.0000000000
64089  35.957  -22.668  67.016 0.0000000000
76283  49.090  -9.473  44.068 0.0000000000
74468  49.246  -11.652  43.302 0.0000000000
73571  49.425  -12.363  43.424 0.0000000000
72701  50.555  -13.583  44.457 0.0000000000
72689  51.788  -14.046  45.612 0.0000000000
72678  50.765  -14.452  46.070 0.0000000000
72677  51.783  -14.229  46.396 0.0000000000
141599  52.973  -13.733  46.588 0.0000000000
72654  53.803  -13.846  48.255 0.0000000000
40932  24.583  -45.362  80.875 0.0000000000
40931  24.793  -45.988  80.650 0.0000000000
45236  8.942  -42.142  82.076 0.0000000000
45222  9.496  -41.779  82.351 0.0000000000
68014  35.694  -19.093  64.386 0.0000000000
68013  36.483  -18.636  64.488 0.0000000000
45355  24.944  -41.480  69.816 0.0000000000
45354  25.803  -41.499  69.824 0.0000000000
44239  25.517  -41.857  70.457 0.0000000000
46381  16.801  -40.475  72.553 0.0000000000
135929  16.864  -40.804  73.479 0.0000000000
46391  16.843  -40.223  71.778 0.0000000000
45333  17.490  -40.905  72.705 0.0000000000
47289  16.584  -39.165  81.189 0.0000000000
48266  16.937  -38.851  81.980 0.0000000000
70887  48.017  -15.497  50.244 0.0000000000
70041  48.297  -15.968  50.515 0.0000000000
67080  49.973  -19.399  57.254 0.0000000000
143934  37.790  -20.266  55.931 0.0000000000
144457  31.726  -28.363  64.246 0.0000000000
58664  31.505  -28.250  63.622 0.0000000000
58663  32.173  -27.978  63.950 0.0000000000
59615  32.833  -27.687  64.355 0.0000000000
58652  33.017  -27.963  65.112 0.0000000000
50539  32.522  -36.545  72.638 0.0000000000
51624  32.917  -35.842  72.259 0.0000000000
50538  33.072  -36.136  72.951 0.0000000000
70901  46.735  -15.754  49.748 0.0000000000
125562  47.342  -15.464  49.642 0.0000000000
75410  50.297  -10.737  42.340 0.0000000000
74474  50.239  -11.537  42.403 0.0000000000
74475  49.713  -11.168  42.781 0.0000000000
41005  24.151  -44.879  74.989 0.0000000000
41004  24.869  -45.164  74.983 0.0000000000
40991  24.392  -45.365  75.594 0.0000000000
47290  12.431  -39.666  81.063 0.0000000000
48262  13.242  -38.905  82.103 0.0000000000
129423  12.628  -39.449  81.844 0.0000000000
137526  43.516  -16.576  49.404 0.0000000000
70045  44.052  -16.976  49.864 0.0000000000
136879  43.019  -19.453  52.097 0.0000000000
67196  43.856  -19.569  52.240 0.0000000000
67172  45.087  -19.969  53.422 0.0000000000
67173  44.123  -19.887  53.068 0.0000000000
66093  36.495  -20.468  59.694 0.0000000000
67053  37.735  -19.963  59.704 0.0000000000
67054  37.051  -20.272  60.024 0.0000000000
147337  5.802  -44.216  82.210 0.0000000000
65193  33.172  -21.958  55.987 0.0000000000
66096  31.958  -20.981  59.773 0.0000000000
137573  32.612  -21.013  59.417 0.0000000000
66077  33.167  -20.550  60.936 0.0000000000
66078  32.096  -20.905  60.252 0.0000000000
47433  28.707  -39.553  70.689 0.0000000000
47432  29.351  -39.114  71.197 0.0000000000
47424  29.631  -39.580  71.941 0.0000000000
43054  27.861  -43.982  75.569 0.0000000000
44165  27.993  -43.407  75.196 0.0000000000
43053  28.550  -43.654  75.962 0.0000000000
44142  21.055  -42.938  77.718 0.0000000000
46334  16.410  -40.448  76.440 0.0000000000
46317  17.309  -40.850  77.508 0.0000000000
46318  16.615  -40.365  77.455 0.0000000000
46319  15.843  -39.837  76.987 0.0000000000
48354  11.992  -39.242  75.683 0.0000000000
48353  12.595  -38.641  75.512 0.0000000000
48340  12.538  -38.888  76.414 0.0000000000
48339  12.921  -38.791  76.992 0.0000000000
47342  12.550  -39.055  77.167 0.0000000000
45359  20.260  -40.720  70.483 0.0000000000
123860  20.869  -41.183  70.805 0.0000000000
142108  21.179  -41.601  71.429 0.0000000000
44224  21.861  -41.997  71.949 0.0000000000
143612  21.202  -41.940  72.162 0.0000000000
131393  21.159  -43.169  76.799 0.0000000000
43033  21.814  -43.419  77.371 0.0000000000
45239  21.553  -41.934  81.245 0.0000000000
45169  7.559  -41.648  87.855 0.0000000000
45176  7.883  -41.949  87.170 0.0000000000
71755  53.494  -14.759  49.984 0.0000000000
70882  53.885  -15.232  50.562 0.0000000000
70883  53.104  -15.422  50.301 0.0000000000
69064  54.852  -17.876  53.881 0.0000000000
69065  54.502  -17.624  54.297 0.0000000000
68163  49.722  -18.907  52.417 0.0000000000
67106  42.263  -19.135  56.253 0.0000000000
67105  43.207  -19.225  56.269 0.0000000000
68084  40.897  -18.514  59.944 0.0000000000
68071  42.502  -18.233  60.383 0.0000000000
61500  31.562  -25.523  60.266 0.0000000000
62354  34.672  -24.463  64.350 0.0000000000
63206  34.686  -23.477  64.143 0.0000000000
64105  34.721  -22.567  64.288 0.0000000000
51701  28.600  -35.617  66.301 0.0000000000
145617  28.709  -35.030  66.064 0.0000000000
52699  29.049  -34.914  66.567 0.0000000000
54669  31.733  -32.205  69.518 0.0000000000
55688  31.504  -31.572  69.003 0.0000000000
56666  31.300  -30.988  68.437 0.0000000000
56657  31.964  -31.003  69.103 0.0000000000
57601  36.496  -29.405  70.804 0.0000000000
58604  35.833  -28.595  69.677 0.0000000000
58603  36.582  -28.271  69.728 0.0000000000
59570  36.880  -27.627  69.195 0.0000000000
72693  47.725  -13.375  45.591 0.0000000000
73553  48.029  -12.899  45.078 0.0000000000
72692  48.487  -13.652  45.325 0.0000000000
72691  49.291  -13.858  45.133 0.0000000000
71816  49.015  -14.342  45.713 0.0000000000
145464  51.650  -14.888  49.537 0.0000000000
71765  51.725  -14.532  49.228 0.0000000000
73609  54.737  -12.143  41.423 0.0000000000
73623  55.048  -11.515  40.753 0.0000000000
73608  55.770  -11.810  41.359 0.0000000000
73583  55.962  -12.249  42.646 0.0000000000
73552  54.319  -12.975  45.229 0.0000000000
72676  53.274  -13.504  46.012 0.0000000000
136565  24.734  -45.813  78.151 0.0000000000
46270  10.661  -40.916  81.892 0.0000000000
144388  11.072  -40.757  82.564 0.0000000000
139050  10.504  -41.100  82.713 0.0000000000
45190  10.380  -41.357  84.353 0.0000000000
46248  10.993  -40.921  84.069 0.0000000000
46234  10.880  -40.946  84.899 0.0000000000
146874  11.060  -40.636  86.018 0.0000000000
69098  40.954  -18.239  50.691 0.0000000000
67008  36.712  -19.362  62.199 0.0000000000
68043  36.291  -19.185  63.113 0.0000000000
40914  3.939  -45.399  82.603 0.0000000000
39985  2.981  -46.372  84.175 0.0000000000
39975  2.888  -46.276  85.192 0.0000000000
47457  25.275  -39.643  67.200 0.0000000000
46429  25.754  -39.892  67.739 0.0000000000
130888  25.863  -40.308  68.276 0.0000000000
45366  26.531  -41.163  69.725 0.0000000000
123809  26.917  -40.506  69.208 0.0000000000
46397  27.790  -40.796  70.464 0.0000000000
45351  27.936  -41.226  71.010 0.0000000000
45310  19.046  -41.961  75.100 0.0000000000
45302  18.925  -41.862  75.962 0.0000000000
46366  16.586  -40.718  74.444 0.0000000000
46350  17.072  -41.032  75.089 0.0000000000
46400  17.809  -40.145  70.782 0.0000000000
46388  19.001  -40.460  71.131 0.0000000000
45344  18.915  -40.856  71.895 0.0000000000
45320  18.303  -41.725  74.067 0.0000000000
45319  19.050  -41.930  74.154 0.0000000000
46275  19.642  -40.589  81.739 0.0000000000
46266  20.109  -40.178  82.679 0.0000000000
70897  50.144  -15.217  49.740 0.0000000000
124388  50.515  -15.665  50.010 0.0000000000
124695  51.552  -16.820  50.508 0.0000000000
69094  51.708  -17.618  51.175 0.0000000000
67120  49.297  -19.106  55.061 0.0000000000
68115  51.170  -18.873  56.445 0.0000000000
67178  36.994  -20.193  53.028 0.0000000000
67177  37.903  -20.064  53.168 0.0000000000
67155  38.292  -20.166  54.161 0.0000000000
67131  39.070  -19.831  55.604 0.0000000000
67129  40.872  -19.450  55.728 0.0000000000
67108  40.599  -19.399  56.545 0.0000000000
59638  31.120  -26.920  61.013 0.0000000000
60606  32.104  -26.487  62.120 0.0000000000
147268  32.111  -25.847  61.749 0.0000000000
60605  32.601  -26.568  62.739 0.0000000000
60591  33.674  -26.280  63.689 0.0000000000
60590  34.186  -26.050  64.202 0.0000000000
61475  34.090  -25.546  63.780 0.0000000000
60575  34.432  -26.243  64.835 0.0000000000
142021  30.823  -36.092  69.616 0.0000000000
51658  30.612  -35.647  68.999 0.0000000000
51657  31.197  -35.473  69.598 0.0000000000
52638  32.878  -34.617  71.158 0.0000000000
52646  32.271  -34.490  70.380 0.0000000000
131852  32.533  -33.627  70.392 0.0000000000
71799  45.222  -14.853  47.204 0.0000000000
70930  47.359  -15.795  47.745 0.0000000000
70940  46.889  -15.435  46.997 0.0000000000
70939  47.690  -15.432  47.093 0.0000000000
70938  48.382  -15.315  47.107 0.0000000000
74497  51.533  -11.054  41.404 0.0000000000
148326  52.029  -11.689  41.267 0.0000000000
74496  52.812  -11.820  40.959 0.0000000000
141845  53.569  -12.990  42.374 0.0000000000
73569  51.185  -12.885  42.913 0.0000000000
136120  52.048  -13.017  42.769 0.0000000000
72709  52.152  -13.316  43.721 0.0000000000
72710  50.907  -13.226  43.752 0.0000000000
44205  24.596  -43.109  72.449 0.0000000000
44191  25.260  -43.339  72.967 0.0000000000
139076  25.130  -43.821  73.451 0.0000000000
41978  25.674  -45.142  75.035 0.0000000000
41992  26.080  -44.218  74.657 0.0000000000
41977  26.538  -44.881  75.194 0.0000000000
43055  26.937  -44.060  75.047 0.0000000000
40988  26.959  -45.443  75.668 0.0000000000
48269  14.601  -38.589  81.074 0.0000000000
48260  15.005  -38.200  81.973 0.0000000000
49321  14.089  -38.021  83.376 0.0000000000
49320  14.834  -37.820  83.453 0.0000000000
134545  15.154  -37.701  84.148 0.0000000000
49301  16.019  -37.314  85.614 0.0000000000
49312  15.125  -37.630  84.965 0.0000000000
47270  12.535  -39.543  83.945 0.0000000000
147927  12.729  -39.281  83.420 0.0000000000
48234  13.083  -38.913  85.124 0.0000000000
70043  46.571  -16.211  50.234 0.0000000000
134228  45.909  -16.324  49.968 0.0000000000
68207  45.504  -17.697  50.586 0.0000000000
147230  46.094  -17.825  50.653 0.0000000000
68185  46.929  -18.845  51.337 0.0000000000
69117  43.610  -17.616  50.280 0.0000000000
142168  43.436  -18.081  50.553 0.0000000000
67217  45.296  -19.269  51.853 0.0000000000
67193  46.575  -19.696  52.655 0.0000000000
67169  47.688  -19.699  53.467 0.0000000000
67170  46.928  -19.801  53.379 0.0000000000
131059  47.166  -19.484  54.819 0.0000000000
67123  46.737  -19.290  55.690 0.0000000000
67070  37.575  -20.277  58.060 0.0000000000
67052  38.546  -19.674  59.543 0.0000000000
68085  39.891  -18.973  60.051 0.0000000000
68074  39.509  -18.942  60.843 0.0000000000
68060  38.366  -18.952  61.889 0.0000000000
68040  40.185  -18.293  62.147 0.0000000000
68039  40.963  -18.192  62.095 0.0000000000
68058  40.616  -18.403  61.435 0.0000000000
69008  42.508  -17.769  62.590 0.0000000000
57679  29.530  -29.537  64.321 0.0000000000
57678  30.284  -29.045  64.071 0.0000000000
71801  43.714  -14.243  47.542 0.0000000000
70903  44.620  -16.094  49.036 0.0000000000
70917  44.629  -15.767  48.551 0.0000000000
70902  46.009  -16.032  49.467 0.0000000000
77177  50.340  -8.191  44.097 0.0000000000
42982  6.946  -43.701  82.610 0.0000000000
42958  6.723  -43.818  84.474 0.0000000000
137594  6.539  -43.648  85.306 0.0000000000
42953  6.902  -43.188  85.726 0.0000000000
42946  6.389  -43.467  86.090 0.0000000000
41888  4.883  -45.000  84.694 0.0000000000
66169  35.928  -20.756  53.943 0.0000000000
66170  34.137  -21.534  54.270 0.0000000000
137459  35.773  -20.995  54.907 0.0000000000
139912  35.516  -20.992  55.741 0.0000000000
130519  34.431  -21.377  57.252 0.0000000000
124464  35.111  -20.992  57.150 0.0000000000
140528  32.153  -22.071  57.288 0.0000000000
65155  32.946  -22.053  57.000 0.0000000000
66124  32.469  -21.812  57.970 0.0000000000
66095  33.644  -21.007  59.440 0.0000000000
138774  34.468  -20.846  59.751 0.0000000000
66094  35.267  -20.808  59.459 0.0000000000
66076  34.824  -20.533  60.374 0.0000000000
67037  35.513  -20.225  60.856 0.0000000000
146179  34.246  -20.361  60.855 0.0000000000
142246  33.629  -19.986  61.981 0.0000000000
67025  34.202  -19.786  61.892 0.0000000000
67011  33.956  -19.817  62.516 0.0000000000
138557  34.354  -19.705  63.098 0.0000000000
66996  33.967  -20.065  63.100 0.0000000000
50647  27.468  -36.611  65.583 0.0000000000
47456  26.791  -39.266  67.528 0.0000000000
48459  26.992  -38.692  67.074 0.0000000000
47455  27.473  -38.788  67.815 0.0000000000
49471  28.810  -37.869  68.972 0.0000000000
49495  28.804  -36.934  67.869 0.0000000000
49485  29.112  -37.217  68.595 0.0000000000
50588  29.716  -36.723  68.883 0.0000000000
144377  29.668  -37.523  69.881 0.0000000000
48413  30.257  -38.034  71.634 0.0000000000
144831  31.191  -37.288  72.037 0.0000000000
49423  31.455  -37.563  72.710 0.0000000000
44190  26.026  -42.963  73.086 0.0000000000
44203  26.478  -42.620  72.339 0.0000000000
44201  28.255  -42.447  73.148 0.0000000000
45318  28.903  -42.035  73.114 0.0000000000
46362  30.418  -40.805  74.810 0.0000000000
45308  30.018  -41.450  74.720 0.0000000000
147027  30.330  -39.606  73.073 0.0000000000
131160  30.832  -39.582  74.350 0.0000000000
49410  31.963  -37.716  74.359 0.0000000000
41935  23.973  -44.352  80.127 0.0000000000
44108  21.839  -42.620  79.667 0.0000000000
44092  22.082  -42.412  80.696 0.0000000000
45291  18.910  -41.883  76.812 0.0000000000
44144  19.004  -41.922  77.697 0.0000000000
45267  19.160  -41.853  78.578 0.0000000000
45242  18.893  -41.228  79.977 0.0000000000
46293  18.158  -40.898  79.607 0.0000000000
46295  16.639  -40.157  79.031 0.0000000000
46286  17.667  -40.362  80.127 0.0000000000
47304  16.102  -39.525  79.560 0.0000000000
132345  14.291  -38.554  73.879 0.0000000000
47392  14.719  -39.010  74.489 0.0000000000
140934  15.020  -39.360  75.027 0.0000000000
47370  14.524  -38.839  75.255 0.0000000000
133552  12.215  -38.063  73.349 0.0000000000
147003  12.521  -38.324  74.124 0.0000000000
143242  14.325  -38.756  75.938 0.0000000000
47356  14.493  -38.934  76.690 0.0000000000
47340  15.051  -39.210  77.469 0.0000000000
48308  13.973  -38.795  78.633 0.0000000000
48291  14.123  -38.773  79.307 0.0000000000
48279  14.362  -38.699  80.043 0.0000000000
48292  13.783  -38.893  78.895 0.0000000000
47324  12.928  -39.219  78.847 0.0000000000
47307  12.461  -39.642  79.447 0.0000000000
140436  12.640  -39.495  79.879 0.0000000000
127324  10.529  -40.283  76.126 0.0000000000
47358  11.106  -40.254  76.821 0.0000000000
46310  10.193  -40.946  78.022 0.0000000000
46297  10.833  -40.848  79.379 0.0000000000
46288  10.666  -40.920  80.270 0.0000000000
46289  10.053  -41.194  79.830 0.0000000000
45257  8.579  -41.748  79.446 0.0000000000
45256  9.376  -41.512  79.566 0.0000000000
45246  8.748  -42.080  81.098 0.0000000000
44115  7.193  -42.302  79.708 0.0000000000
44101  6.604  -42.802  80.019 0.0000000000
46432  22.896  -40.203  67.599 0.0000000000
46419  23.789  -40.747  68.300 0.0000000000
45382  23.102  -40.718  68.804 0.0000000000
47449  20.476  -39.709  68.143 0.0000000000
46434  21.272  -39.908  67.930 0.0000000000
130971  22.313  -41.383  70.448 0.0000000000
127061  23.175  -41.347  70.260 0.0000000000
44222  23.492  -42.162  71.513 0.0000000000
43085  22.732  -43.497  73.593 0.0000000000
43100  22.935  -43.135  72.877 0.0000000000
43069  23.239  -43.993  73.926 0.0000000000
43070  22.560  -43.699  74.308 0.0000000000
44193  20.525  -42.264  73.517 0.0000000000
134546  21.281  -42.573  73.374 0.0000000000
134499  20.929  -42.622  74.085 0.0000000000
43044  22.119  -43.790  75.950 0.0000000000
41980  22.831  -44.166  75.539 0.0000000000
41963  22.773  -44.263  76.348 0.0000000000
41962  23.282  -44.667  76.616 0.0000000000
41956  22.955  -44.344  77.228 0.0000000000
43020  23.145  -43.936  78.790 0.0000000000
42987  23.687  -43.881  81.791 0.0000000000
48250  16.944  -37.881  83.310 0.0000000000
48249  17.840  -38.012  83.606 0.0000000000
49316  18.251  -37.854  84.510 0.0000000000
44050  8.585  -42.738  84.445 0.0000000000
45192  9.082  -42.211  84.970 0.0000000000
46211  9.280  -40.359  88.390 0.0000000000
46225  9.842  -41.082  86.788 0.0000000000
47236  10.023  -40.207  87.976 0.0000000000
125792  10.533  -39.841  88.436 0.0000000000
47226  10.103  -39.834  89.040 0.0000000000
69112  48.775  -17.168  50.416 0.0000000000
68204  49.107  -18.118  50.743 0.0000000000
68162  50.725  -18.622  52.557 0.0000000000
68161  51.768  -18.307  52.620 0.0000000000
68143  50.994  -18.451  55.026 0.0000000000
130301  50.778  -18.515  54.273 0.0000000000
68142  52.007  -18.095  55.165 0.0000000000
69053  53.078  -17.772  55.253 0.0000000000
144695  54.582  -17.895  54.926 0.0000000000
68193  39.585  -18.703  51.370 0.0000000000
68167  41.101  -19.228  51.939 0.0000000000
145764  40.793  -19.447  52.595 0.0000000000
134579  39.685  -19.751  53.690 0.0000000000
67200  39.415  -19.554  52.816 0.0000000000
67176  40.448  -19.682  53.870 0.0000000000
67151  41.931  -19.645  54.341 0.0000000000
67174  42.712  -19.958  53.748 0.0000000000
142238  43.481  -19.938  54.409 0.0000000000
67084  45.503  -19.050  56.847 0.0000000000
133373  45.582  -19.186  56.300 0.0000000000
123276  46.933  -19.084  57.061 0.0000000000
132911  39.058  -19.645  58.043 0.0000000000
68094  41.752  -18.454  58.412 0.0000000000
68106  41.049  -18.741  57.886 0.0000000000
145679  42.235  -18.421  58.020 0.0000000000
68105  41.821  -18.596  57.640 0.0000000000
68080  44.535  -18.544  59.429 0.0000000000
123287  44.934  -18.692  59.036 0.0000000000
68092  44.008  -18.477  58.260 0.0000000000
68091  44.730  -18.705  58.348 0.0000000000
68090  45.437  -18.951  58.487 0.0000000000
63246  31.136  -23.269  59.179 0.0000000000
64160  31.276  -22.292  59.529 0.0000000000
61499  32.009  -24.878  60.727 0.0000000000
62375  33.076  -24.342  61.738 0.0000000000
63226  32.947  -23.555  61.381 0.0000000000
142284  33.136  -22.691  61.621 0.0000000000
64135  32.661  -21.836  61.322 0.0000000000
64124  33.198  -21.773  61.934 0.0000000000
65088  32.976  -21.076  61.723 0.0000000000
65076  33.320  -21.070  62.301 0.0000000000
65050  34.435  -20.989  64.552 0.0000000000
65063  34.109  -20.941  63.736 0.0000000000
66005  34.769  -20.363  65.004 0.0000000000
65036  34.983  -20.707  65.784 0.0000000000
52679  30.035  -34.191  67.737 0.0000000000
53692  30.191  -33.291  67.767 0.0000000000
55697  30.071  -31.856  67.311 0.0000000000
54694  29.432  -32.094  66.765 0.0000000000
55706  29.154  -31.560  66.186 0.0000000000
56686  29.476  -30.761  66.135 0.0000000000
57650  31.390  -30.091  67.495 0.0000000000
57651  30.821  -30.122  66.948 0.0000000000
57660  31.697  -29.428  66.919 0.0000000000
136914  34.090  -34.578  74.031 0.0000000000
127618  33.952  -34.787  73.265 0.0000000000
124729  34.114  -33.597  74.241 0.0000000000
54638  34.404  -32.233  72.890 0.0000000000
125850  34.019  -32.802  72.460 0.0000000000
54648  33.981  -32.087  71.890 0.0000000000
55666  33.599  -31.769  71.216 0.0000000000
55665  34.082  -31.613  71.591 0.0000000000
57603  35.028  -30.387  70.952 0.0000000000
56640  34.827  -30.868  71.473 0.0000000000
56648  34.401  -30.616  70.782 0.0000000000
56649  33.732  -30.908  70.561 0.0000000000
57629  32.599  -30.379  69.095 0.0000000000
57628  33.514  -29.923  69.277 0.0000000000
58615  34.602  -28.432  68.121 0.0000000000
58616  34.057  -28.636  67.793 0.0000000000
58627  33.787  -28.541  67.182 0.0000000000
58635  33.475  -28.387  66.509 0.0000000000
58634  34.148  -28.007  66.679 0.0000000000
59601  33.784  -27.932  66.108 0.0000000000
145424  35.918  -26.531  67.024 0.0000000000
143744  35.566  -26.924  66.955 0.0000000000
60545  35.671  -26.327  66.597 0.0000000000
61451  35.826  -25.560  66.371 0.0000000000
60505  37.821  -26.313  69.231 0.0000000000
60504  38.299  -26.158  70.041 0.0000000000
62320  37.663  -24.561  68.427 0.0000000000
62331  36.821  -24.152  67.358 0.0000000000
62339  36.454  -24.554  66.862 0.0000000000
63194  36.205  -23.692  66.703 0.0000000000
64090  35.691  -22.834  66.061 0.0000000000
63190  36.517  -23.231  67.546 0.0000000000
73548  45.353  -12.450  46.522 0.0000000000
73547  46.139  -12.741  46.155 0.0000000000
74469  48.714  -11.240  43.857 0.0000000000
72690  51.031  -14.034  45.132 0.0000000000
72700  51.762  -13.690  44.667 0.0000000000
71796  50.327  -14.810  47.490 0.0000000000
71794  51.833  -14.217  47.927 0.0000000000
71805  51.357  -14.423  47.136 0.0000000000
123161  52.360  -14.065  47.038 0.0000000000
72668  53.072  -13.813  47.124 0.0000000000
72644  54.078  -13.904  49.015 0.0000000000
75441  52.969  -10.096  40.462 0.0000000000
76320  52.890  -9.108  40.461 0.0000000000
73585  54.297  -12.857  43.090 0.0000000000
136353  9.923  -41.577  82.912 0.0000000000
45206  9.851  -41.758  83.756 0.0000000000
68044  35.520  -19.399  63.123 0.0000000000
45379  25.175  -40.766  68.626 0.0000000000
45367  25.481  -41.165  69.307 0.0000000000
45341  26.807  -41.950  70.864 0.0000000000
45312  17.811  -41.442  74.702 0.0000000000
46374  16.258  -40.392  73.854 0.0000000000
46390  17.571  -40.329  71.493 0.0000000000
46380  18.019  -40.683  72.038 0.0000000000
45332  18.315  -41.184  72.697 0.0000000000
46277  17.929  -40.154  80.983 0.0000000000
47286  19.173  -40.004  82.203 0.0000000000
47287  18.292  -39.787  81.792 0.0000000000
47278  18.717  -39.356  82.634 0.0000000000
47269  19.211  -38.887  83.537 0.0000000000
70885  49.609  -15.607  50.075 0.0000000000
69111  49.881  -17.448  50.563 0.0000000000
67100  49.176  -19.107  55.823 0.0000000000
67079  50.902  -19.205  57.086 0.0000000000
67110  39.006  -19.813  56.297 0.0000000000
147131  32.501  -27.129  63.061 0.0000000000
59622  32.664  -27.398  63.624 0.0000000000
59621  33.320  -27.054  63.989 0.0000000000
51635  31.777  -35.947  71.016 0.0000000000
51646  31.735  -35.328  70.283 0.0000000000
51634  32.598  -35.516  71.482 0.0000000000
70914  47.302  -15.531  48.849 0.0000000000
71768  48.037  -15.180  49.376 0.0000000000
143358  48.462  -15.065  49.542 0.0000000000
70899  48.507  -15.176  49.905 0.0000000000
73612  51.389  -11.966  41.665 0.0000000000
73588  50.679  -12.197  42.344 0.0000000000
42008  24.548  -44.272  73.761 0.0000000000
41994  24.681  -44.644  74.425 0.0000000000
48270  13.903  -38.723  81.508 0.0000000000
48251  13.568  -38.441  83.400 0.0000000000
47253  12.428  -39.437  85.618 0.0000000000
48224  13.025  -38.824  86.160 0.0000000000
70044  45.050  -16.721  49.949 0.0000000000
69115  45.025  -17.226  50.316 0.0000000000
68189  43.337  -18.554  50.930 0.0000000000
67219  43.618  -19.105  51.541 0.0000000000
67171  46.100  -19.876  53.389 0.0000000000
67148  45.725  -19.889  54.264 0.0000000000
67034  38.273  -19.615  60.359 0.0000000000
70904  43.792  -16.071  48.946 0.0000000000
142661  6.253  -43.873  82.032 0.0000000000
42983  6.137  -44.202  82.849 0.0000000000
42970  6.159  -44.273  83.879 0.0000000000
66154  34.094  -21.696  55.496 0.0000000000
66125  31.743  -21.726  58.502 0.0000000000
67026  33.323  -20.424  61.618 0.0000000000
48482  26.727  -37.951  65.923 0.0000000000
47442  27.970  -39.477  69.474 0.0000000000
127727  27.736  -39.207  68.754 0.0000000000
134317  28.466  -38.680  69.404 0.0000000000
48441  29.179  -37.994  69.737 0.0000000000
133091  29.626  -37.879  70.392 0.0000000000
48426  29.700  -38.307  71.055 0.0000000000
48396  30.484  -38.488  72.347 0.0000000000
146835  26.973  -43.187  74.372 0.0000000000
44178  27.168  -42.923  73.858 0.0000000000
44177  27.549  -43.074  74.509 0.0000000000
45289  30.374  -41.129  76.663 0.0000000000
47382  30.798  -40.013  74.972 0.0000000000
130035  22.637  -43.476  78.904 0.0000000000
147570  22.085  -43.026  79.030 0.0000000000
44126  20.507  -42.516  78.362 0.0000000000
45280  17.711  -41.210  77.059 0.0000000000
136150  17.803  -41.183  77.882 0.0000000000
45255  17.918  -41.084  78.752 0.0000000000
46308  16.476  -40.120  78.303 0.0000000000
48367  13.509  -38.218  74.121 0.0000000000
48368  12.487  -38.491  74.654 0.0000000000
48338  13.326  -38.655  76.693 0.0000000000
48337  13.825  -38.704  77.127 0.0000000000
48324  13.393  -38.823  77.583 0.0000000000
48310  13.324  -38.967  78.337 0.0000000000
148050  11.857  -39.903  78.108 0.0000000000
45281  9.438  -41.230  78.131 0.0000000000
45270  8.273  -41.672  78.591 0.0000000000
46442  22.479  -39.796  67.036 0.0000000000
46433  22.076  -40.066  67.722 0.0000000000
46409  20.653  -40.430  69.573 0.0000000000
46408  21.593  -40.667  69.349 0.0000000000
45358  21.533  -41.340  70.661 0.0000000000
44223  22.686  -42.074  71.774 0.0000000000
43101  22.108  -42.967  73.259 0.0000000000
44180  20.621  -42.555  74.774 0.0000000000
44179  21.292  -42.916  74.689 0.0000000000
44166  20.995  -42.856  75.406 0.0000000000
43045  21.359  -43.277  76.022 0.0000000000
143705  8.243  -42.385  86.023 0.0000000000
45180  8.876  -42.086  85.804 0.0000000000
45175  8.517  -41.906  86.647 0.0000000000
46219  8.750  -40.855  87.964 0.0000000000
69092  53.861  -16.782  52.003 0.0000000000
69076  54.812  -17.780  53.361 0.0000000000
68140  55.159  -18.592  53.990 0.0000000000
138795  48.469  -18.613  51.261 0.0000000000
68183  49.347  -18.646  51.521 0.0000000000
68130  52.365  -18.016  55.855 0.0000000000
68169  39.078  -19.208  51.972 0.0000000000
136376  41.247  -19.526  54.921 0.0000000000
143505  40.631  -19.630  54.507 0.0000000000
67126  43.386  -19.586  55.323 0.0000000000
67104  44.151  -19.359  55.940 0.0000000000
68116  44.865  -18.962  57.072 0.0000000000
67050  40.256  -18.946  59.169 0.0000000000
67067  40.307  -19.044  58.224 0.0000000000
68095  41.429  -18.476  59.193 0.0000000000
123409  42.142  -18.275  59.063 0.0000000000
67048  46.654  -19.383  59.370 0.0000000000
62389  31.187  -24.405  59.260 0.0000000000
135952  31.496  -23.916  59.761 0.0000000000
62362  33.914  -24.866  63.246 0.0000000000
62369  33.504  -24.510  62.473 0.0000000000
63213  34.002  -23.898  62.930 0.0000000000
64114  34.013  -22.773  62.854 0.0000000000
133649  34.060  -21.709  63.311 0.0000000000
64113  34.419  -22.618  63.670 0.0000000000
64098  34.825  -21.935  64.872 0.0000000000
53679  31.107  -33.208  68.738 0.0000000000
53680  30.651  -32.837  68.235 0.0000000000
54679  30.561  -31.951  68.080 0.0000000000
56667  30.563  -31.242  67.813 0.0000000000
56677  30.153  -31.185  66.843 0.0000000000
56675  30.966  -30.649  67.721 0.0000000000
57640  31.614  -30.365  68.076 0.0000000000
148374  34.070  -33.264  75.050 0.0000000000
54609  34.518  -32.272  74.984 0.0000000000
54624  34.451  -32.134  73.990 0.0000000000
55642  34.880  -31.841  73.684 0.0000000000
57617  34.921  -29.915  70.251 0.0000000000
57627  34.389  -29.523  69.455 0.0000000000
57626  35.155  -29.069  69.642 0.0000000000
58614  35.249  -28.135  68.484 0.0000000000
58625  35.084  -27.866  67.720 0.0000000000
59590  34.918  -27.528  66.910 0.0000000000
59580  35.756  -27.575  68.075 0.0000000000
60520  36.782  -26.651  68.180 0.0000000000
72694  46.937  -13.087  45.820 0.0000000000
73561  48.361  -12.446  44.516 0.0000000000
73560  49.013  -12.783  44.071 0.0000000000
122975  51.141  -14.401  48.641 0.0000000000
71778  52.326  -14.218  48.655 0.0000000000
71777  53.401  -14.007  48.863 0.0000000000
72686  54.840  -13.033  45.562 0.0000000000
40978  23.839  -45.213  76.323 0.0000000000
40977  24.642  -45.832  76.371 0.0000000000
40945  25.416  -46.594  79.519 0.0000000000
47291  11.768  -40.274  81.205 0.0000000000
47281  12.153  -39.970  82.434 0.0000000000
129923  11.529  -40.467  82.023 0.0000000000
46269  11.620  -40.425  82.904 0.0000000000
47262  12.042  -39.991  84.223 0.0000000000
46260  11.045  -40.834  83.259 0.0000000000
46247  11.468  -40.480  84.583 0.0000000000
47254  11.927  -39.975  85.051 0.0000000000
127421  11.840  -39.949  85.773 0.0000000000
123672  11.817  -39.685  87.200 0.0000000000
139951  12.198  -39.297  87.728 0.0000000000
139411  42.193  -17.710  50.112 0.0000000000
68190  42.426  -18.704  51.056 0.0000000000
68166  42.118  -19.259  51.861 0.0000000000
134212  36.899  -20.018  60.732 0.0000000000
68061  37.559  -19.146  62.057 0.0000000000
126694  37.919  -18.623  62.792 0.0000000000
68024  37.524  -18.335  63.662 0.0000000000
68023  38.221  -18.204  63.416 0.0000000000
41897  4.741  -45.086  82.929 0.0000000000
40903  4.317  -45.512  84.252 0.0000000000
39993  3.663  -45.926  83.832 0.0000000000
40899  3.512  -45.670  85.620 0.0000000000
66111  31.652  -21.573  59.173 0.0000000000
66097  31.651  -21.414  59.730 0.0000000000
141590  26.126  -39.522  67.315 0.0000000000
46417  26.598  -40.154  68.574 0.0000000000
148304  27.254  -39.867  68.873 0.0000000000
46405  28.006  -40.006  70.153 0.0000000000
44157  19.417  -42.165  76.366 0.0000000000
45292  18.199  -41.513  76.380 0.0000000000
127126  16.968  -40.959  75.967 0.0000000000
48370  11.282  -39.226  74.105 0.0000000000
47371  11.235  -39.586  74.942 0.0000000000
47372  10.386  -40.060  75.401 0.0000000000
45360  19.619  -40.823  71.224 0.0000000000
45330  20.541  -41.673  72.083 0.0000000000
44210  19.998  -41.797  72.897 0.0000000000
127608  19.325  -41.799  73.381 0.0000000000
44194  19.834  -42.087  73.803 0.0000000000
44167  20.296  -42.511  75.504 0.0000000000
69109  52.587  -16.931  50.829 0.0000000000
126860  53.270  -17.427  52.365 0.0000000000
123113  53.520  -17.434  53.314 0.0000000000
68131  50.980  -18.728  55.750 0.0000000000
134578  38.836  -19.895  53.456 0.0000000000
132914  40.342  -19.631  55.104 0.0000000000
68120  42.012  -18.809  56.937 0.0000000000
68056  42.258  -18.243  61.195 0.0000000000
141070  42.942  -18.301  60.997 0.0000000000
60623  31.421  -26.204  60.646 0.0000000000
127418  31.869  -25.650  61.083 0.0000000000
60604  33.182  -26.068  63.014 0.0000000000
61484  33.348  -25.322  62.735 0.0000000000
62361  34.331  -24.902  63.900 0.0000000000
61466  35.029  -24.835  65.021 0.0000000000
51683  29.501  -35.548  67.675 0.0000000000
125102  29.399  -35.097  67.203 0.0000000000
51672  30.065  -35.447  68.323 0.0000000000
124209  30.345  -34.742  68.258 0.0000000000
123611  31.586  -34.647  69.651 0.0000000000
125365  31.332  -33.915  69.098 0.0000000000
53665  31.568  -33.056  69.301 0.0000000000
53664  32.070  -32.893  69.983 0.0000000000
54668  32.279  -32.072  70.130 0.0000000000
71798  46.059  -15.217  47.028 0.0000000000
71809  46.569  -14.606  46.473 0.0000000000
71807  48.724  -14.851  46.387 0.0000000000
135716  49.652  -14.817  48.558 0.0000000000
71781  48.873  -14.881  49.030 0.0000000000
71780  49.587  -14.661  49.076 0.0000000000
71779  50.259  -14.515  48.984 0.0000000000
141531  50.891  -14.819  49.477 0.0000000000
76309  52.038  -9.483  41.157 0.0000000000
143932  51.514  -10.129  41.519 0.0000000000
138634  54.509  -12.609  42.228 0.0000000000
73568  53.127  -13.130  43.185 0.0000000000
134121  24.304  -42.233  71.324 0.0000000000
44220  25.241  -42.278  71.285 0.0000000000
44204  25.472  -42.773  72.244 0.0000000000
43068  25.405  -44.116  74.079 0.0000000000
127819  26.064  -43.614  74.185 0.0000000000
43082  26.454  -43.100  73.887 0.0000000000
40100  25.334  -46.239  76.455 0.0000000000
40099  25.898  -46.307  76.149 0.0000000000
40084  26.444  -46.605  76.604 0.0000000000
40976  26.761  -46.151  76.026 0.0000000000
47418  15.586  -39.298  72.119 0.0000000000
48278  15.011  -38.591  80.500 0.0000000000
48267  16.103  -38.509  81.667 0.0000000000
48259  15.702  -38.145  82.192 0.0000000000
49325  16.098  -37.857  83.022 0.0000000000
49327  14.549  -38.021  82.662 0.0000000000
49319  15.627  -37.716  83.617 0.0000000000
49318  16.485  -37.613  83.960 0.0000000000
49310  16.926  -37.333  85.194 0.0000000000
47280  12.674  -39.344  82.701 0.0000000000
48243  13.112  -38.878  84.034 0.0000000000
48233  13.660  -38.334  85.616 0.0000000000
49303  14.337  -37.915  85.260 0.0000000000
70042  47.479  -15.967  50.437 0.0000000000
144847  47.483  -17.633  50.641 0.0000000000
69114  46.229  -17.110  50.480 0.0000000000
68205  47.620  -18.404  50.994 0.0000000000
68184  47.793  -19.022  51.664 0.0000000000
69095  44.664  -17.937  50.614 0.0000000000
68188  44.169  -18.579  51.085 0.0000000000
68187  45.083  -18.617  51.172 0.0000000000
144474  45.652  -18.943  51.505 0.0000000000
67215  47.122  -19.391  52.067 0.0000000000
67191  48.221  -19.587  52.878 0.0000000000
67168  48.480  -19.509  53.727 0.0000000000
67145  48.587  -19.320  54.643 0.0000000000
131990  47.234  -19.699  54.002 0.0000000000
140001  47.937  -19.315  55.009 0.0000000000
67101  48.194  -19.149  56.293 0.0000000000
67081  48.285  -19.222  57.174 0.0000000000
66136  37.495  -20.392  56.565 0.0000000000
67089  37.945  -20.184  57.274 0.0000000000
67069  38.826  -19.667  58.735 0.0000000000
126332  40.967  -18.372  60.810 0.0000000000
67021  37.960  -19.428  61.185 0.0000000000
68075  38.744  -19.229  61.016 0.0000000000
140610  39.522  -18.450  62.145 0.0000000000
142797  42.038  -18.154  61.964 0.0000000000
58655  31.104  -28.619  64.151 0.0000000000
58654  31.543  -28.612  64.777 0.0000000000
50516  32.990  -36.568  74.330 0.0000000000
50525  33.343  -36.045  73.586 0.0000000000
51600  33.880  -35.252  74.788 0.0000000000
72669  44.191  -13.643  47.214 0.0000000000
71800  44.467  -14.519  47.405 0.0000000000
70933  44.840  -15.401  47.879 0.0000000000
70916  45.401  -15.949  48.712 0.0000000000
44085  7.526  -42.886  81.349 0.0000000000
44071  8.520  -42.672  82.619 0.0000000000
44063  8.144  -43.102  83.122 0.0000000000
44051  8.061  -43.155  83.908 0.0000000000
42957  7.394  -43.488  84.186 0.0000000000
44044  7.828  -43.012  84.784 0.0000000000
129950  7.578  -42.822  85.720 0.0000000000
41891  5.509  -44.641  84.282 0.0000000000
42954  5.936  -44.013  85.658 0.0000000000
44041  6.205  -43.235  86.805 0.0000000000
44036  6.351  -42.716  87.561 0.0000000000
67157  36.624  -20.503  53.748 0.0000000000
66137  36.708  -20.603  56.579 0.0000000000
66120  36.431  -20.670  57.405 0.0000000000
66106  36.286  -20.655  58.267 0.0000000000
123368  36.080  -20.613  59.123 0.0000000000
124009  34.121  -21.514  58.012 0.0000000000
129674  34.702  -21.084  58.977 0.0000000000
67024  35.149  -19.767  61.697 0.0000000000
66994  35.009  -19.493  63.419 0.0000000000
68027  35.234  -19.378  63.948 0.0000000000
66978  35.469  -19.362  64.829 0.0000000000
51719  27.997  -35.868  65.664 0.0000000000
50635  28.701  -36.137  66.896 0.0000000000
48466  26.491  -38.627  66.387 0.0000000000
48465  27.141  -38.089  66.600 0.0000000000
49497  27.716  -37.584  66.920 0.0000000000
48457  27.940  -37.979  67.650 0.0000000000
49496  28.291  -37.238  67.378 0.0000000000
50620  28.596  -36.635  67.237 0.0000000000
50619  29.070  -36.229  67.591 0.0000000000
50603  29.619  -36.118  68.246 0.0000000000
50587  30.325  -36.391  69.317 0.0000000000
50571  30.533  -36.654  69.984 0.0000000000
49453  30.113  -37.281  70.270 0.0000000000
50555  30.728  -36.900  70.771 0.0000000000
147046  31.237  -36.438  70.890 0.0000000000
50554  31.352  -36.750  71.474 0.0000000000
49440  31.788  -36.936  72.303 0.0000000000
44238  26.107  -42.097  70.994 0.0000000000
44219  26.709  -42.290  71.478 0.0000000000
45340  27.503  -41.929  71.289 0.0000000000
44188  27.509  -42.676  73.199 0.0000000000
45329  27.935  -42.184  71.932 0.0000000000
45339  28.331  -41.589  71.696 0.0000000000
46387  28.774  -40.832  71.648 0.0000000000
46386  29.382  -40.440  72.158 0.0000000000
44164  28.663  -43.093  75.577 0.0000000000
44175  28.935  -42.430  74.979 0.0000000000
45301  29.678  -41.957  75.278 0.0000000000
45309  29.474  -41.862  74.236 0.0000000000
45317  29.418  -41.573  73.359 0.0000000000
46379  29.702  -40.812  72.975 0.0000000000
131297  30.167  -39.230  72.487 0.0000000000
47381  30.995  -39.012  74.045 0.0000000000
48377  31.189  -38.485  73.645 0.0000000000
48395  31.061  -38.202  72.952 0.0000000000
126539  31.677  -37.838  73.591 0.0000000000
49409  32.332  -37.215  73.927 0.0000000000
42986  24.010  -44.084  81.263 0.0000000000
42997  23.143  -43.290  80.512 0.0000000000
44091  22.872  -42.827  81.173 0.0000000000
140253  20.249  -42.572  77.627 0.0000000000
44110  19.937  -42.154  78.911 0.0000000000
45252  20.241  -41.949  79.819 0.0000000000
45240  20.587  -41.719  80.780 0.0000000000
46284  19.239  -40.938  80.850 0.0000000000
143992  17.143  -39.777  80.653 0.0000000000
47296  15.484  -38.926  80.074 0.0000000000
133757  15.609  -39.683  72.915 0.0000000000
47406  15.723  -39.920  73.734 0.0000000000
46352  15.504  -39.894  75.195 0.0000000000
48386  12.793  -38.096  73.780 0.0000000000
122890  13.518  -38.292  75.005 0.0000000000
47322  15.185  -39.181  78.425 0.0000000000
47323  14.401  -38.873  78.176 0.0000000000
47305  15.299  -39.102  79.263 0.0000000000
48293  13.537  -38.980  79.166 0.0000000000
48281  13.509  -38.985  79.940 0.0000000000
47297  12.850  -39.320  80.270 0.0000000000
46320  10.420  -40.713  77.337 0.0000000000
46309  11.409  -40.378  78.660 0.0000000000
46296  11.715  -40.270  79.421 0.0000000000
46287  11.282  -40.626  80.705 0.0000000000
46279  10.618  -40.940  81.038 0.0000000000
141818  9.592  -41.495  80.209 0.0000000000
126046  9.480  -41.637  80.847 0.0000000000
44099  7.986  -42.400  80.981 0.0000000000
43001  5.806  -43.370  80.334 0.0000000000
42991  6.097  -43.592  81.251 0.0000000000
132580  5.419  -43.875  80.855 0.0000000000
47465  24.469  -39.607  66.758 0.0000000000
46430  24.453  -40.075  67.437 0.0000000000
46440  23.916  -39.962  67.040 0.0000000000
46418  24.406  -40.604  68.072 0.0000000000
45380  24.382  -40.864  68.753 0.0000000000
45368  24.264  -41.092  69.402 0.0000000000
45356  24.053  -41.427  70.073 0.0000000000
46420  22.555  -40.437  68.240 0.0000000000
45383  22.299  -40.641  68.882 0.0000000000
45369  23.493  -41.025  69.541 0.0000000000
123750  24.011  -42.751  71.969 0.0000000000
43099  23.767  -43.216  72.611 0.0000000000
42009  23.871  -44.179  73.571 0.0000000000
41979  23.478  -44.523  75.179 0.0000000000
43071  21.931  -43.369  74.543 0.0000000000
41945  23.392  -44.355  78.174 0.0000000000
41943  24.402  -44.890  79.671 0.0000000000
48257  17.358  -38.436  82.778 0.0000000000
48256  18.262  -38.675  83.111 0.0000000000
45207  9.249  -42.289  84.066 0.0000000000
45191  9.743  -41.790  84.641 0.0000000000
45174  9.357  -41.602  86.313 0.0000000000
45173  10.081  -41.262  85.990 0.0000000000
47235  10.905  -40.169  87.436 0.0000000000
47234  11.458  -39.575  88.189 0.0000000000
70036  53.860  -15.629  50.904 0.0000000000
68202  50.646  -18.019  51.107 0.0000000000
69086  52.682  -17.899  52.728 0.0000000000
69066  53.509  -17.532  54.257 0.0000000000
133112  54.194  -17.350  54.146 0.0000000000
69099  40.021  -18.175  50.769 0.0000000000
67197  42.397  -19.690  52.769 0.0000000000
67152  41.171  -19.657  54.087 0.0000000000
134580  40.988  -19.623  53.291 0.0000000000
67149  44.266  -20.060  53.985 0.0000000000
67124  45.331  -19.644  55.197 0.0000000000
140875  44.820  -19.445  55.723 0.0000000000
142641  45.317  -19.326  55.915 0.0000000000
124880  45.912  -19.316  55.783 0.0000000000
67102  47.632  -19.122  56.879 0.0000000000
67111  38.230  -20.060  56.498 0.0000000000
67109  39.737  -19.608  56.840 0.0000000000
67086  40.426  -19.233  57.380 0.0000000000
68082  42.870  -18.145  59.470 0.0000000000
136281  44.522  -18.601  59.961 0.0000000000
123512  43.514  -18.227  58.803 0.0000000000
124463  43.321  -18.365  58.162 0.0000000000
68103  43.675  -18.653  57.623 0.0000000000
68101  45.280  -18.960  57.653 0.0000000000
67066  46.213  -19.194  58.599 0.0000000000
122907  46.760  -19.163  57.903 0.0000000000
125025  48.306  -19.436  57.990 0.0000000000
65121  31.257  -22.101  59.153 0.0000000000
65120  31.504  -21.586  59.766 0.0000000000
65104  31.759  -21.252  60.241 0.0000000000
62382  31.980  -23.934  60.401 0.0000000000
63227  32.450  -23.526  60.894 0.0000000000
63236  31.948  -22.849  60.576 0.0000000000
64147  32.015  -21.893  60.761 0.0000000000
66062  33.131  -20.682  61.543 0.0000000000
66048  33.736  -20.422  62.748 0.0000000000
65075  33.700  -20.872  62.906 0.0000000000
66032  34.043  -20.450  63.324 0.0000000000
66980  34.348  -20.173  63.699 0.0000000000
66979  34.793  -19.901  64.400 0.0000000000
52680  29.530  -34.496  67.146 0.0000000000
124873  29.151  -34.036  66.576 0.0000000000
54687  29.830  -32.722  67.222 0.0000000000
53709  29.135  -33.009  66.648 0.0000000000
57662  29.775  -29.861  65.754 0.0000000000
56685  30.110  -30.528  66.581 0.0000000000
57661  30.267  -29.868  66.263 0.0000000000
57670  30.536  -29.299  65.598 0.0000000000
57669  31.314  -28.873  65.467 0.0000000000
58645  31.973  -28.649  65.287 0.0000000000
51623  33.554  -35.419  72.847 0.0000000000
52629  33.844  -34.430  72.488 0.0000000000
52637  33.514  -34.305  71.681 0.0000000000
53643  33.815  -33.625  71.974 0.0000000000
53644  33.249  -33.565  71.108 0.0000000000
54649  33.353  -32.387  71.157 0.0000000000
55681  32.580  -31.507  70.097 0.0000000000
55653  34.898  -31.806  72.720 0.0000000000
56625  35.395  -30.967  72.104 0.0000000000
56626  34.845  -31.414  72.032 0.0000000000
148733  34.532  -31.628  71.977 0.0000000000
55674  33.627  -31.416  70.936 0.0000000000
56650  33.102  -31.202  70.304 0.0000000000
56656  32.570  -31.041  69.692 0.0000000000
57639  32.256  -29.986  68.347 0.0000000000
57637  33.976  -29.095  68.545 0.0000000000
57638  33.420  -28.983  67.815 0.0000000000
144940  32.334  -29.254  67.233 0.0000000000
57659  32.377  -28.981  66.699 0.0000000000
58636  32.798  -28.637  66.265 0.0000000000
58644  32.555  -28.445  65.540 0.0000000000
59610  33.668  -27.626  65.503 0.0000000000
59609  34.119  -26.974  65.175 0.0000000000
59599  35.121  -26.821  66.316 0.0000000000
60562  34.736  -26.550  65.576 0.0000000000
61459  34.945  -25.725  65.241 0.0000000000
62346  35.477  -24.291  65.514 0.0000000000
59569  37.542  -27.217  69.511 0.0000000000
59578  37.138  -26.886  68.805 0.0000000000
60533  36.770  -25.990  67.766 0.0000000000
61425  37.799  -25.395  68.765 0.0000000000
61440  37.399  -25.272  68.019 0.0000000000
61450  36.297  -25.170  66.749 0.0000000000
62340  35.965  -24.610  66.240 0.0000000000
63200  35.428  -23.410  65.402 0.0000000000
65035  35.176  -21.745  65.755 0.0000000000
64081  35.559  -21.934  66.567 0.0000000000
140665  35.268  -21.162  66.304 0.0000000000
76286  49.301  -9.983  43.523 0.0000000000
75396  48.778  -10.356  43.896 0.0000000000
75400  49.209  -10.780  43.335 0.0000000000
72711  49.866  -13.025  43.821 0.0000000000
72688  52.700  -13.682  45.424 0.0000000000
123271  52.516  -13.850  46.183 0.0000000000
72667  53.541  -13.775  47.476 0.0000000000
44035  7.237  -42.298  87.326 0.0000000000
44156  20.002  -42.483  76.290 0.0000000000
44202  27.794  -42.449  72.534 0.0000000000
45168  8.299  -41.456  87.511 0.0000000000
45221  9.973  -41.351  82.138 0.0000000000
45293  17.527  -41.175  76.373 0.0000000000
46218  9.534  -40.731  87.573 0.0000000000
46224  10.636  -40.742  86.502 0.0000000000
46371  30.188  -40.217  73.413 0.0000000000
46416  27.540  -40.066  69.423 0.0000000000
47243  12.104  -39.610  86.361 0.0000000000
47398  30.605  -39.594  73.693 0.0000000000
47426  16.976  -39.980  70.939 0.0000000000
54610  34.162  -32.684  74.594 0.0000000000
55643  34.728  -32.005  73.132 0.0000000000
59588  36.152  -26.829  67.576 0.0000000000
62330  37.289  -24.565  67.799 0.0000000000
64080  35.824  -21.813  67.258 0.0000000000
66965  35.128  -19.810  65.109 0.0000000000
67013  33.375  -20.457  61.992 0.0000000000
68015  35.158  -19.507  64.270 0.0000000000
68118  43.305  -18.907  57.073 0.0000000000
70038  51.252  -16.012  50.231 0.0000000000
123279  27.173  -42.624  72.642 0.0000000000
123819  32.649  -29.359  67.790 0.0000000000
124785  14.400  -38.405  81.952 0.0000000000
126163  34.042  -33.559  72.723 0.0000000000
127754  33.534  -35.894  74.272 0.0000000000
129593  10.728  -40.931  85.680 0.0000000000
135224  33.654  -21.715  62.580 0.0000000000
135421  36.073  -18.911  64.783 0.0000000000
137161  13.725  -38.271  83.956 0.0000000000
143501  29.682  -30.242  66.135 0.0000000000
144576  35.381  -28.454  69.137 0.0000000000
145648  28.359  -41.031  71.318 0.0000000000
146158  12.527  -39.244  86.266 0.0000000000
146662  29.151  -41.974  73.631 0.0000000000
146771  25.987  -41.223  69.432 0.0000000000
146978  35.257  -22.605  65.361 0.0000000000
148256  30.503  -35.153  68.596 0.0000000000
148430  27.619  -39.671  69.120 0.0000000000
