#!ascii label  , from subject sub-v1s22x0050530_ses-1 vox2ras=TkReg
1290
29319  38.285  -45.839  14.347 0.6000000238
28359  37.120  -47.582  15.239 0.5000000000
31187  37.034  -44.100  14.653 0.6999999881
135810  36.627  -43.683  14.577 0.6000000238
30238  36.726  -44.363  14.005 0.6000000238
31199  35.927  -43.834  14.353 0.6000000238
29309  37.833  -45.413  14.657 0.6999999881
30226  37.628  -44.683  14.329 0.6000000238
31206  37.941  -44.775  13.932 0.5000000000
30248  37.646  -44.705  13.853 0.5000000000
29331  37.564  -45.546  13.459 0.5000000000
32091  35.044  -43.496  14.551 0.6000000238
29310  37.258  -46.446  15.325 0.5000000000
28368  37.771  -46.917  14.770 0.5000000000
148051  38.564  -45.423  13.858 0.6000000238
30240  34.508  -44.502  14.226 0.6000000238
27418  37.001  -48.462  15.242 0.5000000000
26471  36.658  -49.401  15.494 0.5000000000
33823  34.981  -40.982  15.437 0.6000000238
33837  35.056  -41.751  15.103 0.6999999881
32070  36.247  -43.361  15.863 0.6000000238
143783  36.485  -42.888  15.153 0.6999999881
32974  35.815  -42.265  14.952 0.6000000238
32989  35.629  -42.685  14.666 0.6000000238
135770  34.475  -42.905  14.609 0.6000000238
31178  36.555  -44.228  15.643 0.6000000238
29295  36.578  -46.076  15.998 0.5000000000
30217  36.564  -45.204  15.897 0.5000000000
32092  33.935  -43.739  14.369 0.6000000238
28346  36.520  -47.475  15.831 0.5000000000
32102  33.210  -43.637  13.733 0.6000000238
27419  36.588  -48.114  15.634 0.5000000000
123465  33.280  -44.224  13.046 0.6000000238
33018  33.140  -42.905  11.774 0.6999999881
31220  33.601  -44.680  12.476 0.6000000238
32132  33.463  -43.903  11.897 0.6000000238
32131  34.125  -43.976  10.874 0.6000000238
32145  34.642  -43.687  9.947 0.6000000238
32146  33.894  -43.130  10.715 0.6000000238
143415  32.638  -43.095  8.356 0.5000000000
33886  31.242  -41.670  8.801 0.6999999881
33049  32.252  -42.486  8.270 0.6000000238
34702  31.049  -40.984  8.950 0.8000000119
33050  31.260  -42.444  8.913 0.6999999881
33838  33.871  -41.473  15.076 0.6999999881
32962  36.139  -42.650  15.589 0.6999999881
134371  35.838  -42.190  15.403 0.6999999881
33822  35.429  -41.639  15.472 0.6000000238
32990  34.100  -42.268  14.808 0.6999999881
129592  33.272  -40.883  14.950 0.6999999881
124170  35.663  -42.218  16.193 0.6000000238
33839  32.842  -41.497  14.491 0.8000000119
31167  35.188  -44.250  17.417 0.5000000000
31179  35.766  -44.293  16.590 0.5000000000
32992  32.821  -42.281  14.120 0.8000000119
140560  35.505  -45.599  17.074 0.5000000000
30218  35.915  -45.061  16.527 0.5000000000
33004  32.622  -42.273  13.405 0.8000000119
32103  32.835  -42.896  13.570 0.6000000238
27408  36.080  -48.274  16.195 0.5000000000
33860  32.511  -41.783  12.706 0.8000000119
33032  32.860  -42.058  11.788 0.8000000119
32119  32.965  -43.407  12.777 0.6999999881
33874  33.156  -41.581  11.028 0.6999999881
33885  33.928  -41.678  9.728 0.6999999881
139467  33.591  -41.816  10.438 0.6999999881
33031  33.434  -42.289  10.963 0.6999999881
33046  34.364  -42.263  9.202 0.6000000238
132546  34.499  -42.941  9.567 0.6000000238
33042  34.022  -42.322  10.089 0.6000000238
142539  34.023  -41.671  8.258 0.6999999881
33041  34.570  -42.892  8.918 0.6999999881
33051  32.932  -42.030  7.830 0.6999999881
33047  34.018  -42.827  8.281 0.6000000238
124930  31.804  -41.877  8.332 0.8000000119
143953  32.355  -41.970  8.031 0.8000000119
33048  33.268  -42.614  8.085 0.6000000238
34701  31.331  -40.247  8.360 0.8999999762
33883  30.583  -41.457  10.023 0.6999999881
33887  30.813  -41.767  9.405 0.6999999881
34646  34.129  -39.810  15.550 0.6000000238
34659  33.225  -40.104  15.041 0.6999999881
35576  32.801  -39.486  14.792 0.6999999881
34645  34.920  -40.257  15.724 0.6000000238
135681  32.566  -39.974  14.506 0.6000000238
34622  35.228  -40.336  16.688 0.4000000060
34621  35.343  -41.036  16.615 0.6000000238
34635  35.411  -40.723  15.943 0.6000000238
34660  32.657  -40.643  14.487 0.6999999881
33797  35.324  -41.734  16.671 0.6000000238
32957  34.530  -42.626  18.167 0.4000000060
32064  34.965  -43.387  17.528 0.5000000000
32956  35.085  -42.430  17.133 0.6000000238
136811  32.339  -41.028  13.940 0.8000000119
31168  34.735  -44.092  18.055 0.5000000000
123608  32.198  -40.896  13.003 0.8000000119
29283  35.410  -46.311  17.310 0.4000000060
33875  32.630  -41.144  11.801 0.8000000119
144363  35.521  -47.591  17.030 0.5000000000
33882  32.992  -40.977  10.926 0.8000000119
34692  33.664  -40.002  9.191 0.8000000119
33881  33.450  -41.236  10.340 0.6999999881
34697  33.983  -40.685  8.554 0.8000000119
123393  33.772  -40.942  9.479 0.6999999881
34700  33.958  -40.450  8.055 0.8999999762
34696  33.986  -41.109  8.203 0.8999999762
33884  34.173  -41.528  8.785 0.6999999881
34706  33.759  -40.774  7.842 0.8999999762
33888  33.766  -42.030  8.011 0.6000000238
33894  32.208  -40.594  7.840 0.8999999762
33889  32.476  -41.430  7.858 0.8999999762
35606  30.392  -40.083  9.816 0.8000000119
34695  30.244  -40.003  10.696 0.8000000119
34698  30.685  -40.862  9.590 0.8000000119
34694  30.473  -40.690  10.296 0.8000000119
132822  30.657  -40.210  9.043 0.8000000119
35564  33.381  -39.267  15.270 0.6999999881
36637  32.760  -38.677  14.739 0.6000000238
145941  34.714  -39.712  15.937 0.6000000238
35563  34.130  -39.045  15.842 0.5000000000
36638  32.225  -38.618  13.868 0.6999999881
35547  35.018  -39.619  16.992 0.4000000060
34636  35.145  -39.995  16.231 0.5000000000
35556  34.696  -39.304  16.438 0.6000000238
35577  32.324  -39.389  14.222 0.6999999881
122243  34.907  -40.163  17.646 0.5000000000
35583  31.980  -39.367  13.382 0.6999999881
130794  34.484  -41.025  19.094 0.5000000000
33798  34.819  -41.629  17.525 0.6000000238
32947  34.405  -42.462  19.153 0.4000000060
133580  32.547  -39.325  10.885 0.8000000119
34674  32.243  -40.254  12.139 0.8000000119
31153  34.512  -44.310  18.744 0.4000000060
141932  32.696  -39.899  10.817 0.8000000119
35602  32.363  -39.679  11.488 0.8000000119
123939  34.928  -46.251  18.116 0.3000000119
133482  34.069  -39.337  8.510 0.8000000119
36676  33.407  -39.055  9.439 0.8000000119
34693  33.165  -40.444  10.318 0.8000000119
35626  33.945  -39.924  7.793 0.8999999762
35627  33.718  -39.559  7.432 0.8999999762
123923  33.538  -40.206  7.639 0.8999999762
138167  32.886  -40.078  7.576 0.8999999762
35607  29.999  -39.255  10.204 0.8000000119
35603  29.825  -39.426  11.291 0.8000000119
35628  32.041  -39.835  7.786 0.8999999762
35609  30.323  -39.464  9.270 0.8000000119
35616  30.749  -39.502  8.603 0.8000000119
37694  33.521  -37.570  15.525 0.6000000238
36622  33.454  -38.443  15.420 0.6000000238
37711  32.619  -37.711  14.196 0.6000000238
36621  33.920  -38.158  16.009 0.6000000238
36602  34.721  -38.296  18.111 0.4000000060
130888  34.632  -38.678  17.190 0.4000000060
141389  34.351  -38.612  16.422 0.4000000060
35533  34.732  -39.326  18.128 0.4000000060
36643  31.972  -38.607  13.034 0.6999999881
35521  34.808  -39.576  19.213 0.5000000000
35589  32.007  -39.321  12.403 0.6999999881
34599  34.682  -40.372  19.568 0.5000000000
143242  32.437  -38.107  11.153 0.8000000119
36661  32.270  -38.793  11.495 0.8000000119
36688  34.485  -39.048  7.768 0.8000000119
35614  34.319  -39.239  7.542 0.8999999762
35615  34.104  -39.778  8.057 0.8999999762
36701  34.236  -38.919  7.203 0.8999999762
145794  32.767  -39.521  7.497 0.8999999762
36703  32.084  -39.160  7.682 1.0000000000
36669  29.647  -38.236  10.192 0.8000000119
145960  31.394  -39.463  8.130 1.0000000000
36677  30.005  -38.827  9.419 0.8000000119
36689  31.063  -38.634  8.275 1.0000000000
142163  30.322  -38.940  8.818 0.8000000119
38702  33.264  -36.980  14.808 0.6000000238
37719  32.907  -36.815  13.847 0.6000000238
133572  33.824  -36.710  15.719 0.6000000238
37664  34.801  -37.308  18.069 0.4000000060
37677  34.448  -37.090  17.265 0.4000000060
36614  34.250  -37.804  16.727 0.4000000060
126161  32.201  -37.905  12.718 0.6999999881
35520  35.205  -38.983  19.885 0.5000000000
36587  35.155  -37.829  18.827 0.4000000060
130022  32.253  -37.950  11.889 0.8000000119
36668  32.664  -38.659  10.449 0.8000000119
38762  32.801  -37.052  10.856 0.8000000119
37769  34.021  -37.782  8.779 0.8000000119
36667  33.250  -38.127  9.651 0.8000000119
37783  34.647  -38.403  7.665 0.8000000119
36675  34.154  -38.689  8.570 0.8000000119
36702  33.201  -39.042  7.273 0.8999999762
37794  33.588  -38.437  7.152 0.8999999762
37795  32.325  -38.462  7.568 1.0000000000
123761  29.659  -38.694  11.040 0.8000000119
36690  29.985  -38.165  8.923 0.8000000119
136977  34.171  -36.030  15.609 0.6000000238
38726  32.834  -36.725  13.025 0.6999999881
38736  33.193  -36.310  12.339 0.6999999881
38667  34.815  -36.589  17.634 0.4000000060
38679  34.551  -36.313  17.002 0.5000000000
37688  34.162  -36.870  16.529 0.5000000000
37727  32.529  -37.125  12.323 0.8000000119
38749  32.870  -36.706  11.561 0.8000000119
37738  32.547  -37.412  11.401 0.8000000119
38648  36.088  -36.642  19.299 0.4000000060
135100  35.919  -36.231  18.724 0.4000000060
37757  32.725  -37.723  10.570 0.8000000119
37793  34.565  -38.294  7.110 0.8999999762
37782  34.829  -37.893  7.105 0.8000000119
124578  32.667  -37.705  7.496 1.0000000000
130775  33.903  -37.805  7.032 1.0000000000
37785  30.470  -37.488  8.557 1.0000000000
37786  29.751  -37.282  8.802 0.8999999762
37739  29.119  -37.493  10.569 0.8999999762
37770  29.417  -37.479  9.523 1.0000000000
39725  30.060  -35.569  7.765 1.0000000000
39726  29.151  -35.010  7.617 1.0000000000
39745  29.831  -34.209  7.037 1.0000000000
38718  33.550  -36.250  14.145 0.6999999881
38725  33.344  -36.257  13.255 0.6999999881
39659  33.960  -35.750  13.463 0.6999999881
131069  34.437  -35.571  15.101 0.6000000238
39643  34.199  -35.657  14.312 0.6000000238
38690  34.313  -36.160  16.249 0.6000000238
38678  35.208  -35.865  17.502 0.5000000000
38748  33.347  -36.147  11.536 0.8000000119
140326  35.717  -35.857  18.174 0.4000000060
37756  33.166  -37.110  9.978 0.8000000119
38775  33.835  -36.732  9.141 0.8000000119
38784  34.702  -37.559  7.793 0.8000000119
133095  34.837  -37.659  6.882 0.8000000119
147429  34.082  -37.215  6.963 1.0000000000
134664  32.983  -36.941  7.457 1.0000000000
38801  33.394  -36.235  7.348 1.0000000000
38802  31.853  -36.733  8.032 1.0000000000
127818  32.182  -35.793  7.878 1.0000000000
39744  31.170  -34.359  7.403 1.0000000000
38803  30.920  -35.563  7.789 1.0000000000
38776  29.083  -36.664  8.963 1.0000000000
37771  28.701  -36.864  9.801 1.0000000000
38786  29.727  -36.326  8.387 1.0000000000
38787  28.612  -35.620  8.325 1.0000000000
133984  27.903  -34.401  7.709 1.0000000000
40748  29.288  -32.849  6.751 1.0000000000
39746  28.773  -33.756  7.186 1.0000000000
127643  33.729  -35.850  12.727 0.6999999881
39618  35.034  -35.050  15.301 0.5000000000
39670  33.871  -35.735  11.937 0.6999999881
39619  34.646  -35.571  15.850 0.6000000238
39603  35.569  -35.191  16.926 0.5000000000
127099  35.294  -35.116  16.095 0.5000000000
143869  33.690  -35.742  10.849 0.8000000119
130750  33.396  -36.305  10.072 0.8000000119
38774  34.475  -36.356  8.378 0.8000000119
130928  35.116  -37.150  7.167 0.6999999881
38818  35.063  -36.634  6.475 0.8999999762
39759  35.147  -36.019  6.158 0.8000000119
40775  35.378  -34.653  5.561 0.8000000119
38800  34.695  -36.848  6.622 0.8999999762
38819  34.814  -36.050  6.190 0.8000000119
40765  35.024  -35.369  5.814 0.8000000119
129385  34.123  -34.501  6.549 0.8999999762
39742  33.941  -35.581  6.912 0.8999999762
40747  30.140  -32.813  6.520 1.0000000000
40746  31.356  -32.822  6.758 1.0000000000
40750  27.922  -33.443  7.452 1.0000000000
131861  29.961  -32.063  6.729 1.0000000000
41726  29.041  -32.593  7.034 1.0000000000
39657  35.354  -34.843  13.864 0.6999999881
39658  34.650  -35.273  13.629 0.6999999881
128537  35.244  -35.188  12.988 0.6999999881
39669  34.420  -35.512  12.668 0.6999999881
145204  34.492  -35.511  12.003 0.6999999881
40632  35.531  -34.712  14.686 0.6000000238
39687  34.471  -35.391  11.405 0.6999999881
40608  35.746  -34.680  15.493 0.5000000000
40586  36.014  -34.684  16.329 0.5000000000
39700  33.848  -35.775  9.635 0.6999999881
39712  34.410  -35.195  9.050 0.6999999881
38799  35.074  -37.195  6.830 0.6999999881
40744  35.546  -35.628  6.425 0.8000000119
145825  36.020  -35.091  5.607 0.8000000119
40764  35.558  -35.315  5.806 0.8000000119
40774  35.947  -34.692  5.364 0.8000000119
41737  34.760  -34.255  5.943 0.8999999762
135800  34.972  -33.317  5.726 0.8000000119
39743  32.565  -34.851  7.513 1.0000000000
40745  32.955  -33.856  7.190 1.0000000000
41724  30.845  -31.264  5.927 1.0000000000
40724  27.114  -33.733  7.844 1.0000000000
135853  26.966  -34.236  8.122 1.0000000000
41725  30.607  -31.381  6.348 1.0000000000
41704  30.197  -31.688  6.966 1.0000000000
133744  29.466  -32.207  7.134 1.0000000000
41727  28.222  -33.060  7.487 1.0000000000
39668  35.233  -35.337  12.018 0.6999999881
39698  35.196  -34.974  11.160 0.6000000238
39699  34.415  -35.029  10.354 0.6000000238
40699  34.766  -34.557  9.565 0.6999999881
39724  35.058  -35.967  7.729 0.6999999881
38798  35.309  -36.511  6.748 0.6999999881
41748  35.783  -33.736  5.235 0.8000000119
42688  35.376  -32.284  5.331 0.8000000119
41738  33.822  -32.598  6.315 0.8000000119
139815  34.444  -32.017  5.737 0.8000000119
41723  31.800  -31.828  6.263 1.0000000000
42664  32.354  -31.463  6.251 1.0000000000
134083  33.643  -31.278  6.051 0.6999999881
142567  32.784  -31.268  6.246 0.8999999762
42665  31.544  -31.118  6.209 1.0000000000
42666  30.844  -31.051  6.231 1.0000000000
124750  31.495  -31.174  6.692 1.0000000000
40726  26.468  -33.733  8.556 1.0000000000
42651  30.744  -31.184  6.633 1.0000000000
41705  28.591  -32.757  7.614 1.0000000000
41706  27.636  -33.088  7.895 1.0000000000
41707  27.074  -33.434  8.087 1.0000000000
40698  35.387  -34.139  9.376 0.6000000238
40722  34.970  -34.678  8.592 0.6999999881
39723  35.497  -35.323  7.356 0.6999999881
40720  36.029  -34.668  7.147 0.8000000119
40743  36.225  -35.105  6.043 0.6999999881
40763  36.600  -34.481  5.509 0.6999999881
144147  36.242  -32.920  4.984 0.6999999881
43743  33.930  -30.825  6.133 0.8000000119
43750  34.564  -31.291  5.696 0.6999999881
42677  32.287  -30.991  6.405 0.8999999762
43720  32.214  -30.951  6.546 1.0000000000
41703  31.384  -32.186  7.688 1.0000000000
41686  27.882  -33.136  8.210 1.0000000000
40723  29.576  -32.637  7.896 1.0000000000
145297  35.666  -35.099  11.552 0.6000000238
40680  35.309  -34.457  10.353 0.6000000238
40697  36.002  -33.966  10.127 0.6000000238
41682  36.053  -33.786  9.074 0.6000000238
40721  35.616  -34.146  8.298 0.6000000238
41721  36.677  -34.142  6.999 0.6999999881
41736  36.905  -34.434  6.141 0.6999999881
140894  37.349  -34.205  4.974 0.6999999881
41747  36.794  -33.822  4.914 0.6999999881
41755  36.911  -32.880  4.573 0.6999999881
42687  36.196  -32.039  4.903 0.6999999881
41696  42.402  -33.744  8.763 0.3000000119
44885  34.813  -30.952  5.697 0.6999999881
43749  35.463  -31.347  5.359 0.6999999881
42645  42.491  -32.732  8.849 0.3000000119
38767  24.789  -35.611  10.774 0.8999999762
43733  32.624  -30.804  6.555 1.0000000000
39705  25.369  -34.991  9.812 1.0000000000
40705  25.908  -34.177  9.372 1.0000000000
41702  32.262  -32.332  8.303 1.0000000000
40701  30.687  -34.054  9.213 1.0000000000
41685  31.008  -33.053  8.394 1.0000000000
40702  28.699  -33.315  8.542 1.0000000000
41687  27.158  -33.424  8.410 1.0000000000
132119  29.801  -34.041  9.126 1.0000000000
40669  35.980  -34.619  11.021 0.6000000238
40679  36.871  -34.487  10.516 0.6000000238
141404  36.629  -33.916  9.674 0.6000000238
41681  36.842  -33.765  8.762 0.6000000238
41700  37.104  -33.753  7.748 0.6999999881
41701  36.323  -33.783  8.041 0.6000000238
39722  40.201  -36.038  7.678 0.3000000119
39740  40.390  -36.158  5.224 0.3000000119
41754  37.736  -33.651  4.562 0.6999999881
41697  41.553  -33.956  8.715 0.3000000119
41679  41.838  -33.091  9.253 0.4000000060
147152  24.846  -36.444  11.186 0.6999999881
144816  24.241  -36.159  11.240 0.6999999881
46076  41.437  -29.653  9.252 0.3000000119
126593  35.622  -30.875  6.061 0.6999999881
39706  25.201  -35.159  10.231 0.8999999762
44872  41.909  -30.265  8.755 0.3000000119
42632  42.083  -32.157  9.331 0.3000000119
43732  33.308  -30.664  6.735 0.8000000119
44863  42.009  -31.200  9.216 0.3000000119
142690  41.600  -31.690  9.471 0.3000000119
43719  33.067  -31.036  7.459 0.8000000119
122073  33.001  -32.366  8.822 1.0000000000
40704  26.522  -33.784  9.241 1.0000000000
126326  32.027  -33.204  9.045 1.0000000000
40703  27.712  -33.729  9.217 1.0000000000
40700  31.502  -33.904  9.445 1.0000000000
40683  30.312  -34.894  10.037 1.0000000000
40684  29.209  -34.527  9.744 1.0000000000
39702  29.735  -35.356  10.749 1.0000000000
40719  37.849  -34.074  8.503 0.6999999881
40742  38.107  -34.248  7.347 0.6999999881
40717  39.722  -35.433  7.937 0.4000000060
41720  37.439  -34.178  6.718 0.6999999881
40762  37.675  -34.345  5.554 0.6999999881
127591  40.122  -35.802  6.318 0.4000000060
40782  37.798  -34.062  4.643 0.6999999881
39758  40.681  -35.811  4.911 0.3000000119
39741  40.407  -35.774  4.702 0.5000000000
40781  38.652  -34.280  4.572 0.6999999881
41753  38.526  -33.808  4.504 0.6999999881
42692  37.624  -33.046  4.548 0.6999999881
40739  40.852  -34.925  6.267 0.4000000060
41735  40.347  -34.703  5.252 0.6000000238
41719  40.446  -34.080  7.137 0.5000000000
42686  36.829  -32.258  4.777 0.6999999881
40715  41.479  -35.018  7.631 0.3000000119
43748  36.127  -31.474  5.082 0.6999999881
44852  39.732  -30.488  10.562 0.4000000060
41699  39.934  -33.331  8.058 0.4000000060
43741  36.191  -31.210  5.619 0.6999999881
39691  24.088  -35.821  11.328 0.6999999881
44851  40.429  -30.042  10.355 0.4000000060
41680  41.062  -33.136  9.243 0.4000000060
137275  23.608  -36.364  11.538 0.6000000238
44865  41.060  -30.281  9.885 0.3000000119
42633  41.407  -32.359  9.434 0.4000000060
42634  40.626  -32.357  9.490 0.4000000060
123859  34.313  -30.637  6.921 0.6999999881
43731  35.470  -30.968  7.021 0.6999999881
43686  40.503  -30.916  10.066 0.4000000060
129315  39.843  -32.350  9.477 0.4000000060
43718  33.979  -30.904  7.700 0.8000000119
123058  41.277  -31.046  9.602 0.3000000119
43701  40.967  -31.660  9.635 0.3000000119
132420  40.227  -31.721  9.848 0.4000000060
43707  33.829  -31.589  8.550 0.8000000119
42637  33.643  -32.252  9.187 0.8999999762
142648  32.691  -32.842  9.219 1.0000000000
39703  28.560  -34.908  10.527 1.0000000000
39689  30.090  -35.520  11.655 1.0000000000
39690  29.134  -35.383  11.480 1.0000000000
40695  38.486  -34.619  9.254 0.6000000238
40718  38.982  -34.649  7.992 0.6000000238
123711  38.513  -34.521  5.997 0.6999999881
40740  39.749  -35.396  6.308 0.4000000060
40773  38.387  -34.371  4.742 0.6999999881
128773  39.822  -35.418  4.771 0.6000000238
40761  39.027  -34.771  5.019 0.6999999881
40772  39.508  -34.971  4.330 0.6999999881
40759  40.578  -35.523  4.787 0.6000000238
40760  39.954  -35.243  4.068 0.6000000238
41752  39.082  -33.861  4.508 0.6999999881
42684  38.553  -33.114  4.827 0.6999999881
42661  39.781  -33.551  6.666 0.6000000238
42674  39.656  -33.729  5.411 0.6000000238
42685  37.653  -32.588  4.793 0.6000000238
43671  38.175  -31.208  11.190 0.4000000060
41698  40.739  -33.657  8.539 0.4000000060
42662  39.055  -32.907  6.501 0.6000000238
43747  36.887  -31.839  5.196 0.6999999881
44833  39.114  -30.085  11.076 0.4000000060
43729  37.098  -31.699  6.232 0.6999999881
44853  38.980  -30.850  10.882 0.5000000000
130039  40.266  -32.993  9.103 0.4000000060
42646  39.484  -32.703  8.751 0.4000000060
43730  36.200  -31.205  6.449 0.6999999881
40689  24.779  -35.461  10.934 0.8999999762
43702  39.597  -31.898  9.908 0.4000000060
43717  34.913  -31.092  7.948 0.6999999881
40688  25.195  -34.995  10.532 0.8999999762
41683  33.274  -32.802  9.653 0.8999999762
40687  25.587  -34.667  10.086 0.8999999762
40685  27.181  -34.517  10.307 1.0000000000
40686  26.051  -34.549  10.318 1.0000000000
41684  32.774  -33.380  9.905 1.0000000000
40682  31.366  -34.626  10.324 1.0000000000
137444  28.048  -35.216  11.419 1.0000000000
40670  27.029  -34.974  11.348 1.0000000000
136922  31.653  -34.806  11.447 1.0000000000
40641  30.604  -34.250  13.103 0.8999999762
40652  30.947  -34.788  12.624 1.0000000000
39671  30.477  -35.239  12.221 1.0000000000
39673  28.637  -35.141  12.350 1.0000000000
40653  30.139  -34.727  12.714 1.0000000000
40654  29.163  -34.544  12.957 1.0000000000
40655  28.065  -34.648  13.002 0.8999999762
40642  29.887  -34.204  13.116 1.0000000000
41644  29.326  -33.729  13.302 0.8999999762
40741  39.032  -34.759  6.574 0.6000000238
40771  39.923  -35.163  4.021 0.6999999881
40780  39.410  -34.566  4.431 0.6999999881
41746  40.026  -34.748  4.195 0.6999999881
42683  39.387  -33.861  4.673 0.6000000238
42675  38.828  -32.984  5.488 0.6000000238
44816  38.012  -30.019  12.037 0.3000000119
42676  37.848  -32.393  5.430 0.6000000238
44835  37.877  -30.720  11.774 0.4000000060
129495  39.255  -32.817  7.609 0.6000000238
42663  38.176  -32.388  6.454 0.6000000238
136894  38.570  -32.496  7.331 0.5000000000
42647  38.672  -32.446  8.305 0.4000000060
42635  39.026  -32.261  9.435 0.4000000060
43716  36.602  -31.547  7.357 0.6000000238
43687  38.775  -31.458  10.557 0.5000000000
141142  39.127  -31.806  10.119 0.4000000060
43703  38.429  -31.997  9.951 0.4000000060
42636  34.316  -32.071  9.447 0.8999999762
43706  34.610  -31.558  8.767 0.8000000119
40672  25.519  -35.058  11.366 0.8999999762
40671  26.535  -35.161  11.964 0.8999999762
40681  32.167  -34.012  10.086 1.0000000000
39688  31.083  -35.186  12.013 1.0000000000
39674  27.600  -35.155  12.277 1.0000000000
131439  28.653  -33.154  13.302 1.0000000000
40643  28.380  -34.031  13.366 0.8999999762
42591  27.966  -32.546  13.067 0.8999999762
142448  39.864  -35.219  4.066 0.6999999881
46048  38.586  -29.617  11.582 0.3000000119
142624  37.430  -30.577  12.501 0.3000000119
43655  37.440  -31.198  11.750 0.5000000000
43656  36.856  -31.260  12.340 0.4000000060
42648  37.715  -32.128  7.592 0.5000000000
43714  38.054  -32.230  8.955 0.5000000000
43715  37.038  -32.007  8.519 0.5000000000
43672  37.237  -31.665  10.852 0.5000000000
127537  35.980  -31.619  8.235 0.6000000238
132533  38.059  -31.702  10.535 0.5000000000
43688  36.276  -31.859  10.156 0.5000000000
128562  36.866  -32.008  10.067 0.5000000000
43690  34.945  -31.857  9.647 0.6000000238
42624  33.940  -32.607  10.081 0.8999999762
41671  32.813  -33.908  10.780 0.8999999762
40651  31.710  -34.603  12.337 0.8999999762
142536  32.190  -34.444  10.903 1.0000000000
40656  27.075  -34.729  12.855 0.8999999762
41643  30.149  -33.589  13.303 0.8000000119
42590  29.666  -32.756  13.308 0.6999999881
40644  27.453  -34.195  13.321 0.8999999762
41645  27.734  -33.440  13.353 0.8999999762
46031  38.196  -29.169  12.167 0.3000000119
46032  37.732  -29.569  12.917 0.3000000119
44805  37.150  -30.194  13.494 0.4000000060
46012  37.386  -29.413  13.936 0.3000000119
44817  36.759  -30.904  13.125 0.3000000119
140966  36.837  -31.481  11.651 0.5000000000
43657  36.147  -31.671  12.084 0.4000000060
43673  36.278  -31.671  11.059 0.5000000000
43704  37.468  -32.066  9.790 0.5000000000
43705  35.509  -31.789  9.164 0.5000000000
43689  35.537  -31.867  10.279 0.5000000000
42613  35.455  -31.993  11.287 0.5000000000
42623  34.729  -32.259  10.484 0.6000000238
130932  34.214  -32.901  11.995 0.6999999881
42615  34.066  -32.943  11.131 0.6999999881
41670  33.417  -33.247  10.512 0.6999999881
131384  33.755  -33.257  11.925 0.6999999881
41664  32.538  -34.256  11.755 0.8000000119
41663  33.330  -33.581  11.420 0.8000000119
41642  30.935  -33.596  13.448 0.6999999881
41646  26.852  -33.595  13.377 0.8999999762
42592  27.121  -32.753  13.190 0.8999999762
43648  28.838  -32.043  12.940 1.0000000000
46013  36.801  -29.908  14.319 0.3000000119
44806  36.523  -30.629  13.960 0.4000000060
45995  36.365  -29.572  14.959 0.3000000119
44790  36.141  -30.288  14.678 0.3000000119
141365  36.371  -31.408  12.845 0.4000000060
43642  36.152  -31.263  13.563 0.4000000060
44807  35.822  -30.988  14.304 0.4000000060
128357  35.764  -31.753  13.018 0.4000000060
43643  35.430  -31.705  13.935 0.4000000060
42598  35.316  -32.162  12.330 0.4000000060
42614  34.736  -32.484  11.611 0.5000000000
41654  33.161  -33.644  12.356 0.6000000238
40640  31.433  -34.190  13.072 0.6999999881
143673  30.439  -33.003  13.479 0.6999999881
43659  28.462  -31.193  12.560 0.8999999762
43660  27.670  -31.176  12.483 0.8000000119
42602  27.377  -31.918  12.773 0.8000000119
44820  28.081  -30.451  12.191 0.6999999881
46050  28.247  -29.687  11.832 0.8000000119
45978  36.002  -29.148  15.341 0.3000000119
45996  35.716  -29.868  15.202 0.3000000119
44791  35.413  -30.629  14.977 0.3000000119
44773  35.015  -30.163  15.344 0.4000000060
132222  35.012  -31.766  14.311 0.4000000060
44792  34.589  -30.977  15.084 0.4000000060
43631  34.580  -31.693  14.505 0.5000000000
42585  35.064  -32.226  13.295 0.5000000000
42586  34.296  -32.523  13.499 0.5000000000
42577  34.042  -32.205  14.209 0.5000000000
42587  33.473  -32.733  13.779 0.5000000000
42600  33.789  -33.051  12.806 0.5000000000
41640  32.904  -33.359  13.329 0.6000000238
41655  32.350  -34.024  12.807 0.6999999881
41641  31.880  -33.428  13.617 0.6999999881
135043  31.109  -32.869  13.732 0.6999999881
42589  30.465  -32.294  13.531 0.6999999881
43647  29.806  -31.747  13.169 0.6999999881
43646  30.606  -31.459  13.528 0.6999999881
43658  29.229  -31.147  12.700 0.8000000119
44819  29.395  -30.410  12.506 0.6999999881
47155  36.808  -28.438  14.904 0.3000000119
47141  35.618  -28.594  15.406 0.3000000119
47142  34.906  -28.810  15.367 0.4000000060
45979  35.358  -29.392  15.371 0.3000000119
45980  34.665  -29.575  15.367 0.4000000060
44774  34.275  -30.261  15.288 0.4000000060
43632  33.845  -31.567  14.667 0.4000000060
44793  33.689  -30.842  15.001 0.3000000119
42578  33.179  -32.159  14.392 0.5000000000
43633  33.013  -31.373  14.632 0.3000000119
42579  32.198  -31.962  14.367 0.5000000000
137242  32.300  -31.087  14.427 0.4000000060
42588  32.559  -32.765  14.039 0.6999999881
136339  31.793  -32.660  14.039 0.6999999881
129141  31.258  -32.089  13.925 0.6999999881
47143  34.301  -29.000  15.234 0.3000000119
146521  33.577  -30.159  15.096 0.3000000119
128489  32.851  -30.434  14.695 0.3000000119
47157  33.645  -28.714  14.796 0.3000000119
45997  33.176  -29.527  14.761 0.3000000119
47158  32.775  -28.722  14.234 0.3000000119
45998  32.369  -29.552  14.273 0.4000000060
43645  31.443  -31.140  13.997 0.5000000000
44794  31.944  -30.338  14.197 0.5000000000
46014  31.642  -29.550  13.676 0.5000000000
44808  31.195  -30.200  13.598 0.6000000238
133425  30.725  -30.724  13.446 0.6000000238
49304  35.577  -26.316  15.179 0.4000000060
49305  34.775  -26.457  14.869 0.3000000119
47156  34.376  -28.308  15.092 0.3000000119
48261  34.397  -27.382  14.883 0.3000000119
128090  33.843  -27.949  14.647 0.3000000119
48262  33.558  -27.326  14.324 0.3000000119
47172  33.199  -27.987  14.190 0.3000000119
48275  32.942  -27.289  13.695 0.3000000119
128118  32.450  -27.894  13.453 0.3000000119
47173  32.028  -28.779  13.613 0.4000000060
47194  31.715  -28.139  12.930 0.4000000060
140003  31.060  -29.555  13.221 0.6000000238
47174  31.353  -28.929  13.119 0.4000000060
47195  31.024  -28.437  12.572 0.4000000060
46033  30.739  -29.197  12.735 0.5000000000
46015  30.532  -30.011  12.946 0.6000000238
44836  27.333  -29.809  11.722 0.8000000119
50364  35.190  -25.675  14.869 0.4000000060
49306  33.852  -26.590  14.451 0.3000000119
49321  33.258  -26.749  13.931 0.3000000119
49322  32.845  -26.607  13.310 0.3000000119
48276  32.531  -27.134  13.100 0.4000000060
48293  32.066  -27.328  12.689 0.4000000060
48294  31.348  -27.592  12.249 0.4000000060
46034  30.143  -29.493  12.429 0.5000000000
48295  30.672  -28.082  12.104 0.4000000060
44818  29.945  -30.109  12.556 0.6000000238
47196  30.371  -28.748  12.265 0.4000000060
46049  28.970  -29.369  11.920 0.6999999881
47217  30.014  -28.239  11.689 0.4000000060
143654  30.005  -27.581  11.260 0.4000000060
47218  29.136  -28.623  11.578 0.6000000238
47233  29.326  -27.876  11.181 0.5000000000
47219  28.379  -28.984  11.518 0.6000000238
148004  27.778  -29.290  11.481 0.6999999881
130881  27.700  -28.713  11.112 0.6999999881
129603  35.666  -24.967  14.819 0.3000000119
50365  34.188  -25.726  14.515 0.3000000119
50388  33.305  -25.936  13.859 0.3000000119
50389  32.774  -25.937  12.887 0.3000000119
49334  32.379  -26.550  12.564 0.4000000060
49335  31.837  -26.808  12.104 0.3000000119
49351  31.693  -26.335  11.473 0.3000000119
48311  31.379  -26.975  11.708 0.3000000119
49352  31.056  -26.705  11.190 0.3000000119
48312  30.696  -27.458  11.608 0.3000000119
48331  30.328  -27.009  10.966 0.3000000119
49368  30.659  -26.362  10.556 0.3000000119
48332  29.607  -27.263  10.745 0.3000000119
49369  29.862  -26.631  10.323 0.4000000060
48333  28.819  -27.441  10.491 0.5000000000
47234  28.402  -28.179  10.984 0.5000000000
47235  27.509  -28.154  10.500 0.5000000000
125285  34.507  -24.144  14.370 0.3000000119
51492  33.763  -24.845  14.153 0.3000000119
51513  33.100  -25.168  13.273 0.3000000119
141897  32.649  -25.331  12.528 0.3000000119
50431  31.807  -25.798  11.050 0.3000000119
49367  31.401  -26.091  10.795 0.3000000119
50444  30.991  -25.745  10.147 0.3000000119
49383  30.197  -26.050  9.805 0.3000000119
48350  29.189  -26.905  10.149 0.4000000060
48351  28.401  -26.908  9.534 0.5000000000
48334  27.931  -27.548  10.125 0.5000000000
52576  34.497  -23.307  14.160 0.3000000119
51512  33.865  -23.904  13.923 0.3000000119
145232  33.411  -24.411  13.494 0.3000000119
51534  32.904  -24.505  12.619 0.3000000119
51535  32.341  -25.056  11.820 0.3000000119
50430  32.057  -25.764  11.567 0.3000000119
50443  31.628  -25.457  10.509 0.3000000119
50454  31.345  -25.132  9.762 0.3000000119
49384  29.268  -26.391  9.411 0.4000000060
49385  28.434  -26.405  8.716 0.4000000060
49400  28.764  -25.914  8.342 0.4000000060
48352  27.412  -27.219  9.078 0.5000000000
49386  27.646  -26.643  8.383 0.4000000060
130962  35.899  -22.826  14.577 0.3000000119
53736  35.173  -22.735  14.316 0.3000000119
136204  33.015  -23.715  12.359 0.3000000119
51552  32.610  -24.124  11.768 0.3000000119
51553  32.269  -24.511  11.049 0.3000000119
51566  31.900  -24.703  10.290 0.3000000119
50455  30.583  -25.459  9.348 0.3000000119
51578  30.849  -24.815  8.982 0.3000000119
50456  29.734  -25.747  8.882 0.4000000060
53737  34.472  -22.509  13.853 0.3000000119
52599  33.873  -23.097  13.558 0.3000000119
53756  33.845  -22.316  13.282 0.3000000119
128043  33.408  -23.746  13.145 0.3000000119
52625  32.880  -23.282  11.718 0.3000000119
53777  32.754  -22.816  10.927 0.3000000119
52626  32.501  -23.683  11.053 0.3000000119
137637  32.197  -24.017  10.532 0.3000000119
52636  32.374  -23.332  10.388 0.3000000119
51577  31.486  -24.357  9.459 0.3000000119
54929  34.379  -21.686  13.585 0.3000000119
52600  33.365  -22.934  12.601 0.3000000119
54939  33.546  -21.925  12.596 0.3000000119
53766  33.152  -22.440  11.706 0.3000000119
51576  31.981  -23.826  9.915 0.3000000119
51586  31.048  -24.124  8.635 0.3000000119
145175  33.843  -21.778  13.195 0.3000000119
137414  33.838  -21.167  13.140 0.3000000119
54950  33.363  -21.603  11.608 0.3000000119
56025  33.580  -21.179  12.334 0.4000000060
53776  33.059  -22.063  10.924 0.3000000119
147104  32.831  -22.336  10.544 0.3000000119
52641  32.180  -23.022  9.735 0.3000000119
54958  33.306  -21.309  10.729 0.4000000060
133090  33.509  -20.682  11.539 0.4000000060
54959  32.926  -21.886  10.160 0.4000000060
137397  33.648  -20.457  12.668 0.3000000119
57038  33.497  -19.843  11.105 0.4000000060
38785  30.780  -36.562  8.299 1.0000000000
133084  28.800  -30.644  12.426 0.8000000119
46035  28.829  -30.049  12.219 0.8000000119
139304  29.489  -29.740  12.295 0.6999999881
32075  36.462  -42.940  14.834 0.6000000238
32090  36.153  -43.045  14.547 0.6000000238
127105  33.301  -42.118  14.579 0.6000000238
142400  36.436  -46.825  16.076 0.5000000000
28347  35.906  -47.444  16.546 0.5000000000
33810  35.599  -41.514  15.971 0.6000000238
34707  33.068  -40.780  7.616 0.8999999762
32051  34.546  -43.541  18.453 0.4000000060
30205  34.837  -44.888  18.094 0.4000000060
143547  31.949  -40.025  12.944 0.6999999881
34610  34.662  -40.930  18.153 0.5000000000
130186  34.437  -41.757  19.565 0.5000000000
145031  34.770  -45.612  18.367 0.4000000060
35605  32.920  -39.565  10.162 0.8000000119
132841  32.261  -38.026  13.440 0.6999999881
36576  34.946  -38.705  18.973 0.4000000060
36687  34.512  -38.595  7.327 0.8000000119
38701  33.866  -36.193  14.982 0.6000000238
38666  35.324  -36.509  18.257 0.4000000060
37649  35.694  -37.281  19.442 0.4000000060
37784  31.521  -37.644  8.127 1.0000000000
39604  34.869  -35.655  16.630 0.5000000000
39642  34.830  -35.061  14.476 0.6999999881
40749  28.602  -32.964  7.018 1.0000000000
41722  33.108  -32.967  6.785 1.0000000000
138545  32.912  -30.899  6.373 0.8000000119
42650  32.589  -31.659  7.759 1.0000000000
42649  33.258  -31.830  8.427 1.0000000000
40738  41.087  -35.618  5.382 0.4000000060
144712  25.148  -35.272  10.277 1.0000000000
40716  41.019  -34.362  7.832 0.4000000060
39701  30.730  -35.311  11.147 1.0000000000
128180  39.597  -31.293  10.317 0.4000000060
39672  29.639  -35.223  12.322 1.0000000000
42601  28.084  -31.771  12.697 0.8000000119
126804  36.499  -32.000  9.321 0.5000000000
42599  34.567  -32.592  12.594 0.5000000000
43644  34.781  -32.119  14.037 0.5000000000
44809  30.044  -30.812  12.913 0.6999999881
47197  29.683  -29.038  12.044 0.6000000238
49350  32.069  -26.239  11.974 0.3000000119
32152  34.865  -43.651  9.014 0.5000000000
33045  34.217  -42.357  8.552 0.5000000000
31250  35.468  -44.952  8.914 0.5000000000
32151  35.142  -44.433  8.821 0.5000000000
30288  35.259  -45.929  10.239 0.5000000000
31256  35.079  -44.338  9.342 0.5000000000
30276  34.584  -45.414  10.869 0.5000000000
30261  34.398  -45.997  12.447 0.4000000060
31237  34.034  -44.773  11.523 0.5000000000
29333  35.002  -46.117  13.259 0.4000000060
30262  33.967  -45.343  12.485 0.5000000000
30249  35.648  -45.480  13.815 0.5000000000
30251  33.819  -44.984  13.362 0.5000000000
37728  26.394  -37.798  12.259 0.6999999881
145195  27.814  -37.374  11.667 0.8000000119
37758  28.397  -37.019  10.626 0.8000000119
37740  28.505  -37.509  11.433 0.8000000119
37759  27.667  -36.814  11.034 0.8999999762
38777  28.189  -36.021  9.187 0.8999999762
37743  25.518  -37.159  11.641 0.6000000238
37742  26.290  -36.992  11.558 0.8000000119
38763  27.839  -36.404  10.054 0.8999999762
39713  27.473  -35.065  8.438 0.8999999762
123403  37.275  -35.664  11.766 0.5000000000
39686  36.197  -35.263  11.829 0.5000000000
39697  36.721  -35.086  11.297 0.5000000000
139145  36.729  -35.420  12.334 0.6000000238
39667  36.019  -35.260  12.584 0.5000000000
139419  35.905  -35.008  13.333 0.6000000238
38751  25.657  -36.366  11.001 0.8999999762
38764  26.817  -36.018  10.120 0.8999999762
38750  26.609  -36.496  10.965 0.8999999762
38778  27.104  -35.518  9.274 0.8999999762
40678  37.955  -35.001  10.227 0.5000000000
39696  37.496  -35.600  11.023 0.5000000000
39695  38.256  -36.162  10.686 0.5000000000
38766  25.132  -35.615  10.475 0.8999999762
38765  25.734  -35.641  10.187 0.8999999762
39704  25.954  -35.045  9.334 0.8999999762
39714  26.418  -34.534  8.639 0.8999999762
40696  37.492  -34.203  9.571 0.5000000000
39711  38.803  -35.507  9.792 0.5000000000
39715  25.876  -34.303  9.074 0.8999999762
40694  39.202  -35.140  8.921 0.5000000000
143664  23.587  -35.674  11.774 0.6000000238
40660  23.618  -35.212  12.482 0.6000000238
40674  24.174  -35.517  11.722 0.8000000119
133082  23.851  -34.461  13.139 0.6999999881
41656  22.775  -33.762  13.165 0.6999999881
40659  24.401  -35.027  12.684 0.8000000119
40673  24.898  -35.330  11.687 0.8000000119
41650  23.768  -33.497  13.346 0.6999999881
42606  23.902  -32.475  13.212 0.6999999881
40646  25.627  -34.301  13.203 0.8000000119
41648  25.148  -33.842  13.361 0.8000000119
40657  26.039  -34.708  12.695 0.8000000119
42605  24.790  -32.323  13.155 0.6999999881
42595  24.577  -33.208  13.390 0.6999999881
42594  25.418  -33.036  13.363 0.8000000119
42593  26.270  -32.893  13.290 0.8000000119
43663  25.034  -31.510  12.736 0.6000000238
40645  26.529  -34.257  13.259 0.8000000119
41647  25.989  -33.706  13.380 0.8000000119
43662  25.908  -31.388  12.667 0.6000000238
44823  25.295  -30.805  12.344 0.6000000238
44838  25.551  -30.238  11.794 0.6000000238
42603  26.530  -32.061  12.896 0.8000000119
44822  26.158  -30.681  12.316 0.6000000238
44837  26.395  -30.062  11.792 0.6000000238
46053  25.713  -29.640  11.299 0.6000000238
43661  26.790  -31.262  12.570 0.6999999881
44821  27.076  -30.552  12.223 0.6000000238
46051  27.135  -29.124  11.209 0.6999999881
46052  26.455  -29.417  11.262 0.6000000238
46063  27.010  -28.603  10.689 0.6000000238
136974  36.745  -45.216  13.705 0.4000000060
30250  34.694  -45.352  13.742 0.5000000000
136779  33.643  -44.300  13.866 0.5000000000
31236  34.637  -44.506  10.365 0.5000000000
39710  39.655  -35.976  9.157 0.3000000119
40658  25.200  -34.858  12.666 0.8000000119
31251  35.201  -45.080  9.736 0.5000000000
147902  34.273  -45.588  11.771 0.5000000000
37741  27.139  -37.221  11.698 0.8000000119
40647  24.786  -34.426  13.160 0.8000000119
41649  24.440  -33.959  13.335 0.6999999881
42604  25.666  -32.185  13.042 0.6999999881
126764  35.950  -35.363  17.715 0.4000000060
40573  37.215  -34.850  17.253 0.4000000060
39602  36.352  -34.884  17.132 0.4000000060
40607  36.667  -34.583  15.562 0.5000000000
40584  37.608  -34.726  16.672 0.4000000060
40572  38.092  -34.869  17.196 0.4000000060
39656  36.225  -34.700  14.087 0.5000000000
40629  37.604  -34.895  14.952 0.5000000000
40606  37.575  -34.693  15.938 0.4000000060
40583  38.281  -34.767  16.401 0.4000000060
40605  38.353  -34.912  15.554 0.4000000060
126957  39.013  -34.771  16.087 0.4000000060
122570  36.752  -35.209  13.182 0.5000000000
40630  36.769  -34.673  14.701 0.5000000000
39640  38.507  -35.263  14.704 0.4000000060
39617  39.126  -35.043  15.276 0.4000000060
40627  40.808  -34.528  14.726 0.4000000060
40628  39.993  -34.815  15.000 0.4000000060
124438  41.469  -34.472  14.462 0.4000000060
40603  40.626  -34.453  15.554 0.4000000060
39641  37.187  -34.959  14.077 0.5000000000
145627  37.954  -35.329  14.215 0.4000000060
38755  44.008  -36.639  10.673 0.3000000119
144180  43.799  -36.165  11.435 0.3000000119
39639  39.362  -35.371  14.480 0.4000000060
39684  43.103  -35.745  12.026 0.3000000119
144838  42.531  -35.389  12.464 0.3000000119
39651  41.361  -35.051  13.269 0.3000000119
39638  40.225  -35.120  14.250 0.4000000060
39663  43.231  -35.232  12.714 0.3000000119
39650  42.377  -34.831  13.083 0.3000000119
40638  41.829  -34.565  13.842 0.4000000060
39666  37.477  -35.662  12.596 0.4000000060
39655  37.730  -35.480  13.462 0.4000000060
39654  38.650  -35.683  13.824 0.4000000060
37749  44.308  -37.099  10.057 0.3000000119
38757  42.115  -36.740  10.898 0.3000000119
38756  42.987  -36.628  10.766 0.3000000119
38744  42.619  -36.280  11.412 0.3000000119
38730  42.112  -35.972  11.986 0.3000000119
39664  40.771  -35.770  12.779 0.4000000060
39652  40.484  -35.418  13.526 0.4000000060
125798  41.720  -35.460  12.577 0.3000000119
37735  40.602  -37.729  11.211 0.3000000119
37736  39.776  -38.118  11.465 0.3000000119
37725  39.539  -37.542  12.023 0.4000000060
38733  39.338  -36.885  12.544 0.4000000060
39665  38.280  -36.015  12.940 0.4000000060
37751  42.039  -37.284  10.297 0.3000000119
38758  41.457  -37.244  10.860 0.3000000119
38746  40.406  -37.238  11.821 0.3000000119
38732  40.139  -36.745  12.465 0.4000000060
38724  39.089  -36.275  13.162 0.4000000060
38745  41.486  -36.717  11.432 0.3000000119
38731  41.111  -36.275  12.146 0.4000000060
38723  39.880  -36.214  13.107 0.4000000060
39653  39.623  -35.715  13.750 0.4000000060
38760  38.499  -37.282  10.931 0.4000000060
39685  38.098  -36.594  11.413 0.4000000060
37737  39.135  -37.990  11.484 0.3000000119
37755  38.658  -37.529  11.465 0.4000000060
38747  38.468  -37.081  11.956 0.4000000060
38735  38.025  -36.382  12.144 0.4000000060
37726  38.912  -37.461  12.057 0.4000000060
38734  38.668  -36.756  12.465 0.4000000060
43664  24.152  -31.648  12.708 0.6000000238
43665  23.200  -31.772  12.595 0.6000000238
44824  24.446  -30.921  12.291 0.5000000000
44839  24.719  -30.363  11.729 0.5000000000
46054  24.984  -29.784  11.249 0.5000000000
46064  26.504  -28.915  10.819 0.5000000000
127429  26.853  -28.172  10.164 0.4000000060
53812  31.588  -22.729  8.368 0.3000000119
53819  31.191  -22.518  7.359 0.3000000119
53820  30.606  -23.178  6.391 0.3000000119
53801  32.463  -22.282  9.587 0.3000000119
53802  32.002  -22.675  9.155 0.3000000119
140379  31.811  -21.762  8.040 0.3000000119
54995  31.314  -21.847  7.161 0.3000000119
53827  30.849  -22.369  6.322 0.3000000119
55005  30.620  -22.095  5.068 0.3000000119
54971  33.233  -21.065  9.888 0.3000000119
54972  32.756  -21.531  9.386 0.3000000119
53811  32.198  -22.016  8.884 0.3000000119
54994  32.182  -20.954  8.075 0.3000000119
127012  31.604  -21.135  7.380 0.3000000119
55004  31.086  -21.473  6.347 0.3000000119
55012  30.852  -20.895  5.264 0.3000000119
56107  30.526  -20.126  4.356 0.3000000119
136328  33.437  -20.488  10.491 0.3000000119
56057  33.041  -20.762  9.165 0.3000000119
54983  32.499  -21.221  8.677 0.3000000119
56070  32.715  -20.305  8.471 0.3000000119
56084  32.047  -20.316  7.599 0.3000000119
56085  31.394  -20.556  6.572 0.3000000119
57049  33.501  -19.684  10.231 0.3000000119
57059  33.450  -19.526  9.436 0.3000000119
56069  33.238  -20.087  9.054 0.3000000119
143358  32.620  -19.361  7.841 0.3000000119
58113  32.882  -18.395  7.687 0.3000000119
57089  31.782  -19.649  6.842 0.3000000119
57107  31.542  -19.040  5.944 0.3000000119
136501  33.542  -18.855  9.992 0.3000000119
131430  33.546  -18.725  9.127 0.3000000119
57071  33.212  -19.458  8.689 0.3000000119
134402  33.255  -18.629  8.349 0.3000000119
57088  32.196  -18.773  7.011 0.3000000119
59159  33.537  -17.873  9.713 0.3000000119
139638  33.570  -17.910  8.745 0.3000000119
127853  33.620  -17.113  9.063 0.3000000119
131666  33.539  -17.198  8.319 0.3000000119
138139  33.443  -16.985  9.846 0.3000000119
60146  33.407  -16.229  9.445 0.3000000119
61148  33.045  -15.588  10.348 0.3000000119
40604  39.763  -34.650  15.801 0.4000000060
123346  36.787  -35.207  17.841 0.4000000060
39591  37.722  -35.200  17.972 0.4000000060
40582  39.630  -34.674  16.478 0.4000000060
40571  39.034  -34.808  16.969 0.4000000060
124462  41.574  -34.378  15.286 0.4000000060
40581  41.209  -34.473  16.148 0.4000000060
140620  40.360  -34.568  16.362 0.4000000060
134303  44.832  -36.043  11.777 0.3000000119
39683  44.140  -35.657  12.335 0.3000000119
128687  43.272  -34.880  13.420 0.3000000119
40637  42.668  -34.565  13.923 0.3000000119
38743  44.646  -36.412  11.175 0.3000000119
37750  43.275  -37.111  10.126 0.3000000119
37752  40.849  -38.135  10.592 0.3000000119
37766  42.456  -37.777  9.557 0.3000000119
38773  38.876  -36.663  10.242 0.4000000060
38759  38.828  -37.744  10.616 0.4000000060
37754  38.802  -38.109  10.988 0.4000000060
36660  39.378  -38.496  10.951 0.3000000119
37753  39.992  -38.622  10.899 0.3000000119
126888  22.967  -32.646  13.074 0.6000000238
58079  33.400  -18.552  11.646 0.3000000119
58091  33.380  -18.202  10.761 0.3000000119
59145  33.336  -17.276  10.681 0.3000000119
60128  33.251  -16.401  10.530 0.3000000119
61133  33.183  -15.706  11.463 0.3000000119
37748  45.218  -37.164  10.042 0.3000000119
40631  36.170  -34.579  14.903 0.5000000000
56056  33.358  -20.281  9.675 0.3000000119
56099  31.167  -19.921  5.625 0.3000000119
62155  32.869  -14.757  11.268 0.3000000119
39580  36.431  -35.702  18.459 0.3000000119
39579  37.161  -35.502  18.416 0.3000000119
33044  30.669  -42.031  10.517 0.6000000238
34690  30.528  -41.197  10.820 0.6999999881
33876  30.576  -41.627  11.582 0.6999999881
39590  38.691  -35.173  17.768 0.3000000119
31133  34.403  -44.419  19.595 0.3000000119
131721  34.422  -43.071  19.646 0.3000000119
134223  29.096  -40.100  12.769 0.6999999881
37648  36.339  -37.136  19.806 0.3000000119
34676  29.729  -40.572  12.490 0.6999999881
33861  30.225  -41.350  12.427 0.6999999881
38646  37.613  -36.592  19.454 0.3000000119
143227  37.715  -35.624  18.612 0.3000000119
34675  30.324  -40.865  11.726 0.6999999881
38663  38.084  -36.025  19.017 0.3000000119
39576  39.961  -35.579  18.078 0.3000000119
38662  38.951  -36.089  18.782 0.3000000119
39577  39.252  -35.567  18.257 0.3000000119
38677  40.618  -35.997  18.125 0.3000000119
39588  40.397  -35.272  17.558 0.3000000119
39589  39.564  -35.168  17.634 0.3000000119
130593  34.604  -41.810  20.400 0.3000000119
36555  35.786  -38.539  20.417 0.4000000060
140727  28.779  -39.410  12.605 0.6999999881
37647  37.089  -37.136  19.906 0.3000000119
37625  35.987  -37.753  20.185 0.3000000119
35590  29.516  -39.707  12.186 0.6999999881
34691  30.074  -40.146  11.616 0.6999999881
135668  37.967  -37.341  19.794 0.3000000119
38645  38.628  -36.777  19.342 0.3000000119
37662  39.497  -36.692  18.959 0.3000000119
38676  41.343  -36.346  17.829 0.3000000119
34586  34.951  -40.504  20.370 0.4000000060
36649  28.504  -38.662  12.394 0.6999999881
36554  36.649  -38.382  20.578 0.3000000119
37646  38.753  -37.579  19.693 0.3000000119
37623  37.386  -37.859  20.270 0.3000000119
35604  29.279  -38.824  11.883 0.6999999881
37645  39.396  -37.399  19.373 0.3000000119
39601  40.825  -34.788  16.894 0.3000000119
40570  39.990  -34.766  17.036 0.3000000119
39587  41.297  -35.550  17.400 0.3000000119
36663  28.759  -38.139  11.944 0.6999999881
36553  37.764  -38.748  20.599 0.3000000119
36662  29.309  -38.056  11.281 0.6999999881
36574  39.319  -38.271  19.776 0.3000000119
37622  38.350  -38.107  20.113 0.3000000119
39600  41.621  -34.963  16.604 0.3000000119
36552  38.763  -38.898  20.340 0.3000000119
33043  30.783  -42.566  9.751 0.5000000000
33033  30.846  -42.507  11.487 0.6999999881
140601  30.859  -42.767  10.472 0.6000000238
140420  30.627  -42.008  9.854 0.6000000238
34667  29.075  -40.736  13.139 0.6999999881
33758  34.936  -41.207  20.723 0.3000000119
35591  27.781  -39.105  12.852 0.6999999881
34563  35.520  -40.625  21.018 0.4000000060
35480  35.947  -39.909  20.997 0.4000000060
35505  36.274  -39.177  20.865 0.4000000060
36650  27.790  -37.956  12.306 0.6999999881
35504  37.085  -39.239  21.010 0.3000000119
34585  37.421  -39.991  21.195 0.3000000119
34584  38.291  -40.150  20.918 0.3000000119
38664  37.176  -35.944  19.011 0.3000000119
147705  38.326  -39.403  20.666 0.3000000119
34562  36.278  -40.494  21.305 0.3000000119
32154  34.869  -44.117  8.718 0.5000000000
129429  32.570  -43.723  8.663 0.5000000000
30300  33.077  -44.976  8.934 0.5000000000
133926  34.472  -43.288  8.665 0.4000000060
28369  31.281  -47.585  14.327 0.4000000060
27430  30.286  -48.629  14.842 0.5000000000
32156  33.457  -43.325  8.350 0.4000000060
32155  34.293  -43.666  8.519 0.5000000000
25569  29.073  -50.807  14.145 0.4000000060
143156  28.684  -52.040  13.176 0.4000000060
140866  30.882  -48.059  14.622 0.5000000000
32153  31.236  -43.221  9.436 0.4000000060
24684  28.096  -51.595  13.038 0.4000000060
23781  28.122  -52.997  12.644 0.4000000060
25558  28.880  -49.971  14.348 0.4000000060
28371  29.981  -47.711  14.773 0.5000000000
26485  29.606  -49.317  14.719 0.4000000060
143563  31.128  -46.989  14.216 0.5000000000
30252  30.966  -45.257  13.437 0.4000000060
32147  31.020  -43.313  10.064 0.5000000000
32133  31.364  -44.025  11.486 0.4000000060
32120  31.197  -44.072  12.570 0.4000000060
32134  31.166  -43.302  10.984 0.4000000060
23782  27.272  -52.645  12.642 0.4000000060
25573  25.443  -50.276  13.687 0.4000000060
26486  28.656  -49.193  14.418 0.4000000060
26504  25.890  -48.992  13.252 0.4000000060
29321  29.320  -46.980  14.446 0.5000000000
27431  29.336  -48.494  14.735 0.4000000060
27449  26.135  -48.167  13.145 0.4000000060
29320  30.315  -46.889  14.440 0.5000000000
30264  26.759  -45.931  12.662 0.4000000060
29353  26.294  -46.538  12.623 0.4000000060
31207  30.245  -44.711  13.665 0.5000000000
135996  26.509  -45.310  12.557 0.4000000060
31224  25.945  -44.876  12.339 0.4000000060
31222  30.779  -44.358  13.252 0.6000000238
32121  31.059  -43.304  12.088 0.5000000000
24686  25.898  -51.075  13.460 0.4000000060
26497  25.875  -49.721  13.393 0.4000000060
24685  27.768  -50.949  13.307 0.4000000060
26496  26.371  -49.510  13.345 0.4000000060
28372  28.830  -47.778  14.522 0.5000000000
27432  28.447  -48.508  14.371 0.4000000060
27441  26.530  -48.704  13.296 0.4000000060
29352  27.002  -46.722  12.938 0.4000000060
145961  26.863  -47.326  13.064 0.4000000060
29336  29.771  -46.211  14.230 0.5000000000
130879  30.244  -44.015  13.567 0.5000000000
135541  26.145  -43.973  12.450 0.4000000060
32104  30.601  -43.470  13.088 0.6000000238
33020  30.588  -42.641  12.579 0.6000000238
25572  26.242  -50.372  13.374 0.4000000060
26494  27.747  -49.044  13.945 0.4000000060
139857  26.795  -49.983  13.412 0.4000000060
26495  26.998  -49.282  13.455 0.4000000060
28382  27.324  -47.421  13.416 0.4000000060
30254  29.228  -45.623  13.930 0.5000000000
30256  27.423  -45.904  13.098 0.4000000060
142468  29.630  -45.004  13.831 0.5000000000
31223  26.648  -44.603  12.651 0.4000000060
142074  30.535  -41.986  12.272 0.6000000238
33005  30.169  -41.967  12.920 0.6000000238
131635  30.115  -42.661  13.285 0.6000000238
24699  27.334  -51.605  12.877 0.4000000060
25581  27.007  -50.695  13.212 0.4000000060
27440  27.152  -48.393  13.493 0.4000000060
29337  28.733  -46.347  14.000 0.5000000000
28381  28.237  -47.140  14.083 0.5000000000
29338  27.794  -46.540  13.521 0.5000000000
30255  28.275  -45.770  13.574 0.5000000000
136024  27.851  -45.131  13.316 0.5000000000
31208  29.466  -44.262  13.743 0.5000000000
135097  28.792  -45.025  13.690 0.5000000000
31209  28.342  -44.327  13.531 0.5000000000
136933  27.079  -45.249  12.845 0.4000000060
32105  29.828  -43.416  13.577 0.6000000238
32122  26.901  -43.625  12.794 0.5000000000
32123  26.268  -43.262  12.437 0.4000000060
33006  29.564  -42.024  13.313 0.6000000238
32106  28.878  -43.506  13.594 0.6000000238
31210  27.405  -44.425  13.127 0.5000000000
132247  29.312  -42.737  13.493 0.6000000238
33007  28.422  -42.749  13.410 0.6000000238
32107  27.870  -43.564  13.329 0.5000000000
33851  29.007  -41.458  13.382 0.6000000238
33850  29.650  -41.315  13.028 0.6000000238
123489  26.665  -39.371  12.821 0.5000000000
34679  26.189  -40.329  12.665 0.5000000000
34678  27.216  -40.151  13.002 0.6000000238
128061  26.668  -41.089  12.837 0.5000000000
33863  26.258  -41.939  12.531 0.5000000000
142196  28.918  -42.129  13.449 0.6000000238
33008  27.500  -42.724  13.102 0.5000000000
33021  26.659  -42.692  12.645 0.5000000000
33022  25.935  -42.664  12.273 0.5000000000
35592  26.098  -38.696  12.589 0.5000000000
126737  26.988  -38.525  12.695 0.6000000238
33862  27.121  -41.873  13.013 0.6000000238
34677  28.329  -40.188  13.070 0.6000000238
131684  27.661  -40.989  13.216 0.6000000238
31261  31.806  -43.840  9.234 0.4000000060
124077  31.403  -43.906  9.833 0.4000000060
34668  28.500  -41.001  13.307 0.6000000238
31258  34.686  -44.513  8.596 0.5000000000
30296  32.512  -45.237  9.326 0.5000000000
31259  33.531  -44.253  8.589 0.5000000000
31260  32.389  -44.541  9.110 0.5000000000
28370  30.729  -47.444  14.491 0.5000000000
25570  28.278  -50.463  13.811 0.4000000060
134965  28.157  -49.759  14.053 0.4000000060
28398  25.691  -47.692  13.034 0.4000000060
30265  26.105  -45.774  12.436 0.4000000060
25571  27.492  -50.036  13.637 0.4000000060
128286  27.847  -48.022  14.023 0.4000000060
24700  26.464  -51.297  13.143 0.4000000060
33852  28.177  -41.819  13.345 0.6000000238
25582  25.497  -49.479  13.496 0.3000000119
29354  25.462  -46.412  12.557 0.3000000119
27450  25.667  -48.352  13.247 0.3000000119
30266  25.317  -45.559  12.356 0.3000000119
138317  25.023  -47.121  12.937 0.3000000119
29355  24.475  -46.161  12.730 0.3000000119
24698  28.091  -52.239  12.778 0.4000000060
28367  38.485  -46.695  14.206 0.6000000238
28383  26.714  -47.880  13.220 0.4000000060
28397  26.377  -47.341  12.887 0.4000000060
29296  35.927  -46.621  16.610 0.5000000000
29318  38.684  -45.839  13.761 0.6000000238
29335  30.839  -46.186  13.958 0.5000000000
29349  34.879  -46.510  12.402 0.4000000060
29361  34.721  -46.254  11.486 0.5000000000
29378  32.378  -45.702  9.611 0.5000000000
30204  35.365  -44.984  17.253 0.5000000000
30227  37.264  -45.352  15.282 0.6999999881
30237  38.320  -45.092  13.944 0.6000000238
30239  35.351  -44.876  14.185 0.5000000000
30247  38.263  -45.090  13.782 0.5000000000
30253  30.165  -45.475  13.941 0.5000000000
30287  35.636  -45.646  9.207 0.5000000000
31198  37.319  -44.412  14.127 0.6000000238
31221  31.276  -44.737  12.858 0.4000000060
32035  34.414  -43.692  19.244 0.4000000060
32063  35.610  -42.953  16.531 0.6000000238
32157  31.852  -43.171  8.764 0.4000000060
32933  34.440  -42.434  20.027 0.3000000119
32973  36.303  -42.553  14.973 0.6999999881
32988  36.205  -42.662  14.795 0.6000000238
32991  33.425  -42.886  14.334 0.6000000238
33019  32.716  -42.589  12.660 0.6999999881
33773  34.585  -41.099  19.984 0.5000000000
33787  34.454  -41.747  18.596 0.5000000000
33824  34.073  -40.577  15.336 0.6999999881
33849  32.485  -41.662  13.666 0.8000000119
33890  31.640  -41.140  8.333 0.6999999881
33892  33.843  -41.418  7.960 0.6000000238
33893  33.378  -41.434  7.763 0.6999999881
34666  32.139  -40.209  13.786 0.8000000119
34689  32.655  -40.412  11.238 0.8000000119
35479  36.687  -39.874  21.192 0.3000000119
35503  37.770  -39.499  20.904 0.3000000119
35506  35.577  -39.368  20.545 0.4000000060
35507  35.022  -39.785  20.074 0.5000000000
36575  35.442  -38.125  19.716 0.5000000000
36648  32.077  -38.507  12.305 0.6999999881
37624  36.611  -37.616  20.198 0.3000000119
37663  35.327  -37.136  18.701 0.4000000060
37693  33.875  -37.389  16.120 0.6000000238
37710  33.082  -37.864  14.974 0.6000000238
37720  32.491  -37.343  13.284 0.6999999881
38647  36.781  -36.571  19.461 0.3000000119
38649  35.666  -36.735  18.913 0.4000000060
38661  39.767  -36.078  18.490 0.3000000119
38665  36.471  -36.198  19.019 0.4000000060
38761  33.155  -36.484  10.825 0.8000000119
39578  38.416  -35.572  18.453 0.3000000119
39716  25.566  -34.697  9.753 1.0000000000
39727  26.499  -33.898  8.317 1.0000000000
40585  36.873  -34.650  16.514 0.4000000060
40639  41.005  -34.727  13.970 0.4000000060
40725  26.874  -33.597  8.102 1.0000000000
40751  27.369  -33.332  7.827 1.0000000000
42691  38.304  -33.268  4.633 0.6999999881
43630  35.165  -31.347  14.607 0.4000000060
43742  35.471  -30.996  5.528 0.6999999881
44864  41.526  -30.508  9.374 0.3000000119
44878  34.867  -30.736  6.114 0.6999999881
45981  33.928  -29.561  15.214 0.3000000119
47140  36.242  -28.434  15.309 0.3000000119
50411  32.375  -25.834  12.186 0.3000000119
50442  32.020  -25.248  11.021 0.3000000119
53790  32.594  -22.609  10.216 0.3000000119
58125  33.362  -17.861  8.056 0.3000000119
125910  35.404  -40.038  20.621 0.4000000060
126184  35.144  -45.625  17.731 0.4000000060
127325  36.685  -43.375  15.030 0.6999999881
127701  34.655  -40.245  18.650 0.5000000000
128919  35.515  -47.105  17.156 0.5000000000
130666  25.748  -47.043  12.725 0.4000000060
131834  33.478  -19.075  10.857 0.3000000119
133010  34.292  -45.644  13.129 0.4000000060
135662  34.427  -43.090  18.923 0.4000000060
137208  35.933  -45.847  16.578 0.5000000000
137652  30.487  -31.782  6.285 1.0000000000
137778  36.463  -48.686  15.740 0.5000000000
137824  35.068  -40.781  17.322 0.5000000000
140260  36.473  -28.957  15.125 0.3000000119
140435  30.362  -40.558  11.021 0.6999999881
141002  28.503  -51.260  13.529 0.4000000060
141549  37.157  -44.598  15.137 0.6999999881
141976  39.923  -34.396  4.208 0.6999999881
142380  35.097  -42.320  14.828 0.6000000238
142562  30.624  -35.362  11.803 1.0000000000
143607  34.520  -37.829  17.486 0.4000000060
144193  31.755  -44.426  9.603 0.4000000060
144284  35.515  -43.677  16.796 0.5000000000
