#!ascii label  , from subject sub-v1s22x0050530_ses-1 vox2ras=TkReg
2217
10478  44.016  -69.079  26.700 0.2000000030
10486  43.247  -69.324  26.600 0.2000000030
10495  44.568  -68.733  26.543 0.2000000030
9816  42.843  -69.573  26.045 0.2000000030
11913  46.244  -66.977  26.943 0.1000000015
10487  42.398  -68.983  26.806 0.3000000119
143789  44.216  -68.426  27.259 0.2000000030
131180  44.786  -68.451  26.040 0.1000000015
10496  44.158  -69.246  25.901 0.2000000030
11206  45.835  -67.376  27.357 0.1000000015
11220  45.399  -67.548  26.350 0.1000000015
11896  46.649  -66.494  27.739 0.1000000015
13295  47.052  -64.958  28.429 0.1000000015
12648  46.476  -66.182  26.829 0.1000000015
14730  47.399  -63.124  28.317 0.1000000015
13309  47.153  -64.993  27.886 0.1000000015
13999  47.379  -63.281  27.445 0.1000000015
138413  47.485  -62.354  27.781 0.2000000030
125677  47.618  -62.399  26.911 0.1000000015
13297  46.058  -65.272  28.211 0.1000000015
11194  45.400  -67.303  27.645 0.2000000030
13296  46.954  -65.172  28.478 0.1000000015
146091  45.971  -66.603  28.121 0.1000000015
12632  46.518  -66.149  28.196 0.1000000015
13988  47.042  -64.275  28.683 0.1000000015
15468  47.020  -61.896  28.273 0.1000000015
17082  46.139  -60.030  26.340 0.2000000030
16197  46.487  -61.082  27.744 0.2000000030
17932  45.391  -59.191  25.947 0.1000000015
16214  46.871  -60.727  26.864 0.2000000030
17946  44.441  -58.678  24.567 0.2000000030
17108  44.708  -59.083  23.913 0.1000000015
17965  44.172  -58.562  23.676 0.1000000015
13989  46.233  -64.070  28.474 0.1000000015
14731  45.586  -62.682  28.465 0.1000000015
14721  46.913  -63.124  28.898 0.1000000015
17945  44.759  -58.739  25.369 0.2000000030
17947  43.900  -58.107  24.418 0.2000000030
18890  43.307  -57.837  24.031 0.2000000030
147034  43.697  -58.250  23.845 0.2000000030
17967  42.684  -58.254  23.385 0.1000000015
17966  43.544  -58.345  23.195 0.2000000030
14722  46.662  -63.240  28.813 0.1000000015
14723  45.880  -62.177  28.562 0.1000000015
15462  46.688  -62.535  28.634 0.1000000015
16198  45.540  -60.751  28.026 0.2000000030
17084  44.942  -59.049  27.157 0.2000000030
17968  41.742  -58.297  23.619 0.3000000119
130309  41.995  -58.626  22.842 0.2000000030
18004  43.327  -58.406  21.325 0.2000000030
17933  44.802  -58.384  26.054 0.3000000119
16215  45.977  -60.236  27.228 0.2000000030
18891  42.532  -57.662  24.115 0.3000000119
17948  41.584  -57.652  24.349 0.3000000119
17950  39.918  -58.222  24.160 0.3000000119
17949  40.815  -58.292  23.933 0.3000000119
124684  41.057  -58.633  23.151 0.2000000030
123448  42.239  -58.647  21.881 0.2000000030
18005  42.364  -58.543  20.913 0.2000000030
18858  40.341  -56.865  25.226 0.4000000060
125892  42.374  -56.733  24.662 0.3000000119
19828  41.395  -56.763  24.939 0.3000000119
134332  44.232  -57.883  25.420 0.2000000030
18870  43.064  -56.931  24.629 0.2000000030
17969  40.159  -58.538  23.396 0.3000000119
17988  41.290  -58.692  22.269 0.2000000030
17990  39.564  -58.554  22.678 0.2000000030
18006  41.474  -58.628  21.334 0.2000000030
18859  39.224  -56.919  25.290 0.3000000119
18872  39.656  -57.606  24.744 0.3000000119
17991  38.725  -58.411  22.811 0.2000000030
18922  39.120  -58.107  21.043 0.2000000030
18009  39.103  -58.337  21.874 0.2000000030
18933  39.452  -58.080  20.509 0.1000000015
125213  39.886  -58.525  21.993 0.2000000030
18024  40.130  -58.252  20.263 0.2000000030
18008  39.853  -58.366  21.161 0.2000000030
130026  40.769  -58.495  20.799 0.2000000030
18860  38.119  -57.301  24.967 0.3000000119
18892  37.713  -58.015  23.770 0.3000000119
18873  38.282  -57.907  24.309 0.3000000119
18894  36.467  -57.396  23.610 0.2000000030
17972  37.919  -58.197  23.016 0.3000000119
18913  36.605  -57.445  22.797 0.2000000030
17971  38.471  -58.276  23.630 0.3000000119
18912  37.392  -57.796  22.428 0.1000000015
18924  37.696  -57.658  21.573 0.1000000015
18949  38.125  -57.297  19.886 0.1000000015
18935  37.955  -57.514  20.758 0.1000000015
142211  37.277  -57.311  21.082 0.1000000015
144352  38.781  -57.570  19.854 0.1000000015
18861  37.025  -57.199  24.756 0.3000000119
139251  36.452  -57.259  24.235 0.2000000030
19841  35.842  -57.016  23.984 0.2000000030
19843  34.570  -55.850  23.686 0.2000000030
21841  33.765  -54.624  23.093 0.1000000015
19858  35.887  -57.065  23.181 0.1000000015
19859  34.676  -55.903  23.000 0.1000000015
142603  36.127  -57.036  22.418 0.1000000015
18925  36.777  -57.318  21.838 0.1000000015
19881  37.294  -57.051  20.355 0.1000000015
19894  37.242  -56.667  19.455 0.1000000015
19830  35.386  -56.439  24.466 0.2000000030
21858  34.037  -54.526  22.166 0.1000000015
128707  34.299  -54.510  21.291 0.1000000015
20862  34.860  -55.806  22.129 0.1000000015
20875  35.045  -55.735  21.251 0.1000000015
19872  36.007  -56.717  21.707 0.1000000015
20885  35.289  -55.575  20.420 0.1000000015
19882  36.476  -56.458  20.041 0.1000000015
19883  35.739  -56.295  20.834 0.1000000015
22753  33.712  -53.156  21.042 0.1000000015
20892  35.595  -55.363  19.655 0.1000000015
20891  36.248  -55.816  19.372 0.1000000015
21859  33.878  -53.805  21.645 0.1000000015
13987  47.226  -64.090  28.374 0.1000000015
17107  45.153  -59.473  24.679 0.1000000015
145564  42.504  -62.607  36.598 0.5000000000
13867  42.481  -63.270  37.644 0.5000000000
14640  41.441  -62.743  37.507 0.5000000000
14641  40.534  -62.411  37.409 0.5000000000
144614  39.897  -61.936  36.885 0.5000000000
127918  41.510  -64.618  35.561 0.2000000030
13208  42.555  -64.499  35.812 0.2000000030
13904  41.997  -64.010  36.413 0.3000000119
13886  42.348  -63.217  37.599 0.5000000000
14621  41.511  -63.461  37.758 0.5000000000
13855  40.446  -63.503  38.567 0.5000000000
14622  41.205  -63.098  38.262 0.5000000000
14624  39.642  -62.863  38.758 0.5000000000
15368  39.752  -62.286  37.613 0.5000000000
15378  40.125  -61.652  36.305 0.5000000000
16116  38.249  -61.209  36.366 0.5000000000
15391  39.571  -61.291  35.488 0.5000000000
15422  40.582  -61.859  33.971 0.5000000000
13210  39.986  -63.936  35.730 0.3000000119
137850  40.523  -63.755  37.034 0.3000000119
13887  40.929  -63.587  38.131 0.5000000000
128044  38.085  -61.919  38.121 0.5000000000
132928  38.767  -61.937  37.598 0.5000000000
16126  38.674  -61.058  35.532 0.5000000000
16125  39.021  -61.053  34.924 0.5000000000
12587  40.374  -64.938  32.613 0.4000000060
129986  40.006  -63.801  32.392 0.5000000000
142996  40.719  -63.469  32.915 0.5000000000
14673  40.194  -62.181  33.619 0.5000000000
15423  39.847  -61.635  34.096 0.5000000000
13249  39.876  -64.431  32.123 0.4000000060
12559  39.898  -64.564  35.174 0.3000000119
13906  39.621  -63.727  36.553 0.4000000060
13889  39.283  -63.971  37.961 0.4000000060
13869  40.265  -63.609  38.616 0.5000000000
13846  38.439  -63.606  39.429 0.5000000000
14609  39.150  -63.445  39.252 0.5000000000
15354  38.770  -62.611  38.877 0.5000000000
14610  38.499  -63.141  39.471 0.5000000000
15356  37.227  -62.243  39.514 0.5000000000
15369  37.268  -61.521  38.028 0.5000000000
16117  37.414  -60.779  36.292 0.5000000000
16135  38.193  -60.777  34.962 0.6000000238
14680  39.597  -62.679  33.142 0.5000000000
15424  38.894  -61.639  33.924 0.5000000000
15407  38.500  -61.165  34.496 0.5000000000
11844  39.491  -66.177  32.276 0.4000000060
11843  40.008  -65.762  32.791 0.4000000060
11115  35.538  -67.474  35.330 0.1000000015
11830  35.113  -66.109  34.705 0.1000000015
12545  34.199  -65.409  35.182 0.1000000015
11828  36.663  -66.395  34.606 0.1000000015
13230  34.925  -65.072  34.773 0.1000000015
13215  34.414  -64.567  35.267 0.1000000015
12562  36.928  -65.599  34.474 0.1000000015
13214  35.308  -64.370  35.053 0.1000000015
13910  34.801  -63.830  35.591 0.1000000015
13226  39.084  -64.374  35.029 0.2000000030
13227  37.662  -64.482  34.706 0.1000000015
13211  38.939  -63.864  35.544 0.3000000119
132016  38.918  -64.011  39.220 0.5000000000
13907  38.624  -63.634  36.319 0.4000000060
13890  38.191  -63.741  37.575 0.4000000060
13847  37.705  -63.407  39.689 0.4000000060
15341  37.755  -63.175  39.802 0.5000000000
137624  36.872  -62.276  40.528 0.5000000000
15357  36.359  -61.444  39.561 0.5000000000
16128  37.009  -60.538  35.612 0.5000000000
14674  38.946  -62.256  33.411 0.5000000000
13942  40.048  -63.247  32.777 0.5000000000
12588  39.807  -65.222  32.089 0.4000000060
144107  38.987  -66.698  32.082 0.5000000000
11049  34.183  -67.826  38.979 0.1000000015
138024  34.571  -68.051  36.944 0.1000000015
10396  34.568  -67.655  36.187 0.1000000015
11116  34.813  -67.187  35.516 0.1000000015
11818  34.543  -66.295  35.141 0.1000000015
11819  33.898  -66.058  35.546 0.1000000015
12529  33.009  -65.019  36.083 0.1000000015
140269  33.607  -66.849  36.752 0.1000000015
11802  33.499  -66.201  36.159 0.1000000015
13196  33.132  -64.339  36.128 0.1000000015
15359  33.742  -61.687  38.898 0.2000000030
133692  33.385  -60.973  40.259 0.2000000030
137472  37.436  -65.190  34.492 0.1000000015
13213  36.257  -64.219  34.967 0.1000000015
13909  35.939  -63.653  35.714 0.1000000015
13892  35.394  -63.313  36.468 0.1000000015
147055  34.884  -62.675  38.464 0.2000000030
138681  36.792  -63.732  35.530 0.2000000030
13873  35.963  -63.263  37.756 0.2000000030
140425  36.026  -63.295  39.576 0.2000000030
15345  33.989  -61.680  40.102 0.2000000030
140739  33.527  -60.728  41.193 0.2000000030
138196  37.036  -63.539  36.588 0.2000000030
128126  37.372  -63.663  37.792 0.2000000030
13872  37.028  -63.616  38.438 0.3000000119
13839  36.940  -63.183  40.830 0.3000000119
14591  36.844  -62.899  41.187 0.4000000060
15342  37.138  -62.888  40.673 0.5000000000
15409  36.850  -60.757  34.662 0.5000000000
15426  35.285  -61.245  33.811 0.5000000000
16148  35.205  -60.733  34.418 0.5000000000
16137  35.893  -60.498  34.955 0.5000000000
128670  36.144  -61.513  33.653 0.5000000000
130781  36.958  -61.221  34.137 0.5000000000
146424  35.978  -60.828  37.702 0.5000000000
16098  36.444  -61.257  38.351 0.5000000000
14682  37.605  -62.721  32.765 0.5000000000
14676  37.065  -61.983  33.397 0.5000000000
13949  39.365  -64.058  31.755 0.5000000000
13943  39.213  -63.406  32.369 0.5000000000
15425  37.888  -61.446  33.991 0.5000000000
16136  37.366  -60.622  35.034 0.6000000238
14681  38.606  -62.765  32.871 0.5000000000
12591  39.607  -65.537  31.553 0.4000000060
11038  33.996  -67.534  39.893 0.1000000015
11078  34.121  -67.703  37.771 0.1000000015
11050  33.461  -67.195  39.223 0.1000000015
11771  32.847  -66.627  39.374 0.1000000015
129790  31.933  -65.925  41.210 0.1000000015
147083  33.761  -67.258  37.226 0.1000000015
11079  33.370  -66.918  37.617 0.1000000015
132371  33.081  -66.224  36.873 0.1000000015
12517  32.173  -65.311  37.638 0.1000000015
13197  32.557  -64.617  36.581 0.1000000015
13895  32.619  -63.901  36.612 0.1000000015
14628  32.500  -62.582  37.442 0.1000000015
13893  33.893  -62.970  36.692 0.1000000015
15360  32.871  -61.342  38.373 0.2000000030
16089  33.226  -61.116  39.214 0.2000000030
14626  34.535  -62.615  37.689 0.1000000015
14611  34.310  -62.290  38.456 0.2000000030
14600  35.499  -62.952  40.770 0.3000000119
14593  35.698  -62.694  41.552 0.3000000119
16069  34.178  -60.905  42.358 0.2000000030
14592  36.406  -62.936  41.371 0.3000000119
15324  35.012  -61.624  42.569 0.2000000030
15331  36.433  -61.996  41.876 0.4000000060
15323  35.921  -61.634  42.557 0.3000000119
16080  36.048  -61.084  41.544 0.4000000060
122835  36.276  -61.483  42.498 0.4000000060
16980  33.341  -60.171  34.492 0.5000000000
137798  33.244  -59.693  35.211 0.5000000000
16138  34.954  -60.415  35.005 0.5000000000
15343  36.452  -61.667  40.871 0.5000000000
18735  32.090  -57.578  35.923 0.5000000000
18729  32.435  -57.430  36.663 0.5000000000
17828  32.987  -58.875  36.313 0.5000000000
124232  33.639  -59.579  35.948 0.5000000000
125329  34.493  -60.201  35.699 0.6000000238
16099  35.631  -60.707  38.341 0.5000000000
143516  35.516  -60.701  39.801 0.5000000000
18728  32.753  -57.743  37.209 0.5000000000
17823  33.088  -58.553  37.035 0.5000000000
16974  33.600  -59.278  36.735 0.6000000238
16129  36.253  -60.446  35.597 0.5000000000
145528  36.111  -60.559  36.679 0.5000000000
16120  35.068  -60.307  36.322 0.5000000000
16119  35.864  -60.431  36.220 0.5000000000
11155  38.803  -67.289  30.699 0.4000000060
11858  38.876  -66.994  31.509 0.4000000060
13151  30.652  -63.837  42.396 0.1000000015
129577  31.463  -65.315  41.157 0.1000000015
13161  30.519  -63.688  40.495 0.1000000015
11785  32.454  -66.212  38.755 0.1000000015
125052  31.987  -65.914  39.897 0.1000000015
129107  31.286  -64.786  39.828 0.1000000015
13169  30.790  -64.153  39.914 0.1000000015
12500  31.972  -65.669  39.092 0.1000000015
13168  31.020  -64.094  39.132 0.1000000015
13849  30.542  -63.356  39.576 0.1000000015
13876  31.736  -63.851  37.712 0.1000000015
14612  31.258  -62.532  38.241 0.1000000015
14629  31.876  -62.285  37.831 0.1000000015
16102  31.529  -60.773  38.687 0.2000000030
16090  32.183  -60.172  39.068 0.2000000030
16081  32.871  -60.078  40.099 0.2000000030
16934  33.283  -60.023  41.445 0.2000000030
18684  41.392  -57.521  39.143 0.2000000030
16054  34.768  -60.555  43.032 0.2000000030
19627  39.694  -57.135  39.215 0.2000000030
19588  39.161  -57.099  40.166 0.2000000030
19589  38.313  -57.260  40.995 0.2000000030
18662  38.450  -57.322  41.793 0.2000000030
16068  35.393  -61.139  43.116 0.2000000030
20605  39.121  -56.459  38.591 0.2000000030
20585  37.549  -55.940  39.229 0.2000000030
19609  37.267  -56.514  40.184 0.2000000030
19590  37.140  -57.060  41.137 0.2000000030
18664  35.772  -57.659  41.296 0.2000000030
21572  36.005  -54.729  38.185 0.2000000030
20607  36.704  -55.271  38.703 0.3000000119
20587  35.497  -55.794  39.509 0.3000000119
19610  35.319  -56.449  40.021 0.4000000060
19592  35.293  -57.008  40.423 0.3000000119
17772  35.251  -58.102  40.878 0.4000000060
16933  35.276  -59.055  41.129 0.5000000000
16932  36.082  -60.248  42.070 0.4000000060
20642  33.779  -54.984  36.944 0.5000000000
20623  34.061  -55.298  37.752 0.4000000060
20610  33.644  -55.988  38.100 0.4000000060
142363  34.005  -56.280  38.677 0.4000000060
18700  34.088  -56.921  39.146 0.4000000060
17792  34.164  -57.689  39.308 0.5000000000
17791  34.610  -58.105  40.036 0.5000000000
16946  35.266  -59.995  40.585 0.5000000000
19642  33.145  -56.506  37.620 0.5000000000
18713  33.082  -57.304  37.825 0.5000000000
17814  33.881  -58.787  38.277 0.5000000000
134981  34.151  -59.598  37.093 0.5000000000
128328  34.752  -60.095  37.036 0.5000000000
16111  35.030  -60.244  37.702 0.5000000000
15301  29.900  -61.858  43.785 0.1000000015
143350  30.639  -63.459  43.487 0.1000000015
14563  30.308  -62.727  43.420 0.1000000015
14576  29.615  -61.430  42.193 0.1000000015
14585  30.087  -62.477  41.626 0.1000000015
14586  29.771  -61.750  41.481 0.1000000015
14594  29.965  -62.204  40.754 0.1000000015
15325  29.492  -61.010  41.509 0.1000000015
139854  30.369  -61.852  39.350 0.1000000015
15346  30.035  -61.046  39.761 0.1000000015
14613  30.884  -62.034  38.619 0.1000000015
16091  31.185  -60.093  39.033 0.2000000030
16949  30.764  -59.466  39.396 0.2000000030
16948  31.881  -59.423  39.519 0.2000000030
16935  32.687  -59.263  40.498 0.2000000030
16920  33.923  -59.946  42.458 0.2000000030
20582  40.677  -56.640  39.743 0.1000000015
18660  40.569  -57.152  39.720 0.2000000030
18685  39.580  -57.025  40.482 0.2000000030
18661  38.889  -57.159  41.097 0.2000000030
16906  34.834  -59.935  43.143 0.2000000030
21569  40.675  -55.302  38.587 0.1000000015
21548  40.598  -55.910  39.489 0.1000000015
20583  40.057  -56.097  40.191 0.1000000015
20562  39.512  -56.426  40.772 0.1000000015
19568  38.622  -56.913  41.964 0.1000000015
18663  37.854  -57.566  41.972 0.1000000015
19570  36.970  -57.697  41.881 0.2000000030
16067  36.174  -60.871  43.014 0.3000000119
16053  35.714  -60.552  43.405 0.2000000030
18630  37.799  -57.494  42.384 0.1000000015
18646  37.348  -57.998  42.661 0.1000000015
18647  36.873  -58.382  42.557 0.3000000119
16919  36.475  -60.169  43.005 0.2000000030
17802  34.191  -58.447  39.116 0.5000000000
16947  34.701  -59.078  39.781 0.5000000000
142547  34.854  -59.826  39.429 0.5000000000
16958  34.437  -59.302  38.788 0.5000000000
16100  34.891  -60.097  38.567 0.5000000000
16966  34.385  -59.623  37.818 0.5000000000
15293  30.162  -61.650  44.678 0.1000000015
16044  29.335  -59.965  44.001 0.1000000015
16892  29.070  -59.256  43.411 0.1000000015
123691  29.268  -60.266  43.222 0.1000000015
16907  29.102  -59.679  42.496 0.1000000015
17729  28.867  -58.305  43.021 0.1000000015
16055  29.327  -60.554  42.256 0.1000000015
133641  29.484  -59.101  40.679 0.1000000015
17761  29.217  -58.597  41.236 0.1000000015
140921  29.529  -59.868  40.569 0.1000000015
16936  29.953  -58.668  40.095 0.2000000030
142529  31.120  -58.747  39.519 0.2000000030
17793  31.988  -58.650  39.956 0.2000000030
141338  32.630  -58.596  40.643 0.2000000030
17774  32.238  -58.025  40.325 0.2000000030
17773  32.928  -58.153  41.073 0.2000000030
16921  33.204  -59.040  41.594 0.2000000030
17760  33.472  -58.224  41.978 0.2000000030
17759  33.970  -59.075  42.647 0.2000000030
21570  39.844  -54.802  38.938 0.1000000015
21549  39.615  -55.203  39.822 0.1000000015
20563  38.987  -56.061  41.350 0.1000000015
20544  38.607  -56.604  41.857 0.1000000015
19569  38.334  -56.955  42.254 0.1000000015
18633  35.633  -58.529  43.291 0.1000000015
16905  35.769  -60.006  43.449 0.2000000030
17746  35.078  -59.200  43.160 0.2000000030
20545  38.044  -56.352  42.092 0.1000000015
19553  37.859  -57.393  42.501 0.1000000015
18631  37.323  -58.005  42.724 0.1000000015
17758  36.727  -59.238  42.975 0.2000000030
17744  36.566  -59.448  43.067 0.2000000030
16904  36.189  -60.136  43.270 0.2000000030
128138  29.279  -57.807  44.829 0.1000000015
17718  29.026  -58.354  44.064 0.1000000015
133697  29.491  -54.847  44.680 0.1000000015
18618  28.872  -57.583  43.468 0.1000000015
20518  29.135  -55.382  43.176 0.1000000015
123040  29.030  -56.162  42.827 0.1000000015
18634  29.089  -57.427  41.924 0.1000000015
17747  29.010  -58.241  42.062 0.1000000015
18650  29.227  -57.775  41.265 0.1000000015
128756  30.183  -56.756  40.134 0.1000000015
18687  30.873  -57.224  39.720 0.1000000015
19612  30.820  -56.230  39.714 0.1000000015
18667  31.798  -57.359  39.982 0.2000000030
19573  33.103  -56.860  41.080 0.2000000030
19572  33.798  -56.528  41.752 0.2000000030
18648  33.657  -57.393  41.931 0.2000000030
19556  34.240  -57.120  42.365 0.1000000015
138112  34.344  -58.120  42.713 0.2000000030
22518  39.674  -53.188  36.253 0.1000000015
123508  38.388  -53.692  38.571 0.1000000015
21571  38.962  -54.368  39.187 0.1000000015
21530  38.413  -55.165  40.859 0.1000000015
134921  35.231  -57.390  42.855 0.2000000030
22469  38.052  -54.004  39.424 0.1000000015
21551  37.722  -54.322  40.290 0.1000000015
20564  38.258  -55.726  41.574 0.1000000015
20529  37.693  -56.868  42.502 0.1000000015
19554  37.233  -57.525  42.826 0.1000000015
141311  36.238  -58.117  43.335 0.2000000030
22411  29.441  -53.371  43.713 0.1000000015
22422  29.359  -53.852  42.704 0.1000000015
134238  29.319  -54.157  42.012 0.1000000015
20569  29.592  -55.537  40.776 0.1000000015
133161  30.150  -55.848  40.223 0.1000000015
20567  31.540  -55.750  39.682 0.1000000015
19594  31.558  -56.571  39.804 0.2000000030
21534  32.908  -54.584  40.145 0.1000000015
20566  32.526  -56.107  40.291 0.1000000015
125574  33.153  -55.335  40.703 0.2000000030
21533  33.769  -54.577  40.992 0.1000000015
136051  33.336  -56.056  41.127 0.2000000030
23435  37.414  -52.403  37.506 0.1000000015
22495  36.792  -53.122  38.897 0.1000000015
23392  36.223  -52.960  39.419 0.1000000015
22471  36.180  -53.382  40.187 0.1000000015
22455  35.034  -53.559  41.074 0.1000000015
21517  34.518  -54.802  41.562 0.1000000015
20549  33.950  -55.546  41.563 0.1000000015
22509  38.700  -53.432  37.741 0.1000000015
22510  37.882  -53.092  37.999 0.1000000015
22494  37.515  -53.404  38.769 0.1000000015
22470  37.018  -53.593  39.630 0.1000000015
22454  36.093  -53.726  40.803 0.1000000015
22441  36.378  -54.229  41.183 0.1000000015
136562  36.132  -55.390  42.105 0.1000000015
20547  35.332  -55.184  41.931 0.1000000015
20531  35.445  -56.216  42.530 0.1000000015
22453  36.772  -53.977  40.556 0.1000000015
21514  36.669  -55.000  41.623 0.1000000015
20530  36.521  -56.400  42.594 0.1000000015
23367  29.491  -52.470  41.945 0.1000000015
22434  29.397  -53.434  41.977 0.1000000015
22458  29.631  -53.672  40.549 0.1000000015
21554  29.902  -54.104  40.050 0.1000000015
21553  31.057  -54.486  39.475 0.1000000015
21552  31.974  -54.521  39.562 0.1000000015
25264  35.382  -50.853  37.326 0.1000000015
142339  34.804  -51.140  38.167 0.1000000015
24300  33.698  -51.892  39.097 0.1000000015
23395  34.038  -52.510  39.677 0.1000000015
22473  32.585  -53.782  39.588 0.1000000015
141371  36.720  -51.032  36.324 0.1000000015
24338  36.159  -50.947  36.748 0.1000000015
24312  35.699  -51.705  38.217 0.1000000015
24313  35.065  -51.683  38.968 0.1000000015
23377  34.357  -52.988  40.297 0.1000000015
145501  33.963  -54.048  40.818 0.1000000015
24331  36.867  -51.629  36.952 0.1000000015
23436  36.591  -52.053  37.829 0.1000000015
24298  35.146  -52.202  39.571 0.1000000015
23394  34.790  -52.508  40.002 0.1000000015
145846  34.614  -53.410  40.753 0.1000000015
21532  34.429  -53.983  41.136 0.1000000015
23398  30.595  -52.609  39.488 0.1000000015
24317  31.523  -51.065  38.679 0.1000000015
23397  31.424  -52.472  39.105 0.1000000015
24316  32.404  -51.172  38.539 0.1000000015
23418  31.831  -51.806  38.753 0.1000000015
128092  31.949  -53.125  39.251 0.1000000015
25273  35.616  -50.276  36.480 0.1000000015
25265  34.438  -50.413  37.525 0.1000000015
25247  33.928  -50.776  38.187 0.1000000015
24301  32.768  -51.871  38.795 0.1000000015
147454  32.710  -53.028  39.364 0.1000000015
25272  36.319  -50.408  36.085 0.1000000015
24314  34.256  -51.441  38.721 0.1000000015
13905  41.165  -63.832  36.653 0.4000000060
16108  37.092  -60.892  36.962 0.5000000000
13888  39.837  -64.090  38.184 0.4000000060
13871  38.172  -64.005  38.950 0.4000000060
11128  36.010  -67.006  34.806 0.1000000015
13894  33.325  -63.640  36.329 0.1000000015
13212  38.069  -63.874  35.317 0.2000000030
13858  37.582  -63.578  39.608 0.4000000060
13838  37.192  -63.206  40.436 0.4000000060
142045  33.120  -65.665  36.311 0.1000000015
15358  34.603  -62.365  39.800 0.3000000119
147659  32.838  -60.583  39.416 0.2000000030
13874  34.960  -62.936  37.102 0.2000000030
14625  35.451  -62.986  38.426 0.2000000030
13859  36.487  -63.393  39.036 0.2000000030
15344  34.844  -62.415  41.064 0.3000000119
135715  36.866  -63.390  40.155 0.3000000119
15333  34.256  -61.578  41.478 0.2000000030
15322  36.247  -62.027  42.167 0.3000000119
16979  34.036  -60.256  35.070 0.5000000000
11759  33.276  -66.974  40.047 0.1000000015
11760  32.546  -66.429  40.153 0.1000000015
12491  31.621  -65.458  40.438 0.1000000015
12509  32.184  -65.710  38.319 0.1000000015
12518  31.906  -64.606  37.679 0.1000000015
12510  31.862  -65.109  38.368 0.1000000015
127098  31.725  -63.000  37.709 0.1000000015
14642  32.941  -63.131  36.852 0.1000000015
14627  33.593  -62.439  37.394 0.1000000015
15361  31.735  -61.576  38.259 0.1000000015
16101  32.471  -60.823  38.720 0.2000000030
15332  35.421  -62.182  42.056 0.3000000119
129907  36.292  -60.901  42.725 0.4000000060
16978  32.423  -59.022  35.176 0.5000000000
16977  32.908  -59.152  35.709 0.5000000000
17833  31.938  -58.224  35.155 0.5000000000
18714  32.636  -56.992  37.157 0.5000000000
13155  30.649  -64.026  41.548 0.1000000015
13830  30.392  -63.216  41.973 0.1000000015
13160  31.014  -64.660  40.717 0.1000000015
13840  30.237  -62.857  40.234 0.1000000015
13860  31.177  -63.458  38.410 0.1000000015
13861  30.630  -62.765  38.915 0.1000000015
15334  30.078  -62.251  39.993 0.1000000015
15362  30.951  -61.429  38.727 0.1000000015
19607  40.212  -57.276  39.525 0.2000000030
18699  41.157  -57.619  39.050 0.2000000030
19628  38.647  -56.580  39.297 0.2000000030
19608  38.204  -56.739  39.990 0.2000000030
20586  36.473  -55.729  39.507 0.2000000030
20565  36.184  -56.275  40.295 0.3000000119
17771  35.989  -58.641  41.897 0.4000000060
21573  34.962  -54.970  38.212 0.5000000000
146287  34.979  -55.512  38.883 0.4000000060
138331  37.413  -55.393  38.440 0.2000000030
20588  34.625  -56.149  39.255 0.4000000060
18686  34.478  -57.353  39.698 0.5000000000
18665  34.959  -57.429  40.331 0.5000000000
130722  36.317  -59.587  42.452 0.3000000119
21588  34.529  -54.736  37.315 0.5000000000
19629  33.536  -56.755  38.362 0.5000000000
17803  33.670  -57.739  38.583 0.5000000000
15294  29.594  -60.868  44.134 0.1000000015
14564  29.897  -61.985  42.830 0.1000000015
139979  29.922  -62.048  42.102 0.1000000015
15335  29.901  -61.639  40.146 0.1000000015
16070  29.292  -59.725  41.195 0.1000000015
122833  29.487  -60.547  40.858 0.1000000015
16103  30.655  -60.918  39.118 0.1000000015
16092  30.316  -60.259  39.520 0.2000000030
17775  30.559  -58.160  39.779 0.2000000030
19587  39.577  -56.856  40.651 0.1000000015
20584  39.277  -55.585  40.583 0.1000000015
16035  29.569  -60.087  44.726 0.1000000015
17712  29.394  -58.616  44.975 0.1000000015
16922  29.098  -59.169  41.781 0.1000000015
123928  28.917  -57.509  42.634 0.1000000015
17776  29.612  -58.163  40.553 0.1000000015
141103  30.054  -58.125  40.079 0.2000000030
17794  31.359  -58.003  39.753 0.2000000030
19593  32.334  -56.873  40.316 0.2000000030
147542  40.044  -54.171  37.527 0.1000000015
22493  39.197  -54.061  38.323 0.1000000015
18632  36.543  -58.833  43.252 0.2000000030
21513  37.483  -55.488  41.717 0.1000000015
129295  36.842  -58.245  43.078 0.1000000015
124127  28.919  -56.935  43.889 0.1000000015
19521  29.572  -56.410  45.180 0.1000000015
19529  29.161  -56.301  44.394 0.1000000015
21480  29.439  -54.155  44.302 0.1000000015
137725  29.276  -54.881  43.902 0.1000000015
20507  29.185  -55.546  44.110 0.1000000015
19540  29.003  -56.217  43.560 0.1000000015
21491  29.300  -54.409  43.360 0.1000000015
21503  29.248  -54.710  42.484 0.1000000015
19557  29.060  -56.657  42.213 0.1000000015
20532  29.158  -55.595  42.146 0.1000000015
125825  29.265  -56.941  41.353 0.1000000015
19574  29.286  -56.080  41.417 0.1000000015
18669  29.590  -57.274  40.649 0.1000000015
19595  29.591  -56.406  40.724 0.1000000015
134887  30.717  -55.263  39.694 0.1000000015
20548  34.704  -55.564  41.995 0.1000000015
22508  39.515  -53.803  37.563 0.1000000015
21550  38.714  -54.698  40.075 0.1000000015
21531  37.399  -54.752  41.147 0.1000000015
19555  36.342  -57.371  43.082 0.1000000015
141801  29.446  -52.941  42.781 0.1000000015
21518  29.423  -53.975  41.346 0.1000000015
20550  29.363  -55.323  41.356 0.1000000015
146153  29.555  -54.625  40.815 0.1000000015
20568  30.006  -54.962  40.224 0.1000000015
21535  30.377  -54.492  39.784 0.1000000015
133385  31.503  -55.062  39.582 0.1000000015
20589  32.310  -55.251  39.897 0.1000000015
22457  33.483  -53.984  40.331 0.1000000015
23416  36.337  -52.494  38.640 0.1000000015
23445  37.732  -52.138  36.698 0.1000000015
23434  38.234  -52.771  37.227 0.1000000015
23393  35.504  -52.752  40.012 0.1000000015
23417  35.649  -52.299  39.165 0.1000000015
23376  34.974  -53.001  40.581 0.1000000015
22442  35.639  -53.880  41.205 0.1000000015
21516  35.109  -54.248  41.472 0.1000000015
145339  35.800  -55.708  42.361 0.1000000015
24274  29.636  -51.644  41.453 0.1000000015
128432  29.548  -52.403  41.022 0.1000000015
23378  29.687  -52.818  40.399 0.1000000015
22476  29.969  -53.234  39.874 0.1000000015
22475  30.544  -53.686  39.584 0.1000000015
129581  31.159  -53.126  39.341 0.1000000015
22474  31.530  -53.797  39.399 0.1000000015
24332  36.135  -51.436  37.406 0.1000000015
25274  34.866  -50.020  36.778 0.1000000015
23396  33.180  -52.510  39.256 0.1000000015
24299  34.546  -52.004  39.402 0.1000000015
24315  33.347  -51.281  38.561 0.1000000015
22472  33.514  -53.223  39.832 0.1000000015
24302  30.909  -50.931  38.946 0.1000000015
130434  31.036  -51.735  38.993 0.1000000015
142460  32.292  -52.484  39.015 0.1000000015
25248  33.010  -50.558  38.230 0.1000000015
25249  32.129  -50.438  38.423 0.1000000015
140645  35.249  -49.617  36.244 0.1000000015
26212  35.826  -49.691  35.842 0.1000000015
10389  43.956  -68.849  36.527 0.1000000015
10388  44.450  -68.225  36.472 0.1000000015
11093  44.915  -67.432  36.623 0.1000000015
11798  44.668  -66.659  36.741 0.1000000015
147948  43.997  -65.071  35.936 0.1000000015
11095  43.162  -67.832  37.263 0.1000000015
11812  42.709  -66.104  35.719 0.1000000015
140451  43.836  -69.308  35.407 0.2000000030
12542  42.067  -65.315  35.486 0.1000000015
10403  44.482  -68.589  35.270 0.2000000030
11092  45.575  -67.069  36.015 0.1000000015
9730  44.295  -69.438  33.898 0.2000000030
11797  45.441  -66.551  36.539 0.1000000015
13207  43.619  -64.385  36.224 0.1000000015
9111  44.317  -70.237  33.103 0.2000000030
11110  45.153  -67.712  35.433 0.2000000030
12539  45.632  -65.188  36.523 0.2000000030
11796  45.960  -66.404  35.977 0.2000000030
13193  46.003  -65.016  36.543 0.2000000030
13206  44.774  -64.404  36.502 0.3000000119
13903  43.026  -63.521  36.932 0.3000000119
13194  45.383  -64.379  36.433 0.3000000119
13195  43.969  -63.528  36.707 0.3000000119
11121  45.950  -66.568  34.956 0.2000000030
12538  46.316  -65.264  35.821 0.2000000030
10432  44.115  -69.862  32.900 0.2000000030
13882  45.562  -64.421  36.365 0.2000000030
11123  44.403  -68.318  34.362 0.2000000030
7800  40.487  -73.258  29.391 0.1000000015
9754  44.098  -70.515  32.793 0.2000000030
11122  45.128  -67.489  34.711 0.2000000030
147499  44.187  -69.388  33.624 0.2000000030
13884  44.058  -63.506  36.640 0.3000000119
135939  42.960  -63.007  37.208 0.4000000060
8420  42.186  -72.190  31.110 0.1000000015
9122  43.514  -71.217  32.309 0.1000000015
12555  45.794  -65.423  34.684 0.2000000030
13920  45.702  -64.275  35.659 0.2000000030
7784  41.025  -73.270  29.921 0.1000000015
14651  44.025  -63.137  36.385 0.4000000060
9123  42.911  -71.065  32.078 0.2000000030
141915  45.537  -66.916  34.721 0.2000000030
9755  43.527  -70.485  32.585 0.2000000030
8436  40.277  -71.932  30.728 0.1000000015
130350  39.730  -70.809  32.057 0.2000000030
8449  41.076  -72.795  30.092 0.1000000015
8421  40.710  -71.631  31.282 0.1000000015
146673  44.187  -69.454  33.549 0.2000000030
11823  45.492  -66.178  34.551 0.2000000030
126064  45.433  -64.452  34.710 0.2000000030
13921  45.095  -63.711  35.181 0.4000000060
9132  40.976  -71.188  31.856 0.1000000015
12575  44.664  -64.355  34.212 0.4000000060
15377  41.598  -62.247  36.257 0.4000000060
10421  43.064  -68.824  33.764 0.3000000119
11124  43.369  -68.082  34.228 0.3000000119
9756  41.812  -69.990  33.013 0.2000000030
10433  42.409  -69.400  33.451 0.4000000060
14669  43.470  -63.018  34.297 0.4000000060
15390  40.569  -61.521  35.470 0.4000000060
12557  44.571  -65.611  34.223 0.3000000119
11826  42.302  -67.024  34.279 0.4000000060
11125  42.108  -67.882  34.228 0.3000000119
20638  42.822  -56.847  38.031 0.1000000015
20581  41.381  -56.961  39.386 0.1000000015
14662  42.922  -62.531  34.794 0.4000000060
12576  44.159  -64.629  33.913 0.4000000060
14663  41.941  -62.386  34.403 0.5000000000
135306  42.544  -65.936  34.072 0.4000000060
11825  43.720  -67.027  34.356 0.3000000119
12558  43.893  -66.016  34.235 0.4000000060
12577  43.267  -65.023  33.732 0.4000000060
20617  42.342  -57.130  38.567 0.1000000015
19638  42.978  -57.818  38.071 0.1000000015
18698  41.994  -57.828  38.815 0.1000000015
15389  41.355  -61.858  34.911 0.4000000060
15404  41.181  -61.997  34.134 0.5000000000
14671  41.669  -62.582  33.816 0.5000000000
15406  39.813  -61.309  34.804 0.5000000000
19640  41.875  -57.790  38.476 0.1000000015
19641  40.766  -57.390  38.388 0.1000000015
19661  40.290  -56.377  37.465 0.1000000015
147327  41.101  -57.376  37.946 0.1000000015
20619  39.669  -56.435  38.038 0.1000000015
9718  43.615  -69.275  36.487 0.1000000015
11094  44.226  -67.597  36.989 0.1000000015
12541  43.102  -65.189  35.632 0.1000000015
11799  43.519  -66.904  36.632 0.1000000015
10375  43.566  -68.466  37.315 0.1000000015
11800  42.325  -67.044  36.381 0.1000000015
145977  41.248  -65.432  35.381 0.1000000015
140241  40.866  -62.028  36.564 0.4000000060
20604  40.002  -57.097  38.673 0.1000000015
127569  42.867  -70.417  34.509 0.1000000015
14650  44.529  -63.345  35.687 0.3000000119
11824  44.998  -66.890  34.459 0.2000000030
14661  43.814  -62.861  35.312 0.4000000060
13933  43.983  -63.749  33.966 0.4000000060
19639  42.348  -57.785  38.450 0.1000000015
11096  42.091  -68.006  36.990 0.1000000015
4675  28.166  -77.635  27.460 0.1000000015
5289  27.757  -77.025  27.305 0.1000000015
5897  30.187  -75.641  28.751 0.1000000015
4677  27.043  -77.183  27.937 0.1000000015
5268  30.588  -76.592  28.353 0.1000000015
4658  26.553  -78.164  28.584 0.1000000015
5271  26.142  -77.494  28.826 0.1000000015
5879  25.110  -75.840  30.143 0.1000000015
5290  26.678  -76.437  28.174 0.1000000015
3469  29.302  -80.053  35.868 0.1000000015
143188  25.368  -74.080  34.229 0.1000000015
6451  24.296  -73.727  33.625 0.1000000015
126270  29.694  -77.872  27.465 0.1000000015
143829  23.961  -75.159  32.508 0.1000000015
4674  28.886  -77.701  27.467 0.1000000015
5862  24.024  -76.371  31.622 0.1000000015
4657  30.862  -77.285  27.963 0.1000000015
5861  24.329  -76.537  30.936 0.1000000015
5896  31.169  -75.826  28.808 0.1000000015
3968  28.867  -78.681  36.849 0.1000000015
3030  30.133  -81.756  35.437 0.1000000015
3029  31.065  -82.002  35.101 0.1000000015
135233  28.521  -78.504  38.539 0.1000000015
123097  28.862  -78.572  37.750 0.1000000015
3983  29.798  -80.016  36.542 0.1000000015
3485  30.020  -80.890  35.509 0.1000000015
3043  30.908  -81.898  34.069 0.1000000015
4577  27.006  -77.093  34.567 0.1000000015
5810  26.446  -74.965  34.474 0.1000000015
137572  28.559  -78.219  27.636 0.1000000015
4095  27.894  -78.454  28.047 0.1000000015
4644  25.822  -78.553  29.435 0.1000000015
123280  30.593  -77.987  27.543 0.1000000015
5266  32.633  -76.645  28.449 0.1000000015
5895  32.112  -75.893  28.870 0.1000000015
3484  30.930  -81.494  35.472 0.1000000015
3015  31.134  -81.433  35.368 0.1000000015
3946  28.217  -79.269  39.771 0.1000000015
127820  28.489  -79.117  39.050 0.1000000015
3957  29.203  -79.571  38.486 0.1000000015
3468  30.936  -80.821  36.192 0.1000000015
3467  30.923  -80.705  36.166 0.1000000015
3042  31.213  -81.662  34.666 0.1000000015
3503  30.625  -79.814  34.185 0.1000000015
4017  29.278  -79.002  33.578 0.1000000015
4002  28.294  -78.667  33.838 0.1000000015
4575  28.343  -77.719  33.987 0.1000000015
4576  27.537  -77.896  34.294 0.1000000015
5180  27.402  -76.277  34.381 0.1000000015
5809  27.310  -75.295  34.147 0.1000000015
6436  26.780  -74.561  33.826 0.1000000015
6449  26.271  -74.333  33.408 0.1000000015
4615  25.061  -77.903  31.332 0.1000000015
4093  29.236  -78.596  27.645 0.1000000015
4075  27.699  -79.421  28.784 0.1000000015
4077  26.215  -78.905  29.209 0.1000000015
4634  24.838  -78.043  30.967 0.1000000015
5242  24.381  -77.166  31.361 0.1000000015
4656  31.411  -77.704  27.797 0.1000000015
5267  31.576  -76.820  28.346 0.1000000015
3994  31.353  -80.144  35.728 0.1000000015
4493  28.280  -78.486  41.169 0.1000000015
3437  28.940  -80.398  39.286 0.1000000015
3444  29.984  -80.439  38.700 0.1000000015
4001  31.185  -79.718  34.942 0.1000000015
4015  30.510  -78.596  34.165 0.1000000015
5195  28.938  -77.038  33.766 0.1000000015
127633  29.122  -75.926  33.645 0.1000000015
3932  28.118  -79.426  40.599 0.1000000015
3431  28.484  -80.674  40.153 0.1000000015
3443  30.557  -80.135  38.635 0.1000000015
5808  28.160  -76.084  33.996 0.1000000015
6464  26.667  -74.380  32.855 0.1000000015
6483  27.050  -74.591  32.286 0.1000000015
127686  26.082  -76.398  31.573 0.1000000015
5849  26.504  -75.215  31.893 0.1000000015
4051  26.455  -79.286  30.442 0.1000000015
5241  25.926  -77.741  31.297 0.1000000015
5850  25.134  -76.164  32.171 0.1000000015
3554  28.389  -80.043  28.933 0.1000000015
3556  26.392  -79.267  29.512 0.1000000015
4052  25.979  -79.177  30.301 0.1000000015
126150  30.745  -78.952  27.474 0.1000000015
4092  31.648  -78.945  27.376 0.1000000015
4655  32.252  -77.555  27.939 0.1000000015
5285  34.229  -77.276  27.717 0.1000000015
4654  33.217  -77.446  27.914 0.1000000015
124443  31.144  -78.973  35.614 0.1000000015
3917  28.341  -78.745  42.043 0.1000000015
3423  28.465  -80.949  41.932 0.1000000015
2977  28.912  -81.309  40.356 0.1000000015
2976  29.278  -81.175  40.458 0.1000000015
3435  30.520  -80.333  39.068 0.1000000015
3454  30.951  -80.051  37.302 0.1000000015
128561  31.220  -79.745  36.433 0.1000000015
4574  30.738  -78.207  34.769 0.1000000015
4588  30.344  -77.412  34.114 0.1000000015
136723  29.921  -75.807  33.683 0.1000000015
136899  28.435  -81.018  40.916 0.1000000015
3436  29.496  -80.761  39.499 0.1000000015
5819  29.235  -74.832  33.379 0.1000000015
5820  28.191  -75.178  33.590 0.1000000015
6448  27.498  -74.670  33.482 0.1000000015
6447  28.260  -74.551  33.123 0.1000000015
6463  27.536  -74.418  32.801 0.1000000015
6462  28.395  -74.325  32.494 0.1000000015
6482  27.807  -74.419  32.068 0.1000000015
5240  27.513  -77.098  30.791 0.1000000015
146837  26.909  -76.496  31.188 0.1000000015
3553  29.153  -80.463  28.789 0.1000000015
3114  29.640  -81.046  29.491 0.1000000015
3098  28.782  -80.574  29.742 0.1000000015
3541  27.940  -80.124  30.019 0.1000000015
4632  26.674  -78.565  30.804 0.1000000015
3552  30.013  -80.595  28.580 0.1000000015
3532  27.147  -79.750  30.167 0.1000000015
135728  30.579  -79.800  27.907 0.1000000015
3129  30.985  -80.498  28.371 0.1000000015
3571  31.364  -79.658  27.628 0.1000000015
4672  32.838  -78.371  27.434 0.1000000015
128521  35.216  -77.099  27.232 0.1000000015
3884  28.814  -80.344  44.642 0.1000000015
125882  28.858  -79.126  43.978 0.1000000015
3901  28.507  -78.914  42.955 0.1000000015
140936  29.014  -81.536  42.180 0.1000000015
3422  29.268  -81.246  41.414 0.1000000015
4555  30.955  -78.270  36.410 0.1000000015
3885  28.437  -80.107  43.555 0.1000000015
2969  28.942  -81.500  41.354 0.1000000015
2975  29.953  -80.728  39.678 0.1000000015
136071  30.759  -79.231  38.702 0.1000000015
4565  30.785  -77.601  35.429 0.1000000015
5178  30.547  -76.940  34.611 0.1000000015
5193  30.315  -76.317  33.998 0.1000000015
5157  30.798  -77.035  36.046 0.1000000015
6435  30.437  -74.539  34.323 0.1000000015
6445  29.990  -73.994  33.492 0.1000000015
6446  29.130  -74.272  32.826 0.1000000015
6461  29.222  -74.067  32.349 0.1000000015
7103  29.861  -73.749  32.866 0.1000000015
6481  28.604  -74.338  31.810 0.1000000015
5847  28.546  -75.022  31.112 0.1000000015
5860  27.792  -75.695  31.011 0.1000000015
4631  27.964  -78.101  30.485 0.1000000015
5239  28.580  -77.079  30.516 0.1000000015
3540  28.828  -80.537  30.132 0.1000000015
134787  28.477  -78.955  30.346 0.1000000015
3113  30.491  -81.222  29.209 0.1000000015
3097  29.532  -81.012  30.017 0.1000000015
3112  31.480  -81.298  28.871 0.1000000015
3570  32.282  -79.609  27.403 0.1000000015
4091  32.527  -79.015  27.251 0.1000000015
4671  33.949  -78.312  27.297 0.1000000015
4525  30.593  -78.209  39.124 0.1000000015
122381  30.693  -77.284  38.558 0.1000000015
129008  29.385  -80.297  45.513 0.1000000015
3400  28.718  -80.969  43.950 0.1000000015
2955  28.961  -81.219  43.919 0.1000000015
3421  29.560  -81.080  42.577 0.1000000015
3430  29.863  -80.709  40.499 0.1000000015
122554  30.755  -77.504  37.797 0.1000000015
5127  30.779  -76.501  38.016 0.1000000015
2956  28.897  -81.378  43.288 0.1000000015
3945  30.648  -79.637  39.213 0.1000000015
4534  30.777  -78.630  38.209 0.1000000015
147986  30.706  -76.215  36.208 0.1000000015
136665  30.748  -74.530  35.656 0.1000000015
146862  30.544  -73.773  34.064 0.1000000015
5791  30.660  -76.306  35.348 0.1000000015
124701  30.630  -75.123  35.079 0.1000000015
7115  30.409  -73.510  32.812 0.1000000015
5846  29.859  -74.778  31.261 0.1000000015
133722  29.345  -75.438  30.842 0.1000000015
5859  28.578  -76.092  30.689 0.1000000015
4049  29.532  -78.523  30.234 0.1000000015
147135  30.208  -81.227  29.993 0.1000000015
3084  29.737  -80.639  30.207 0.1000000015
3530  29.025  -79.852  30.324 0.1000000015
3096  30.308  -81.267  29.868 0.1000000015
2700  32.010  -81.680  29.417 0.1000000015
3128  32.093  -80.476  27.987 0.1000000015
3899  31.603  -79.790  43.210 0.1000000015
3384  29.934  -80.463  45.514 0.1000000015
3916  30.529  -78.577  41.543 0.1000000015
4510  30.573  -77.807  40.822 0.1000000015
5113  30.807  -76.925  39.527 0.1000000015
3871  29.997  -79.617  46.400 0.1000000015
3376  29.929  -80.097  46.226 0.1000000015
2954  29.477  -81.204  43.687 0.1000000015
3409  30.496  -80.633  43.384 0.1000000015
132002  30.507  -78.430  39.956 0.1000000015
5770  30.874  -75.678  37.572 0.1000000015
6414  30.865  -74.551  36.412 0.1000000015
5781  30.759  -75.548  36.734 0.1000000015
7089  30.931  -73.342  34.247 0.1000000015
139113  30.574  -73.471  33.417 0.1000000015
6460  30.873  -73.640  32.360 0.1000000015
5858  30.221  -75.780  30.792 0.1000000015
5238  29.520  -76.590  30.495 0.1000000015
127661  30.346  -78.220  30.210 0.1000000015
3095  31.359  -81.428  29.957 0.1000000015
131003  30.103  -79.230  30.164 0.1000000015
2699  32.795  -81.775  29.486 0.1000000015
3126  34.625  -81.073  27.646 0.1000000015
3397  31.246  -80.190  43.954 0.1000000015
4470  30.807  -78.274  41.912 0.1000000015
5095  31.076  -76.852  40.474 0.1000000015
3398  30.223  -80.767  44.405 0.1000000015
4491  30.800  -77.783  41.474 0.1000000015
5769  31.341  -74.825  38.087 0.1000000015
6400  31.703  -73.988  37.720 0.1000000015
6413  31.398  -73.800  36.842 0.1000000015
6421  31.145  -73.693  35.846 0.1000000015
7088  31.527  -72.933  34.471 0.1000000015
133234  30.936  -73.219  32.963 0.1000000015
6478  31.277  -74.432  31.747 0.1000000015
5224  32.147  -76.509  31.166 0.1000000015
5845  30.760  -75.112  31.296 0.1000000015
4048  31.147  -78.606  30.140 0.1000000015
5225  31.413  -77.027  30.722 0.1000000015
132678  32.935  -80.726  30.718 0.1000000015
3082  33.176  -81.303  30.547 0.1000000015
3083  32.187  -81.193  30.356 0.1000000015
3529  30.814  -79.755  30.008 0.1000000015
2698  33.579  -81.715  29.532 0.1000000015
3109  35.000  -81.178  28.077 0.1000000015
4072  37.023  -79.065  26.472 0.1000000015
4469  31.665  -78.692  42.448 0.1000000015
5094  31.931  -76.268  41.050 0.1000000015
135547  31.521  -75.102  38.875 0.1000000015
6385  31.963  -74.341  38.613 0.1000000015
3883  32.526  -79.159  43.930 0.1000000015
5112  31.472  -76.017  40.163 0.1000000015
7087  32.561  -72.807  34.219 0.1000000015
7114  31.702  -73.303  32.844 0.1000000015
6459  32.404  -73.960  32.487 0.1000000015
6477  32.265  -74.769  31.872 0.1000000015
4046  33.086  -79.661  30.875 0.1000000015
5236  32.266  -77.529  30.781 0.1000000015
4047  32.212  -78.530  30.467 0.1000000015
3081  33.805  -81.324  30.422 0.1000000015
125430  34.328  -81.336  29.163 0.1000000015
3551  34.890  -80.860  28.539 0.1000000015
5263  37.241  -77.414  27.700 0.1000000015
5890  38.210  -75.929  27.545 0.1000000015
3882  33.074  -78.745  43.388 0.1000000015
3898  32.680  -79.130  43.109 0.1000000015
4489  32.642  -78.056  42.128 0.1000000015
5093  32.839  -76.430  41.119 0.1000000015
5739  32.577  -75.132  39.807 0.1000000015
6370  32.495  -74.642  39.167 0.1000000015
5077  32.243  -76.972  41.631 0.1000000015
5721  32.298  -75.671  40.503 0.1000000015
7060  32.070  -73.395  37.219 0.1000000015
134025  32.242  -72.913  35.922 0.1000000015
7078  32.637  -72.853  35.192 0.1000000015
5831  32.904  -74.651  32.357 0.1000000015
5223  33.059  -76.473  31.626 0.1000000015
4614  32.986  -77.333  31.284 0.1000000015
7129  35.786  -74.118  32.119 0.1000000015
6476  35.645  -74.871  31.724 0.1000000015
5222  35.440  -76.755  31.009 0.1000000015
4612  35.722  -78.733  31.767 0.1000000015
4044  35.406  -79.380  31.713 0.1000000015
4035  34.051  -79.620  31.733 0.1000000015
4627  33.189  -78.409  31.105 0.1000000015
6475  35.928  -74.245  31.262 0.1000000015
5842  35.515  -75.697  31.188 0.1000000015
131528  35.392  -77.756  30.972 0.1000000015
7758  36.712  -72.694  32.561 0.1000000015
7128  36.340  -73.583  31.582 0.1000000015
6500  35.698  -74.846  30.920 0.1000000015
5235  35.290  -77.065  29.989 0.1000000015
4626  34.850  -78.928  29.654 0.1000000015
3526  34.424  -80.262  31.125 0.1000000015
123946  38.081  -72.028  33.180 0.1000000015
7768  37.655  -72.786  31.911 0.1000000015
5856  35.874  -75.264  30.025 0.1000000015
4064  34.717  -79.831  29.218 0.1000000015
5874  36.698  -75.634  28.987 0.1000000015
4063  35.384  -78.897  28.674 0.1000000015
7141  39.528  -74.053  30.347 0.1000000015
5251  36.782  -76.501  28.458 0.1000000015
6516  38.341  -74.840  29.146 0.1000000015
4450  34.523  -77.832  42.515 0.1000000015
4467  33.624  -78.416  42.562 0.1000000015
122216  33.848  -78.294  41.867 0.1000000015
5076  33.812  -77.959  41.376 0.1000000015
5720  33.262  -75.988  40.380 0.1000000015
6369  33.197  -74.789  39.100 0.1000000015
7040  32.441  -73.774  37.986 0.1000000015
7059  33.051  -73.498  37.428 0.1000000015
133591  32.878  -73.017  35.982 0.1000000015
7100  33.138  -73.285  33.643 0.1000000015
6458  33.209  -74.079  32.937 0.1000000015
5211  33.723  -76.510  32.245 0.1000000015
4026  35.254  -79.269  33.018 0.1000000015
145514  33.490  -77.927  31.485 0.1000000015
5829  35.717  -75.715  32.162 0.1000000015
125102  35.852  -77.791  31.768 0.1000000015
4033  35.724  -79.310  32.339 0.1000000015
4034  34.682  -79.374  32.476 0.1000000015
6457  35.767  -74.833  32.565 0.1000000015
147204  40.851  -71.820  33.396 0.1000000015
7756  38.578  -72.553  32.354 0.1000000015
5061  35.178  -77.414  42.281 0.1000000015
4487  35.048  -78.441  40.719 0.1000000015
130236  34.526  -78.229  41.547 0.1000000015
5111  34.448  -77.406  39.401 0.1000000015
5092  34.212  -77.672  40.381 0.1000000015
5738  33.570  -75.607  39.532 0.1000000015
6383  33.426  -74.589  38.505 0.1000000015
7039  33.110  -73.903  38.137 0.1000000015
6412  33.732  -73.888  37.113 0.1000000015
7069  33.359  -73.397  36.542 0.1000000015
6434  33.839  -73.717  34.130 0.1000000015
141648  34.061  -75.590  32.993 0.1000000015
5817  33.919  -74.842  33.307 0.1000000015
4014  35.183  -78.804  33.372 0.1000000015
4587  34.818  -77.958  33.506 0.1000000015
4604  34.242  -77.420  32.669 0.1000000015
5828  36.303  -75.911  32.910 0.1000000015
4013  35.768  -79.043  33.249 0.1000000015
4613  33.750  -77.518  31.928 0.1000000015
7731  37.255  -72.396  34.471 0.1000000015
138311  36.277  -73.741  33.715 0.1000000015
3510  35.282  -79.460  32.517 0.1000000015
7746  37.434  -71.923  33.778 0.1000000015
7747  36.654  -72.631  33.636 0.1000000015
4486  35.360  -78.201  40.683 0.1000000015
135559  35.191  -78.369  40.216 0.1000000015
4507  35.181  -78.176  39.619 0.1000000015
5756  33.881  -75.620  38.807 0.1000000015
6399  33.729  -74.434  37.816 0.1000000015
6411  34.252  -75.001  37.166 0.1000000015
7068  34.032  -74.127  36.374 0.1000000015
6420  34.327  -74.712  35.714 0.1000000015
140903  34.261  -74.664  34.160 0.1000000015
5192  34.758  -77.061  33.813 0.1000000015
5210  34.319  -76.546  32.999 0.1000000015
4586  35.654  -78.403  33.795 0.1000000015
4601  36.404  -78.289  33.131 0.1000000015
6443  35.836  -73.957  32.934 0.1000000015
8394  38.328  -71.656  33.786 0.1000000015
9113  41.971  -70.634  34.553 0.1000000015
4506  35.411  -78.088  39.797 0.1000000015
4533  35.358  -77.628  38.711 0.1000000015
5110  35.090  -77.851  38.771 0.1000000015
5754  35.261  -77.444  38.206 0.1000000015
122148  35.001  -77.706  38.355 0.1000000015
6398  34.543  -76.295  37.636 0.1000000015
126311  34.544  -75.620  36.542 0.1000000015
5790  34.728  -76.100  35.813 0.1000000015
5806  34.653  -75.902  34.763 0.1000000015
127114  34.948  -76.972  34.589 0.1000000015
4572  36.009  -77.953  34.510 0.1000000015
5208  36.685  -77.239  33.269 0.1000000015
4585  36.346  -78.018  33.888 0.1000000015
7085  36.877  -73.456  34.467 0.1000000015
6442  36.332  -74.931  33.472 0.1000000015
125576  42.088  -69.929  35.969 0.1000000015
9100  42.838  -69.843  35.481 0.1000000015
5780  34.850  -76.776  37.145 0.1000000015
136463  35.059  -76.943  36.794 0.1000000015
4573  35.338  -77.788  34.297 0.1000000015
9101  41.452  -70.670  36.727 0.1000000015
129642  38.813  -71.532  35.245 0.1000000015
5815  36.920  -76.286  33.696 0.1000000015
5767  35.698  -76.871  37.665 0.1000000015
5156  36.013  -77.164  36.944 0.1000000015
5141  35.553  -77.205  37.234 0.1000000015
5789  37.379  -76.177  35.703 0.1000000015
5155  36.445  -76.831  36.313 0.1000000015
5164  35.576  -77.156  36.364 0.1000000015
5804  37.771  -76.183  35.079 0.1000000015
5177  35.645  -77.545  35.051 0.1000000015
4564  36.248  -77.441  35.202 0.1000000015
8380  39.612  -71.196  35.483 0.1000000015
7716  39.205  -71.837  35.773 0.1000000015
7718  37.823  -72.242  35.093 0.1000000015
6432  36.934  -74.658  34.274 0.1000000015
130673  37.204  -75.716  34.121 0.1000000015
5191  36.867  -77.150  34.117 0.1000000015
9074  42.597  -69.998  37.835 0.1000000015
7075  37.875  -73.482  35.258 0.1000000015
5788  38.186  -75.400  35.618 0.1000000015
5162  36.812  -76.819  35.509 0.1000000015
5163  36.181  -77.196  36.102 0.1000000015
5176  36.930  -76.957  34.792 0.1000000015
127286  37.788  -75.677  34.760 0.1000000015
5805  37.336  -76.383  34.424 0.1000000015
6431  37.838  -74.710  34.861 0.1000000015
5793  25.378  -75.519  35.218 0.1000000015
6437  26.034  -74.312  34.078 0.1000000015
6465  25.735  -74.294  32.990 0.1000000015
6450  25.334  -74.007  33.693 0.1000000015
5833  24.861  -75.174  32.537 0.1000000015
5287  29.262  -77.114  27.546 0.1000000015
5212  24.260  -76.284  32.212 0.1000000015
5286  30.116  -77.230  27.829 0.1000000015
5253  25.251  -77.965  29.945 0.1000000015
5213  24.216  -76.809  31.941 0.1000000015
5272  25.763  -76.521  29.293 0.1000000015
5254  24.703  -77.238  30.513 0.1000000015
7090  24.677  -73.767  34.155 0.1000000015
5811  25.633  -74.713  34.716 0.1000000015
5851  23.994  -75.967  32.230 0.1000000015
3967  29.894  -80.005  37.603 0.1000000015
3058  30.750  -80.954  34.064 0.1000000015
5179  27.894  -77.005  34.233 0.1000000015
5181  26.592  -76.067  34.707 0.1000000015
4094  28.472  -79.033  28.163 0.1000000015
4053  25.556  -78.668  30.271 0.1000000015
128605  30.850  -80.112  37.159 0.1000000015
3483  31.365  -80.911  35.363 0.1000000015
4016  30.054  -78.796  33.562 0.1000000015
135856  28.932  -79.813  33.645 0.1000000015
4589  29.980  -77.745  33.619 0.1000000015
136892  26.973  -74.444  33.263 0.1000000015
4633  25.693  -78.569  30.771 0.1000000015
5228  24.503  -76.918  31.985 0.1000000015
3573  29.001  -79.544  28.250 0.1000000015
3542  27.206  -79.846  30.006 0.1000000015
5194  29.904  -76.724  33.715 0.1000000015
2995  30.091  -80.570  39.286 0.1000000015
5226  27.146  -75.457  31.453 0.1000000015
4050  27.339  -79.289  30.461 0.1000000015
134799  31.062  -79.332  37.059 0.1000000015
3902  28.209  -79.940  42.507 0.1000000015
3956  30.786  -79.911  38.449 0.1000000015
3966  30.953  -79.597  37.725 0.1000000015
5818  30.163  -75.133  33.858 0.1000000015
5848  27.889  -74.795  31.506 0.1000000015
3531  28.047  -79.928  30.225 0.1000000015
123577  30.121  -80.125  41.614 0.1000000015
5807  30.480  -75.779  34.451 0.1000000015
5142  30.757  -76.871  36.998 0.1000000015
4630  29.061  -77.730  30.322 0.1000000015
3111  32.474  -81.373  28.679 0.1000000015
3569  33.918  -80.293  26.742 0.1000000015
4090  33.660  -79.383  26.886 0.1000000015
132975  30.628  -77.576  39.950 0.1000000015
2945  29.325  -80.944  44.677 0.1000000015
128995  30.322  -79.328  40.549 0.1000000015
132868  30.669  -75.382  35.910 0.1000000015
6422  30.749  -73.998  34.920 0.1000000015
6479  30.303  -74.091  31.760 0.1000000015
4629  30.004  -77.518  30.303 0.1000000015
2689  32.199  -81.752  29.900 0.1000000015
3127  33.942  -80.802  27.288 0.1000000015
3900  30.573  -79.566  42.360 0.1000000015
5126  31.081  -76.074  39.009 0.1000000015
6401  31.073  -74.672  37.258 0.1000000015
7080  31.210  -73.389  34.983 0.1000000015
132415  31.708  -73.960  32.211 0.1000000015
5237  30.539  -76.764  30.583 0.1000000015
5857  31.129  -76.142  31.020 0.1000000015
2676  32.580  -81.690  30.132 0.1000000015
128511  34.251  -81.370  28.814 0.1000000015
139778  35.474  -80.617  27.019 0.1000000015
4509  31.304  -77.074  41.281 0.1000000015
4490  31.472  -77.670  41.828 0.1000000015
7079  31.719  -72.990  35.378 0.1000000015
5844  31.686  -75.464  31.420 0.1000000015
3528  31.934  -79.819  30.223 0.1000000015
3527  33.880  -80.596  31.144 0.1000000015
4074  35.783  -80.036  27.989 0.1000000015
3549  36.406  -79.810  27.041 0.1000000015
4073  36.519  -79.095  27.502 0.1000000015
4652  37.436  -78.261  26.891 0.1000000015
4468  33.038  -78.640  42.536 0.1000000015
6371  31.984  -74.814  39.290 0.1000000015
7113  32.534  -73.401  33.045 0.1000000015
5843  33.121  -75.523  32.036 0.1000000015
3539  34.356  -80.929  29.964 0.1000000015
5891  37.539  -76.109  28.237 0.1000000015
4653  36.400  -78.140  28.164 0.1000000015
5252  35.827  -77.041  28.756 0.1000000015
5873  37.852  -75.488  28.575 0.1000000015
7086  33.403  -73.205  34.576 0.1000000015
5830  33.511  -75.047  32.646 0.1000000015
5209  35.766  -76.678  31.887 0.1000000015
4625  35.124  -78.535  30.569 0.1000000015
4045  34.913  -79.937  30.874 0.1000000015
3519  34.665  -79.813  31.898 0.1000000015
139744  34.002  -78.757  32.042 0.1000000015
131808  35.490  -76.091  30.309 0.1000000015
7757  37.396  -72.281  32.906 0.1000000015
7143  36.799  -73.841  30.765 0.1000000015
4643  35.231  -77.964  29.254 0.1000000015
5875  35.845  -76.170  29.402 0.1000000015
123997  37.499  -74.342  29.992 0.1000000015
6517  36.952  -74.897  29.455 0.1000000015
6497  39.907  -74.233  29.784 0.1000000015
6498  38.918  -74.376  29.800 0.1000000015
4603  34.560  -78.637  32.861 0.1000000015
144311  36.241  -76.666  32.538 0.1000000015
128814  36.365  -77.684  32.562 0.1000000015
4602  36.190  -78.743  32.572 0.1000000015
9102  39.899  -71.116  34.485 0.1000000015
6433  34.122  -73.974  34.939 0.1000000015
5816  34.492  -75.870  33.704 0.1000000015
8393  38.758  -71.418  34.636 0.1000000015
140586  40.617  -70.642  35.288 0.1000000015
122472  36.407  -77.572  34.515 0.1000000015
124870  35.183  -76.959  35.449 0.1000000015
13239  43.215  -64.090  33.630 0.4000000060
11137  41.015  -67.273  34.111 0.3000000119
13240  42.310  -64.273  33.428 0.3000000119
13934  42.093  -63.193  33.616 0.4000000060
144413  41.636  -65.672  33.703 0.3000000119
129465  41.588  -63.719  33.222 0.4000000060
11898  38.206  -66.680  26.885 0.1000000015
11884  38.677  -67.057  27.717 0.1000000015
122398  38.546  -67.324  29.134 0.2000000030
11171  39.519  -67.097  30.059 0.3000000119
14683  36.596  -62.707  32.641 0.4000000060
10422  41.470  -68.365  34.030 0.3000000119
11845  39.347  -66.338  31.583 0.4000000060
11172  38.708  -67.361  29.898 0.2000000030
11857  39.455  -66.708  30.764 0.3000000119
124371  39.362  -65.063  30.762 0.4000000060
13254  38.958  -64.375  31.083 0.4000000060
13944  38.133  -63.347  32.204 0.4000000060
124799  39.501  -67.330  29.385 0.3000000119
13265  38.574  -64.644  30.432 0.4000000060
13950  38.641  -63.863  31.584 0.4000000060
13951  37.678  -63.862  31.530 0.4000000060
11210  38.646  -66.749  26.210 0.1000000015
15436  36.126  -62.159  33.050 0.5000000000
11186  40.187  -67.429  28.987 0.2000000030
12602  39.695  -66.005  30.861 0.3000000119
13255  38.133  -64.287  30.933 0.4000000060
15427  34.380  -61.521  33.227 0.4000000060
16139  34.219  -60.590  34.388 0.4000000060
127730  39.017  -65.060  29.919 0.4000000060
13962  37.198  -64.310  30.828 0.4000000060
13952  36.676  -63.838  31.442 0.4000000060
14689  36.118  -63.332  31.995 0.5000000000
11199  40.008  -67.683  27.475 0.2000000030
11200  39.156  -67.110  27.091 0.2000000030
141712  39.491  -67.499  27.873 0.2000000030
11170  40.153  -67.071  29.573 0.2000000030
11187  39.295  -67.433  28.570 0.2000000030
11868  39.868  -66.481  30.052 0.3000000119
122630  39.688  -65.648  30.143 0.3000000119
11209  39.679  -67.382  26.365 0.1000000015
13266  37.738  -64.528  30.254 0.4000000060
14684  35.652  -62.637  32.438 0.5000000000
15438  34.331  -61.997  32.550 0.5000000000
145465  33.949  -60.828  33.876 0.4000000060
13280  38.232  -64.711  29.704 0.4000000060
13963  36.350  -64.029  30.620 0.4000000060
14690  35.243  -63.029  31.612 0.5000000000
15446  33.938  -62.185  31.761 0.5000000000
16150  33.622  -61.001  33.294 0.4000000060
137803  40.121  -67.645  28.283 0.2000000030
11185  40.637  -67.084  29.111 0.2000000030
11867  40.340  -66.576  29.441 0.4000000060
12621  40.774  -66.573  28.917 0.2000000030
12615  40.097  -65.949  29.693 0.3000000119
12622  40.287  -65.736  29.032 0.4000000060
143998  39.587  -65.341  29.399 0.3000000119
14704  35.023  -63.247  30.692 0.5000000000
15439  33.587  -61.527  32.384 0.5000000000
16151  32.816  -60.339  33.003 0.4000000060
16990  32.694  -59.955  33.789 0.4000000060
13286  39.576  -65.081  28.542 0.4000000060
13287  37.793  -64.477  28.937 0.4000000060
13267  36.874  -64.351  29.923 0.4000000060
14691  34.388  -62.685  31.080 0.5000000000
11208  40.673  -68.039  27.013 0.2000000030
123340  40.793  -67.510  28.555 0.2000000030
17845  32.103  -59.265  33.765 0.4000000060
13279  38.766  -64.810  28.939 0.3000000119
140823  37.106  -64.294  29.128 0.4000000060
147708  36.140  -63.919  29.860 0.4000000060
11184  41.142  -67.169  28.568 0.2000000030
141679  40.727  -65.890  28.438 0.3000000119
12635  40.196  -65.318  28.195 0.4000000060
127188  31.964  -58.793  34.470 0.4000000060
13965  35.032  -63.228  29.841 0.5000000000
14692  33.329  -61.704  31.358 0.5000000000
19663  32.349  -56.797  36.407 0.4000000060
10481  41.556  -68.325  27.343 0.2000000030
11198  40.796  -67.915  27.895 0.2000000030
13981  37.049  -63.930  28.257 0.4000000060
126401  36.362  -63.826  29.005 0.4000000060
16160  32.577  -60.410  32.081 0.5000000000
16991  32.286  -59.627  33.063 0.4000000060
10488  41.379  -68.535  26.454 0.2000000030
128495  41.583  -67.780  27.893 0.2000000030
12620  41.260  -66.571  28.320 0.2000000030
143311  41.127  -65.826  27.831 0.2000000030
13300  38.913  -64.613  27.877 0.4000000060
14716  34.289  -62.277  29.545 0.5000000000
15455  33.397  -61.759  30.475 0.5000000000
10498  41.196  -68.629  25.409 0.2000000030
13299  39.672  -64.817  27.647 0.4000000060
13301  38.000  -64.365  28.026 0.3000000119
14715  35.162  -62.908  29.038 0.5000000000
14706  33.951  -62.314  30.302 0.5000000000
143927  32.378  -59.874  32.441 0.5000000000
10497  42.033  -69.134  25.854 0.2000000030
21607  34.323  -54.575  36.521 0.4000000060
21587  35.381  -54.586  37.456 0.2000000030
19676  32.063  -56.620  35.574 0.4000000060
17834  31.664  -57.997  34.358 0.4000000060
146936  40.623  -65.473  27.881 0.4000000060
16999  32.188  -59.262  32.381 0.4000000060
17846  31.756  -58.502  33.694 0.4000000060
10480  42.276  -68.433  27.439 0.2000000030
11883  42.008  -67.274  27.831 0.2000000030
12634  41.827  -66.287  27.532 0.2000000030
11197  42.640  -68.041  27.596 0.2000000030
143442  32.300  -55.905  35.291 0.4000000060
18745  31.645  -57.165  34.059 0.4000000060
18762  31.644  -57.213  33.183 0.4000000060
135623  36.289  -63.400  28.148 0.3000000119
15458  33.724  -61.726  29.685 0.5000000000
16173  32.497  -60.487  31.195 0.5000000000
123183  31.766  -58.052  32.883 0.4000000060
13298  40.319  -65.030  27.412 0.4000000060
13991  37.456  -63.636  27.361 0.4000000060
13992  36.684  -63.163  27.555 0.3000000119
13982  35.718  -63.170  28.521 0.4000000060
13317  39.094  -64.378  26.968 0.4000000060
15464  34.276  -61.624  28.958 0.5000000000
12633  42.728  -66.615  27.324 0.2000000030
129027  32.434  -55.472  34.665 0.4000000060
17007  32.322  -59.688  31.677 0.5000000000
17022  32.427  -59.746  30.741 0.5000000000
14724  35.980  -62.740  27.800 0.4000000060
14726  34.734  -62.275  28.847 0.5000000000
16185  32.695  -60.473  30.355 0.5000000000
124482  34.373  -60.965  28.542 0.5000000000
15463  34.958  -61.543  28.197 0.5000000000
13247  41.488  -64.313  33.154 0.4000000060
20643  33.167  -55.491  36.453 0.4000000060
18744  31.782  -57.315  34.975 0.4000000060
16192  33.113  -60.330  29.620 0.5000000000
10436  38.770  -68.495  33.203 0.3000000119
147017  40.022  -67.129  33.621 0.3000000119
11839  40.399  -66.382  33.513 0.2000000030
12579  40.869  -65.514  33.381 0.2000000030
9134  37.734  -69.773  32.361 0.2000000030
10437  38.033  -68.466  32.703 0.3000000119
11142  38.527  -67.749  32.736 0.3000000119
11141  39.050  -66.977  32.590 0.3000000119
9764  37.084  -69.210  32.103 0.2000000030
11146  37.333  -68.009  31.703 0.2000000030
11846  38.480  -67.269  32.146 0.2000000030
11173  37.655  -67.451  29.628 0.2000000030
10513  41.911  -69.439  24.902 0.1000000015
9835  42.582  -70.135  24.486 0.1000000015
14738  43.820  -62.515  26.568 0.1000000015
10434  40.861  -68.947  33.652 0.2000000030
11138  40.247  -67.957  33.931 0.2000000030
9758  39.243  -69.231  33.269 0.2000000030
10435  39.676  -68.611  33.552 0.2000000030
8450  39.570  -72.112  30.248 0.1000000015
125242  38.037  -70.586  31.895 0.1000000015
9133  38.685  -70.311  32.399 0.2000000030
8456  38.860  -72.326  29.603 0.1000000015
8451  37.891  -71.529  30.452 0.1000000015
127728  40.482  -67.981  25.910 0.1000000015
12643  43.258  -65.938  26.826 0.1000000015
13313  42.739  -64.947  26.247 0.1000000015
13321  42.719  -64.108  25.852 0.1000000015
14018  41.445  -63.420  25.587 0.1000000015
12642  44.250  -66.254  27.345 0.1000000015
13312  43.468  -64.378  26.274 0.1000000015
14017  42.381  -63.347  25.619 0.1000000015
14749  40.949  -62.621  25.553 0.1000000015
14746  43.179  -62.906  25.878 0.1000000015
15483  41.857  -61.281  26.177 0.1000000015
15485  40.149  -61.094  26.102 0.1000000015
16218  40.662  -60.565  26.746 0.1000000015
16203  40.349  -60.035  27.687 0.1000000015
9760  39.644  -70.116  32.770 0.2000000030
8437  38.601  -71.368  31.186 0.1000000015
13315  40.786  -64.801  26.680 0.1000000015
14732  37.186  -62.775  26.968 0.3000000119
11196  43.560  -68.125  27.481 0.1000000015
11882  43.177  -67.466  27.541 0.1000000015
130460  42.289  -65.701  26.789 0.1000000015
14004  39.725  -63.600  26.059 0.2000000030
14005  37.899  -63.201  26.663 0.3000000119
15473  36.475  -61.490  27.267 0.3000000119
16208  35.656  -60.368  27.872 0.3000000119
9820  43.081  -69.935  25.216 0.1000000015
10479  43.212  -68.730  27.204 0.1000000015
13314  41.683  -64.924  26.334 0.1000000015
14019  40.594  -63.456  25.719 0.1000000015
14741  38.402  -62.490  26.207 0.2000000030
15487  37.243  -61.388  26.874 0.3000000119
11881  44.423  -67.621  27.535 0.1000000015
15492  40.507  -61.838  25.701 0.1000000015
16220  38.824  -60.721  26.722 0.2000000030
17071  36.939  -60.007  27.727 0.3000000119
16219  39.781  -60.527  26.744 0.1000000015
17069  38.973  -59.570  28.116 0.2000000030
146574  37.496  -59.587  27.986 0.4000000060
16202  41.283  -60.252  27.619 0.1000000015
17068  39.787  -59.515  28.195 0.1000000015
17046  38.570  -59.071  28.403 0.3000000119
126530  43.168  -71.353  33.374 0.1000000015
8404  42.902  -72.187  32.100 0.1000000015
17034  32.696  -59.679  29.962 0.4000000060
145010  33.591  -60.076  29.074 0.4000000060
14734  35.734  -61.963  27.635 0.3000000119
16190  34.913  -60.514  28.113 0.4000000060
16191  34.171  -60.233  28.641 0.4000000060
17049  35.498  -59.648  28.181 0.4000000060
125317  35.322  -58.721  28.496 0.4000000060
17072  36.256  -59.796  27.997 0.4000000060
129806  36.939  -58.638  28.436 0.5000000000
17047  37.723  -59.020  28.361 0.3000000119
17904  37.599  -58.226  28.425 0.5000000000
17067  41.125  -59.632  28.052 0.2000000030
148047  40.484  -59.414  28.233 0.1000000015
131017  38.210  -58.558  28.385 0.4000000060
132616  41.945  -59.906  27.963 0.1000000015
128761  41.778  -59.154  27.962 0.1000000015
17044  40.100  -58.874  28.380 0.2000000030
17045  39.336  -59.000  28.468 0.2000000030
16200  43.810  -60.469  28.015 0.1000000015
17066  42.646  -59.361  27.762 0.1000000015
17917  41.121  -57.820  27.412 0.2000000030
16199  44.677  -60.563  28.109 0.1000000015
17065  43.546  -59.547  27.698 0.1000000015
17866  32.132  -58.272  31.468 0.4000000060
143070  31.941  -57.915  32.107 0.3000000119
145122  32.279  -58.411  30.709 0.4000000060
17051  33.908  -59.325  28.821 0.4000000060
17033  33.240  -59.503  29.376 0.4000000060
132750  34.489  -58.802  28.613 0.4000000060
18820  33.269  -58.018  29.334 0.4000000060
17048  36.226  -59.063  28.409 0.4000000060
17905  36.205  -58.249  28.585 0.4000000060
17906  35.466  -57.698  28.637 0.4000000060
123777  36.895  -57.855  28.499 0.5000000000
18834  37.499  -57.408  28.260 0.4000000060
124165  39.629  -57.266  27.616 0.3000000119
144976  39.005  -57.796  28.044 0.4000000060
18848  38.037  -56.831  27.914 0.4000000060
18853  43.213  -56.750  26.335 0.2000000030
123890  41.896  -57.659  26.958 0.2000000030
17918  40.307  -58.081  27.870 0.2000000030
17924  43.991  -58.094  26.613 0.1000000015
17915  43.396  -58.642  27.274 0.2000000030
124797  47.741  -61.933  26.869 0.1000000015
18803  31.748  -56.989  30.840 0.4000000060
19751  31.617  -56.703  31.867 0.4000000060
18821  32.747  -57.245  29.550 0.4000000060
19799  33.808  -56.564  28.712 0.4000000060
133438  33.372  -57.198  29.082 0.4000000060
18836  34.675  -57.127  28.660 0.4000000060
144899  35.865  -56.148  28.346 0.4000000060
19797  35.535  -56.689  28.531 0.4000000060
19796  36.425  -56.485  28.332 0.3000000119
19808  37.968  -55.764  27.872 0.4000000060
140612  37.299  -56.580  28.096 0.4000000060
19805  40.209  -56.072  27.364 0.3000000119
19806  39.291  -56.220  27.565 0.3000000119
146525  38.766  -57.055  27.744 0.4000000060
18852  43.726  -57.159  26.161 0.2000000030
19813  42.960  -55.790  26.207 0.2000000030
18846  41.571  -56.781  26.945 0.2000000030
18847  40.628  -57.024  27.312 0.2000000030
17923  44.620  -58.467  26.580 0.2000000030
14763  48.252  -62.000  24.692 0.1000000015
15489  48.010  -61.935  25.777 0.1000000015
16213  47.587  -61.398  26.355 0.1000000015
19707  31.999  -55.548  33.874 0.3000000119
19764  31.603  -56.235  31.189 0.4000000060
20749  31.559  -55.876  32.070 0.3000000119
147936  32.195  -55.858  29.933 0.4000000060
21746  32.937  -54.936  29.283 0.4000000060
20777  32.690  -55.759  29.419 0.4000000060
147881  33.967  -55.689  28.559 0.4000000060
20799  33.331  -55.701  28.869 0.4000000060
124420  35.355  -55.767  28.324 0.4000000060
19798  34.625  -56.175  28.483 0.4000000060
20796  37.046  -55.715  28.078 0.4000000060
122172  36.150  -55.609  28.225 0.3000000119
21779  40.848  -53.369  26.626 0.3000000119
125191  40.475  -53.826  27.124 0.3000000119
20808  38.911  -55.302  27.651 0.3000000119
20809  38.439  -54.516  27.834 0.3000000119
144605  37.624  -54.972  28.040 0.3000000119
20841  42.489  -55.387  25.378 0.2000000030
20830  42.592  -55.048  25.734 0.2000000030
21789  41.732  -53.793  26.003 0.3000000119
125437  41.040  -54.037  26.819 0.2000000030
20807  39.853  -55.025  27.441 0.3000000119
19816  43.250  -56.069  25.733 0.2000000030
19804  42.258  -55.415  26.536 0.2000000030
18857  43.693  -56.867  25.722 0.2000000030
20671  33.002  -54.968  34.682 0.3000000119
21643  33.353  -54.658  34.152 0.3000000119
20672  32.604  -54.970  34.020 0.3000000119
20694  32.196  -54.974  33.224 0.4000000060
20721  31.730  -55.679  32.974 0.3000000119
22641  33.058  -53.393  30.498 0.3000000119
132183  32.584  -53.969  31.012 0.4000000060
22655  33.297  -53.504  29.584 0.4000000060
21732  32.642  -54.173  29.971 0.4000000060
20778  32.359  -55.128  29.936 0.4000000060
22677  33.823  -53.850  28.886 0.4000000060
21772  33.725  -54.830  28.725 0.4000000060
21770  35.245  -53.637  28.427 0.3000000119
20798  34.578  -55.241  28.403 0.4000000060
22683  39.531  -52.349  27.261 0.3000000119
21781  38.800  -53.127  27.835 0.2000000030
22674  38.076  -52.861  28.160 0.2000000030
21769  36.291  -53.784  28.368 0.2000000030
134460  36.800  -54.688  28.228 0.3000000119
20797  35.515  -54.733  28.282 0.3000000119
23590  40.205  -52.803  26.620 0.3000000119
21780  39.525  -53.774  27.519 0.3000000119
21768  37.846  -54.011  28.112 0.2000000030
141368  42.183  -55.612  25.058 0.2000000030
139146  40.665  -54.955  25.425 0.3000000119
21808  41.140  -53.516  25.813 0.3000000119
21790  41.160  -53.432  26.246 0.3000000119
21625  34.767  -54.438  35.021 0.3000000119
21608  33.665  -54.830  36.067 0.3000000119
21626  33.720  -54.679  35.066 0.3000000119
23553  34.528  -52.003  29.259 0.3000000119
23576  37.143  -51.916  28.236 0.2000000030
24456  37.109  -51.102  28.194 0.2000000030
124422  35.028  -52.643  28.594 0.2000000030
23593  38.573  -51.552  27.365 0.2000000030
23575  38.150  -51.907  28.044 0.2000000030
22675  37.141  -52.842  28.292 0.2000000030
22676  36.061  -52.807  28.361 0.2000000030
142096  34.958  -54.472  36.813 0.2000000030
17063  45.163  -59.897  27.540 0.1000000015
17914  44.231  -58.837  27.260 0.1000000015
19820  40.051  -55.936  25.479 0.3000000119
19826  43.243  -56.364  25.220 0.2000000030
12586  41.017  -64.752  33.098 0.3000000119
127641  39.603  -66.596  33.053 0.3000000119
11145  37.933  -67.560  31.451 0.2000000030
9747  44.151  -69.689  34.124 0.1000000015
139368  41.417  -66.259  33.873 0.2000000030
140519  40.843  -65.312  27.351 0.1000000015
13990  38.302  -64.078  27.135 0.3000000119
131706  35.053  -54.374  36.058 0.3000000119
128000  31.730  -57.314  32.367 0.3000000119
13316  39.870  -64.445  26.724 0.3000000119
14733  36.508  -62.338  27.293 0.2000000030
142369  38.810  -63.554  26.413 0.2000000030
9761  38.442  -69.372  32.870 0.2000000030
11139  39.310  -67.588  33.325 0.3000000119
9762  37.650  -69.080  32.544 0.1000000015
14747  42.524  -62.496  25.692 0.1000000015
9757  40.265  -69.555  33.266 0.2000000030
11897  43.804  -66.830  27.467 0.1000000015
125515  43.925  -65.374  26.720 0.1000000015
13323  41.124  -64.211  25.951 0.1000000015
14748  41.801  -62.561  25.544 0.1000000015
15491  41.398  -61.830  25.686 0.1000000015
127605  39.393  -61.120  26.237 0.1000000015
14003  40.402  -64.145  26.183 0.2000000030
14743  37.104  -62.021  26.793 0.3000000119
15493  39.541  -61.878  25.818 0.2000000030
126772  37.859  -61.708  26.487 0.3000000119
16207  36.295  -60.602  27.593 0.4000000060
17050  34.681  -59.544  28.402 0.4000000060
15486  38.727  -61.596  26.186 0.3000000119
16221  37.875  -60.835  26.890 0.3000000119
134527  37.667  -60.155  27.574 0.3000000119
136237  32.434  -58.079  29.984 0.4000000060
17907  34.658  -58.047  28.699 0.4000000060
17916  42.435  -58.382  27.277 0.2000000030
146604  41.605  -58.432  27.580 0.2000000030
18802  32.125  -57.179  30.145 0.4000000060
17908  33.939  -58.406  28.867 0.4000000060
19803  42.464  -56.643  26.612 0.2000000030
20765  31.908  -55.586  30.567 0.4000000060
20806  40.746  -54.860  27.122 0.3000000119
121984  41.187  -55.795  27.031 0.2000000030
20817  42.689  -54.934  26.038 0.2000000030
20748  31.773  -55.304  31.423 0.4000000060
20720  31.859  -55.069  32.338 0.4000000060
21733  32.193  -54.746  30.744 0.4000000060
22682  40.263  -52.827  26.908 0.3000000119
144760  41.890  -54.966  25.280 0.2000000030
21788  42.239  -54.359  25.908 0.2000000030
21692  33.269  -54.115  32.768 0.4000000060
130668  34.483  -53.473  28.670 0.4000000060
23592  39.143  -51.861  27.068 0.2000000030
22684  38.847  -52.014  27.634 0.2000000030
142991  37.214  -53.693  28.271 0.2000000030
21719  32.839  -54.001  31.961 0.3000000119
21667  32.911  -54.539  33.391 0.2000000030
126339  33.501  -53.667  32.222 0.3000000119
134613  34.182  -54.484  34.232 0.2000000030
21642  34.900  -54.399  34.184 0.2000000030
10440  36.847  -68.545  31.595 0.1000000015
10441  36.432  -68.651  30.810 0.1000000015
11147  36.886  -67.900  30.971 0.1000000015
9124  41.293  -70.583  32.457 0.1000000015
127346  36.891  -67.514  29.279 0.1000000015
11156  37.718  -67.555  30.489 0.1000000015
127049  36.836  -67.726  29.999 0.1000000015
21586  36.271  -54.559  37.345 0.1000000015
21605  36.462  -54.422  36.397 0.1000000015
21622  37.838  -54.469  35.582 0.1000000015
21623  36.954  -54.353  35.570 0.1000000015
21624  35.890  -54.350  35.355 0.1000000015
21640  36.642  -54.370  34.834 0.1000000015
147052  35.431  -54.380  34.505 0.1000000015
21641  36.119  -54.354  34.319 0.1000000015
21663  36.432  -54.208  33.588 0.1000000015
21665  34.573  -54.203  33.614 0.1000000015
22595  34.091  -53.735  32.876 0.2000000030
21664  35.489  -54.216  33.751 0.1000000015
22562  36.853  -53.883  33.042 0.2000000030
23520  33.642  -52.858  31.029 0.2000000030
22592  36.298  -53.312  32.725 0.2000000030
22593  35.388  -53.280  32.703 0.2000000030
23495  34.840  -52.791  32.239 0.2000000030
22626  34.064  -53.197  31.981 0.2000000030
147943  37.930  -52.265  32.406 0.2000000030
23493  36.698  -52.572  32.507 0.2000000030
23518  35.104  -52.101  31.854 0.2000000030
23538  33.527  -52.755  30.106 0.2000000030
22654  34.016  -52.899  29.176 0.2000000030
24432  34.879  -51.157  29.458 0.1000000015
23492  37.638  -52.815  32.558 0.2000000030
23519  34.369  -52.466  31.489 0.2000000030
24393  34.618  -51.692  31.099 0.2000000030
24415  34.436  -51.505  30.172 0.1000000015
126349  35.353  -50.262  30.407 0.1000000015
146940  35.766  -54.407  36.126 0.1000000015
21584  38.032  -54.895  37.126 0.1000000015
21604  37.458  -54.515  36.381 0.1000000015
21603  38.289  -54.706  36.353 0.1000000015
21638  38.281  -54.495  34.768 0.1000000015
125709  37.787  -54.489  33.991 0.1000000015
22564  34.994  -53.715  33.166 0.2000000030
24370  35.937  -51.848  32.189 0.2000000030
20832  39.882  -54.909  25.515 0.2000000030
21791  40.477  -53.265  25.879 0.2000000030
137713  39.893  -53.972  25.606 0.2000000030
125454  39.159  -55.851  25.566 0.2000000030
20833  38.349  -55.711  25.701 0.2000000030
22692  40.208  -52.812  26.415 0.2000000030
135539  39.127  -54.739  25.691 0.2000000030
142570  39.355  -53.321  26.007 0.2000000030
19822  37.633  -56.569  25.367 0.2000000030
23591  39.819  -52.479  26.818 0.2000000030
20819  38.230  -54.670  25.956 0.1000000015
20834  37.409  -55.701  25.810 0.2000000030
21792  37.992  -53.629  26.305 0.2000000030
127147  38.908  -52.559  26.497 0.2000000030
20835  36.380  -55.657  25.879 0.1000000015
20820  37.145  -54.817  26.199 0.1000000015
144565  37.384  -53.350  26.436 0.1000000015
20842  34.902  -55.696  24.874 0.1000000015
19831  34.800  -56.047  24.183 0.1000000015
22590  38.118  -53.575  32.732 0.1000000015
127510  38.875  -51.841  26.876 0.1000000015
21794  35.982  -54.066  26.340 0.1000000015
22694  38.032  -52.576  26.546 0.1000000015
20836  35.531  -55.396  25.709 0.1000000015
140774  35.536  -54.678  26.048 0.1000000015
134368  34.250  -54.947  24.693 0.1000000015
146860  34.350  -54.543  25.088 0.1000000015
21828  33.504  -53.981  23.517 0.1000000015
23491  38.459  -52.813  32.511 0.1000000015
23489  40.119  -53.407  32.457 0.1000000015
23490  39.348  -52.671  32.366 0.1000000015
24480  37.859  -51.406  27.733 0.1000000015
24479  38.605  -51.523  27.071 0.1000000015
22695  36.753  -53.038  26.463 0.1000000015
23601  37.804  -51.696  26.771 0.1000000015
21809  35.247  -54.105  25.976 0.1000000015
21821  33.564  -53.980  24.104 0.1000000015
22722  33.780  -53.437  24.440 0.1000000015
23517  40.171  -52.418  32.148 0.1000000015
132685  37.597  -51.608  32.307 0.1000000015
141770  37.069  -50.567  26.892 0.1000000015
25373  37.219  -50.600  27.268 0.1000000015
24491  36.792  -51.153  26.561 0.1000000015
24490  37.812  -51.259  27.184 0.1000000015
24492  35.795  -51.933  26.074 0.1000000015
23602  36.294  -52.257  26.383 0.1000000015
24502  35.316  -51.929  25.182 0.1000000015
23603  35.472  -52.725  26.012 0.1000000015
22696  35.744  -53.314  26.264 0.1000000015
24513  34.683  -51.944  24.576 0.1000000015
24503  34.765  -52.358  24.973 0.1000000015
23613  34.810  -52.869  25.429 0.1000000015
24514  34.142  -52.201  24.354 0.1000000015
24367  39.524  -51.826  32.050 0.1000000015
24368  38.563  -51.894  32.224 0.1000000015
24481  37.397  -50.816  27.704 0.1000000015
128485  35.495  -51.485  24.689 0.1000000015
25406  34.829  -51.653  24.448 0.1000000015
25347  36.801  -50.372  28.196 0.1000000015
19824  35.729  -56.209  25.262 0.1000000015
22708  34.312  -53.490  25.148 0.1000000015
23629  33.675  -52.698  24.123 0.1000000015
18001  46.392  -58.442  20.827 0.1000000015
18019  46.127  -58.039  20.109 0.1000000015
148016  47.173  -58.399  19.521 0.1000000015
18000  48.717  -59.151  20.066 0.1000000015
16320  49.438  -59.907  19.731 0.1000000015
16297  49.086  -60.545  19.852 0.1000000015
16272  45.834  -60.683  21.329 0.1000000015
18002  45.351  -58.198  20.970 0.1000000015
18017  48.566  -58.992  19.284 0.1000000015
17149  49.716  -59.961  20.164 0.1000000015
122996  44.011  -58.140  20.426 0.1000000015
18003  44.404  -58.221  21.146 0.1000000015
125952  44.762  -58.387  21.781 0.1000000015
17984  45.639  -58.546  21.623 0.1000000015
141816  47.501  -58.851  20.661 0.1000000015
124204  45.435  -57.815  19.508 0.1000000015
125153  43.898  -58.354  22.110 0.1000000015
17986  44.347  -58.519  22.685 0.1000000015
123889  44.445  -57.906  19.657 0.1000000015
122797  43.144  -58.339  20.337 0.1000000015
18023  40.964  -58.395  19.943 0.1000000015
123888  42.970  -58.217  19.588 0.1000000015
18040  41.944  -58.328  19.536 0.1000000015
16273  44.900  -60.560  21.508 0.1000000015
2675  33.289  -81.691  30.190 0.1000000015
2686  34.000  -81.611  29.904 0.1000000015
2687  33.647  -81.745  30.002 0.1000000015
2688  33.020  -81.904  29.971 0.1000000015
2690  31.277  -81.427  29.663 0.1000000015
2961  29.039  -81.533  43.026 0.1000000015
2970  28.930  -81.525  42.471 0.1000000015
2985  29.404  -81.002  39.812 0.1000000015
2986  28.994  -81.117  39.773 0.1000000015
3028  31.286  -81.810  35.017 0.1000000015
3059  30.039  -79.905  33.585 0.1000000015
3110  33.583  -81.333  28.494 0.1000000015
3385  29.406  -80.473  45.346 0.1000000015
3399  28.978  -80.822  44.766 0.1000000015
3410  28.527  -80.973  42.988 0.1000000015
3455  30.692  -80.036  38.005 0.1000000015
3493  31.255  -80.865  34.748 0.1000000015
3518  35.191  -79.715  31.899 0.1000000015
3533  26.493  -79.525  30.047 0.1000000015
3550  35.644  -80.492  27.501 0.1000000015
3555  27.040  -79.564  29.500 0.1000000015
3566  36.607  -79.546  26.326 0.1000000015
3572  29.815  -79.509  27.912 0.1000000015
3918  28.117  -79.860  41.408 0.1000000015
4012  36.177  -78.974  33.077 0.1000000015
4025  35.871  -79.340  32.907 0.1000000015
4065  25.946  -79.189  29.819 0.1000000015
4076  26.960  -78.852  28.708 0.1000000015
4488  34.588  -78.326  41.059 0.1000000015
4508  34.938  -78.445  40.483 0.1000000015
4541  30.886  -78.359  37.340 0.1000000015
4590  29.161  -78.120  33.635 0.1000000015
4616  24.645  -77.332  31.573 0.1000000015
4628  30.837  -77.607  30.406 0.1000000015
4673  31.946  -78.313  27.533 0.1000000015
4676  27.416  -77.835  27.905 0.1000000015
5140  36.138  -76.935  37.036 0.1000000015
5227  25.030  -77.276  31.768 0.1000000015
5270  28.746  -76.375  27.617 0.1000000015
5288  28.433  -77.004  27.271 0.1000000015
5737  34.573  -77.217  38.671 0.1000000015
5740  31.759  -75.341  39.696 0.1000000015
5755  34.730  -77.176  38.156 0.1000000015
5757  31.059  -75.647  38.297 0.1000000015
5768  35.075  -77.196  37.548 0.1000000015
5792  25.973  -75.521  34.901 0.1000000015
5832  26.065  -74.791  32.443 0.1000000015
5834  24.084  -75.534  32.457 0.1000000015
6382  34.067  -75.523  38.236 0.1000000015
6384  32.743  -74.214  38.630 0.1000000015
6444  33.744  -74.024  33.581 0.1000000015
6466  24.513  -74.399  32.930 0.1000000015
6480  29.473  -74.110  31.807 0.1000000015
6499  36.351  -74.504  30.388 0.1000000015
7070  32.535  -73.118  36.595 0.1000000015
7071  31.777  -73.221  36.340 0.1000000015
7076  34.063  -73.977  35.644 0.1000000015
7077  33.564  -73.406  35.602 0.1000000015
7099  36.180  -73.194  33.067 0.1000000015
7101  32.210  -72.950  33.528 0.1000000015
7102  31.404  -73.001  33.594 0.1000000015
7112  36.173  -73.390  32.383 0.1000000015
7127  37.306  -73.355  31.265 0.1000000015
7130  29.965  -73.748  32.344 0.1000000015
7719  32.057  -72.732  34.638 0.1000000015
7732  31.948  -72.724  34.044 0.1000000015
7745  39.570  -72.401  32.707 0.1000000015
7769  36.756  -72.986  31.865 0.1000000015
7785  40.458  -72.840  29.573 0.1000000015
8381  38.360  -71.785  35.213 0.1000000015
8392  41.320  -71.336  33.917 0.1000000015
8395  37.835  -71.786  34.501 0.1000000015
8403  43.309  -71.647  32.175 0.1000000015
8406  39.648  -71.687  33.588 0.1000000015
8435  41.700  -72.617  30.715 0.1000000015
9112  43.663  -70.400  33.903 0.1000000015
9121  43.664  -71.157  32.693 0.2000000030
9131  42.458  -71.678  31.527 0.2000000030
9137  39.231  -71.097  31.670 0.1000000015
9732  43.324  -69.557  35.722 0.2000000030
9753  44.390  -70.020  33.128 0.2000000030
9815  43.513  -69.584  25.983 0.2000000030
9821  42.523  -69.670  25.315 0.1000000015
10373  44.216  -68.141  37.028 0.1000000015
10374  43.751  -68.720  37.188 0.1000000015
10420  44.491  -68.465  34.377 0.2000000030
10438  37.407  -68.500  32.189 0.2000000030
10477  44.650  -68.532  26.990 0.2000000030
10527  41.892  -70.187  23.867 0.1000000015
11064  33.604  -67.311  38.442 0.1000000015
11099  34.082  -67.430  36.795 0.1000000015
11109  45.704  -67.077  35.138 0.2000000030
11143  37.866  -67.841  32.212 0.2000000030
11195  45.028  -67.936  27.340 0.2000000030
11207  45.130  -68.166  26.850 0.1000000015
11772  32.333  -66.197  39.464 0.1000000015
11784  33.040  -66.745  38.534 0.1000000015
11795  46.144  -65.494  36.327 0.2000000030
11801  34.073  -66.857  35.949 0.1000000015
11803  32.578  -65.410  36.819 0.1000000015
11810  46.213  -65.944  35.473 0.2000000030
11811  43.791  -65.890  36.076 0.1000000015
11817  35.280  -66.727  34.962 0.1000000015
11829  35.756  -66.264  34.607 0.1000000015
11879  46.042  -66.762  27.982 0.1000000015
12490  32.070  -66.053  40.518 0.1000000015
12501  31.581  -64.893  39.094 0.1000000015
12527  45.852  -65.737  36.534 0.2000000030
12528  45.434  -66.169  36.583 0.1000000015
12540  44.834  -65.565  36.449 0.1000000015
12543  40.658  -64.908  35.227 0.3000000119
12546  33.521  -65.495  35.751 0.1000000015
12556  45.060  -65.133  34.294 0.2000000030
12563  36.191  -65.588  34.507 0.1000000015
12564  35.395  -65.591  34.621 0.1000000015
12565  34.798  -65.671  34.787 0.1000000015
12578  41.840  -65.040  33.499 0.3000000119
12631  47.050  -65.726  28.184 0.1000000015
12640  47.039  -65.904  27.663 0.1000000015
12644  41.431  -65.472  27.019 0.1000000015
13154  31.157  -64.932  41.698 0.1000000015
13176  31.536  -64.351  38.399 0.1000000015
13184  32.178  -64.827  37.077 0.1000000015
13192  46.206  -65.108  36.343 0.2000000030
13205  46.159  -64.802  36.142 0.2000000030
13209  40.815  -64.305  35.654 0.3000000119
13216  33.635  -64.772  35.621 0.1000000015
13225  46.128  -64.903  35.275 0.2000000030
13228  36.747  -64.801  34.568 0.1000000015
13229  35.767  -64.926  34.647 0.1000000015
13248  40.746  -64.141  32.664 0.5000000000
13253  39.464  -64.685  31.487 0.4000000060
13281  37.549  -64.506  29.598 0.4000000060
13322  41.994  -64.196  25.762 0.1000000015
13820  30.486  -63.329  42.816 0.1000000015
13832  30.266  -63.078  41.089 0.1000000015
13848  37.309  -63.313  40.268 0.4000000060
13856  39.078  -63.847  39.210 0.5000000000
13857  38.427  -63.775  39.371 0.4000000060
13868  40.704  -63.470  38.369 0.5000000000
13870  39.580  -63.949  38.973 0.5000000000
13875  32.212  -63.461  37.201 0.1000000015
13883  44.958  -63.854  36.622 0.2000000030
13885  43.137  -63.148  37.088 0.5000000000
13891  36.440  -63.429  37.106 0.2000000030
13902  45.171  -63.780  36.108 0.3000000119
13908  37.648  -63.594  35.934 0.2000000030
13911  33.849  -63.972  35.777 0.1000000015
13922  44.329  -63.327  34.708 0.4000000060
13932  44.736  -63.859  34.458 0.4000000060
13935  41.278  -63.004  33.367 0.5000000000
13945  37.081  -63.409  32.162 0.5000000000
13953  35.779  -63.596  31.157 0.4000000060
13964  35.612  -63.624  30.282 0.5000000000
13975  35.631  -63.481  29.411 0.5000000000
13979  47.270  -63.573  28.526 0.1000000015
13980  47.107  -63.654  28.766 0.1000000015
13998  47.489  -62.945  27.771 0.1000000015
14016  43.129  -63.628  25.892 0.1000000015
14020  40.057  -62.683  25.653 0.1000000015
14575  30.184  -62.628  42.446 0.1000000015
14583  36.516  -62.487  41.695 0.4000000060
14584  36.118  -62.432  41.907 0.3000000119
14599  36.215  -63.266  40.524 0.3000000119
14601  30.335  -62.607  39.604 0.1000000015
14608  39.885  -63.631  38.889 0.5000000000
14623  40.421  -62.987  38.500 0.5000000000
14637  44.528  -63.615  36.430 0.3000000119
14638  43.533  -63.157  36.897 0.4000000060
14639  42.261  -62.922  37.394 0.5000000000
14652  43.225  -62.703  36.191 0.4000000060
14653  42.220  -62.350  35.442 0.4000000060
14670  42.549  -62.774  34.010 0.5000000000
14672  40.934  -62.341  33.655 0.5000000000
14675  38.161  -62.137  33.410 0.5000000000
14679  40.497  -62.814  33.228 0.5000000000
14685  34.752  -62.481  32.123 0.5000000000
14705  34.509  -62.818  30.147 0.5000000000
14720  47.185  -63.316  28.691 0.1000000015
14725  35.328  -62.432  28.248 0.4000000060
14739  43.024  -62.066  26.051 0.1000000015
14740  39.205  -62.724  25.873 0.2000000030
14742  37.662  -62.431  26.568 0.3000000119
15302  29.538  -61.181  43.074 0.1000000015
15355  37.988  -62.429  39.044 0.5000000000
15370  33.294  -61.855  37.909 0.2000000030
15371  32.427  -61.851  37.857 0.1000000015
15379  37.766  -61.343  37.157 0.5000000000
15392  39.266  -61.562  36.468 0.5000000000
15405  40.565  -61.599  34.507 0.5000000000
15408  37.642  -60.942  34.555 0.5000000000
15410  36.123  -60.888  34.368 0.5000000000
15437  35.215  -61.981  33.040 0.5000000000
15447  32.838  -61.183  30.799 0.5000000000
15461  47.199  -62.772  28.550 0.1000000015
15469  46.103  -61.617  28.401 0.1000000015
15474  35.618  -61.128  27.731 0.3000000119
15479  47.342  -61.521  27.380 0.2000000030
15484  41.016  -61.121  26.038 0.1000000015
15490  42.240  -61.862  25.781 0.1000000015
15500  48.282  -61.717  24.392 0.1000000015
16082  29.754  -60.403  40.161 0.1000000015
16109  36.432  -60.810  37.258 0.5000000000
16110  35.609  -60.474  37.112 0.5000000000
16118  36.606  -60.548  36.327 0.5000000000
16127  37.807  -60.759  35.568 0.5000000000
16130  35.448  -60.401  35.598 0.5000000000
16149  34.472  -60.998  33.876 0.5000000000
16159  33.050  -60.877  32.507 0.5000000000
16172  32.859  -61.083  31.715 0.5000000000
16184  33.132  -61.134  29.962 0.5000000000
16204  39.365  -60.075  27.554 0.1000000015
16205  38.480  -60.159  27.514 0.2000000030
16206  37.052  -60.743  27.264 0.3000000119
16271  48.269  -61.192  20.615 0.1000000015
16300  45.547  -60.356  20.675 0.1000000015
16881  29.314  -59.289  44.404 0.1000000015
16950  29.924  -59.528  39.959 0.2000000030
16967  33.678  -59.060  37.487 0.5000000000
16973  34.291  -59.879  36.456 0.6000000238
16981  32.568  -59.522  34.502 0.4000000060
16992  31.900  -58.919  33.007 0.4000000060
17008  32.221  -58.940  31.785 0.5000000000
17043  40.937  -58.798  28.086 0.2000000030
17064  44.391  -59.697  27.695 0.1000000015
17070  38.170  -59.576  28.030 0.3000000119
17083  45.508  -59.439  26.779 0.2000000030
17139  48.219  -59.355  21.018 0.1000000015
17150  49.389  -59.637  19.740 0.1000000015
17165  49.007  -59.603  19.093 0.1000000015
17743  36.947  -58.642  43.007 0.2000000030
17745  36.166  -59.466  43.417 0.2000000030
17815  33.296  -58.207  37.770 0.5000000000
17824  32.525  -58.125  36.541 0.5000000000
17829  32.414  -58.504  35.824 0.5000000000
17865  32.302  -58.999  31.116 0.5000000000
17880  32.472  -58.972  30.327 0.4000000060
17881  32.066  -57.740  30.741 0.4000000060
17893  33.439  -58.790  29.198 0.4000000060
17894  32.874  -58.856  29.691 0.4000000060
17902  39.544  -58.325  28.214 0.2000000030
17903  38.835  -58.469  28.353 0.4000000060
17922  45.116  -58.829  26.493 0.2000000030
17951  39.074  -58.116  24.254 0.3000000119
17970  39.292  -58.436  23.533 0.3000000119
17987  42.966  -58.437  22.482 0.1000000015
17989  40.408  -58.637  22.551 0.2000000030
18007  40.595  -58.591  21.686 0.2000000030
18018  47.408  -58.566  20.085 0.1000000015
18020  44.956  -57.974  20.320 0.1000000015
18021  42.428  -58.398  20.130 0.1000000015
18022  41.648  -58.501  20.444 0.1000000015
18602  29.635  -57.183  45.356 0.1000000015
18609  29.223  -57.053  44.669 0.1000000015
18629  38.324  -57.138  42.142 0.1000000015
18645  38.883  -57.035  41.489 0.2000000030
18649  33.183  -57.611  41.370 0.2000000030
18666  32.633  -57.481  40.659 0.2000000030
18668  30.126  -57.603  40.097 0.2000000030
18683  41.698  -57.590  38.994 0.2000000030
18788  31.827  -57.415  31.538 0.4000000060
18835  36.240  -57.374  28.556 0.4000000060
18837  33.938  -57.572  28.831 0.4000000060
18844  43.265  -57.754  26.673 0.2000000030
18845  42.626  -57.472  26.718 0.2000000030
18851  44.268  -57.735  26.085 0.2000000030
18869  43.627  -57.249  24.904 0.2000000030
18871  40.601  -57.646  24.606 0.3000000119
18874  37.606  -57.651  24.379 0.3000000119
18893  37.183  -57.798  23.279 0.3000000119
18911  38.217  -58.073  22.151 0.1000000015
18923  38.480  -57.908  21.293 0.2000000030
18934  38.771  -57.751  20.436 0.1000000015
18936  36.595  -56.860  20.971 0.1000000015
18947  39.451  -57.831  19.743 0.1000000015
19567  38.985  -56.728  41.465 0.1000000015
19571  34.508  -56.334  42.246 0.1000000015
19586  40.271  -56.783  40.100 0.2000000030
19591  35.939  -56.900  40.945 0.3000000119
19606  41.116  -57.162  39.513 0.2000000030
19611  34.716  -56.828  39.816 0.5000000000
19625  41.517  -57.719  38.841 0.2000000030
19626  40.618  -57.527  38.921 0.2000000030
19662  32.814  -56.250  36.854 0.4000000060
19687  31.887  -56.297  34.599 0.4000000060
19688  31.690  -56.381  33.570 0.4000000060
19729  31.609  -56.530  32.671 0.3000000119
19763  31.899  -56.408  30.357 0.4000000060
19782  33.043  -56.494  29.161 0.4000000060
19783  32.412  -56.494  29.707 0.4000000060
19807  38.564  -56.272  27.716 0.4000000060
19812  43.353  -56.255  26.035 0.2000000030
19817  42.890  -55.690  25.499 0.2000000030
19818  42.139  -54.720  25.508 0.2000000030
19819  41.181  -55.662  25.309 0.3000000119
19821  38.477  -56.534  25.412 0.2000000030
19823  36.651  -56.454  25.336 0.3000000119
19827  42.756  -56.034  25.037 0.2000000030
19829  36.123  -56.825  24.686 0.2000000030
19842  35.186  -56.461  23.592 0.2000000030
19873  35.409  -56.226  21.683 0.1000000015
20546  37.099  -55.867  42.188 0.1000000015
20602  41.966  -57.556  38.844 0.1000000015
20608  35.767  -55.255  38.859 0.4000000060
20609  34.343  -55.663  38.491 0.4000000060
20624  33.405  -55.727  37.298 0.4000000060
20644  32.486  -56.006  36.055 0.4000000060
20657  32.939  -55.292  35.473 0.4000000060
20805  41.553  -54.631  26.684 0.2000000030
20816  43.010  -55.545  25.926 0.2000000030
20818  42.205  -54.303  26.153 0.3000000119
20821  36.166  -54.841  26.267 0.1000000015
20831  41.469  -54.394  25.480 0.3000000119
20837  34.844  -54.824  25.457 0.1000000015
20843  34.312  -55.459  24.150 0.1000000015
20863  34.277  -55.250  22.593 0.1000000015
20876  34.487  -55.188  21.697 0.1000000015
20884  35.810  -55.966  20.032 0.1000000015
21515  35.834  -54.580  41.614 0.1000000015
21583  39.953  -54.432  38.072 0.1000000015
21585  37.166  -54.657  37.218 0.1000000015
21606  35.651  -54.456  36.699 0.2000000030
21639  37.401  -54.415  34.804 0.1000000015
21666  33.735  -54.319  33.504 0.2000000030
21691  37.710  -54.014  32.953 0.1000000015
21693  32.508  -54.500  32.571 0.4000000060
21720  32.217  -54.546  31.671 0.4000000060
21771  34.513  -54.287  28.514 0.4000000060
21778  41.491  -53.814  26.355 0.2000000030
21793  36.812  -54.022  26.389 0.1000000015
21807  41.718  -53.914  25.831 0.2000000030
21810  34.540  -54.127  25.427 0.1000000015
21820  33.957  -54.202  24.701 0.1000000015
22443  29.486  -53.146  41.175 0.1000000015
22456  34.067  -53.593  40.570 0.1000000015
22563  35.921  -53.747  33.187 0.2000000030
22591  37.219  -53.421  32.719 0.2000000030
22594  34.654  -53.330  32.606 0.2000000030
22627  33.235  -53.462  31.453 0.4000000060
22690  41.168  -53.373  25.989 0.3000000119
22691  40.617  -53.048  26.376 0.3000000119
22693  39.539  -52.328  26.732 0.2000000030
22706  40.770  -53.095  26.114 0.2000000030
22707  35.013  -53.451  25.754 0.1000000015
22732  33.402  -53.290  23.234 0.1000000015
23375  35.541  -53.364  40.672 0.1000000015
23415  37.109  -52.730  38.286 0.1000000015
23494  35.689  -52.649  32.402 0.2000000030
23537  34.079  -52.244  30.625 0.2000000030
23614  34.196  -52.843  24.747 0.1000000015
24284  29.845  -51.863  40.399 0.1000000015
24369  37.341  -52.181  32.449 0.2000000030
25322  34.885  -50.774  30.088 0.1000000015
122327  46.810  -60.696  20.711 0.1000000015
122583  29.321  -54.743  41.674 0.1000000015
123188  38.280  -57.771  28.199 0.4000000060
123670  33.713  -60.905  29.160 0.5000000000
123706  30.028  -78.560  27.497 0.1000000015
123962  29.183  -59.900  41.837 0.1000000015
124227  36.916  -54.443  34.102 0.1000000015
125277  33.241  -54.228  29.233 0.4000000060
126057  36.704  -62.551  41.319 0.4000000060
126479  27.816  -79.987  29.636 0.1000000015
126582  34.458  -74.972  35.038 0.1000000015
126722  40.612  -54.058  25.526 0.2000000030
126806  32.044  -58.553  32.274 0.3000000119
127648  35.277  -62.890  39.459 0.2000000030
128078  31.380  -81.491  35.099 0.1000000015
128110  38.898  -64.060  38.826 0.4000000060
128183  30.339  -80.343  39.620 0.1000000015
128268  33.755  -75.821  32.550 0.1000000015
128442  35.433  -56.491  22.534 0.1000000015
129472  39.227  -61.334  34.476 0.5000000000
129746  31.003  -80.825  30.065 0.1000000015
129822  33.064  -80.839  27.928 0.1000000015
130610  29.674  -61.367  40.825 0.1000000015
130635  36.626  -60.527  35.091 0.6000000238
130896  28.896  -56.851  43.095 0.1000000015
131198  32.108  -64.212  37.062 0.1000000015
131525  36.785  -51.644  32.344 0.1000000015
133395  33.118  -80.271  27.359 0.1000000015
133633  32.601  -66.131  37.754 0.1000000015
133754  31.657  -56.841  31.351 0.4000000060
134217  42.987  -63.376  33.779 0.4000000060
134326  30.764  -80.031  37.985 0.1000000015
134653  35.264  -52.388  25.561 0.1000000015
135603  45.022  -66.906  36.793 0.1000000015
135981  42.449  -63.717  33.512 0.4000000060
136218  36.126  -78.612  33.383 0.1000000015
136770  34.387  -63.386  36.188 0.1000000015
137164  37.020  -57.643  24.043 0.3000000119
137205  32.421  -66.353  40.878 0.1000000015
137610  33.511  -53.341  23.816 0.1000000015
137744  41.705  -63.532  37.680 0.5000000000
137817  28.163  -80.299  40.751 0.1000000015
138364  38.400  -64.264  34.930 0.1000000015
138682  37.186  -64.005  35.033 0.2000000030
138761  39.520  -62.030  33.644 0.5000000000
139518  29.718  -61.018  40.338 0.1000000015
139655  29.016  -57.564  44.196 0.1000000015
139944  29.334  -60.351  41.524 0.1000000015
140155  36.860  -57.161  28.364 0.5000000000
140189  28.967  -58.921  42.543 0.1000000015
140204  32.463  -75.733  31.585 0.1000000015
140226  40.199  -51.741  31.868 0.1000000015
140578  44.689  -63.772  36.546 0.3000000119
140626  31.673  -65.368  39.681 0.1000000015
140650  46.190  -65.525  35.104 0.2000000030
140821  34.725  -62.720  29.474 0.5000000000
141009  33.738  -62.211  30.990 0.5000000000
141162  33.827  -63.489  36.199 0.1000000015
141730  43.674  -58.108  19.789 0.1000000015
141955  36.376  -60.629  34.782 0.5000000000
142119  31.264  -78.352  27.540 0.1000000015
142284  41.717  -57.770  38.929 0.1000000015
142384  33.422  -60.523  33.824 0.4000000060
142672  35.903  -77.427  35.725 0.1000000015
142708  32.026  -79.589  43.614 0.1000000015
142997  33.104  -79.691  27.123 0.1000000015
143175  38.860  -57.610  24.727 0.3000000119
143237  47.430  -63.514  28.010 0.1000000015
143401  32.995  -74.912  39.463 0.1000000015
143661  36.941  -59.322  28.182 0.4000000060
144076  27.349  -74.768  31.819 0.1000000015
144150  29.127  -74.613  31.359 0.1000000015
144152  34.269  -54.493  35.769 0.3000000119
145192  44.384  -69.944  33.315 0.2000000030
145308  33.874  -60.001  35.498 0.5000000000
145437  45.985  -66.023  34.811 0.2000000030
145523  35.547  -77.211  36.980 0.1000000015
145610  36.659  -56.296  19.426 0.1000000015
145773  39.353  -64.030  26.505 0.2000000030
146038  33.979  -81.634  29.592 0.1000000015
146107  30.477  -58.903  39.689 0.2000000030
146278  38.310  -61.191  26.524 0.3000000119
146473  31.570  -77.792  30.474 0.1000000015
146555  38.943  -62.174  25.919 0.2000000030
146608  31.628  -57.802  33.631 0.4000000060
147302  30.745  -63.406  38.974 0.1000000015
147438  29.238  -59.142  41.216 0.1000000015
147747  35.994  -62.122  42.247 0.3000000119
148071  34.002  -52.221  29.854 0.2000000030
