#!ascii label  , from subject sub-v1s22x0050507_ses-1 vox2ras=TkReg
183
55432  24.326  -7.743  -6.178 0.0000000000
49118  24.430  -14.876  -1.694 0.0000000000
111282  24.365  -5.367  -9.719 0.0000000000
101616  21.714  -2.033  -16.071 0.0000000000
45105  22.765  -17.878  -2.659 0.0000000000
58722  24.417  -3.015  -10.113 0.0000000000
106855  23.906  -2.512  -12.341 0.0000000000
100310  24.425  -10.672  -6.092 0.0000000000
100417  24.389  -11.467  -3.948 0.0000000000
100557  24.609  -9.059  -4.118 0.0000000000
102015  24.841  -5.188  -5.430 0.0000000000
57076  25.116  -5.730  -3.934 0.0000000000
56311  24.117  -6.815  -7.678 0.0000000000
58711  24.571  -3.811  -7.473 0.0000000000
58766  22.034  -3.258  -15.432 0.0000000000
111306  23.546  -1.449  -14.553 0.0000000000
50980  24.859  -12.605  -1.869 0.0000000000
59540  24.036  -3.220  -11.866 0.0000000000
59548  23.751  -3.626  -12.796 0.0000000000
116666  24.381  -8.977  -5.757 0.0000000000
100314  24.498  -9.921  -4.572 0.0000000000
119954  24.749  -8.132  -4.498 0.0000000000
47182  23.608  -16.823  -2.534 0.0000000000
106242  24.141  -6.348  -8.476 0.0000000000
117794  24.380  -5.542  -7.541 0.0000000000
57918  24.430  -4.934  -8.871 0.0000000000
60432  24.643  -1.444  -10.222 0.0000000000
59525  24.649  -2.384  -9.286 0.0000000000
107249  21.395  -1.353  -13.771 0.0000000000
59559  21.671  -2.930  -14.094 0.0000000000
102636  21.951  -2.869  -15.922 0.0000000000
115563  23.377  -0.372  -17.275 0.0000000000
62381  23.766  -0.211  -15.532 0.0000000000
108361  23.065  -1.782  -15.624 0.0000000000
62363  23.825  -0.065  -14.598 0.0000000000
61429  24.032  -0.309  -13.356 0.0000000000
100418  24.772  -11.199  -2.930 0.0000000000
100385  24.851  -12.024  -2.402 0.0000000000
45107  21.391  -18.627  -2.455 0.0000000000
104122  24.399  -4.611  -9.853 0.0000000000
58729  24.273  -3.557  -10.832 0.0000000000
118389  24.201  -2.982  -11.034 0.0000000000
60440  24.445  -1.440  -11.033 0.0000000000
100444  24.110  -13.087  -5.251 0.0000000000
100309  24.379  -11.725  -4.910 0.0000000000
114383  24.533  -10.558  -3.767 0.0000000000
100331  24.843  -9.526  -3.035 0.0000000000
57092  24.722  -6.123  -5.583 0.0000000000
56269  24.772  -6.762  -5.034 0.0000000000
57077  24.896  -5.940  -4.781 0.0000000000
54509  24.131  -8.484  -6.891 0.0000000000
54522  23.933  -8.468  -7.812 0.0000000000
56298  24.317  -6.897  -6.663 0.0000000000
108181  24.376  -6.056  -7.000 0.0000000000
100925  24.569  -4.509  -6.960 0.0000000000
59507  24.833  -2.878  -6.893 0.0000000000
101654  24.516  -3.209  -9.159 0.0000000000
59514  25.061  -2.180  -7.762 0.0000000000
58763  23.047  -3.814  -14.550 0.0000000000
60477  22.080  -1.611  -16.785 0.0000000000
59577  22.321  -2.537  -15.944 0.0000000000
60465  23.008  -2.442  -14.995 0.0000000000
59558  23.120  -3.167  -14.213 0.0000000000
60449  23.825  -1.711  -12.870 0.0000000000
61420  24.181  -0.674  -12.558 0.0000000000
48161  23.982  -15.350  -3.081 0.0000000000
114355  24.299  -13.022  -3.577 0.0000000000
100401  24.947  -7.886  -3.769 0.0000000000
100334  25.124  -8.049  -3.105 0.0000000000
58748  23.432  -4.319  -13.453 0.0000000000
114360  24.502  -9.017  -5.001 0.0000000000
100393  24.484  -8.309  -5.462 0.0000000000
44171  21.764  -19.837  -1.498 0.0000000000
44187  21.263  -19.390  -1.936 0.0000000000
47181  24.060  -16.242  -1.980 0.0000000000
111796  24.282  -5.852  -9.183 0.0000000000
57124  24.323  -5.586  -8.257 0.0000000000
61401  24.825  -0.792  -10.596 0.0000000000
61390  24.932  -0.893  -9.913 0.0000000000
61439  21.433  -1.284  -15.066 0.0000000000
60458  21.369  -2.151  -13.735 0.0000000000
121518  21.533  -2.326  -14.895 0.0000000000
62362  24.219  0.221  -13.874 0.0000000000
100317  25.248  -10.597  -2.260 0.0000000000
47193  22.693  -16.855  -3.693 0.0000000000
57930  24.317  -4.819  -10.845 0.0000000000
109406  24.214  -4.196  -11.218 0.0000000000
111443  24.148  -2.308  -11.458 0.0000000000
60448  24.131  -1.501  -11.926 0.0000000000
100667  21.774  -0.451  -14.026 0.0000000000
104528  24.313  -12.014  -5.874 0.0000000000
100478  24.435  -11.212  -5.544 0.0000000000
100316  24.620  -9.725  -3.634 0.0000000000
100332  24.719  -9.119  -3.419 0.0000000000
45106  22.420  -18.556  -2.347 0.0000000000
118259  23.209  -18.549  -1.353 0.0000000000
100519  24.278  -9.314  -6.564 0.0000000000
55451  24.080  -7.671  -7.204 0.0000000000
57911  24.473  -4.834  -7.765 0.0000000000
58703  24.780  -3.869  -6.412 0.0000000000
120314  24.431  -3.776  -9.709 0.0000000000
105745  24.533  -4.048  -9.046 0.0000000000
106032  24.672  -2.661  -8.492 0.0000000000
58765  22.191  -3.595  -14.866 0.0000000000
58756  21.741  -3.657  -14.156 0.0000000000
57963  22.546  -3.983  -14.435 0.0000000000
58764  22.221  -3.583  -14.899 0.0000000000
62392  23.567  -0.438  -16.660 0.0000000000
60475  22.448  -1.779  -16.398 0.0000000000
60457  23.547  -2.082  -13.891 0.0000000000
59549  23.645  -2.771  -13.267 0.0000000000
61421  23.771  -1.042  -13.504 0.0000000000
62353  24.637  0.193  -12.939 0.0000000000
62344  24.722  0.019  -12.117 0.0000000000
49141  23.610  -15.230  -3.910 0.0000000000
115643  24.269  -12.420  -4.346 0.0000000000
119458  24.143  -13.244  -4.418 0.0000000000
113518  24.561  -12.790  -2.665 0.0000000000
103713  24.583  -13.259  -2.095 0.0000000000
56268  24.939  -6.714  -4.179 0.0000000000
55415  24.819  -7.334  -4.617 0.0000000000
58738  23.911  -4.193  -12.084 0.0000000000
106921  24.445  -9.785  -5.675 0.0000000000
102249  24.483  -10.491  -5.297 0.0000000000
113357  23.377  -17.568  -2.261 0.0000000000
47172  23.810  -16.981  -1.664 0.0000000000
47171  24.204  -16.368  -1.170 0.0000000000
120515  24.410  -15.807  -0.820 0.0000000000
58697  24.936  -4.333  -5.684 0.0000000000
57882  25.193  -4.460  -5.053 0.0000000000
110089  23.940  -7.083  -8.593 0.0000000000
106221  24.247  -6.054  -7.776 0.0000000000
103895  24.509  -4.229  -8.310 0.0000000000
120328  24.562  -2.094  -9.915 0.0000000000
60425  24.883  -1.507  -9.431 0.0000000000
59569  21.911  -3.236  -15.084 0.0000000000
61451  23.220  -1.125  -16.148 0.0000000000
61438  23.606  -0.818  -15.101 0.0000000000
61430  23.761  -0.460  -14.097 0.0000000000
116706  24.489  -12.143  -3.298 0.0000000000
44188  20.311  -18.828  -2.098 0.0000000000
45108  20.338  -18.145  -2.512 0.0000000000
46077  23.088  -17.284  -3.065 0.0000000000
48148  23.837  -16.090  -2.795 0.0000000000
121648  24.323  -5.318  -10.404 0.0000000000
107336  24.331  -3.991  -10.422 0.0000000000
121060  24.144  -3.630  -11.416 0.0000000000
59532  24.389  -2.205  -10.618 0.0000000000
101935  21.819  -0.514  -13.048 0.0000000000
118501  24.267  -12.411  -5.274 0.0000000000
100443  24.466  -10.886  -4.654 0.0000000000
100313  24.838  -10.221  -2.993 0.0000000000
100462  25.233  -9.726  -2.468 0.0000000000
56281  24.515  -6.882  -5.801 0.0000000000
55419  24.627  -7.523  -5.256 0.0000000000
57070  25.114  -5.067  -4.538 0.0000000000
100315  24.367  -10.151  -6.543 0.0000000000
100488  24.306  -8.549  -6.153 0.0000000000
121607  24.530  -6.308  -6.246 0.0000000000
57107  24.629  -5.622  -6.238 0.0000000000
57115  24.499  -5.223  -6.952 0.0000000000
57904  24.704  -4.791  -6.269 0.0000000000
58718  24.547  -3.477  -8.366 0.0000000000
101508  24.641  -2.953  -7.753 0.0000000000
58755  23.165  -4.096  -14.041 0.0000000000
61452  21.519  -1.115  -16.160 0.0000000000
60478  21.894  -1.573  -16.682 0.0000000000
60476  21.978  -2.271  -16.364 0.0000000000
59578  21.950  -2.952  -15.949 0.0000000000
59568  22.320  -3.158  -15.160 0.0000000000
112625  23.466  -3.627  -13.565 0.0000000000
61411  24.619  -0.588  -11.500 0.0000000000
48162  23.508  -15.936  -3.594 0.0000000000
48147  24.235  -15.499  -2.263 0.0000000000
50085  24.122  -13.856  -3.960 0.0000000000
49140  24.050  -14.584  -3.451 0.0000000000
49129  24.305  -14.692  -2.548 0.0000000000
55408  25.107  -7.282  -3.441 0.0000000000
100320  24.828  -8.491  -3.609 0.0000000000
100415  25.053  -8.880  -2.830 0.0000000000
44172  20.615  -19.634  -1.684 0.0000000000
54490  24.914  -7.485  -4.112 0.0000000000
118509  22.349  -3.861  -14.477 0.0000000000
