#!ascii label  , from subject sub-v1s22x0050460_ses-1 vox2ras=TkReg
972
156500  -31.717  -24.519  65.232 0.0000000000
55443  -18.457  -31.785  67.101 0.0000000000
55471  -25.731  -31.351  65.362 0.0000000000
80064  -48.770  -8.428  44.317 0.0000000000
147737  -58.996  -8.504  44.139 0.0000000000
159364  -12.473  -31.053  70.318 0.0000000000
78079  -44.610  -9.870  48.378 0.0000000000
64878  -33.074  -21.896  63.848 0.0000000000
56560  -30.860  -30.143  63.735 0.0000000000
54450  -15.800  -33.185  69.715 0.0000000000
48169  -16.914  -38.287  72.496 0.0000000000
61864  -28.770  -25.842  63.737 0.0000000000
63747  -27.694  -22.927  62.848 0.0000000000
140246  -22.153  -28.933  67.102 0.0000000000
58586  -27.648  -28.588  63.935 0.0000000000
69379  -39.542  -18.147  49.820 0.0000000000
141052  -43.654  -15.311  48.455 0.0000000000
75149  -48.316  -13.283  45.396 0.0000000000
147217  -8.779  -32.930  73.712 0.0000000000
54352  -7.113  -32.445  76.528 0.0000000000
63804  -30.600  -23.113  59.833 0.0000000000
62861  -33.809  -23.847  55.824 0.0000000000
67175  -36.737  -20.141  52.608 0.0000000000
51281  -12.045  -35.996  73.521 0.0000000000
53475  -19.188  -33.330  69.200 0.0000000000
138401  -19.761  -31.547  69.433 0.0000000000
59756  -32.598  -27.443  64.259 0.0000000000
56487  -16.469  -30.168  68.486 0.0000000000
144343  -16.804  -32.569  68.062 0.0000000000
51371  -17.767  -34.929  69.141 0.0000000000
61841  -28.454  -25.780  66.046 0.0000000000
157641  -28.875  -27.999  63.705 0.0000000000
74046  -39.756  -15.024  49.770 0.0000000000
71745  -41.470  -16.293  48.442 0.0000000000
75102  -41.482  -13.452  49.024 0.0000000000
77142  -45.342  -11.832  45.600 0.0000000000
78105  -47.592  -10.759  44.007 0.0000000000
76178  -50.739  -12.762  45.016 0.0000000000
152960  -50.952  -10.423  42.839 0.0000000000
78122  -53.414  -10.414  42.564 0.0000000000
67075  -26.729  -20.695  62.613 0.0000000000
64913  -29.514  -22.229  61.091 0.0000000000
67081  -28.442  -20.278  60.277 0.0000000000
66004  -32.027  -21.558  55.806 0.0000000000
67139  -33.113  -19.923  54.557 0.0000000000
65035  -35.427  -22.093  53.684 0.0000000000
68218  -34.510  -18.879  53.158 0.0000000000
71674  -36.045  -16.688  51.999 0.0000000000
56527  -23.791  -30.147  65.706 0.0000000000
54419  -10.016  -32.618  70.771 0.0000000000
52413  -11.892  -33.627  70.577 0.0000000000
53346  -7.813  -34.133  78.137 0.0000000000
52301  -5.560  -34.628  78.404 0.0000000000
77132  -42.185  -11.256  49.419 0.0000000000
63751  -34.265  -23.456  62.529 0.0000000000
55490  -28.354  -31.464  64.490 0.0000000000
53444  -14.119  -33.340  70.914 0.0000000000
51312  -14.298  -35.797  70.991 0.0000000000
51333  -15.914  -35.628  69.731 0.0000000000
82180  -59.516  -6.213  44.120 0.0000000000
61867  -31.075  -25.536  63.410 0.0000000000
63718  -29.629  -23.133  63.566 0.0000000000
62755  -27.463  -24.308  63.763 0.0000000000
156295  -17.491  -29.135  66.979 0.0000000000
56503  -19.782  -29.988  67.065 0.0000000000
58544  -19.786  -27.770  66.083 0.0000000000
58565  -22.003  -27.671  65.298 0.0000000000
57528  -23.973  -28.943  64.182 0.0000000000
59735  -25.042  -27.536  64.513 0.0000000000
56555  -26.548  -30.379  63.565 0.0000000000
56575  -28.858  -30.115  62.724 0.0000000000
59783  -30.339  -27.672  62.551 0.0000000000
138134  -39.774  -19.813  52.477 0.0000000000
76159  -43.070  -12.090  47.517 0.0000000000
74095  -45.780  -14.043  47.050 0.0000000000
79092  -55.562  -9.657  42.202 0.0000000000
54365  -7.983  -32.505  75.437 0.0000000000
53361  -8.903  -33.926  77.530 0.0000000000
64901  -31.099  -21.958  62.917 0.0000000000
63780  -32.154  -23.025  61.827 0.0000000000
62789  -33.794  -24.531  60.126 0.0000000000
65986  -30.690  -21.505  57.613 0.0000000000
62816  -31.897  -24.029  57.836 0.0000000000
62820  -35.869  -24.766  58.963 0.0000000000
62850  -37.035  -24.144  56.794 0.0000000000
142883  -38.037  -22.779  55.311 0.0000000000
67159  -38.773  -20.851  53.822 0.0000000000
68254  -37.508  -18.941  51.604 0.0000000000
72916  -37.752  -16.050  50.706 0.0000000000
57471  -21.538  -29.121  69.378 0.0000000000
55374  -8.809  -30.928  71.892 0.0000000000
52363  -10.441  -34.613  73.504 0.0000000000
49175  -13.980  -37.395  72.660 0.0000000000
52317  -4.220  -34.543  77.441 0.0000000000
54462  -18.764  -32.857  67.849 0.0000000000
54452  -19.538  -32.554  69.054 0.0000000000
55428  -19.472  -31.682  67.685 0.0000000000
60871  -32.549  -26.462  64.405 0.0000000000
56501  -17.267  -30.542  67.229 0.0000000000
55441  -16.809  -31.728  67.830 0.0000000000
140711  -18.026  -32.324  67.317 0.0000000000
53493  -18.470  -33.513  68.272 0.0000000000
74038  -40.063  -14.325  50.376 0.0000000000
74047  -40.352  -14.581  49.486 0.0000000000
75098  -41.180  -13.208  49.615 0.0000000000
79062  -47.477  -8.773  45.612 0.0000000000
79070  -46.934  -9.891  44.692 0.0000000000
79072  -48.310  -9.693  43.768 0.0000000000
78111  -48.812  -10.678  43.491 0.0000000000
140651  -49.718  -9.401  43.281 0.0000000000
79077  -50.721  -9.260  43.032 0.0000000000
67078  -27.473  -20.179  61.593 0.0000000000
67122  -32.804  -19.857  55.415 0.0000000000
68216  -33.495  -19.565  53.985 0.0000000000
69299  -33.924  -17.926  54.346 0.0000000000
157479  -34.869  -16.671  53.902 0.0000000000
56518  -24.961  -31.104  65.771 0.0000000000
56506  -24.759  -30.958  67.688 0.0000000000
138999  -26.062  -31.511  66.793 0.0000000000
55413  -11.090  -31.834  69.735 0.0000000000
54438  -12.267  -32.766  70.343 0.0000000000
80098  -58.608  -8.442  42.621 0.0000000000
53345  -6.830  -33.979  78.023 0.0000000000
64853  -33.312  -21.711  64.806 0.0000000000
63719  -33.686  -22.789  63.201 0.0000000000
55507  -29.659  -31.178  63.777 0.0000000000
56531  -31.218  -30.559  65.548 0.0000000000
55414  -16.016  -32.087  69.596 0.0000000000
54423  -15.536  -32.493  71.205 0.0000000000
54422  -14.902  -32.807  71.166 0.0000000000
53459  -15.220  -33.875  70.207 0.0000000000
52414  -14.706  -34.494  70.499 0.0000000000
52433  -16.087  -34.945  69.446 0.0000000000
52416  -18.499  -34.845  70.156 0.0000000000
51335  -17.733  -35.947  70.470 0.0000000000
60879  -29.793  -26.255  62.951 0.0000000000
61865  -29.137  -25.288  63.480 0.0000000000
61863  -27.927  -25.100  64.029 0.0000000000
59699  -17.979  -27.312  67.172 0.0000000000
139913  -18.918  -28.205  66.372 0.0000000000
59713  -18.654  -26.725  66.759 0.0000000000
60855  -21.733  -26.160  65.437 0.0000000000
60868  -23.117  -26.591  64.794 0.0000000000
58581  -23.283  -27.806  64.509 0.0000000000
59752  -23.596  -27.201  64.391 0.0000000000
58568  -27.151  -28.538  65.760 0.0000000000
58585  -26.525  -28.512  64.017 0.0000000000
162209  -25.956  -28.597  63.773 0.0000000000
58597  -26.796  -28.914  63.568 0.0000000000
56556  -27.162  -30.174  63.298 0.0000000000
58598  -27.862  -28.918  63.311 0.0000000000
60870  -28.998  -27.064  63.528 0.0000000000
59768  -29.375  -27.927  62.714 0.0000000000
60878  -29.573  -27.117  62.808 0.0000000000
60892  -30.929  -27.122  62.762 0.0000000000
68276  -40.023  -19.173  50.991 0.0000000000
68277  -40.854  -19.296  50.938 0.0000000000
69380  -40.432  -18.430  49.772 0.0000000000
71746  -42.461  -16.333  48.462 0.0000000000
70528  -42.580  -17.728  48.947 0.0000000000
78069  -43.392  -10.414  49.296 0.0000000000
77134  -42.450  -11.219  48.573 0.0000000000
78086  -43.431  -10.793  47.331 0.0000000000
76173  -46.194  -12.298  45.183 0.0000000000
76168  -44.963  -12.546  46.304 0.0000000000
75127  -47.039  -13.795  46.073 0.0000000000
74077  -47.057  -14.792  47.438 0.0000000000
137833  -54.788  -9.865  42.311 0.0000000000
79081  -54.412  -9.185  42.683 0.0000000000
80095  -55.687  -9.039  42.633 0.0000000000
55336  -8.358  -31.577  73.387 0.0000000000
55318  -7.967  -31.434  74.120 0.0000000000
54378  -8.271  -32.449  74.567 0.0000000000
53371  -9.089  -33.751  76.895 0.0000000000
141467  -9.299  -33.894  79.223 0.0000000000
63717  -28.886  -23.239  63.258 0.0000000000
159064  -30.452  -22.305  63.563 0.0000000000
64875  -29.525  -22.614  63.124 0.0000000000
64923  -30.129  -22.574  60.631 0.0000000000
64914  -30.265  -22.390  61.542 0.0000000000
64924  -30.868  -22.980  60.901 0.0000000000
142807  -32.681  -23.598  61.100 0.0000000000
159671  -31.826  -23.964  59.790 0.0000000000
67092  -31.669  -20.021  57.966 0.0000000000
63899  -32.801  -23.094  55.561 0.0000000000
63881  -31.611  -22.924  56.809 0.0000000000
62848  -33.461  -24.151  56.515 0.0000000000
62818  -33.535  -24.665  58.375 0.0000000000
162817  -34.533  -24.549  57.132 0.0000000000
62833  -36.067  -24.572  57.663 0.0000000000
62863  -35.508  -24.106  55.978 0.0000000000
66055  -35.775  -21.434  53.290 0.0000000000
148204  -36.955  -22.788  54.620 0.0000000000
66057  -37.586  -21.315  53.624 0.0000000000
66042  -38.788  -21.480  54.359 0.0000000000
144874  -38.071  -20.672  53.379 0.0000000000
68235  -38.007  -19.707  52.274 0.0000000000
68234  -37.156  -19.599  52.218 0.0000000000
72885  -36.343  -15.470  52.635 0.0000000000
71688  -37.142  -16.404  51.147 0.0000000000
74026  -37.747  -14.903  51.798 0.0000000000
57489  -20.652  -29.214  67.257 0.0000000000
149478  -20.203  -29.790  67.708 0.0000000000
57490  -21.587  -28.891  67.689 0.0000000000
52378  -11.203  -34.633  71.856 0.0000000000
141354  -10.133  -33.646  71.867 0.0000000000
51280  -11.489  -35.441  73.165 0.0000000000
162245  -14.902  -37.232  71.405 0.0000000000
50263  -14.219  -36.394  71.453 0.0000000000
48168  -16.045  -38.558  72.505 0.0000000000
53445  -18.803  -34.067  70.818 0.0000000000
54424  -19.441  -32.305  70.604 0.0000000000
55402  -19.712  -31.344  70.460 0.0000000000
55403  -20.056  -30.446  70.676 0.0000000000
58588  -31.882  -29.006  63.984 0.0000000000
57519  -32.238  -29.444  65.698 0.0000000000
56474  -16.291  -30.528  69.136 0.0000000000
55427  -16.377  -31.884  68.581 0.0000000000
54451  -16.285  -32.786  68.804 0.0000000000
52434  -16.579  -34.557  69.073 0.0000000000
146015  -17.658  -34.384  68.711 0.0000000000
52435  -18.430  -34.560  69.332 0.0000000000
61858  -28.690  -26.295  64.212 0.0000000000
61857  -27.854  -25.287  64.653 0.0000000000
58570  -28.521  -28.551  64.937 0.0000000000
58587  -28.480  -28.370  63.875 0.0000000000
145550  -29.014  -27.580  64.427 0.0000000000
71727  -39.476  -16.589  49.344 0.0000000000
70539  -40.432  -17.234  48.973 0.0000000000
72952  -40.044  -16.101  48.916 0.0000000000
72954  -41.401  -15.295  48.583 0.0000000000
74057  -42.210  -13.944  48.644 0.0000000000
78090  -44.306  -10.882  46.463 0.0000000000
78091  -45.566  -10.257  45.903 0.0000000000
76189  -46.083  -11.406  44.961 0.0000000000
76190  -47.326  -12.039  44.488 0.0000000000
76177  -49.364  -12.780  44.871 0.0000000000
77157  -48.930  -11.767  43.908 0.0000000000
77168  -50.450  -11.506  43.477 0.0000000000
77169  -51.824  -11.309  43.025 0.0000000000
78120  -51.734  -10.559  42.714 0.0000000000
79079  -52.669  -8.951  43.033 0.0000000000
159350  -10.149  -34.571  74.982 0.0000000000
53386  -9.781  -34.206  75.576 0.0000000000
52339  -10.424  -34.754  75.671 0.0000000000
64896  -26.868  -21.981  62.577 0.0000000000
64898  -28.250  -22.526  62.231 0.0000000000
64911  -27.318  -21.568  61.860 0.0000000000
65964  -28.485  -21.230  60.504 0.0000000000
154835  -29.440  -21.740  59.544 0.0000000000
67099  -32.237  -20.116  57.468 0.0000000000
67109  -32.909  -19.776  56.421 0.0000000000
66022  -32.458  -21.483  55.139 0.0000000000
65015  -33.505  -22.201  54.360 0.0000000000
63919  -34.662  -23.148  54.630 0.0000000000
155665  -34.115  -21.207  53.628 0.0000000000
67155  -34.493  -20.598  53.355 0.0000000000
68232  -35.424  -19.032  52.562 0.0000000000
160884  -36.023  -18.742  52.127 0.0000000000
161624  -35.144  -17.603  52.699 0.0000000000
164609  -22.810  -29.391  66.970 0.0000000000
57491  -22.425  -29.011  67.562 0.0000000000
56504  -23.717  -30.211  67.912 0.0000000000
53456  -10.690  -32.906  70.416 0.0000000000
52379  -12.065  -34.958  71.614 0.0000000000
54338  -7.145  -33.136  76.996 0.0000000000
148938  -6.371  -32.000  77.415 0.0000000000
53359  -6.506  -33.098  77.477 0.0000000000
53358  -6.086  -33.335  77.741 0.0000000000
138162  -4.820  -33.138  77.628 0.0000000000
62765  -35.692  -23.938  61.965 0.0000000000
55473  -27.092  -31.646  65.350 0.0000000000
55462  -27.375  -31.721  66.115 0.0000000000
55377  -13.683  -32.224  71.667 0.0000000000
54421  -13.649  -32.850  71.007 0.0000000000
53442  -12.875  -33.396  70.743 0.0000000000
158176  -14.166  -34.125  70.731 0.0000000000
51332  -14.947  -35.517  70.430 0.0000000000
49198  -16.321  -37.195  70.794 0.0000000000
51354  -16.881  -35.442  69.379 0.0000000000
50264  -17.440  -36.594  70.898 0.0000000000
49179  -17.324  -37.676  72.169 0.0000000000
81136  -59.572  -7.456  43.950 0.0000000000
61859  -31.423  -24.909  64.269 0.0000000000
62751  -30.721  -23.740  64.563 0.0000000000
62759  -30.661  -24.712  63.786 0.0000000000
62757  -28.762  -24.006  63.434 0.0000000000
63716  -28.014  -23.698  63.271 0.0000000000
62750  -27.258  -24.562  64.336 0.0000000000
63695  -26.838  -23.929  63.960 0.0000000000
63714  -26.692  -23.109  63.632 0.0000000000
140538  -26.430  -21.757  63.763 0.0000000000
55459  -18.024  -30.923  66.777 0.0000000000
56502  -19.419  -31.001  67.124 0.0000000000
57501  -18.607  -29.729  66.511 0.0000000000
151923  -19.680  -28.672  66.311 0.0000000000
58545  -20.633  -28.254  66.062 0.0000000000
60840  -20.259  -26.049  66.076 0.0000000000
58564  -21.157  -27.532  65.597 0.0000000000
58547  -22.165  -28.567  65.845 0.0000000000
57515  -22.880  -28.954  65.590 0.0000000000
57516  -23.506  -29.404  65.163 0.0000000000
56538  -24.807  -30.248  64.347 0.0000000000
59734  -24.494  -26.903  64.778 0.0000000000
154669  -24.726  -27.960  63.972 0.0000000000
57541  -25.058  -29.131  63.709 0.0000000000
56539  -25.516  -30.564  64.095 0.0000000000
55504  -27.032  -30.890  63.753 0.0000000000
56557  -28.422  -30.688  63.221 0.0000000000
56559  -30.102  -30.518  63.189 0.0000000000
58599  -28.717  -28.559  62.962 0.0000000000
145444  -29.989  -29.038  62.368 0.0000000000
57568  -30.624  -29.193  62.680 0.0000000000
59769  -31.488  -27.830  62.993 0.0000000000
60880  -31.413  -26.426  63.244 0.0000000000
155840  -17.094  -29.684  67.382 0.0000000000
70527  -41.729  -17.782  48.974 0.0000000000
76150  -41.693  -11.923  49.469 0.0000000000
75103  -42.017  -12.933  48.610 0.0000000000
153859  -43.587  -14.094  48.047 0.0000000000
77141  -44.405  -11.665  46.363 0.0000000000
75111  -44.252  -13.283  47.264 0.0000000000
74059  -44.691  -14.902  48.062 0.0000000000
72958  -46.207  -15.426  48.195 0.0000000000
79093  -56.848  -9.205  41.954 0.0000000000
80097  -57.164  -8.722  42.547 0.0000000000
80072  -57.639  -8.637  44.336 0.0000000000
155997  -7.544  -30.954  74.732 0.0000000000
55282  -7.285  -31.845  75.884 0.0000000000
54366  -8.541  -33.016  75.255 0.0000000000
54354  -8.613  -33.184  76.035 0.0000000000
54339  -8.119  -33.278  76.709 0.0000000000
53360  -8.054  -33.763  77.460 0.0000000000
63696  -30.378  -22.816  64.220 0.0000000000
64850  -30.862  -22.207  64.190 0.0000000000
64902  -31.888  -22.015  63.089 0.0000000000
145415  -29.661  -22.309  61.924 0.0000000000
64916  -31.731  -22.324  62.471 0.0000000000
63749  -32.501  -22.761  62.487 0.0000000000
63781  -33.021  -23.411  61.816 0.0000000000
63782  -33.926  -23.785  61.715 0.0000000000
62779  -35.247  -24.304  61.251 0.0000000000
65978  -29.697  -20.866  58.651 0.0000000000
64945  -30.445  -22.329  58.279 0.0000000000
65987  -31.188  -21.580  56.988 0.0000000000
63867  -31.415  -23.376  57.556 0.0000000000
63850  -31.340  -23.724  58.356 0.0000000000
62803  -32.780  -24.492  58.936 0.0000000000
62805  -34.390  -24.735  59.637 0.0000000000
140090  -36.009  -23.684  55.436 0.0000000000
139316  -37.388  -23.714  56.210 0.0000000000
67178  -39.609  -20.202  53.141 0.0000000000
68255  -38.528  -19.270  51.637 0.0000000000
69363  -38.237  -18.490  50.776 0.0000000000
70489  -36.699  -17.689  51.439 0.0000000000
70490  -37.158  -17.239  50.968 0.0000000000
157417  -38.178  -17.095  50.128 0.0000000000
72917  -38.384  -15.735  50.319 0.0000000000
74037  -39.488  -14.731  50.625 0.0000000000
56488  -19.867  -30.732  67.857 0.0000000000
56476  -20.306  -29.842  69.472 0.0000000000
143772  -22.191  -28.994  68.908 0.0000000000
54404  -8.729  -32.201  72.954 0.0000000000
55375  -9.193  -31.389  71.215 0.0000000000
54405  -9.222  -32.600  72.175 0.0000000000
53415  -9.801  -34.161  73.627 0.0000000000
52340  -10.801  -35.123  74.821 0.0000000000
52397  -12.994  -34.888  71.309 0.0000000000
51310  -12.734  -35.487  71.755 0.0000000000
49170  -13.520  -37.510  73.344 0.0000000000
52287  -5.305  -35.354  79.239 0.0000000000
53343  -4.771  -34.233  77.743 0.0000000000
145581  -4.198  -32.533  77.553 0.0000000000
54475  -19.023  -32.213  67.502 0.0000000000
54463  -19.375  -32.438  68.159 0.0000000000
144771  -32.254  -25.494  64.704 0.0000000000
55442  -17.536  -31.549  67.284 0.0000000000
54474  -18.469  -32.453  67.479 0.0000000000
75081  -40.528  -13.623  50.861 0.0000000000
75090  -40.611  -13.766  49.938 0.0000000000
75091  -41.039  -13.049  50.326 0.0000000000
156021  -48.089  -8.547  44.957 0.0000000000
144569  -47.453  -9.199  44.792 0.0000000000
158095  -48.144  -9.109  44.224 0.0000000000
80076  -48.846  -9.141  43.692 0.0000000000
80077  -49.551  -8.499  43.777 0.0000000000
55461  -25.533  -31.406  66.282 0.0000000000
56458  -12.360  -30.259  69.936 0.0000000000
156967  -11.872  -31.175  69.848 0.0000000000
55399  -12.433  -31.843  70.290 0.0000000000
80086  -58.598  -8.600  43.643 0.0000000000
80087  -59.057  -8.368  43.425 0.0000000000
64879  -34.046  -22.322  63.926 0.0000000000
64903  -32.763  -22.391  63.163 0.0000000000
143937  -30.396  -30.871  64.112 0.0000000000
56541  -30.576  -31.019  65.058 0.0000000000
56542  -31.105  -30.440  64.611 0.0000000000
150420  -15.702  -32.585  70.465 0.0000000000
54439  -15.313  -33.080  70.674 0.0000000000
150542  -15.828  -34.172  69.495 0.0000000000
161289  -18.538  -27.485  66.614 0.0000000000
61849  -22.965  -25.576  65.792 0.0000000000
60856  -22.596  -26.018  65.286 0.0000000000
60869  -23.884  -26.623  64.650 0.0000000000
144473  -27.363  -28.577  64.800 0.0000000000
57544  -27.387  -29.445  63.225 0.0000000000
60877  -29.319  -26.573  63.189 0.0000000000
69364  -39.761  -18.704  50.298 0.0000000000
158510  -40.427  -18.912  50.402 0.0000000000
72955  -42.856  -15.480  48.512 0.0000000000
71747  -43.487  -16.186  48.592 0.0000000000
159381  -44.272  -15.254  48.338 0.0000000000
140471  -43.989  -10.204  48.832 0.0000000000
78077  -42.932  -10.820  48.001 0.0000000000
78078  -43.718  -10.293  47.842 0.0000000000
75148  -47.411  -13.273  45.417 0.0000000000
75147  -46.585  -13.105  45.545 0.0000000000
80083  -55.053  -8.715  43.161 0.0000000000
54392  -8.359  -32.140  73.747 0.0000000000
53397  -8.833  -33.329  74.622 0.0000000000
63748  -28.640  -22.913  62.857 0.0000000000
63805  -31.450  -23.586  60.196 0.0000000000
63900  -33.422  -23.335  55.345 0.0000000000
63883  -33.023  -23.635  56.001 0.0000000000
139075  -34.030  -24.485  56.904 0.0000000000
151762  -34.165  -24.217  56.308 0.0000000000
150157  -34.842  -24.371  56.607 0.0000000000
62862  -34.629  -24.001  55.823 0.0000000000
67157  -36.244  -20.786  52.853 0.0000000000
66056  -36.720  -21.404  53.369 0.0000000000
67158  -37.203  -20.752  53.089 0.0000000000
67176  -37.592  -20.211  52.731 0.0000000000
57504  -21.447  -28.738  66.630 0.0000000000
51293  -11.576  -35.139  72.353 0.0000000000
52364  -10.922  -34.810  72.830 0.0000000000
50249  -12.489  -36.572  73.826 0.0000000000
49185  -15.854  -37.580  71.271 0.0000000000
49177  -15.480  -38.025  71.935 0.0000000000
147785  -6.864  -31.055  76.223 0.0000000000
55269  -6.697  -31.472  76.803 0.0000000000
64852  -32.264  -21.661  64.574 0.0000000000
53460  -18.940  -33.895  69.803 0.0000000000
53446  -19.146  -33.191  70.687 0.0000000000
53461  -19.336  -32.953  69.844 0.0000000000
54440  -19.587  -32.185  69.865 0.0000000000
56461  -19.939  -30.542  69.910 0.0000000000
58589  -32.342  -28.342  64.140 0.0000000000
57469  -16.430  -29.603  69.195 0.0000000000
54461  -16.881  -33.352  68.343 0.0000000000
53492  -17.724  -33.719  68.239 0.0000000000
53474  -18.761  -33.846  68.921 0.0000000000
52451  -18.189  -34.246  68.701 0.0000000000
61851  -28.606  -26.071  65.258 0.0000000000
61850  -27.779  -25.303  65.604 0.0000000000
59737  -29.257  -28.062  65.230 0.0000000000
60844  -29.231  -26.613  66.034 0.0000000000
72932  -39.520  -15.756  49.408 0.0000000000
72933  -40.144  -15.348  49.068 0.0000000000
74048  -40.936  -14.036  49.268 0.0000000000
74055  -40.734  -14.865  48.854 0.0000000000
74056  -41.452  -14.367  48.808 0.0000000000
140771  -42.220  -14.870  48.622 0.0000000000
79057  -45.633  -9.667  46.659 0.0000000000
79058  -46.298  -9.455  46.246 0.0000000000
78104  -47.089  -10.489  44.383 0.0000000000
78095  -46.453  -10.536  44.780 0.0000000000
77155  -46.929  -11.247  44.423 0.0000000000
77156  -47.735  -11.453  44.100 0.0000000000
76191  -48.255  -12.121  44.317 0.0000000000
149249  -48.347  -11.529  43.907 0.0000000000
78112  -49.574  -10.334  43.206 0.0000000000
77167  -49.477  -11.217  43.465 0.0000000000
78113  -50.308  -10.766  43.084 0.0000000000
78114  -51.092  -11.072  43.034 0.0000000000
77177  -52.328  -11.038  42.760 0.0000000000
80079  -51.147  -8.531  43.454 0.0000000000
79078  -51.660  -9.077  42.949 0.0000000000
65951  -26.504  -21.383  63.065 0.0000000000
65954  -26.807  -21.302  62.376 0.0000000000
67080  -27.863  -20.364  60.992 0.0000000000
65963  -27.986  -20.802  60.810 0.0000000000
65970  -28.923  -21.106  59.835 0.0000000000
65965  -29.218  -21.902  60.338 0.0000000000
67138  -32.684  -20.659  54.877 0.0000000000
66038  -33.017  -21.470  54.547 0.0000000000
66053  -33.578  -21.384  54.022 0.0000000000
69298  -33.703  -18.772  53.843 0.0000000000
68217  -34.096  -19.682  53.483 0.0000000000
157158  -34.925  -19.861  52.945 0.0000000000
69311  -34.891  -18.105  52.877 0.0000000000
71662  -35.320  -16.390  53.304 0.0000000000
162783  -23.162  -29.588  66.145 0.0000000000
56516  -23.500  -30.162  66.827 0.0000000000
145031  -25.484  -31.106  67.934 0.0000000000
144536  -11.447  -32.944  70.260 0.0000000000
54437  -11.088  -32.455  69.924 0.0000000000
52395  -11.509  -34.269  71.107 0.0000000000
165070  -7.285  -33.639  77.591 0.0000000000
154962  -6.092  -34.078  78.035 0.0000000000
160770  -5.535  -32.837  77.699 0.0000000000
53344  -5.475  -33.697  77.780 0.0000000000
63720  -34.617  -23.092  63.259 0.0000000000
63752  -35.155  -23.589  62.609 0.0000000000
63753  -36.012  -23.638  62.732 0.0000000000
55474  -27.890  -31.658  65.324 0.0000000000
55475  -28.910  -31.553  65.345 0.0000000000
143501  -14.407  -32.568  71.497 0.0000000000
162989  -13.524  -33.437  70.823 0.0000000000
52415  -15.385  -34.785  69.953 0.0000000000
142203  -15.653  -36.302  70.207 0.0000000000
50274  -15.599  -36.973  70.706 0.0000000000
50275  -16.395  -36.696  70.301 0.0000000000
52450  -17.236  -34.718  68.961 0.0000000000
51355  -17.647  -35.576  69.678 0.0000000000
51313  -17.786  -35.926  71.294 0.0000000000
49187  -17.190  -37.300  71.467 0.0000000000
61866  -30.095  -25.189  63.305 0.0000000000
62756  -28.156  -24.710  63.665 0.0000000000
150032  -29.454  -24.233  63.542 0.0000000000
62744  -27.167  -24.711  65.135 0.0000000000
64823  -26.397  -22.659  65.538 0.0000000000
63694  -26.512  -23.352  64.368 0.0000000000
64849  -26.404  -22.462  64.168 0.0000000000
64874  -26.592  -22.283  63.300 0.0000000000
56513  -17.766  -29.912  66.693 0.0000000000
56514  -18.448  -30.439  66.631 0.0000000000
57503  -20.275  -29.068  66.629 0.0000000000
59732  -21.567  -26.858  65.306 0.0000000000
58546  -21.484  -28.281  65.836 0.0000000000
58566  -22.702  -28.180  65.053 0.0000000000
58567  -23.341  -28.553  64.688 0.0000000000
57517  -24.153  -29.842  64.712 0.0000000000
57529  -24.601  -29.436  63.972 0.0000000000
59736  -26.135  -28.179  64.828 0.0000000000
145538  -25.522  -27.585  65.517 0.0000000000
60843  -24.906  -26.930  65.834 0.0000000000
162716  -25.001  -27.206  65.126 0.0000000000
59753  -24.256  -27.283  64.219 0.0000000000
57542  -25.791  -29.204  63.562 0.0000000000
58584  -25.259  -28.567  63.783 0.0000000000
56554  -25.922  -30.133  63.600 0.0000000000
57530  -25.228  -29.818  63.756 0.0000000000
56540  -26.222  -30.780  63.913 0.0000000000
56574  -27.981  -29.923  62.931 0.0000000000
152775  -27.691  -30.588  63.371 0.0000000000
56558  -29.277  -30.756  63.157 0.0000000000
164657  -29.571  -30.205  62.758 0.0000000000
59755  -28.910  -28.169  64.586 0.0000000000
59782  -29.806  -27.539  62.582 0.0000000000
146542  -29.863  -28.228  62.449 0.0000000000
58611  -30.500  -28.452  62.529 0.0000000000
57569  -31.171  -28.565  62.839 0.0000000000
59784  -30.931  -27.923  62.653 0.0000000000
156902  -30.526  -26.238  62.948 0.0000000000
61868  -31.916  -25.897  63.859 0.0000000000
58532  -17.692  -28.340  67.093 0.0000000000
57480  -17.187  -28.810  67.793 0.0000000000
68237  -40.413  -20.001  52.899 0.0000000000
68278  -41.703  -19.276  50.816 0.0000000000
68258  -41.453  -19.643  51.643 0.0000000000
70540  -41.191  -17.163  48.677 0.0000000000
70526  -40.888  -17.811  49.192 0.0000000000
77119  -41.729  -11.700  50.115 0.0000000000
76158  -42.612  -11.592  47.977 0.0000000000
76153  -42.041  -11.934  48.721 0.0000000000
76154  -42.559  -12.465  48.065 0.0000000000
75104  -42.867  -13.488  48.153 0.0000000000
151128  -43.122  -12.829  47.706 0.0000000000
147925  -44.874  -10.982  45.919 0.0000000000
75125  -45.421  -13.316  46.565 0.0000000000
75124  -44.741  -13.106  46.806 0.0000000000
75112  -44.967  -13.735  47.206 0.0000000000
74075  -44.334  -14.114  47.731 0.0000000000
74076  -45.230  -14.484  47.620 0.0000000000
74060  -45.457  -15.172  48.043 0.0000000000
72977  -46.157  -14.793  47.597 0.0000000000
72979  -47.488  -15.243  48.013 0.0000000000
76193  -49.943  -12.520  44.590 0.0000000000
78123  -54.206  -10.482  42.490 0.0000000000
78124  -55.629  -10.336  42.076 0.0000000000
79102  -56.264  -9.799  41.887 0.0000000000
80084  -56.044  -8.518  43.609 0.0000000000
80096  -56.475  -8.872  42.680 0.0000000000
80085  -57.118  -8.557  43.402 0.0000000000
55299  -7.702  -31.696  75.012 0.0000000000
55298  -7.178  -31.028  75.447 0.0000000000
53385  -9.109  -33.579  75.452 0.0000000000
53372  -9.428  -33.826  76.305 0.0000000000
54353  -7.788  -32.665  76.072 0.0000000000
53347  -8.761  -34.076  78.303 0.0000000000
62758  -30.046  -23.880  63.784 0.0000000000
64876  -31.314  -21.933  63.689 0.0000000000
142115  -28.863  -22.237  61.692 0.0000000000
64915  -31.152  -22.436  61.925 0.0000000000
63807  -33.202  -24.116  60.549 0.0000000000
157603  -33.389  -23.821  61.192 0.0000000000
62777  -33.940  -24.218  60.883 0.0000000000
62778  -34.536  -24.216  61.242 0.0000000000
62790  -34.681  -24.553  60.515 0.0000000000
67090  -30.150  -20.299  58.410 0.0000000000
68160  -29.874  -19.792  58.780 0.0000000000
65979  -30.212  -21.254  58.246 0.0000000000
64932  -29.774  -21.729  58.843 0.0000000000
154573  -31.943  -20.920  56.247 0.0000000000
67107  -31.670  -20.817  56.791 0.0000000000
66003  -31.634  -21.605  56.415 0.0000000000
63868  -32.002  -23.661  57.067 0.0000000000
62802  -31.988  -24.201  58.642 0.0000000000
62817  -32.585  -24.418  58.085 0.0000000000
137357  -34.517  -24.746  58.298 0.0000000000
157960  -34.172  -24.758  58.950 0.0000000000
138105  -34.917  -24.849  59.011 0.0000000000
141058  -35.263  -24.753  59.784 0.0000000000
160788  -36.496  -24.335  56.994 0.0000000000
65017  -35.110  -22.648  54.169 0.0000000000
63920  -35.580  -23.212  54.733 0.0000000000
65019  -37.646  -22.536  54.700 0.0000000000
64998  -37.357  -23.178  55.313 0.0000000000
67140  -39.291  -20.960  54.202 0.0000000000
67160  -39.439  -20.573  53.786 0.0000000000
67177  -38.838  -20.396  53.281 0.0000000000
68236  -38.931  -19.872  52.516 0.0000000000
70471  -36.050  -17.418  51.842 0.0000000000
69325  -36.272  -18.191  51.795 0.0000000000
71708  -37.675  -16.793  50.543 0.0000000000
71709  -38.230  -16.457  50.155 0.0000000000
74028  -39.292  -14.559  51.480 0.0000000000
56515  -19.127  -30.384  66.708 0.0000000000
57470  -20.795  -29.289  69.046 0.0000000000
56489  -20.293  -29.851  68.546 0.0000000000
57456  -20.904  -29.408  69.865 0.0000000000
57484  -23.038  -29.479  68.663 0.0000000000
57483  -22.324  -28.961  68.221 0.0000000000
138296  -26.842  -31.568  66.903 0.0000000000
55353  -8.598  -31.283  72.718 0.0000000000
54435  -9.793  -31.745  70.459 0.0000000000
56456  -9.424  -30.849  70.532 0.0000000000
54418  -9.424  -32.242  71.318 0.0000000000
154958  -10.341  -34.344  72.994 0.0000000000
147337  -9.572  -33.271  72.390 0.0000000000
53429  -9.980  -33.854  72.739 0.0000000000
53414  -9.387  -33.480  73.241 0.0000000000
52351  -10.243  -34.633  74.227 0.0000000000
53443  -13.389  -34.105  70.894 0.0000000000
50257  -14.118  -36.951  72.074 0.0000000000
50262  -13.624  -36.380  71.941 0.0000000000
51295  -12.984  -36.090  72.159 0.0000000000
50256  -13.392  -36.781  72.640 0.0000000000
162717  -59.652  -6.752  44.338 0.0000000000
52300  -4.450  -35.088  78.179 0.0000000000
53357  -4.183  -33.634  77.336 0.0000000000
53494  -19.103  -33.147  68.559 0.0000000000
55415  -19.715  -31.691  68.501 0.0000000000
56500  -16.689  -30.290  67.805 0.0000000000
150665  -16.443  -30.960  68.304 0.0000000000
158390  -16.853  -30.990  67.652 0.0000000000
54473  -17.440  -32.419  67.588 0.0000000000
158775  -17.402  -33.083  67.846 0.0000000000
53507  -18.059  -33.011  67.635 0.0000000000
139856  -28.824  -25.789  66.728 0.0000000000
79061  -46.802  -9.419  45.404 0.0000000000
79071  -47.613  -9.915  44.126 0.0000000000
78110  -48.203  -10.335  43.708 0.0000000000
77165  -48.188  -11.005  43.728 0.0000000000
140563  -48.862  -9.910  43.442 0.0000000000
78119  -50.398  -9.984  42.882 0.0000000000
80078  -50.296  -8.709  43.449 0.0000000000
67076  -27.064  -20.282  62.250 0.0000000000
68109  -27.460  -19.832  62.343 0.0000000000
68120  -28.104  -19.775  60.979 0.0000000000
68206  -33.403  -19.227  54.405 0.0000000000
139967  -34.254  -17.941  53.572 0.0000000000
70454  -34.783  -17.196  53.253 0.0000000000
70453  -34.410  -17.229  54.074 0.0000000000
56517  -24.270  -30.684  66.244 0.0000000000
55445  -24.804  -31.118  66.714 0.0000000000
55446  -25.428  -31.317  67.178 0.0000000000
55398  -11.719  -32.190  69.922 0.0000000000
79094  -57.726  -8.729  41.978 0.0000000000
52303  -7.386  -34.451  78.866 0.0000000000
52302  -6.468  -34.574  78.701 0.0000000000
52288  -6.022  -35.171  79.471 0.0000000000
55491  -29.215  -31.442  64.438 0.0000000000
162514  -29.485  -31.454  64.981 0.0000000000
55492  -29.896  -31.322  64.610 0.0000000000
56530  -30.634  -30.940  66.031 0.0000000000
56520  -31.272  -30.546  66.435 0.0000000000
55401  -16.105  -31.101  70.020 0.0000000000
55400  -15.901  -31.965  70.722 0.0000000000
55379  -15.853  -31.988  71.583 0.0000000000
55378  -15.214  -32.361  71.893 0.0000000000
53458  -14.704  -33.568  70.651 0.0000000000
51356  -18.136  -35.146  69.651 0.0000000000
51336  -18.050  -35.518  70.083 0.0000000000
51314  -18.222  -35.406  70.756 0.0000000000
58542  -18.139  -28.931  66.531 0.0000000000
58543  -18.195  -28.036  66.695 0.0000000000
59714  -19.183  -27.236  66.318 0.0000000000
61847  -21.133  -25.777  65.857 0.0000000000
61848  -22.038  -25.634  65.769 0.0000000000
59733  -22.288  -26.684  65.029 0.0000000000
59751  -22.808  -27.323  64.734 0.0000000000
58582  -23.934  -27.975  64.020 0.0000000000
59754  -25.555  -28.185  64.090 0.0000000000
57543  -26.563  -29.682  63.394 0.0000000000
57545  -28.089  -29.249  63.014 0.0000000000
59767  -29.186  -27.538  63.025 0.0000000000
60891  -30.113  -26.946  62.673 0.0000000000
68256  -39.481  -19.447  51.747 0.0000000000
68257  -40.463  -19.644  51.882 0.0000000000
69365  -41.111  -18.901  50.204 0.0000000000
70541  -42.049  -17.116  48.511 0.0000000000
78055  -42.811  -10.612  49.814 0.0000000000
78068  -42.762  -10.715  48.923 0.0000000000
77136  -43.196  -11.340  47.401 0.0000000000
75146  -45.782  -12.797  45.861 0.0000000000
75126  -46.230  -13.564  46.302 0.0000000000
74096  -46.624  -14.261  46.821 0.0000000000
74097  -47.441  -14.354  46.725 0.0000000000
79090  -53.041  -9.695  42.640 0.0000000000
79091  -53.906  -9.735  42.550 0.0000000000
79082  -55.069  -9.293  42.504 0.0000000000
140442  -56.146  -9.385  42.204 0.0000000000
63779  -31.779  -23.289  61.045 0.0000000000
63806  -32.301  -23.947  60.277 0.0000000000
62788  -32.980  -24.365  59.774 0.0000000000
67097  -30.628  -20.714  57.903 0.0000000000
64996  -32.453  -22.407  55.491 0.0000000000
64983  -31.852  -22.368  56.191 0.0000000000
63882  -32.288  -23.187  56.216 0.0000000000
62847  -32.684  -23.925  56.738 0.0000000000
62829  -32.440  -24.143  57.414 0.0000000000
62830  -33.218  -24.442  57.364 0.0000000000
62831  -34.119  -24.648  57.586 0.0000000000
62819  -35.416  -24.740  58.275 0.0000000000
162719  -35.992  -24.719  58.295 0.0000000000
62832  -35.066  -24.595  57.473 0.0000000000
62849  -35.773  -24.371  56.805 0.0000000000
63884  -36.462  -24.073  56.222 0.0000000000
65018  -36.124  -22.605  54.251 0.0000000000
65036  -36.220  -21.979  53.654 0.0000000000
66040  -37.080  -22.177  53.932 0.0000000000
65020  -38.410  -22.271  54.849 0.0000000000
159765  -38.257  -21.211  53.848 0.0000000000
154304  -38.289  -20.201  52.845 0.0000000000
71687  -36.526  -15.963  51.846 0.0000000000
72898  -37.307  -15.598  51.425 0.0000000000
72899  -38.008  -15.331  51.011 0.0000000000
57481  -20.805  -29.235  68.173 0.0000000000
57482  -21.472  -28.937  68.607 0.0000000000
53441  -10.335  -33.333  71.087 0.0000000000
53440  -9.714  -33.003  71.553 0.0000000000
52377  -10.529  -34.259  72.222 0.0000000000
52352  -10.878  -35.078  73.784 0.0000000000
51267  -11.452  -35.625  74.168 0.0000000000
49176  -14.630  -37.728  72.255 0.0000000000
48167  -15.117  -38.451  72.660 0.0000000000
64877  -32.131  -21.781  63.760 0.0000000000
139951  -18.682  -34.213  71.745 0.0000000000
53430  -18.961  -33.374  71.554 0.0000000000
57531  -31.563  -29.682  64.238 0.0000000000
57518  -31.733  -29.924  65.136 0.0000000000
143574  -16.229  -31.287  69.099 0.0000000000
53473  -16.335  -33.714  68.907 0.0000000000
53491  -17.089  -34.120  68.635 0.0000000000
58569  -28.032  -28.793  65.609 0.0000000000
70525  -39.378  -17.424  49.553 0.0000000000
150801  -40.080  -17.748  49.394 0.0000000000
158648  -39.867  -17.186  49.208 0.0000000000
70538  -40.061  -16.726  48.969 0.0000000000
71744  -40.617  -16.543  48.683 0.0000000000
72953  -40.670  -15.721  48.640 0.0000000000
156716  -42.066  -15.675  48.457 0.0000000000
147071  -43.083  -14.562  48.407 0.0000000000
146145  -43.992  -10.511  46.980 0.0000000000
78088  -44.864  -10.197  46.636 0.0000000000
143068  -45.471  -11.066  45.411 0.0000000000
78092  -46.198  -10.022  45.404 0.0000000000
78094  -45.889  -10.702  45.211 0.0000000000
160124  -46.628  -11.943  44.707 0.0000000000
76174  -46.927  -12.606  44.927 0.0000000000
76175  -47.794  -12.708  44.865 0.0000000000
76176  -48.664  -12.768  44.843 0.0000000000
76192  -49.133  -12.346  44.384 0.0000000000
77158  -49.762  -11.961  43.949 0.0000000000
77166  -48.727  -11.249  43.665 0.0000000000
76210  -50.791  -12.214  44.162 0.0000000000
77178  -52.984  -11.144  42.729 0.0000000000
78121  -52.605  -10.430  42.607 0.0000000000
79088  -51.255  -9.807  42.730 0.0000000000
79089  -52.144  -9.731  42.642 0.0000000000
53398  -9.506  -34.097  74.628 0.0000000000
63746  -27.034  -22.725  62.979 0.0000000000
64897  -27.468  -22.301  62.317 0.0000000000
64912  -27.991  -22.087  61.600 0.0000000000
65960  -28.671  -21.891  61.025 0.0000000000
65958  -27.502  -20.857  61.324 0.0000000000
65959  -27.945  -21.419  61.138 0.0000000000
64922  -29.821  -22.394  59.889 0.0000000000
164135  -29.759  -22.155  59.337 0.0000000000
67108  -32.317  -20.310  56.652 0.0000000000
67121  -32.358  -20.566  55.774 0.0000000000
64997  -33.116  -22.711  55.007 0.0000000000
63918  -33.816  -22.969  54.693 0.0000000000
63901  -34.218  -23.540  55.194 0.0000000000
65016  -34.280  -22.521  54.191 0.0000000000
65034  -34.711  -22.162  53.770 0.0000000000
67154  -33.655  -20.459  53.840 0.0000000000
66054  -34.833  -21.486  53.450 0.0000000000
67156  -35.325  -20.722  53.031 0.0000000000
67174  -35.815  -20.008  52.651 0.0000000000
68233  -36.314  -19.432  52.304 0.0000000000
69324  -35.559  -18.045  52.247 0.0000000000
147641  -35.467  -17.064  52.493 0.0000000000
71673  -35.906  -16.176  52.607 0.0000000000
72871  -36.628  -14.900  53.115 0.0000000000
57492  -23.000  -29.466  67.709 0.0000000000
56505  -24.182  -30.688  67.191 0.0000000000
164603  -24.240  -30.636  67.811 0.0000000000
56457  -10.030  -30.960  69.935 0.0000000000
56473  -10.890  -30.981  69.691 0.0000000000
54436  -10.485  -32.245  70.073 0.0000000000
52394  -10.730  -34.034  71.398 0.0000000000
51294  -12.215  -35.662  72.456 0.0000000000
152187  -17.323  -37.981  72.889 0.0000000000
54337  -5.957  -32.050  77.859 0.0000000000
54336  -5.129  -31.857  77.737 0.0000000000
77120  -42.366  -11.094  50.402 0.0000000000
78056  -43.580  -10.361  50.067 0.0000000000
157254  -44.069  -10.242  49.558 0.0000000000
55472  -26.493  -31.469  64.955 0.0000000000
137380  -26.427  -31.630  65.947 0.0000000000
56439  -12.987  -31.611  71.907 0.0000000000
55376  -12.903  -31.608  70.950 0.0000000000
54420  -13.027  -32.450  70.811 0.0000000000
52398  -13.978  -34.968  70.876 0.0000000000
50273  -14.880  -36.437  70.791 0.0000000000
49186  -16.661  -37.546  71.311 0.0000000000
51334  -16.433  -36.147  69.802 0.0000000000
162996  -17.670  -35.857  70.018 0.0000000000
159189  -17.216  -36.299  69.992 0.0000000000
49199  -16.975  -37.008  70.717 0.0000000000
49178  -17.072  -37.881  71.835 0.0000000000
62749  -26.712  -24.113  64.715 0.0000000000
63715  -27.236  -23.493  63.415 0.0000000000
150449  -26.503  -21.468  65.213 0.0000000000
55444  -19.105  -31.606  67.186 0.0000000000
55460  -18.810  -31.082  66.815 0.0000000000
57502  -19.395  -29.509  66.579 0.0000000000
163473  -18.921  -29.051  66.353 0.0000000000
60824  -19.012  -25.921  66.987 0.0000000000
60839  -19.436  -26.381  66.420 0.0000000000
59715  -19.952  -26.866  65.978 0.0000000000
59731  -20.847  -26.574  65.636 0.0000000000
151364  -20.434  -27.386  65.793 0.0000000000
57505  -22.503  -29.004  66.442 0.0000000000
56528  -24.507  -30.541  65.259 0.0000000000
56529  -25.206  -30.893  64.857 0.0000000000
60858  -24.177  -26.299  65.352 0.0000000000
58583  -24.568  -28.639  63.874 0.0000000000
55488  -25.926  -31.128  64.515 0.0000000000
163966  -26.574  -31.188  64.285 0.0000000000
55489  -27.323  -31.412  64.521 0.0000000000
55505  -27.943  -31.134  63.794 0.0000000000
55506  -28.840  -31.238  63.735 0.0000000000
57566  -28.693  -29.353  62.740 0.0000000000
58600  -29.332  -28.765  62.549 0.0000000000
57567  -29.422  -29.553  62.565 0.0000000000
56576  -30.069  -29.768  62.633 0.0000000000
57546  -30.597  -29.818  63.063 0.0000000000
57547  -31.269  -29.310  63.356 0.0000000000
58601  -31.756  -28.483  63.458 0.0000000000
59770  -32.074  -27.697  63.586 0.0000000000
158527  -31.642  -27.170  63.229 0.0000000000
60881  -32.134  -26.821  63.694 0.0000000000
57479  -16.681  -29.548  68.173 0.0000000000
69381  -41.401  -18.385  49.555 0.0000000000
69366  -41.965  -18.876  50.060 0.0000000000
76149  -41.394  -12.408  49.884 0.0000000000
76152  -41.580  -12.589  49.220 0.0000000000
77140  -43.751  -11.136  46.835 0.0000000000
76166  -43.669  -11.852  47.001 0.0000000000
76167  -44.245  -12.524  46.813 0.0000000000
76160  -43.649  -12.666  47.317 0.0000000000
75110  -43.623  -13.440  47.677 0.0000000000
74058  -43.955  -14.714  48.188 0.0000000000
153671  -45.636  -15.688  48.432 0.0000000000
79103  -57.448  -9.320  41.654 0.0000000000
147231  -57.838  -8.486  42.878 0.0000000000
80073  -58.417  -8.680  44.334 0.0000000000
163689  -31.199  -24.143  64.952 0.0000000000
64899  -29.242  -22.458  62.437 0.0000000000
64900  -30.206  -22.200  62.565 0.0000000000
63750  -33.359  -23.190  62.512 0.0000000000
62764  -34.811  -23.969  61.887 0.0000000000
68145  -29.079  -19.686  59.702 0.0000000000
68146  -29.796  -19.393  59.287 0.0000000000
67089  -29.458  -20.116  58.977 0.0000000000
67083  -29.029  -20.360  59.554 0.0000000000
65971  -29.300  -20.961  59.141 0.0000000000
64933  -30.159  -22.551  59.148 0.0000000000
67098  -31.219  -20.652  57.426 0.0000000000
64982  -31.421  -22.237  56.724 0.0000000000
64963  -31.033  -22.489  57.393 0.0000000000
64946  -30.901  -23.123  58.041 0.0000000000
63849  -30.714  -23.250  58.798 0.0000000000
63826  -31.388  -23.840  59.280 0.0000000000
63827  -32.197  -24.200  59.444 0.0000000000
62804  -33.598  -24.628  59.312 0.0000000000
62791  -35.663  -24.475  60.561 0.0000000000
62780  -36.146  -24.191  61.285 0.0000000000
156913  -36.515  -24.582  58.353 0.0000000000
63902  -35.110  -23.665  55.248 0.0000000000
63921  -36.483  -23.229  54.969 0.0000000000
63903  -36.768  -23.619  55.610 0.0000000000
67161  -40.304  -20.354  53.778 0.0000000000
69343  -39.176  -18.932  50.923 0.0000000000
69378  -38.679  -17.762  50.052 0.0000000000
68253  -36.674  -18.926  51.894 0.0000000000
69341  -36.887  -18.382  51.551 0.0000000000
145305  -36.550  -16.860  51.485 0.0000000000
69342  -37.334  -18.087  51.074 0.0000000000
70512  -37.829  -17.591  50.525 0.0000000000
71726  -38.726  -16.901  49.741 0.0000000000
72931  -38.830  -16.116  49.743 0.0000000000
72918  -39.030  -15.367  49.976 0.0000000000
74036  -38.740  -15.070  50.756 0.0000000000
56475  -19.956  -30.698  68.946 0.0000000000
57473  -23.338  -29.895  69.500 0.0000000000
57472  -22.496  -29.357  69.515 0.0000000000
57457  -21.800  -29.364  70.141 0.0000000000
55447  -26.232  -31.295  67.687 0.0000000000
56401  -8.248  -30.790  73.384 0.0000000000
56437  -9.001  -30.658  71.176 0.0000000000
55354  -8.972  -31.791  72.039 0.0000000000
139648  -9.116  -32.912  72.902 0.0000000000
141041  -9.175  -33.679  73.967 0.0000000000
52396  -12.405  -34.281  70.953 0.0000000000
51311  -13.541  -35.700  71.485 0.0000000000
50255  -12.619  -36.379  72.938 0.0000000000
48152  -16.415  -38.721  73.244 0.0000000000
48151  -15.647  -38.870  73.269 0.0000000000
48149  -14.006  -38.319  73.765 0.0000000000
157973  -12.947  -36.903  73.321 0.0000000000
50250  -12.905  -37.198  73.956 0.0000000000
81135  -59.273  -8.169  43.889 0.0000000000
51201  -5.745  -35.759  80.135 0.0000000000
52286  -4.700  -35.562  79.078 0.0000000000
163011  -4.884  -34.988  78.505 0.0000000000
52316  -4.076  -34.846  77.267 0.0000000000
147578  -3.854  -34.153  76.935 0.0000000000
48185  -16.431  -38.102  71.840 0.0000000000
49171  -14.303  -38.090  72.975 0.0000000000
49172  -17.336  -37.838  73.646 0.0000000000
51200  -5.197  -35.927  79.774 0.0000000000
52399  -18.547  -34.783  71.028 0.0000000000
53457  -11.039  -33.591  70.734 0.0000000000
55397  -10.439  -31.585  69.888 0.0000000000
57441  -9.041  -30.065  70.669 0.0000000000
65014  -32.864  -22.110  54.837 0.0000000000
65947  -26.417  -21.616  64.491 0.0000000000
65957  -27.032  -20.816  61.938 0.0000000000
66039  -34.123  -21.891  53.785 0.0000000000
66041  -37.990  -21.847  54.170 0.0000000000
72956  -44.156  -15.745  48.531 0.0000000000
141724  -33.187  -20.794  54.340 0.0000000000
142666  -39.063  -18.451  50.299 0.0000000000
151637  -52.495  -11.558  43.116 0.0000000000
154462  -43.304  -10.474  48.546 0.0000000000
160396  -58.028  -8.671  43.804 0.0000000000
164213  -29.673  -22.310  60.488 0.0000000000
164307  -46.529  -9.939  44.992 0.0000000000
