#!ascii label  , from subject sub-v1s22x0050444_ses-1 vox2ras=TkReg
1010
39617  -30.840  -43.435  40.036 0.0000000000
34057  -15.237  -49.028  40.945 0.0000000000
34967  -22.538  -48.623  40.168 0.0000000000
62450  -37.476  -18.426  32.249 0.0000000000
62473  -42.734  -17.780  26.489 0.0000000000
33067  -8.112  -49.686  45.180 0.0000000000
120406  -34.203  -23.474  33.385 0.0000000000
42997  -31.153  -39.952  40.493 0.0000000000
36974  -26.203  -46.295  40.281 0.0000000000
34002  -11.612  -49.392  43.249 0.0000000000
30271  -11.761  -53.728  45.551 0.0000000000
118898  -25.263  -42.752  37.932 0.0000000000
114280  -26.400  -39.490  37.864 0.0000000000
120216  -18.166  -45.743  42.030 0.0000000000
37902  -22.653  -46.003  40.513 0.0000000000
48713  -32.800  -33.416  31.490 0.0000000000
52498  -35.159  -29.415  31.541 0.0000000000
55904  -37.935  -25.625  30.856 0.0000000000
28451  -4.370  -55.933  45.392 0.0000000000
25589  -1.941  -58.914  47.058 0.0000000000
45869  -24.888  -36.546  38.465 0.0000000000
47732  -26.765  -34.743  36.304 0.0000000000
46911  -29.467  -35.695  33.367 0.0000000000
110951  -7.121  -54.620  45.122 0.0000000000
32163  -15.563  -51.788  42.377 0.0000000000
124176  -17.132  -49.983  43.395 0.0000000000
38764  -28.699  -44.551  40.162 0.0000000000
36926  -13.429  -46.608  43.340 0.0000000000
34024  -13.333  -49.493  42.261 0.0000000000
31219  -14.084  -52.352  42.885 0.0000000000
105764  -25.737  -42.819  40.762 0.0000000000
39615  -23.796  -43.970  39.480 0.0000000000
51551  -31.982  -30.358  32.568 0.0000000000
118521  -33.775  -31.171  31.623 0.0000000000
54150  -32.638  -27.887  32.100 0.0000000000
56794  -35.686  -24.152  31.276 0.0000000000
58799  -37.006  -22.319  31.047 0.0000000000
57762  -39.224  -23.869  30.994 0.0000000000
59831  -38.265  -20.978  29.874 0.0000000000
60752  -40.272  -20.667  27.949 0.0000000000
43925  -24.712  -39.003  41.358 0.0000000000
43979  -25.559  -38.246  38.121 0.0000000000
45835  -23.220  -36.391  40.641 0.0000000000
49547  -24.865  -32.834  37.241 0.0000000000
49575  -26.800  -32.470  35.452 0.0000000000
46892  -27.749  -35.197  34.620 0.0000000000
49594  -27.835  -32.655  34.303 0.0000000000
49606  -29.692  -33.517  33.499 0.0000000000
127100  -19.764  -47.913  40.718 0.0000000000
31175  -5.411  -52.619  45.563 0.0000000000
31189  -7.417  -52.442  44.431 0.0000000000
21508  -2.200  -62.318  47.443 0.0000000000
20544  -0.346  -63.492  47.700 0.0000000000
117584  -33.334  -25.566  34.485 0.0000000000
43927  -29.793  -38.071  40.988 0.0000000000
35960  -24.606  -47.558  40.139 0.0000000000
33082  -9.904  -49.750  43.812 0.0000000000
31205  -9.861  -52.256  43.887 0.0000000000
31207  -11.490  -52.126  43.519 0.0000000000
64225  -43.414  -16.676  25.630 0.0000000000
39636  -27.821  -43.649  37.834 0.0000000000
41338  -28.932  -41.668  37.038 0.0000000000
41325  -26.638  -40.937  37.981 0.0000000000
37883  -14.649  -45.377  41.545 0.0000000000
36956  -16.842  -46.076  41.279 0.0000000000
115873  -16.550  -43.678  40.627 0.0000000000
123801  -19.386  -43.337  39.806 0.0000000000
36984  -20.472  -46.714  39.601 0.0000000000
37886  -21.854  -46.025  41.593 0.0000000000
36986  -22.214  -47.197  39.736 0.0000000000
36998  -24.223  -45.863  38.744 0.0000000000
37933  -26.477  -44.813  38.738 0.0000000000
46936  -33.376  -35.539  32.838 0.0000000000
55041  -34.134  -26.241  31.488 0.0000000000
54162  -36.634  -27.408  30.316 0.0000000000
60758  -41.543  -20.826  27.350 0.0000000000
27535  -2.894  -57.241  46.293 0.0000000000
23583  -3.477  -60.686  47.049 0.0000000000
43041  -29.163  -39.755  37.376 0.0000000000
43981  -28.457  -37.930  38.218 0.0000000000
45853  -26.930  -35.710  39.666 0.0000000000
47713  -23.671  -34.139  39.489 0.0000000000
46843  -24.845  -35.183  37.627 0.0000000000
46831  -27.735  -34.738  39.101 0.0000000000
45882  -29.092  -35.568  37.572 0.0000000000
44962  -30.795  -36.756  35.590 0.0000000000
45926  -32.111  -36.604  34.121 0.0000000000
47782  -30.874  -34.640  32.258 0.0000000000
120047  -31.146  -32.594  32.489 0.0000000000
35908  -17.821  -47.154  44.011 0.0000000000
30238  -4.185  -53.219  47.211 0.0000000000
28453  -5.730  -55.560  45.200 0.0000000000
29373  -9.112  -53.918  45.606 0.0000000000
21518  1.726  -63.363  47.927 0.0000000000
33118  -15.860  -50.527  41.600 0.0000000000
117559  -16.809  -50.795  42.987 0.0000000000
33119  -16.434  -49.821  41.831 0.0000000000
38765  -29.505  -44.211  40.428 0.0000000000
35924  -14.023  -47.243  41.802 0.0000000000
35923  -13.384  -47.911  42.445 0.0000000000
34040  -14.066  -49.498  41.752 0.0000000000
33102  -14.336  -50.930  41.989 0.0000000000
52474  -31.571  -29.301  33.395 0.0000000000
53314  -31.960  -28.848  32.508 0.0000000000
54131  -31.654  -28.075  33.265 0.0000000000
61602  -36.726  -19.661  33.261 0.0000000000
59819  -35.914  -21.689  31.785 0.0000000000
61608  -36.735  -20.263  31.518 0.0000000000
59826  -37.727  -21.332  30.512 0.0000000000
61611  -37.519  -19.498  30.604 0.0000000000
62463  -38.663  -18.852  29.675 0.0000000000
44891  -23.812  -37.759  41.463 0.0000000000
50538  -26.443  -31.611  36.730 0.0000000000
49576  -27.406  -32.523  34.805 0.0000000000
50562  -28.265  -31.458  35.280 0.0000000000
49577  -28.723  -32.046  34.755 0.0000000000
107942  -21.003  -48.350  40.101 0.0000000000
34044  -20.961  -49.152  41.664 0.0000000000
34046  -22.356  -49.319  41.535 0.0000000000
33050  -6.480  -50.693  45.741 0.0000000000
112775  -7.415  -50.265  45.083 0.0000000000
61626  -42.979  -19.132  26.282 0.0000000000
21521  -1.490  -62.405  47.278 0.0000000000
42122  -32.681  -40.800  41.229 0.0000000000
43942  -30.247  -38.999  40.561 0.0000000000
35961  -25.767  -46.854  40.656 0.0000000000
36947  -26.569  -46.499  41.783 0.0000000000
34915  -12.286  -48.156  43.579 0.0000000000
34893  -11.193  -48.306  44.461 0.0000000000
34877  -10.706  -48.305  45.128 0.0000000000
34001  -10.783  -49.767  43.399 0.0000000000
118303  -10.853  -50.888  43.226 0.0000000000
32148  -11.501  -51.380  43.074 0.0000000000
30293  -14.949  -53.193  44.745 0.0000000000
31195  -13.676  -53.054  44.124 0.0000000000
39645  -26.728  -43.182  37.369 0.0000000000
40498  -27.402  -42.570  36.974 0.0000000000
41334  -26.051  -41.761  37.980 0.0000000000
109435  -14.772  -44.065  42.145 0.0000000000
38745  -15.441  -44.478  40.905 0.0000000000
40422  -15.759  -42.485  41.923 0.0000000000
40464  -18.614  -42.265  40.372 0.0000000000
40476  -20.096  -42.750  39.761 0.0000000000
38772  -20.105  -44.608  39.653 0.0000000000
38762  -20.524  -44.438  39.909 0.0000000000
115642  -23.297  -46.062  42.672 0.0000000000
126849  -22.296  -46.203  41.356 0.0000000000
37915  -21.766  -46.710  39.873 0.0000000000
37916  -22.338  -46.631  39.833 0.0000000000
36987  -23.512  -47.070  39.332 0.0000000000
37917  -23.193  -45.880  39.351 0.0000000000
39634  -24.445  -43.257  38.656 0.0000000000
38786  -24.898  -44.272  38.400 0.0000000000
38795  -25.552  -43.732  38.099 0.0000000000
38789  -27.410  -44.169  38.279 0.0000000000
47785  -33.290  -34.886  32.328 0.0000000000
46937  -34.241  -35.095  32.710 0.0000000000
110837  -33.510  -33.801  31.697 0.0000000000
119159  -34.881  -30.074  31.920 0.0000000000
50608  -35.545  -31.431  32.139 0.0000000000
55861  -33.635  -24.906  34.139 0.0000000000
55876  -33.259  -25.539  32.599 0.0000000000
56779  -33.921  -24.140  32.803 0.0000000000
56810  -36.673  -24.829  31.004 0.0000000000
56809  -35.705  -25.151  31.022 0.0000000000
113572  -36.810  -26.544  30.481 0.0000000000
53339  -37.820  -28.352  30.128 0.0000000000
121586  -40.848  -20.999  27.595 0.0000000000
61620  -41.088  -19.437  28.375 0.0000000000
61623  -41.619  -19.824  27.623 0.0000000000
28424  -3.183  -55.418  46.772 0.0000000000
28423  -2.692  -56.004  47.492 0.0000000000
27536  -3.331  -56.844  45.907 0.0000000000
24615  -4.430  -59.605  47.153 0.0000000000
22486  -3.652  -61.815  49.509 0.0000000000
42172  -27.624  -40.576  36.740 0.0000000000
42174  -29.341  -40.751  37.246 0.0000000000
43039  -27.559  -39.793  36.981 0.0000000000
44933  -24.885  -37.575  38.479 0.0000000000
43996  -27.063  -38.152  37.543 0.0000000000
44947  -26.550  -37.299  38.295 0.0000000000
121005  -27.096  -36.439  39.428 0.0000000000
44934  -26.339  -36.158  39.045 0.0000000000
49520  -24.713  -32.964  39.579 0.0000000000
47730  -25.435  -34.181  36.497 0.0000000000
47722  -24.654  -34.438  37.097 0.0000000000
47723  -25.481  -34.786  37.048 0.0000000000
112060  -26.596  -34.904  38.286 0.0000000000
46845  -27.233  -34.773  38.086 0.0000000000
46847  -28.633  -34.955  38.490 0.0000000000
115308  -27.880  -35.075  37.182 0.0000000000
46893  -28.308  -35.694  34.289 0.0000000000
45907  -29.479  -36.489  35.354 0.0000000000
45923  -29.586  -36.474  34.506 0.0000000000
44991  -30.988  -36.760  34.908 0.0000000000
45944  -30.646  -36.330  33.551 0.0000000000
45963  -30.956  -35.986  32.871 0.0000000000
46932  -29.917  -35.339  32.884 0.0000000000
49597  -30.555  -33.272  34.331 0.0000000000
49607  -30.385  -33.263  32.985 0.0000000000
117760  -31.424  -32.886  34.005 0.0000000000
36957  -17.792  -45.801  42.106 0.0000000000
35925  -17.149  -46.859  42.661 0.0000000000
36958  -18.019  -46.292  42.811 0.0000000000
30285  -6.462  -53.284  44.681 0.0000000000
30265  -5.307  -53.918  45.045 0.0000000000
29370  -6.291  -54.711  44.970 0.0000000000
30288  -10.438  -53.184  44.645 0.0000000000
30287  -9.032  -53.097  44.550 0.0000000000
30270  -10.060  -53.961  45.653 0.0000000000
31177  -16.109  -52.855  44.782 0.0000000000
32126  -16.726  -52.126  44.555 0.0000000000
33068  -17.431  -50.220  44.686 0.0000000000
33984  -17.570  -49.153  44.987 0.0000000000
37904  -27.422  -45.501  40.557 0.0000000000
36962  -27.666  -45.727  42.029 0.0000000000
120245  -13.144  -46.575  44.189 0.0000000000
34916  -12.784  -47.977  43.121 0.0000000000
34023  -12.662  -49.602  42.642 0.0000000000
32161  -12.790  -51.340  42.621 0.0000000000
33101  -13.335  -50.783  42.291 0.0000000000
31220  -15.024  -52.317  42.709 0.0000000000
40467  -25.433  -42.613  40.188 0.0000000000
40479  -26.669  -41.619  39.297 0.0000000000
38726  -23.864  -45.293  42.029 0.0000000000
38763  -23.367  -45.005  39.785 0.0000000000
40447  -24.867  -42.992  40.828 0.0000000000
50605  -32.148  -31.859  31.686 0.0000000000
108489  -33.018  -31.968  31.484 0.0000000000
51568  -32.471  -30.368  32.011 0.0000000000
52495  -32.860  -29.601  31.837 0.0000000000
53326  -33.980  -28.701  31.522 0.0000000000
57732  -34.477  -23.523  32.377 0.0000000000
58792  -35.403  -22.424  31.898 0.0000000000
57747  -35.918  -23.189  31.424 0.0000000000
111916  -37.284  -23.923  31.218 0.0000000000
56812  -38.673  -24.850  31.137 0.0000000000
120533  -38.655  -23.254  31.058 0.0000000000
58809  -39.012  -22.274  30.177 0.0000000000
116285  -39.296  -22.033  29.512 0.0000000000
60748  -38.886  -20.631  29.212 0.0000000000
61615  -39.428  -18.971  28.988 0.0000000000
26599  -5.168  -57.258  45.703 0.0000000000
26586  -4.744  -58.023  46.129 0.0000000000
106949  -5.345  -58.322  46.703 0.0000000000
42994  -25.773  -39.398  39.947 0.0000000000
43024  -25.691  -38.921  38.231 0.0000000000
43941  -24.706  -38.791  39.458 0.0000000000
124455  -23.721  -37.793  39.707 0.0000000000
45851  -23.493  -36.419  39.355 0.0000000000
49531  -25.189  -32.545  39.094 0.0000000000
49541  -25.686  -32.164  38.520 0.0000000000
49548  -25.631  -32.170  36.964 0.0000000000
47731  -26.242  -34.087  35.968 0.0000000000
46874  -27.471  -35.088  35.651 0.0000000000
113536  -27.182  -34.049  34.949 0.0000000000
47754  -27.585  -34.517  34.274 0.0000000000
47768  -28.070  -34.679  33.732 0.0000000000
48688  -29.275  -34.044  33.307 0.0000000000
48674  -28.902  -33.290  33.767 0.0000000000
36959  -18.728  -46.024  41.536 0.0000000000
35928  -19.107  -47.334  42.312 0.0000000000
34948  -19.779  -48.189  41.353 0.0000000000
31176  -6.116  -52.384  45.030 0.0000000000
30286  -7.250  -53.258  44.588 0.0000000000
23589  -2.012  -60.496  46.623 0.0000000000
119049  -1.531  -59.677  47.413 0.0000000000
22506  -1.665  -61.181  46.905 0.0000000000
23581  -0.740  -61.619  47.517 0.0000000000
22505  0.607  -62.204  48.563 0.0000000000
44893  -29.212  -37.045  41.459 0.0000000000
34968  -23.296  -48.567  40.320 0.0000000000
34950  -23.561  -48.801  41.174 0.0000000000
125168  -10.000  -48.695  46.220 0.0000000000
33980  -8.871  -49.348  45.067 0.0000000000
116305  -8.551  -50.248  44.439 0.0000000000
113247  -9.645  -50.767  43.722 0.0000000000
31206  -10.630  -52.156  43.725 0.0000000000
30289  -11.384  -53.201  44.777 0.0000000000
31208  -12.447  -52.355  43.554 0.0000000000
31194  -12.795  -52.908  44.160 0.0000000000
30272  -12.787  -53.681  45.513 0.0000000000
63338  -42.957  -17.208  25.980 0.0000000000
39625  -29.768  -43.344  39.044 0.0000000000
40489  -29.803  -42.684  38.325 0.0000000000
39647  -28.218  -42.977  37.362 0.0000000000
40505  -27.722  -41.887  36.660 0.0000000000
114060  -26.901  -40.851  37.403 0.0000000000
41306  -27.448  -41.342  39.763 0.0000000000
42133  -27.480  -40.676  39.790 0.0000000000
42995  -26.849  -39.978  39.894 0.0000000000
42981  -25.506  -39.419  41.212 0.0000000000
113992  -14.612  -47.016  41.076 0.0000000000
34963  -16.039  -47.860  40.591 0.0000000000
36968  -15.675  -46.393  40.636 0.0000000000
37896  -16.431  -45.010  40.572 0.0000000000
37897  -17.508  -44.714  40.745 0.0000000000
40445  -17.349  -41.831  41.127 0.0000000000
39611  -17.815  -42.784  40.459 0.0000000000
37898  -18.251  -44.696  40.713 0.0000000000
113793  -19.358  -45.721  39.980 0.0000000000
123247  -20.102  -47.135  39.684 0.0000000000
35973  -20.859  -47.401  39.665 0.0000000000
39601  -21.238  -44.035  41.277 0.0000000000
126541  -20.849  -45.464  39.948 0.0000000000
36985  -21.304  -47.003  39.653 0.0000000000
34983  -22.230  -48.163  39.787 0.0000000000
35975  -23.463  -47.734  39.556 0.0000000000
35977  -24.743  -46.965  39.594 0.0000000000
36973  -25.479  -46.617  39.874 0.0000000000
38773  -23.598  -44.685  39.049 0.0000000000
36999  -24.808  -45.576  38.676 0.0000000000
37919  -26.249  -45.356  39.210 0.0000000000
37920  -27.071  -45.038  39.372 0.0000000000
38775  -28.418  -44.277  39.356 0.0000000000
37869  -14.265  -45.710  42.189 0.0000000000
48715  -34.632  -32.992  31.837 0.0000000000
55024  -32.380  -26.374  33.368 0.0000000000
54151  -33.504  -26.932  31.574 0.0000000000
54152  -34.308  -27.158  31.116 0.0000000000
56793  -35.019  -24.731  31.366 0.0000000000
55053  -34.885  -26.605  31.033 0.0000000000
53337  -35.458  -28.029  30.628 0.0000000000
52512  -37.397  -28.876  30.551 0.0000000000
60765  -42.791  -20.710  26.673 0.0000000000
126629  -42.546  -19.539  26.725 0.0000000000
62471  -42.465  -18.459  27.298 0.0000000000
27513  -2.370  -56.546  48.086 0.0000000000
118100  -2.364  -58.326  46.812 0.0000000000
25601  -4.136  -58.523  46.254 0.0000000000
24624  -3.182  -59.554  46.422 0.0000000000
24623  -2.554  -60.008  46.457 0.0000000000
22508  -2.726  -61.080  46.772 0.0000000000
41326  -30.221  -41.521  38.213 0.0000000000
42160  -30.415  -40.724  38.509 0.0000000000
43027  -30.293  -39.837  38.595 0.0000000000
113390  -27.385  -38.926  37.210 0.0000000000
43982  -28.849  -38.817  37.696 0.0000000000
43011  -29.993  -39.049  39.049 0.0000000000
43961  -28.696  -37.689  39.298 0.0000000000
44919  -28.031  -36.561  40.193 0.0000000000
45836  -28.042  -35.733  40.811 0.0000000000
46800  -23.287  -35.630  40.299 0.0000000000
46827  -23.642  -35.734  38.798 0.0000000000
48619  -24.028  -33.460  38.381 0.0000000000
109377  -23.777  -35.055  38.177 0.0000000000
46828  -25.254  -35.774  38.279 0.0000000000
45852  -26.648  -35.459  39.251 0.0000000000
46813  -27.231  -35.103  39.662 0.0000000000
45906  -28.739  -36.088  35.809 0.0000000000
45897  -29.485  -36.291  36.447 0.0000000000
45946  -32.362  -36.304  33.411 0.0000000000
46935  -32.098  -35.355  32.408 0.0000000000
47797  -32.135  -34.049  31.698 0.0000000000
48697  -29.881  -34.246  32.776 0.0000000000
48699  -31.116  -33.236  31.981 0.0000000000
49626  -31.623  -32.531  31.786 0.0000000000
115044  -31.587  -31.377  32.718 0.0000000000
119962  -31.712  -30.310  34.120 0.0000000000
34932  -16.697  -47.755  41.689 0.0000000000
34917  -17.279  -47.639  43.495 0.0000000000
35891  -18.421  -47.352  44.220 0.0000000000
29368  -3.863  -55.225  45.942 0.0000000000
115628  -4.896  -52.968  46.025 0.0000000000
107380  -4.867  -54.534  45.267 0.0000000000
123856  -5.061  -56.035  45.203 0.0000000000
27537  -5.961  -56.946  45.908 0.0000000000
120873  -8.107  -52.220  44.241 0.0000000000
30267  -8.166  -53.064  44.437 0.0000000000
29372  -8.437  -54.071  45.418 0.0000000000
19557  -0.076  -64.165  48.167 0.0000000000
20543  0.879  -63.891  47.890 0.0000000000
22504  1.169  -62.860  48.156 0.0000000000
39627  -31.032  -42.881  39.612 0.0000000000
34042  -15.347  -49.830  41.286 0.0000000000
121120  -16.043  -49.719  41.322 0.0000000000
34058  -15.872  -49.091  41.026 0.0000000000
38777  -30.019  -43.659  39.884 0.0000000000
35939  -14.542  -47.817  41.106 0.0000000000
35938  -13.998  -48.125  41.730 0.0000000000
34947  -14.475  -48.767  41.259 0.0000000000
34041  -14.718  -49.489  41.305 0.0000000000
53299  -31.607  -28.734  34.470 0.0000000000
53305  -31.536  -28.717  33.741 0.0000000000
54123  -31.669  -28.051  34.117 0.0000000000
61606  -37.124  -19.048  32.781 0.0000000000
61605  -36.707  -19.700  32.287 0.0000000000
61609  -37.061  -19.529  31.384 0.0000000000
60742  -37.135  -20.099  30.858 0.0000000000
62453  -37.507  -18.705  31.262 0.0000000000
118431  -27.628  -31.067  35.859 0.0000000000
34966  -21.711  -48.529  40.140 0.0000000000
34059  -21.166  -48.800  40.764 0.0000000000
34060  -22.028  -48.999  40.743 0.0000000000
33052  -7.628  -49.480  45.942 0.0000000000
61633  -43.582  -18.947  25.821 0.0000000000
62474  -43.081  -18.181  25.929 0.0000000000
42996  -30.714  -39.393  40.793 0.0000000000
115504  -30.618  -39.668  40.141 0.0000000000
35945  -26.025  -47.049  41.457 0.0000000000
36960  -26.417  -46.447  41.044 0.0000000000
34003  -12.238  -49.025  43.154 0.0000000000
34914  -11.745  -48.560  43.737 0.0000000000
33983  -11.143  -48.875  43.735 0.0000000000
33083  -11.605  -50.411  42.955 0.0000000000
39644  -25.834  -43.069  37.688 0.0000000000
40496  -25.855  -42.323  37.708 0.0000000000
40488  -25.373  -42.323  38.309 0.0000000000
39579  -15.178  -43.304  42.290 0.0000000000
40446  -20.635  -42.084  41.300 0.0000000000
41292  -20.115  -41.586  40.869 0.0000000000
116392  -20.451  -42.079  40.495 0.0000000000
39613  -20.522  -43.257  39.927 0.0000000000
39600  -20.891  -42.876  40.617 0.0000000000
37887  -22.993  -46.036  41.653 0.0000000000
37871  -22.411  -46.181  42.222 0.0000000000
107492  -24.874  -42.842  38.316 0.0000000000
39635  -25.011  -43.341  38.209 0.0000000000
38796  -26.268  -43.744  37.830 0.0000000000
47798  -32.996  -34.233  31.793 0.0000000000
52497  -34.436  -29.480  31.667 0.0000000000
52499  -35.970  -29.251  31.262 0.0000000000
56770  -33.869  -24.159  33.779 0.0000000000
56778  -33.548  -24.803  33.203 0.0000000000
126456  -37.322  -25.249  30.934 0.0000000000
119617  -37.089  -25.756  30.733 0.0000000000
55055  -37.571  -26.458  30.492 0.0000000000
54163  -37.898  -27.159  30.223 0.0000000000
61621  -41.716  -18.802  28.826 0.0000000000
28438  -3.554  -56.111  45.883 0.0000000000
27545  -3.956  -56.788  45.621 0.0000000000
42171  -27.191  -40.325  37.146 0.0000000000
43050  -28.017  -40.166  36.696 0.0000000000
43038  -26.906  -39.394  37.395 0.0000000000
117814  -25.603  -37.171  38.391 0.0000000000
124023  -26.060  -34.610  36.568 0.0000000000
47724  -26.453  -34.901  37.235 0.0000000000
46860  -27.311  -35.004  36.768 0.0000000000
46910  -28.617  -35.331  33.639 0.0000000000
45942  -29.011  -36.124  33.967 0.0000000000
45943  -29.823  -36.276  33.740 0.0000000000
45924  -30.385  -36.566  34.319 0.0000000000
46912  -30.189  -35.906  33.096 0.0000000000
37885  -17.984  -45.211  41.403 0.0000000000
29385  -6.804  -53.981  44.745 0.0000000000
29384  -6.015  -54.013  44.715 0.0000000000
28454  -7.409  -55.201  45.758 0.0000000000
108873  -10.808  -53.631  45.272 0.0000000000
112583  -10.238  -53.605  45.092 0.0000000000
25578  -2.081  -58.036  47.690 0.0000000000
26564  -1.781  -58.176  48.981 0.0000000000
41307  -31.886  -41.412  39.961 0.0000000000
31211  -15.853  -52.370  43.138 0.0000000000
31198  -16.267  -52.547  43.939 0.0000000000
32138  -16.681  -51.680  43.596 0.0000000000
34004  -16.864  -49.856  42.657 0.0000000000
33084  -17.144  -50.615  43.863 0.0000000000
33085  -17.365  -49.589  44.149 0.0000000000
37905  -28.257  -45.117  40.701 0.0000000000
37888  -27.911  -45.492  41.341 0.0000000000
37839  -13.658  -45.977  44.036 0.0000000000
34946  -13.648  -48.778  42.012 0.0000000000
34931  -12.896  -48.728  42.781 0.0000000000
124279  -13.102  -50.113  42.343 0.0000000000
121493  -13.772  -50.168  42.047 0.0000000000
32179  -15.276  -51.203  41.881 0.0000000000
32162  -14.654  -51.783  42.268 0.0000000000
31197  -15.544  -52.968  44.039 0.0000000000
105906  -26.639  -42.251  40.104 0.0000000000
38748  -24.226  -44.290  41.456 0.0000000000
39603  -25.577  -43.268  41.551 0.0000000000
40477  -24.679  -42.773  39.812 0.0000000000
50595  -32.069  -31.183  32.131 0.0000000000
50606  -32.751  -31.149  31.704 0.0000000000
106566  -32.186  -28.271  32.406 0.0000000000
53324  -32.579  -28.777  31.988 0.0000000000
119070  -33.248  -28.981  31.716 0.0000000000
53325  -33.243  -28.273  31.700 0.0000000000
58786  -35.016  -22.224  32.660 0.0000000000
59818  -35.464  -21.793  32.348 0.0000000000
59824  -36.589  -21.648  31.250 0.0000000000
58793  -36.191  -22.348  31.403 0.0000000000
57759  -36.769  -23.111  31.251 0.0000000000
57760  -37.795  -23.037  31.173 0.0000000000
108052  -38.365  -21.821  30.325 0.0000000000
59832  -38.832  -21.522  29.634 0.0000000000
59839  -39.299  -21.443  28.927 0.0000000000
62458  -38.674  -18.210  30.338 0.0000000000
42980  -24.738  -39.021  40.521 0.0000000000
44890  -23.310  -37.152  40.996 0.0000000000
118456  -23.652  -37.822  40.519 0.0000000000
44917  -23.333  -37.072  39.977 0.0000000000
44918  -23.806  -37.267  39.157 0.0000000000
49558  -26.051  -32.422  36.115 0.0000000000
48639  -25.675  -33.396  36.206 0.0000000000
48653  -26.341  -33.231  35.645 0.0000000000
125875  -26.753  -33.800  35.445 0.0000000000
48654  -27.008  -33.232  35.118 0.0000000000
48672  -27.509  -33.403  34.386 0.0000000000
48686  -27.862  -33.955  33.856 0.0000000000
48673  -28.052  -33.225  33.872 0.0000000000
48687  -28.427  -33.993  33.640 0.0000000000
49595  -28.379  -32.599  34.248 0.0000000000
49578  -29.557  -32.550  34.972 0.0000000000
35943  -19.276  -47.259  41.131 0.0000000000
34028  -21.356  -49.595  42.274 0.0000000000
34027  -20.779  -49.423  42.459 0.0000000000
32136  -6.767  -51.837  44.765 0.0000000000
32124  -6.283  -51.430  45.381 0.0000000000
31188  -6.790  -52.654  44.623 0.0000000000
22519  -2.139  -61.002  46.658 0.0000000000
23582  -1.470  -60.506  47.067 0.0000000000
22507  -1.953  -61.654  46.898 0.0000000000
21520  -0.747  -62.824  47.398 0.0000000000
117716  -1.215  -62.048  47.180 0.0000000000
115080  -0.231  -62.655  47.613 0.0000000000
43928  -30.467  -38.668  41.464 0.0000000000
44894  -29.834  -37.532  41.987 0.0000000000
35959  -23.846  -48.090  39.965 0.0000000000
34969  -23.904  -48.447  40.673 0.0000000000
34970  -24.497  -48.068  40.771 0.0000000000
33982  -10.456  -48.845  44.254 0.0000000000
33962  -10.139  -48.666  45.342 0.0000000000
33981  -9.618  -49.178  44.652 0.0000000000
110706  -9.440  -48.898  45.707 0.0000000000
121915  -9.212  -49.969  44.213 0.0000000000
110137  -10.921  -51.646  43.366 0.0000000000
32147  -10.224  -51.476  43.578 0.0000000000
31192  -11.025  -52.649  44.158 0.0000000000
31193  -11.899  -52.726  44.183 0.0000000000
32149  -12.206  -51.761  43.033 0.0000000000
32150  -13.076  -52.027  42.983 0.0000000000
30273  -13.721  -53.648  45.480 0.0000000000
30291  -13.223  -53.360  44.794 0.0000000000
30290  -12.307  -53.292  44.825 0.0000000000
39637  -28.609  -43.443  38.086 0.0000000000
39638  -29.264  -43.229  38.391 0.0000000000
41335  -26.585  -41.608  37.411 0.0000000000
117388  -27.162  -41.824  36.868 0.0000000000
40468  -27.705  -41.867  40.390 0.0000000000
42119  -27.550  -40.256  40.539 0.0000000000
110493  -26.878  -40.315  39.233 0.0000000000
105770  -26.556  -39.644  40.593 0.0000000000
36967  -15.001  -46.540  40.798 0.0000000000
37894  -15.183  -45.780  40.826 0.0000000000
39609  -15.828  -43.767  40.826 0.0000000000
38757  -16.102  -44.398  40.550 0.0000000000
38758  -16.933  -44.228  40.588 0.0000000000
115905  -19.434  -42.431  39.975 0.0000000000
114843  -18.310  -43.445  40.257 0.0000000000
38760  -18.739  -44.117  40.160 0.0000000000
37899  -19.030  -44.888  40.104 0.0000000000
117475  -20.382  -45.319  39.734 0.0000000000
36983  -19.879  -46.312  39.653 0.0000000000
121132  -20.254  -46.003  39.618 0.0000000000
38725  -21.744  -45.654  42.735 0.0000000000
109672  -21.513  -45.255  41.791 0.0000000000
39581  -21.456  -44.268  42.600 0.0000000000
38746  -21.197  -45.212  40.634 0.0000000000
37900  -21.502  -46.061  40.208 0.0000000000
35974  -21.803  -47.597  39.728 0.0000000000
106814  -22.798  -47.633  39.531 0.0000000000
34984  -23.060  -48.226  39.734 0.0000000000
36997  -23.629  -46.242  38.999 0.0000000000
36988  -24.135  -46.625  39.099 0.0000000000
36989  -24.947  -46.224  39.071 0.0000000000
38785  -24.078  -44.471  38.671 0.0000000000
37932  -25.177  -45.025  38.485 0.0000000000
107256  -25.814  -45.035  38.664 0.0000000000
37918  -25.468  -45.563  38.885 0.0000000000
38797  -27.040  -43.778  37.678 0.0000000000
38790  -28.146  -43.966  38.566 0.0000000000
38791  -28.911  -43.699  38.843 0.0000000000
116875  -14.480  -44.869  42.564 0.0000000000
116174  -14.488  -46.289  41.446 0.0000000000
112768  -33.881  -36.366  33.937 0.0000000000
114870  -34.753  -34.373  32.410 0.0000000000
46938  -35.311  -34.953  32.864 0.0000000000
49629  -34.011  -32.251  31.542 0.0000000000
55015  -32.951  -26.174  34.808 0.0000000000
55014  -32.394  -26.603  34.274 0.0000000000
55025  -32.750  -25.918  33.960 0.0000000000
55885  -33.728  -25.614  31.906 0.0000000000
55032  -33.223  -26.183  31.950 0.0000000000
57745  -34.899  -24.005  31.629 0.0000000000
56792  -34.367  -24.404  31.924 0.0000000000
55054  -36.076  -26.690  30.579 0.0000000000
55902  -35.496  -26.077  30.957 0.0000000000
126387  -35.466  -26.833  30.740 0.0000000000
54160  -35.083  -27.352  30.784 0.0000000000
54161  -35.809  -27.405  30.524 0.0000000000
52511  -36.553  -28.722  30.676 0.0000000000
113608  -36.981  -28.188  30.293 0.0000000000
52513  -38.348  -29.071  30.224 0.0000000000
56813  -39.438  -24.613  31.093 0.0000000000
59846  -40.515  -21.604  27.745 0.0000000000
59848  -41.736  -21.893  27.224 0.0000000000
113799  -42.325  -21.221  26.976 0.0000000000
61622  -41.966  -19.043  28.141 0.0000000000
112026  -42.243  -19.358  27.266 0.0000000000
27528  -2.970  -56.402  46.488 0.0000000000
27527  -2.539  -56.833  47.078 0.0000000000
124533  -2.296  -57.248  47.653 0.0000000000
26584  -2.868  -58.081  46.325 0.0000000000
120555  -4.727  -58.836  46.779 0.0000000000
25610  -4.010  -58.007  45.977 0.0000000000
23584  -4.191  -60.319  47.523 0.0000000000
24614  -3.704  -59.953  46.762 0.0000000000
23591  -3.020  -60.350  46.513 0.0000000000
105887  -3.279  -61.302  47.415 0.0000000000
21500  -3.115  -62.356  49.169 0.0000000000
40500  -29.425  -42.227  37.629 0.0000000000
40501  -29.987  -42.058  38.014 0.0000000000
41339  -29.689  -41.529  37.621 0.0000000000
42173  -28.572  -40.304  36.851 0.0000000000
122477  -29.977  -40.925  37.837 0.0000000000
42159  -29.912  -40.180  37.870 0.0000000000
43026  -29.712  -39.299  38.107 0.0000000000
43025  -26.226  -38.798  37.726 0.0000000000
113867  -26.761  -38.655  37.449 0.0000000000
43980  -27.486  -37.586  38.227 0.0000000000
43997  -27.927  -38.426  37.510 0.0000000000
108896  -29.282  -38.488  38.553 0.0000000000
43962  -29.407  -38.303  39.451 0.0000000000
44892  -28.600  -36.453  41.037 0.0000000000
45854  -27.536  -35.675  40.084 0.0000000000
47712  -23.406  -34.898  39.893 0.0000000000
45867  -23.381  -35.638  39.509 0.0000000000
47716  -23.465  -34.940  38.972 0.0000000000
49540  -24.932  -32.585  38.202 0.0000000000
49530  -24.496  -32.973  38.727 0.0000000000
49539  -24.328  -33.161  37.903 0.0000000000
47721  -24.025  -34.416  37.626 0.0000000000
46842  -24.241  -34.946  37.725 0.0000000000
125036  -24.300  -35.805  38.378 0.0000000000
46829  -26.224  -35.307  38.685 0.0000000000
46830  -26.940  -34.809  39.002 0.0000000000
46814  -28.028  -35.075  40.109 0.0000000000
46861  -28.056  -35.399  36.232 0.0000000000
46875  -28.174  -35.670  35.206 0.0000000000
106451  -30.092  -36.631  35.719 0.0000000000
44992  -31.859  -36.784  34.821 0.0000000000
44993  -32.684  -36.862  34.767 0.0000000000
45927  -33.025  -36.594  34.112 0.0000000000
46934  -31.294  -35.360  32.455 0.0000000000
45964  -31.782  -35.975  32.790 0.0000000000
47783  -31.657  -34.671  32.061 0.0000000000
48689  -30.049  -33.725  32.830 0.0000000000
49616  -30.669  -33.352  32.485 0.0000000000
109719  -31.638  -31.889  32.067 0.0000000000
50579  -31.651  -31.364  33.654 0.0000000000
35956  -16.180  -46.935  40.688 0.0000000000
34964  -16.229  -48.296  40.897 0.0000000000
35957  -16.430  -47.327  40.953 0.0000000000
35926  -17.502  -46.922  43.310 0.0000000000
34933  -17.011  -47.443  42.759 0.0000000000
34895  -17.587  -47.860  44.318 0.0000000000
35889  -17.979  -47.702  44.676 0.0000000000
113682  -19.629  -48.295  43.247 0.0000000000
35910  -18.907  -47.397  43.434 0.0000000000
34918  -19.171  -47.948  44.069 0.0000000000
34047  -23.131  -49.217  41.758 0.0000000000
29345  -3.669  -54.546  46.717 0.0000000000
30249  -4.008  -53.870  46.773 0.0000000000
115592  -5.187  -52.242  46.351 0.0000000000
29369  -5.557  -54.708  45.004 0.0000000000
30264  -4.791  -53.734  45.677 0.0000000000
28452  -5.019  -55.355  45.150 0.0000000000
27547  -5.479  -56.462  45.449 0.0000000000
32146  -9.375  -51.614  43.852 0.0000000000
32137  -8.480  -51.405  44.126 0.0000000000
31190  -8.962  -52.439  44.118 0.0000000000
30269  -9.617  -53.503  44.927 0.0000000000
30268  -8.655  -53.569  44.952 0.0000000000
19556  1.161  -64.484  48.358 0.0000000000
33103  -15.960  -51.223  42.031 0.0000000000
32164  -16.303  -51.509  42.625 0.0000000000
33104  -16.423  -50.697  42.197 0.0000000000
36944  -13.896  -46.423  42.405 0.0000000000
36943  -13.507  -47.110  42.613 0.0000000000
33116  -14.548  -50.130  41.619 0.0000000000
33117  -15.099  -50.584  41.592 0.0000000000
40426  -26.849  -43.430  41.691 0.0000000000
52483  -31.774  -29.461  32.810 0.0000000000
53313  -31.597  -28.770  33.017 0.0000000000
54142  -31.817  -28.301  32.768 0.0000000000
54143  -32.039  -27.588  32.686 0.0000000000
59815  -35.952  -21.107  32.436 0.0000000000
115941  -36.384  -20.435  32.179 0.0000000000
60741  -36.409  -20.989  31.661 0.0000000000
60744  -37.055  -20.914  30.968 0.0000000000
59825  -37.213  -21.679  30.902 0.0000000000
60745  -37.673  -20.372  30.266 0.0000000000
60747  -38.317  -20.244  29.675 0.0000000000
61612  -38.107  -19.566  29.917 0.0000000000
62457  -38.055  -18.829  30.409 0.0000000000
108046  -24.174  -38.462  40.990 0.0000000000
45819  -23.566  -37.072  41.811 0.0000000000
45818  -23.386  -36.420  41.537 0.0000000000
50560  -26.821  -31.663  35.923 0.0000000000
50561  -27.435  -31.785  35.269 0.0000000000
50578  -27.981  -32.026  34.655 0.0000000000
34965  -20.342  -48.252  40.518 0.0000000000
34949  -20.515  -48.696  41.213 0.0000000000
34045  -21.620  -49.265  41.503 0.0000000000
118158  -21.946  -49.619  42.085 0.0000000000
32125  -6.800  -50.886  45.072 0.0000000000
119849  -7.513  -51.372  44.502 0.0000000000
60779  -43.597  -19.756  25.990 0.0000000000
122553  -2.339  -62.725  48.073 0.0000000000
20546  -1.884  -62.788  47.641 0.0000000000
20536  -2.013  -63.186  48.259 0.0000000000
20545  -1.265  -63.190  47.598 0.0000000000
120504  -0.839  -63.773  47.977 0.0000000000
110551  -25.278  -47.533  40.963 0.0000000000
35929  -26.367  -47.078  42.377 0.0000000000
35887  -12.273  -47.471  44.226 0.0000000000
34894  -11.648  -47.784  44.588 0.0000000000
123269  -10.259  -50.579  43.483 0.0000000000
114383  -14.093  -52.811  43.553 0.0000000000
31209  -13.344  -52.621  43.516 0.0000000000
31196  -14.555  -53.060  44.080 0.0000000000
30292  -14.113  -53.325  44.768 0.0000000000
39646  -27.431  -43.273  37.371 0.0000000000
40497  -26.584  -42.465  37.280 0.0000000000
37884  -15.121  -45.079  41.043 0.0000000000
38724  -15.217  -43.906  41.476 0.0000000000
39599  -15.625  -43.256  41.456 0.0000000000
39610  -16.286  -42.925  40.999 0.0000000000
41290  -18.890  -41.424  41.354 0.0000000000
41305  -19.469  -41.599  40.761 0.0000000000
38761  -19.639  -44.340  39.731 0.0000000000
39622  -20.123  -43.733  39.674 0.0000000000
37870  -21.978  -46.106  42.886 0.0000000000
37901  -22.002  -46.350  40.607 0.0000000000
118258  -23.008  -46.828  39.417 0.0000000000
39624  -24.179  -43.251  39.292 0.0000000000
39623  -23.997  -43.839  38.914 0.0000000000
122292  -24.433  -43.811  38.556 0.0000000000
38787  -25.822  -44.415  38.300 0.0000000000
38788  -26.681  -44.275  38.192 0.0000000000
47799  -33.842  -34.373  32.113 0.0000000000
48714  -34.253  -33.738  31.924 0.0000000000
51570  -34.116  -30.226  31.782 0.0000000000
50607  -34.700  -31.445  31.821 0.0000000000
124248  -34.560  -30.734  31.850 0.0000000000
55870  -33.174  -25.371  33.604 0.0000000000
55877  -33.854  -24.953  32.257 0.0000000000
55903  -36.309  -25.832  30.772 0.0000000000
114138  -37.249  -27.065  30.262 0.0000000000
53348  -38.181  -27.801  29.951 0.0000000000
61619  -40.064  -19.735  28.454 0.0000000000
125273  -40.586  -19.964  28.120 0.0000000000
60757  -40.973  -20.223  27.792 0.0000000000
23573  -3.845  -60.982  47.959 0.0000000000
41337  -28.202  -41.482  36.593 0.0000000000
117178  -28.645  -40.998  36.723 0.0000000000
42182  -28.114  -40.789  36.539 0.0000000000
43040  -28.190  -39.408  37.045 0.0000000000
43995  -26.276  -38.100  37.752 0.0000000000
44935  -27.860  -37.236  39.165 0.0000000000
48613  -24.046  -33.456  39.113 0.0000000000
48638  -24.934  -33.604  36.690 0.0000000000
48626  -24.306  -33.709  37.257 0.0000000000
46844  -25.790  -35.160  37.840 0.0000000000
46846  -28.188  -34.917  37.906 0.0000000000
45896  -28.578  -35.607  36.845 0.0000000000
45922  -28.839  -36.221  34.802 0.0000000000
45908  -30.197  -36.714  35.035 0.0000000000
45925  -31.241  -36.588  34.196 0.0000000000
45945  -31.500  -36.356  33.428 0.0000000000
46933  -30.533  -35.349  32.641 0.0000000000
124035  -30.163  -33.278  33.705 0.0000000000
49608  -30.737  -32.941  33.424 0.0000000000
50588  -31.197  -32.207  33.176 0.0000000000
35940  -17.119  -46.485  42.020 0.0000000000
35941  -17.712  -46.477  42.891 0.0000000000
36927  -17.908  -46.668  43.451 0.0000000000
30266  -5.714  -53.243  44.944 0.0000000000
126576  -5.174  -53.267  45.433 0.0000000000
27548  -6.246  -56.130  45.577 0.0000000000
120918  -6.595  -55.348  45.352 0.0000000000
121449  -9.707  -52.904  44.309 0.0000000000
42135  -31.714  -40.611  40.242 0.0000000000
43013  -31.014  -40.329  39.726 0.0000000000
30276  -16.319  -53.110  45.597 0.0000000000
31178  -16.799  -52.465  45.316 0.0000000000
32127  -17.230  -51.598  45.248 0.0000000000
32139  -17.148  -51.204  44.505 0.0000000000
36975  -26.771  -45.956  40.661 0.0000000000
36961  -27.073  -45.907  41.452 0.0000000000
35888  -12.846  -47.128  43.883 0.0000000000
35907  -13.050  -47.398  43.167 0.0000000000
35906  -12.615  -47.643  43.611 0.0000000000
34022  -12.102  -49.779  42.883 0.0000000000
33100  -12.500  -50.473  42.591 0.0000000000
110996  -13.683  -51.603  42.414 0.0000000000
31210  -14.868  -52.725  43.359 0.0000000000
40478  -25.565  -42.193  39.287 0.0000000000
38747  -23.419  -45.185  41.017 0.0000000000
39616  -23.844  -44.176  40.445 0.0000000000
115475  -24.404  -43.614  40.933 0.0000000000
116928  -24.148  -43.312  40.120 0.0000000000
40487  -24.740  -42.734  38.914 0.0000000000
49627  -32.400  -32.621  31.497 0.0000000000
49628  -33.179  -32.700  31.409 0.0000000000
51569  -33.247  -30.348  31.737 0.0000000000
52484  -32.242  -29.557  32.274 0.0000000000
52496  -33.654  -29.556  31.740 0.0000000000
109492  -34.703  -28.882  31.338 0.0000000000
57721  -34.545  -22.784  33.011 0.0000000000
58776  -34.869  -22.821  32.326 0.0000000000
57746  -35.177  -23.337  31.756 0.0000000000
112337  -36.467  -23.843  31.234 0.0000000000
56811  -37.688  -24.737  31.101 0.0000000000
119827  -38.792  -25.697  30.838 0.0000000000
57761  -38.230  -23.950  31.185 0.0000000000
58800  -37.795  -22.115  30.858 0.0000000000
58801  -38.526  -22.571  30.800 0.0000000000
57777  -39.247  -22.942  30.669 0.0000000000
60751  -39.555  -20.649  28.502 0.0000000000
61614  -38.746  -19.676  29.324 0.0000000000
118675  -39.306  -19.895  28.830 0.0000000000
27546  -4.732  -56.682  45.422 0.0000000000
26598  -4.340  -57.404  45.720 0.0000000000
43010  -26.313  -39.652  38.879 0.0000000000
43009  -25.359  -39.056  38.897 0.0000000000
43978  -24.866  -38.398  38.631 0.0000000000
121933  -24.097  -38.422  40.018 0.0000000000
43960  -24.163  -38.116  39.183 0.0000000000
43977  -24.363  -37.720  38.792 0.0000000000
44932  -24.333  -36.916  38.702 0.0000000000
114566  -25.433  -32.260  37.730 0.0000000000
50523  -26.229  -31.693  37.750 0.0000000000
49557  -25.350  -32.843  36.564 0.0000000000
47740  -26.982  -34.452  35.559 0.0000000000
117575  -27.381  -34.723  35.000 0.0000000000
46909  -27.918  -35.176  33.971 0.0000000000
47770  -29.409  -34.863  33.099 0.0000000000
47769  -28.740  -34.596  33.464 0.0000000000
111822  -29.091  -32.670  34.356 0.0000000000
49596  -29.770  -33.072  34.292 0.0000000000
35942  -18.516  -46.372  42.337 0.0000000000
34934  -19.688  -48.215  42.451 0.0000000000
34935  -20.358  -48.791  41.965 0.0000000000
32123  -5.717  -51.827  45.835 0.0000000000
32114  -6.038  -50.997  46.172 0.0000000000
29371  -7.745  -53.877  44.909 0.0000000000
121532  -11.630  -53.986  46.360 0.0000000000
24613  -1.937  -59.748  46.707 0.0000000000
25577  -1.686  -58.886  48.045 0.0000000000
23572  -0.985  -60.567  47.898 0.0000000000
23571  -0.130  -61.503  48.823 0.0000000000
113892  -33.553  -25.924  35.091 0.0000000000
56762  -34.293  -24.576  34.534 0.0000000000
57714  -34.587  -23.683  34.284 0.0000000000
113285  -29.011  -36.294  41.531 0.0000000000
34061  -22.825  -48.986  40.885 0.0000000000
34951  -24.247  -48.508  41.435 0.0000000000
126266  -9.021  -50.849  43.986 0.0000000000
31191  -10.322  -52.636  44.125 0.0000000000
32160  -12.089  -51.134  42.768 0.0000000000
63337  -42.681  -16.867  26.708 0.0000000000
39626  -30.452  -43.212  39.494 0.0000000000
39648  -29.066  -42.875  37.794 0.0000000000
109909  -28.784  -42.401  37.290 0.0000000000
40499  -28.197  -42.189  36.818 0.0000000000
41343  -27.646  -41.282  36.619 0.0000000000
42158  -26.874  -40.175  37.670 0.0000000000
41315  -26.202  -41.652  38.527 0.0000000000
41316  -26.996  -40.879  38.961 0.0000000000
42134  -28.143  -41.058  40.227 0.0000000000
42146  -26.687  -40.214  38.360 0.0000000000
42969  -25.799  -39.397  42.308 0.0000000000
34962  -15.285  -48.271  40.739 0.0000000000
126511  -15.785  -48.511  40.763 0.0000000000
35955  -15.346  -47.295  40.656 0.0000000000
37895  -15.711  -45.095  40.598 0.0000000000
113778  -15.868  -45.656  40.590 0.0000000000
36969  -16.301  -45.894  40.724 0.0000000000
36970  -17.229  -45.328  41.062 0.0000000000
40423  -16.447  -41.782  42.290 0.0000000000
40444  -16.569  -42.063  41.391 0.0000000000
118915  -16.982  -43.061  40.633 0.0000000000
40463  -17.845  -42.104  40.741 0.0000000000
38759  -17.397  -43.548  40.512 0.0000000000
119658  -17.861  -44.135  40.510 0.0000000000
36971  -18.564  -45.350  41.012 0.0000000000
36972  -19.408  -46.551  40.241 0.0000000000
37914  -19.823  -45.338  39.676 0.0000000000
35958  -19.881  -47.567  40.213 0.0000000000
34981  -20.572  -47.811  39.914 0.0000000000
34982  -21.332  -48.046  39.812 0.0000000000
40425  -21.085  -43.019  41.878 0.0000000000
39614  -20.878  -43.892  40.386 0.0000000000
105350  -20.898  -46.220  39.729 0.0000000000
35976  -24.041  -47.391  39.520 0.0000000000
126264  -25.196  -47.142  40.228 0.0000000000
37930  -23.758  -45.338  38.810 0.0000000000
37931  -24.441  -45.122  38.579 0.0000000000
36990  -25.863  -45.980  39.548 0.0000000000
37903  -26.716  -45.651  39.949 0.0000000000
125194  -27.284  -45.298  39.947 0.0000000000
37921  -27.854  -44.937  39.874 0.0000000000
37934  -27.084  -44.593  38.713 0.0000000000
38774  -27.672  -44.505  39.036 0.0000000000
38776  -29.211  -43.944  39.628 0.0000000000
37840  -14.082  -45.169  44.019 0.0000000000
124262  -14.293  -45.084  43.348 0.0000000000
37854  -14.002  -45.682  43.121 0.0000000000
46914  -34.952  -35.560  33.321 0.0000000000
106745  -33.722  -33.162  31.538 0.0000000000
49630  -35.076  -32.207  31.899 0.0000000000
54124  -32.131  -27.460  34.615 0.0000000000
54132  -31.911  -27.200  33.557 0.0000000000
125478  -32.753  -25.825  33.172 0.0000000000
54144  -32.681  -26.947  32.135 0.0000000000
122118  -33.159  -27.541  31.739 0.0000000000
105333  -33.793  -27.768  31.380 0.0000000000
53336  -34.631  -28.081  31.002 0.0000000000
55886  -34.421  -25.318  31.596 0.0000000000
55887  -35.102  -25.434  31.220 0.0000000000
120422  -34.825  -25.941  31.280 0.0000000000
53327  -35.292  -28.701  31.026 0.0000000000
52500  -36.905  -29.469  31.204 0.0000000000
114438  -43.538  -20.689  26.328 0.0000000000
60759  -42.227  -20.203  26.971 0.0000000000
116220  -42.912  -20.008  26.453 0.0000000000
61625  -42.531  -18.991  26.815 0.0000000000
119824  -42.706  -18.509  26.520 0.0000000000
112378  -42.579  -17.583  27.173 0.0000000000
63330  -42.597  -17.783  28.097 0.0000000000
26585  -3.534  -57.553  45.941 0.0000000000
25600  -3.455  -58.537  46.272 0.0000000000
24625  -3.908  -59.162  46.529 0.0000000000
25599  -2.641  -59.051  46.503 0.0000000000
23590  -2.499  -60.594  46.570 0.0000000000
22495  -2.743  -61.778  47.411 0.0000000000
22496  -3.399  -61.720  48.391 0.0000000000
21509  -2.781  -62.332  48.221 0.0000000000
40480  -30.417  -42.767  39.039 0.0000000000
42147  -30.638  -40.291  39.071 0.0000000000
43012  -30.481  -39.765  39.362 0.0000000000
123408  -30.216  -39.271  39.836 0.0000000000
108724  -29.787  -38.591  40.053 0.0000000000
44904  -29.046  -37.525  40.430 0.0000000000
46786  -23.357  -35.669  41.170 0.0000000000
124146  -23.755  -34.558  41.147 0.0000000000
47709  -23.480  -34.951  40.787 0.0000000000
115197  -23.260  -36.271  39.917 0.0000000000
45868  -23.860  -36.465  38.834 0.0000000000
47717  -23.708  -34.158  38.447 0.0000000000
48625  -23.956  -33.760  37.850 0.0000000000
45870  -25.801  -35.998  38.769 0.0000000000
46788  -29.097  -35.661  41.140 0.0000000000
46832  -28.717  -34.846  39.359 0.0000000000
45947  -33.214  -36.099  33.413 0.0000000000
45965  -32.602  -35.828  32.854 0.0000000000
115244  -32.779  -35.293  32.488 0.0000000000
47784  -32.485  -34.747  32.091 0.0000000000
47781  -30.162  -34.709  32.613 0.0000000000
48698  -30.550  -33.949  32.317 0.0000000000
47796  -31.302  -33.945  31.875 0.0000000000
48712  -31.841  -33.288  31.634 0.0000000000
51540  -31.643  -30.192  33.346 0.0000000000
52463  -31.586  -29.453  34.207 0.0000000000
34043  -16.343  -48.957  41.428 0.0000000000
34025  -16.843  -48.647  42.411 0.0000000000
34005  -17.217  -48.864  43.556 0.0000000000
113025  -17.489  -48.641  44.471 0.0000000000
35927  -18.279  -46.716  43.165 0.0000000000
35909  -18.129  -46.937  43.891 0.0000000000
34897  -18.506  -47.877  44.813 0.0000000000
35890  -18.065  -47.406  44.430 0.0000000000
34896  -18.062  -47.872  44.896 0.0000000000
34029  -22.602  -49.619  42.319 0.0000000000
29325  -3.218  -54.660  47.421 0.0000000000
30250  -4.449  -53.458  46.415 0.0000000000
29346  -4.281  -54.346  46.003 0.0000000000
111404  -4.457  -55.089  45.445 0.0000000000
125826  -7.958  -50.553  44.572 0.0000000000
28455  -7.975  -54.563  45.600 0.0000000000
30251  -10.946  -53.977  46.045 0.0000000000
29349  -10.283  -54.262  46.625 0.0000000000
29347  -8.712  -54.459  46.095 0.0000000000
19549  -0.730  -64.236  48.617 0.0000000000
21519  0.322  -63.292  47.770 0.0000000000
21517  1.963  -63.263  47.611 0.0000000000
21507  1.850  -62.659  48.129 0.0000000000
22493  1.428  -62.066  48.828 0.0000000000
26572  -2.453  -57.624  46.888 0.0000000000
30274  -14.598  -53.518  45.408 0.0000000000
38723  -14.864  -44.619  41.580 0.0000000000
39612  -18.712  -42.827  40.110 0.0000000000
40462  -17.067  -42.406  40.802 0.0000000000
40465  -19.284  -41.916  40.343 0.0000000000
40466  -19.997  -41.925  40.116 0.0000000000
41304  -18.574  -41.731  40.825 0.0000000000
41336  -27.146  -41.086  36.927 0.0000000000
45898  -30.491  -36.610  36.416 0.0000000000
53338  -36.185  -28.065  30.384 0.0000000000
55031  -32.668  -26.228  32.623 0.0000000000
59814  -35.467  -21.640  32.960 0.0000000000
104919  -31.623  -40.120  40.894 0.0000000000
107063  -32.236  -26.808  32.813 0.0000000000
115025  -37.439  -27.681  30.145 0.0000000000
116173  -37.113  -19.032  31.977 0.0000000000
117852  -20.409  -42.491  40.065 0.0000000000
121043  -15.511  -53.085  44.739 0.0000000000
123558  -17.911  -41.770  41.030 0.0000000000
