#!ascii label  , from subject sub-v1s22x0050495_ses-1 vox2ras=TkReg
1559
88290  -49.002  7.722  43.718 0.0000000000
100751  -46.415  26.212  28.800 0.0000000000
95134  -44.714  17.898  36.205 0.0000000000
89132  -49.550  8.152  27.598 0.0000000000
97952  -44.432  21.594  24.463 0.0000000000
115509  -45.133  15.754  26.278 0.0000000000
91923  -44.599  12.480  22.279 0.0000000000
89112  -42.263  7.770  28.333 0.0000000000
87595  -46.492  6.807  52.110 0.0000000000
90407  -48.269  11.705  47.865 0.0000000000
104127  -43.232  34.213  33.387 0.0000000000
103173  -45.241  31.361  29.120 0.0000000000
101779  -45.040  28.367  22.595 0.0000000000
93115  -50.001  15.134  39.668 0.0000000000
97893  -45.013  21.914  32.259 0.0000000000
93829  -50.030  15.917  31.653 0.0000000000
123248  -51.101  9.297  36.321 0.0000000000
114687  -46.079  9.382  35.029 0.0000000000
89045  -39.954  8.987  35.728 0.0000000000
87020  -51.285  6.162  42.580 0.0000000000
97327  -43.537  20.456  20.944 0.0000000000
95250  -45.649  17.126  21.524 0.0000000000
125157  -42.411  15.561  20.776 0.0000000000
92560  -42.632  13.061  25.212 0.0000000000
89680  -46.975  9.740  50.792 0.0000000000
90406  -44.982  10.965  47.494 0.0000000000
122359  -40.557  35.762  34.473 0.0000000000
102224  -43.412  29.593  25.529 0.0000000000
92448  -46.690  13.780  40.647 0.0000000000
92489  -47.246  13.796  36.585 0.0000000000
123117  -42.579  27.835  29.213 0.0000000000
98470  -44.570  22.576  29.391 0.0000000000
91253  -48.116  11.533  25.966 0.0000000000
93202  -46.511  14.260  29.448 0.0000000000
91874  -50.309  12.133  29.500 0.0000000000
133404  -50.632  12.574  33.605 0.0000000000
89087  -51.464  8.933  32.041 0.0000000000
114402  -49.521  8.183  34.800 0.0000000000
89830  -47.710  9.460  31.180 0.0000000000
89826  -40.770  8.819  31.824 0.0000000000
99014  -48.262  24.214  26.482 0.0000000000
97276  -47.194  20.788  27.433 0.0000000000
96686  -46.916  19.042  23.989 0.0000000000
93251  -46.575  14.317  22.946 0.0000000000
89906  -46.593  9.270  24.105 0.0000000000
89129  -45.358  8.183  27.422 0.0000000000
89902  -42.690  8.621  24.710 0.0000000000
89884  -39.778  9.384  26.428 0.0000000000
87603  -48.546  6.412  52.214 0.0000000000
87627  -47.378  7.082  48.737 0.0000000000
122209  -47.544  9.506  45.796 0.0000000000
135829  -37.660  33.359  32.960 0.0000000000
103641  -40.567  32.187  31.423 0.0000000000
123526  -44.736  30.589  30.917 0.0000000000
102207  -48.399  29.032  30.158 0.0000000000
101284  -45.150  27.005  26.853 0.0000000000
99599  -43.454  24.615  24.217 0.0000000000
99063  -44.621  23.215  20.116 0.0000000000
100829  -45.578  26.418  20.037 0.0000000000
91151  -46.073  11.809  43.862 0.0000000000
92419  -49.654  13.338  44.394 0.0000000000
114088  -49.640  11.586  42.140 0.0000000000
96604  -46.344  19.706  35.641 0.0000000000
95185  -44.122  17.901  29.131 0.0000000000
94487  -44.699  16.737  32.266 0.0000000000
94471  -47.715  16.738  33.970 0.0000000000
93156  -51.089  15.681  35.703 0.0000000000
117541  -50.241  12.490  37.792 0.0000000000
89739  -50.929  9.247  40.188 0.0000000000
136474  -51.083  7.243  38.998 0.0000000000
88336  -47.816  7.807  38.652 0.0000000000
88992  -44.545  8.249  38.762 0.0000000000
120821  -43.970  10.661  31.494 0.0000000000
89783  -43.050  10.001  35.183 0.0000000000
88335  -42.157  7.875  39.212 0.0000000000
87651  -49.234  6.824  45.028 0.0000000000
87652  -50.455  6.661  44.704 0.0000000000
88292  -51.001  7.199  43.271 0.0000000000
118141  -43.272  20.070  19.515 0.0000000000
95995  -43.382  18.460  19.952 0.0000000000
95256  -41.599  17.115  20.362 0.0000000000
126330  -41.582  16.084  21.688 0.0000000000
93152  -45.633  14.920  35.606 0.0000000000
101241  -44.424  27.065  29.149 0.0000000000
90584  -49.026  9.681  26.239 0.0000000000
91888  -49.359  11.894  27.792 0.0000000000
90556  -50.606  9.917  28.540 0.0000000000
90543  -51.484  9.710  30.687 0.0000000000
89105  -50.305  8.616  29.414 0.0000000000
128285  -49.765  8.704  31.603 0.0000000000
89103  -48.257  8.564  29.070 0.0000000000
98500  -46.326  22.669  25.437 0.0000000000
97954  -47.488  21.364  25.347 0.0000000000
128750  -46.397  20.450  24.420 0.0000000000
92599  -44.715  14.020  21.182 0.0000000000
93894  -46.290  15.490  22.199 0.0000000000
91931  -45.985  12.965  21.913 0.0000000000
91280  -46.552  11.385  22.884 0.0000000000
90596  -44.977  10.675  23.348 0.0000000000
89159  -44.854  8.468  24.394 0.0000000000
91272  -43.754  11.100  24.299 0.0000000000
91261  -41.173  10.901  25.760 0.0000000000
90395  -47.582  10.572  49.371 0.0000000000
135769  -47.649  9.003  50.320 0.0000000000
89696  -47.889  10.224  48.882 0.0000000000
114359  -47.309  8.359  47.547 0.0000000000
89722  -48.253  10.626  47.009 0.0000000000
104635  -41.565  34.712  33.668 0.0000000000
104135  -39.941  33.582  32.840 0.0000000000
103631  -42.109  32.821  32.286 0.0000000000
103164  -42.882  31.204  30.628 0.0000000000
103644  -43.882  32.487  32.029 0.0000000000
103653  -46.438  32.702  30.668 0.0000000000
117562  -47.191  30.786  31.121 0.0000000000
102697  -47.180  30.177  29.837 0.0000000000
117965  -46.965  27.802  27.725 0.0000000000
102217  -45.438  29.160  28.149 0.0000000000
102245  -43.870  28.931  24.098 0.0000000000
125085  -43.494  26.647  25.062 0.0000000000
129738  -44.199  26.626  23.008 0.0000000000
99615  -44.104  24.226  21.976 0.0000000000
100227  -45.092  25.388  21.293 0.0000000000
99623  -45.366  24.910  20.094 0.0000000000
100812  -45.579  27.075  21.261 0.0000000000
120022  -42.042  12.515  40.981 0.0000000000
91160  -41.512  11.065  42.261 0.0000000000
91162  -43.495  11.123  42.415 0.0000000000
91140  -44.624  11.276  44.431 0.0000000000
91794  -44.966  11.856  41.954 0.0000000000
93103  -48.400  14.838  40.702 0.0000000000
122244  -47.927  13.941  42.075 0.0000000000
93087  -49.326  14.134  41.891 0.0000000000
91153  -49.935  12.938  43.555 0.0000000000
91817  -49.820  13.649  41.046 0.0000000000
98954  -46.198  23.999  33.397 0.0000000000
98435  -46.402  22.876  35.308 0.0000000000
97230  -44.716  20.616  34.124 0.0000000000
95201  -45.131  17.979  26.897 0.0000000000
95932  -45.026  19.109  28.049 0.0000000000
94530  -44.596  16.621  27.471 0.0000000000
93192  -47.931  14.738  30.255 0.0000000000
93837  -45.509  15.295  30.624 0.0000000000
93827  -48.127  16.029  31.535 0.0000000000
94489  -46.732  17.218  33.213 0.0000000000
94490  -49.292  16.716  32.555 0.0000000000
93164  -49.282  15.610  34.614 0.0000000000
93813  -51.041  16.191  33.578 0.0000000000
126022  -51.042  10.374  34.875 0.0000000000
91833  -50.488  12.734  36.127 0.0000000000
90481  -50.570  10.509  36.873 0.0000000000
90469  -50.360  10.429  38.702 0.0000000000
89752  -50.928  9.557  38.292 0.0000000000
88995  -51.588  8.165  39.283 0.0000000000
89024  -51.456  8.102  37.631 0.0000000000
89047  -47.895  8.720  35.094 0.0000000000
89037  -48.766  8.157  36.540 0.0000000000
114223  -47.124  8.445  37.278 0.0000000000
89005  -46.149  8.269  38.715 0.0000000000
89034  -45.412  8.851  36.780 0.0000000000
89127  -43.685  8.006  27.672 0.0000000000
89855  -44.879  9.751  29.179 0.0000000000
89853  -42.682  9.439  29.588 0.0000000000
89802  -40.373  8.955  33.697 0.0000000000
90500  -41.762  10.268  33.516 0.0000000000
89781  -41.469  9.768  35.596 0.0000000000
89761  -42.338  9.149  37.228 0.0000000000
89015  -40.717  8.759  37.346 0.0000000000
136769  -40.677  7.547  39.188 0.0000000000
86996  -48.513  5.257  47.750 0.0000000000
135914  -50.530  5.716  42.276 0.0000000000
131502  -43.988  20.675  23.313 0.0000000000
96684  -45.339  19.594  23.410 0.0000000000
95988  -44.500  18.173  21.424 0.0000000000
94584  -44.277  16.185  20.182 0.0000000000
93264  -43.367  14.482  21.389 0.0000000000
91914  -43.419  12.832  23.516 0.0000000000
93250  -42.772  14.451  22.587 0.0000000000
88917  -46.686  8.538  51.843 0.0000000000
88932  -45.471  9.078  50.095 0.0000000000
91093  -47.180  12.070  47.841 0.0000000000
105696  -43.340  37.431  34.888 0.0000000000
128244  -44.091  31.034  27.798 0.0000000000
102724  -44.803  30.237  23.569 0.0000000000
102260  -45.961  29.262  21.931 0.0000000000
91816  -44.517  12.939  40.709 0.0000000000
92466  -46.402  13.673  38.565 0.0000000000
93129  -48.778  14.732  37.851 0.0000000000
98462  -44.805  21.822  30.591 0.0000000000
92556  -46.465  13.563  25.846 0.0000000000
93219  -45.382  14.611  27.424 0.0000000000
92550  -47.282  13.133  27.593 0.0000000000
92543  -48.802  13.326  28.835 0.0000000000
92526  -49.616  13.774  30.139 0.0000000000
92514  -50.352  13.980  32.515 0.0000000000
91221  -50.711  11.527  31.405 0.0000000000
90516  -51.321  10.354  32.313 0.0000000000
89808  -51.479  8.942  33.808 0.0000000000
89049  -50.918  7.909  35.445 0.0000000000
118113  -50.630  8.543  33.019 0.0000000000
89066  -49.032  8.685  33.122 0.0000000000
89805  -46.779  9.535  33.302 0.0000000000
89093  -41.444  8.398  30.103 0.0000000000
96596  -44.790  19.747  36.249 0.0000000000
99558  -48.569  25.186  28.029 0.0000000000
98999  -47.393  23.371  27.674 0.0000000000
98488  -48.546  22.793  26.949 0.0000000000
135042  -47.103  19.943  25.935 0.0000000000
95221  -46.267  17.372  24.769 0.0000000000
95980  -46.492  17.723  22.976 0.0000000000
120678  -46.544  16.548  23.627 0.0000000000
115900  -46.300  14.693  24.814 0.0000000000
91909  -47.083  12.550  24.319 0.0000000000
90582  -47.929  10.551  24.955 0.0000000000
88443  -48.248  7.722  25.960 0.0000000000
89131  -47.704  8.003  27.660 0.0000000000
117298  -46.130  7.633  25.744 0.0000000000
88430  -43.798  7.196  26.031 0.0000000000
88429  -41.938  6.816  26.289 0.0000000000
91263  -42.540  11.177  25.367 0.0000000000
89893  -41.194  9.293  25.488 0.0000000000
127584  -47.779  8.402  51.578 0.0000000000
133819  -47.893  7.059  50.464 0.0000000000
86983  -47.958  5.363  48.872 0.0000000000
87637  -47.487  6.712  47.700 0.0000000000
87646  -47.739  7.351  45.814 0.0000000000
88973  -48.015  8.397  44.225 0.0000000000
103159  -37.730  31.011  30.983 0.0000000000
103628  -38.902  32.761  32.290 0.0000000000
103161  -39.453  31.183  30.624 0.0000000000
102679  -41.510  30.445  29.870 0.0000000000
102203  -43.539  29.322  29.696 0.0000000000
129097  -45.041  28.275  29.645 0.0000000000
104139  -44.635  33.948  33.040 0.0000000000
103156  -45.919  31.776  32.041 0.0000000000
102193  -47.263  29.669  31.025 0.0000000000
101243  -48.114  27.952  29.631 0.0000000000
100767  -48.640  26.621  27.885 0.0000000000
100187  -46.695  25.664  26.466 0.0000000000
99013  -45.158  23.987  26.141 0.0000000000
101746  -43.757  28.320  26.656 0.0000000000
135173  -43.686  25.125  25.533 0.0000000000
98508  -43.643  22.896  24.395 0.0000000000
126525  -43.680  22.563  22.295 0.0000000000
97982  -43.733  21.478  20.264 0.0000000000
98548  -43.835  22.936  19.608 0.0000000000
137251  -44.335  24.317  19.568 0.0000000000
101793  -46.049  28.661  21.295 0.0000000000
91127  -45.570  11.837  45.821 0.0000000000
91763  -47.329  12.437  46.339 0.0000000000
91796  -46.698  12.677  42.475 0.0000000000
91786  -47.755  13.116  44.186 0.0000000000
116913  -48.785  12.503  46.244 0.0000000000
91143  -49.239  11.918  45.372 0.0000000000
89730  -48.365  10.158  43.633 0.0000000000
89732  -48.844  9.966  42.728 0.0000000000
95884  -46.057  19.234  36.276 0.0000000000
98479  -45.806  22.029  28.597 0.0000000000
97256  -45.003  20.714  29.848 0.0000000000
96629  -44.018  19.777  30.523 0.0000000000
93846  -44.689  15.580  29.341 0.0000000000
94497  -43.745  16.913  31.105 0.0000000000
96623  -43.530  19.265  32.259 0.0000000000
95156  -44.903  18.023  33.477 0.0000000000
119734  -46.564  18.421  34.773 0.0000000000
94461  -46.027  16.787  35.295 0.0000000000
93162  -47.574  15.069  34.834 0.0000000000
93141  -49.057  14.773  36.379 0.0000000000
93777  -50.659  15.652  38.063 0.0000000000
92501  -51.232  14.687  34.679 0.0000000000
132144  -51.143  14.607  36.505 0.0000000000
91824  -50.136  13.552  39.334 0.0000000000
90463  -49.758  11.631  39.989 0.0000000000
89735  -49.909  9.910  41.351 0.0000000000
88980  -50.122  8.923  41.683 0.0000000000
88298  -51.384  7.485  41.676 0.0000000000
87686  -51.280  6.436  40.788 0.0000000000
120147  -49.809  6.361  40.415 0.0000000000
88352  -50.221  7.620  37.012 0.0000000000
116484  -49.490  7.231  38.899 0.0000000000
88307  -48.165  6.910  40.352 0.0000000000
88306  -47.066  7.316  40.199 0.0000000000
88305  -45.602  7.388  40.444 0.0000000000
118868  -46.275  9.324  29.025 0.0000000000
90542  -46.206  10.018  30.901 0.0000000000
90514  -44.977  10.336  32.816 0.0000000000
89828  -41.960  9.800  30.928 0.0000000000
90502  -43.722  10.560  33.213 0.0000000000
89794  -44.089  9.903  34.904 0.0000000000
89763  -44.031  9.083  36.797 0.0000000000
89002  -42.935  8.235  38.782 0.0000000000
88287  -49.698  7.125  44.201 0.0000000000
88288  -50.767  6.928  43.972 0.0000000000
88291  -50.092  7.456  43.470 0.0000000000
97339  -42.385  19.823  19.494 0.0000000000
96707  -42.608  19.013  19.524 0.0000000000
96706  -41.997  18.942  19.802 0.0000000000
93790  -44.385  15.187  36.202 0.0000000000
94460  -45.277  16.267  35.595 0.0000000000
134485  -45.242  26.524  28.948 0.0000000000
100163  -44.524  25.095  28.685 0.0000000000
100164  -45.792  25.138  28.508 0.0000000000
89885  -49.512  8.977  26.578 0.0000000000
136230  -49.878  9.489  27.117 0.0000000000
89133  -50.089  8.854  28.112 0.0000000000
89869  -50.527  9.261  28.571 0.0000000000
89119  -49.837  8.460  28.579 0.0000000000
89104  -49.309  8.468  29.161 0.0000000000
89118  -48.969  8.131  28.358 0.0000000000
97943  -45.852  22.003  25.081 0.0000000000
97953  -46.419  21.237  24.806 0.0000000000
97298  -45.280  20.823  24.396 0.0000000000
92593  -44.423  13.506  21.582 0.0000000000
92594  -45.298  13.372  21.616 0.0000000000
91924  -45.239  12.284  22.078 0.0000000000
91284  -45.721  11.797  22.212 0.0000000000
130586  -44.976  11.956  22.407 0.0000000000
90591  -44.303  10.662  23.833 0.0000000000
91278  -44.158  11.617  23.496 0.0000000000
124968  -46.781  7.511  52.607 0.0000000000
120182  -47.924  11.341  48.562 0.0000000000
90400  -47.872  10.783  49.008 0.0000000000
114134  -48.180  11.063  48.423 0.0000000000
137710  -48.037  10.322  47.781 0.0000000000
90423  -48.414  11.319  47.553 0.0000000000
104636  -42.913  35.029  33.839 0.0000000000
104126  -42.075  34.021  33.333 0.0000000000
104137  -42.618  33.461  32.867 0.0000000000
103632  -43.193  32.957  32.456 0.0000000000
104138  -43.709  33.659  33.002 0.0000000000
103656  -45.554  33.203  29.384 0.0000000000
104150  -46.128  33.403  30.094 0.0000000000
103652  -46.059  32.541  30.052 0.0000000000
102692  -47.002  30.883  30.557 0.0000000000
136950  -46.237  30.957  29.693 0.0000000000
102210  -46.314  29.742  28.866 0.0000000000
102209  -44.952  29.939  28.321 0.0000000000
101769  -44.303  28.273  23.427 0.0000000000
101304  -43.924  27.443  23.683 0.0000000000
101312  -44.666  27.545  22.753 0.0000000000
125181  -44.733  25.997  22.125 0.0000000000
130077  -45.104  26.843  22.064 0.0000000000
100820  -45.360  26.199  21.330 0.0000000000
101313  -45.411  27.682  21.972 0.0000000000
91813  -41.447  13.071  40.584 0.0000000000
91814  -42.834  12.588  40.885 0.0000000000
91804  -42.543  12.042  41.341 0.0000000000
91805  -43.392  12.161  41.304 0.0000000000
91172  -43.968  11.648  41.815 0.0000000000
93114  -49.228  15.236  40.114 0.0000000000
93094  -48.930  14.572  41.375 0.0000000000
93105  -49.432  14.414  41.187 0.0000000000
92437  -49.617  13.850  41.907 0.0000000000
92450  -49.940  14.454  40.350 0.0000000000
98960  -44.887  22.684  32.123 0.0000000000
98445  -45.588  22.648  32.537 0.0000000000
98962  -46.298  23.211  33.238 0.0000000000
97882  -45.123  21.539  33.795 0.0000000000
94536  -45.262  16.641  26.025 0.0000000000
93865  -44.783  16.207  26.825 0.0000000000
93841  -49.441  15.362  30.997 0.0000000000
93839  -47.427  15.236  30.880 0.0000000000
93828  -49.174  16.001  31.455 0.0000000000
94501  -48.388  16.596  32.279 0.0000000000
94503  -49.777  16.434  32.043 0.0000000000
94481  -50.624  16.515  32.975 0.0000000000
93819  -50.994  16.108  32.836 0.0000000000
89787  -51.313  9.191  35.206 0.0000000000
116537  -50.817  10.320  35.821 0.0000000000
89764  -51.063  9.407  37.336 0.0000000000
89765  -51.437  8.710  37.874 0.0000000000
89775  -51.302  8.409  36.925 0.0000000000
89786  -47.022  9.045  35.025 0.0000000000
89046  -47.330  8.657  35.795 0.0000000000
89785  -46.473  8.977  35.747 0.0000000000
113866  -46.175  8.620  37.223 0.0000000000
89773  -45.493  9.235  35.889 0.0000000000
88411  -42.799  7.521  27.627 0.0000000000
89113  -43.068  8.325  28.321 0.0000000000
89101  -42.475  8.599  28.953 0.0000000000
89055  -40.089  8.869  34.594 0.0000000000
89792  -40.721  9.580  34.333 0.0000000000
89780  -40.681  9.560  35.241 0.0000000000
129668  -40.953  9.216  36.857 0.0000000000
89032  -40.257  8.871  36.725 0.0000000000
134669  -40.237  8.603  37.259 0.0000000000
89031  -39.474  8.483  36.457 0.0000000000
87001  -48.613  5.835  46.843 0.0000000000
87019  -50.970  5.827  42.742 0.0000000000
87028  -51.043  5.954  41.929 0.0000000000
97319  -43.632  20.664  22.397 0.0000000000
96692  -43.770  19.721  22.098 0.0000000000
96700  -43.610  19.484  20.969 0.0000000000
93912  -42.613  16.455  19.874 0.0000000000
94583  -43.411  16.540  19.838 0.0000000000
132020  -42.929  15.911  19.906 0.0000000000
93273  -43.453  14.787  20.755 0.0000000000
93272  -42.869  15.072  20.979 0.0000000000
93257  -43.089  14.484  21.902 0.0000000000
93893  -42.552  14.992  21.864 0.0000000000
93888  -41.833  15.518  22.752 0.0000000000
89685  -44.849  9.295  49.368 0.0000000000
134742  -46.427  11.040  48.488 0.0000000000
91092  -46.183  11.360  47.829 0.0000000000
105695  -42.519  37.066  35.198 0.0000000000
102713  -44.285  30.641  24.463 0.0000000000
102725  -45.803  30.722  23.014 0.0000000000
103201  -46.012  31.741  23.643 0.0000000000
92487  -45.511  13.745  36.802 0.0000000000
92465  -45.546  13.506  38.113 0.0000000000
92467  -47.131  13.825  38.297 0.0000000000
93120  -48.118  14.542  38.846 0.0000000000
92477  -47.649  13.956  37.625 0.0000000000
122546  -41.681  27.897  29.294 0.0000000000
120470  -44.981  21.873  29.878 0.0000000000
92562  -47.084  12.797  25.977 0.0000000000
120429  -46.781  13.247  26.756 0.0000000000
114861  -47.592  12.545  26.873 0.0000000000
91236  -50.097  11.468  28.152 0.0000000000
91879  -48.812  12.610  28.204 0.0000000000
91873  -49.934  12.597  29.093 0.0000000000
131753  -49.470  13.328  29.397 0.0000000000
91868  -49.949  12.923  29.759 0.0000000000
91863  -50.299  12.442  31.069 0.0000000000
91225  -50.598  11.625  30.634 0.0000000000
89846  -51.809  8.970  30.861 0.0000000000
90531  -51.613  9.377  31.578 0.0000000000
89832  -51.535  9.032  32.181 0.0000000000
90506  -51.447  9.607  33.480 0.0000000000
89078  -51.361  8.853  32.734 0.0000000000
89069  -51.290  8.693  33.473 0.0000000000
89077  -51.153  8.715  32.467 0.0000000000
89831  -48.757  9.083  31.597 0.0000000000
89075  -49.357  8.767  32.280 0.0000000000
89817  -47.805  9.414  32.209 0.0000000000
116699  -47.436  9.407  32.949 0.0000000000
128915  -47.078  9.585  31.787 0.0000000000
100189  -48.756  25.100  27.367 0.0000000000
99006  -48.513  23.558  27.136 0.0000000000
99007  -48.645  23.606  26.979 0.0000000000
96679  -46.847  19.837  24.714 0.0000000000
97293  -47.985  21.097  25.871 0.0000000000
130579  -46.789  19.103  24.934 0.0000000000
122073  -46.223  18.040  25.270 0.0000000000
95966  -46.715  18.252  24.259 0.0000000000
95989  -45.454  17.812  21.826 0.0000000000
95979  -45.983  18.144  22.617 0.0000000000
95244  -46.146  17.439  22.232 0.0000000000
93258  -46.305  14.501  22.365 0.0000000000
119006  -46.548  15.868  22.659 0.0000000000
137962  -46.558  14.936  23.329 0.0000000000
94556  -46.447  15.906  24.042 0.0000000000
93243  -46.549  14.237  23.924 0.0000000000
92571  -46.737  13.335  24.144 0.0000000000
114127  -46.790  12.693  23.459 0.0000000000
89915  -46.861  10.038  23.738 0.0000000000
90599  -47.028  10.857  23.555 0.0000000000
89907  -47.336  9.445  24.404 0.0000000000
89162  -47.945  8.815  24.927 0.0000000000
89161  -47.147  8.715  24.656 0.0000000000
88441  -46.845  7.857  25.475 0.0000000000
89160  -46.289  8.562  24.539 0.0000000000
89157  -43.298  8.316  24.583 0.0000000000
88449  -44.343  7.966  24.680 0.0000000000
88447  -42.867  7.740  24.866 0.0000000000
115245  -42.688  6.890  25.958 0.0000000000
91907  -43.132  12.476  24.485 0.0000000000
91271  -43.207  11.554  24.798 0.0000000000
91899  -42.690  12.060  25.365 0.0000000000
91251  -40.425  10.897  26.068 0.0000000000
90579  -40.711  10.155  25.720 0.0000000000
88925  -47.058  9.096  51.576 0.0000000000
88918  -47.079  8.615  52.140 0.0000000000
88919  -47.378  8.672  51.796 0.0000000000
88263  -47.460  8.298  49.432 0.0000000000
88248  -47.759  8.259  50.710 0.0000000000
114776  -47.539  7.424  49.709 0.0000000000
86969  -48.071  5.885  49.958 0.0000000000
86982  -47.686  6.045  48.241 0.0000000000
88275  -47.280  7.749  48.167 0.0000000000
88970  -47.411  8.807  46.078 0.0000000000
115577  -47.363  7.916  46.449 0.0000000000
88282  -47.563  7.965  45.556 0.0000000000
88285  -47.838  7.935  44.883 0.0000000000
88972  -47.478  8.792  45.127 0.0000000000
124758  -36.358  33.475  33.558 0.0000000000
103622  -36.477  32.882  33.094 0.0000000000
103626  -36.642  32.316  32.560 0.0000000000
103148  -37.283  31.397  31.515 0.0000000000
103638  -37.859  31.950  31.778 0.0000000000
118841  -39.002  35.710  34.611 0.0000000000
104633  -39.518  34.693  33.648 0.0000000000
133417  -40.611  33.189  32.534 0.0000000000
103629  -39.751  32.970  32.397 0.0000000000
103640  -39.558  32.374  31.727 0.0000000000
103150  -39.001  31.730  31.159 0.0000000000
133451  -40.325  31.430  30.703 0.0000000000
102678  -40.674  30.243  29.795 0.0000000000
103162  -40.931  30.924  30.259 0.0000000000
102681  -43.506  30.595  30.378 0.0000000000
102691  -43.026  29.983  29.794 0.0000000000
102191  -44.155  29.947  30.229 0.0000000000
102204  -44.729  29.199  29.998 0.0000000000
103645  -45.256  32.621  32.327 0.0000000000
122525  -46.197  32.365  32.082 0.0000000000
102685  -48.006  29.320  30.452 0.0000000000
102684  -47.551  30.070  30.913 0.0000000000
102195  -48.216  29.064  30.401 0.0000000000
101722  -47.827  28.314  30.143 0.0000000000
101723  -48.316  28.663  30.096 0.0000000000
100742  -48.407  27.207  28.703 0.0000000000
101256  -48.480  27.903  29.043 0.0000000000
100765  -46.434  27.095  27.183 0.0000000000
100781  -47.259  26.418  26.895 0.0000000000
100780  -45.894  26.371  26.682 0.0000000000
99574  -46.119  24.704  26.218 0.0000000000
100186  -45.304  25.562  26.445 0.0000000000
102702  -43.529  30.345  26.526 0.0000000000
101736  -43.782  28.990  27.102 0.0000000000
101754  -43.423  28.287  26.016 0.0000000000
100213  -43.448  25.429  24.203 0.0000000000
126163  -43.552  26.034  25.290 0.0000000000
100206  -43.492  25.339  25.036 0.0000000000
99586  -43.615  24.533  25.296 0.0000000000
99048  -43.515  23.635  23.729 0.0000000000
120442  -43.552  22.729  23.328 0.0000000000
99622  -44.440  23.681  21.077 0.0000000000
133791  -44.097  22.799  21.175 0.0000000000
98537  -44.253  22.393  20.144 0.0000000000
97993  -43.513  21.345  19.758 0.0000000000
98543  -44.025  22.147  19.846 0.0000000000
98538  -44.411  22.893  19.845 0.0000000000
100235  -45.511  25.724  20.190 0.0000000000
99636  -45.125  24.715  19.797 0.0000000000
100243  -45.380  25.505  19.915 0.0000000000
100241  -44.016  25.452  19.462 0.0000000000
100844  -45.162  26.253  19.630 0.0000000000
114945  -43.121  10.862  44.703 0.0000000000
133888  -45.290  11.420  43.865 0.0000000000
91126  -44.704  11.477  45.331 0.0000000000
91141  -45.596  11.704  44.820 0.0000000000
130345  -46.379  12.088  46.283 0.0000000000
91142  -46.607  12.182  44.756 0.0000000000
92447  -45.476  13.413  40.498 0.0000000000
91807  -45.404  12.767  41.350 0.0000000000
91808  -46.488  12.940  41.758 0.0000000000
92425  -49.073  13.813  43.366 0.0000000000
92417  -48.437  13.560  43.851 0.0000000000
91773  -48.561  13.366  44.919 0.0000000000
91764  -48.826  13.082  45.728 0.0000000000
91765  -49.298  12.913  45.515 0.0000000000
91129  -49.089  12.399  45.934 0.0000000000
91144  -49.547  12.731  45.166 0.0000000000
90450  -49.701  12.027  43.198 0.0000000000
90449  -48.970  11.022  43.364 0.0000000000
90456  -49.319  10.878  42.447 0.0000000000
97876  -46.272  21.813  35.742 0.0000000000
114540  -45.889  19.873  36.304 0.0000000000
97928  -47.363  21.650  27.565 0.0000000000
122093  -46.161  22.793  28.207 0.0000000000
97267  -46.652  20.991  27.975 0.0000000000
95931  -44.500  18.508  28.535 0.0000000000
96643  -44.658  19.322  28.905 0.0000000000
96636  -44.248  19.398  29.770 0.0000000000
116900  -44.523  20.145  30.010 0.0000000000
137517  -43.883  18.765  29.858 0.0000000000
93212  -46.232  14.009  28.527 0.0000000000
93210  -44.959  15.100  27.964 0.0000000000
93201  -45.682  14.516  29.205 0.0000000000
93825  -45.835  15.748  31.588 0.0000000000
93824  -44.907  15.810  31.136 0.0000000000
94498  -44.335  16.502  31.483 0.0000000000
95171  -43.537  17.665  31.407 0.0000000000
95164  -43.689  17.839  32.214 0.0000000000
120741  -44.079  18.102  32.960 0.0000000000
94488  -45.373  17.257  33.041 0.0000000000
95159  -47.454  17.197  33.517 0.0000000000
95158  -47.038  17.909  34.057 0.0000000000
95149  -46.994  17.714  34.283 0.0000000000
95140  -46.535  17.919  35.106 0.0000000000
94470  -46.808  16.698  34.645 0.0000000000
93799  -46.550  15.335  35.074 0.0000000000
93805  -47.399  15.895  34.500 0.0000000000
93165  -50.516  15.804  34.991 0.0000000000
93155  -49.105  15.059  35.154 0.0000000000
113976  -50.228  15.468  35.928 0.0000000000
125288  -50.263  15.549  36.990 0.0000000000
93142  -50.959  15.625  36.626 0.0000000000
128508  -50.529  13.227  33.135 0.0000000000
120103  -50.856  13.804  34.021 0.0000000000
91846  -50.671  12.574  34.269 0.0000000000
123573  -50.399  11.938  36.975 0.0000000000
121572  -50.605  13.462  37.173 0.0000000000
116426  -50.598  13.852  38.107 0.0000000000
91182  -50.053  12.808  38.679 0.0000000000
91177  -49.852  12.613  39.609 0.0000000000
91178  -49.926  11.513  38.986 0.0000000000
134257  -50.792  9.650  39.307 0.0000000000
90460  -50.387  10.048  40.062 0.0000000000
89736  -50.581  9.116  40.948 0.0000000000
88978  -50.763  8.007  42.040 0.0000000000
88984  -51.152  8.587  40.610 0.0000000000
88325  -51.444  7.385  39.644 0.0000000000
88308  -51.588  7.276  40.536 0.0000000000
88324  -50.958  6.802  39.586 0.0000000000
87685  -50.685  6.362  40.376 0.0000000000
87697  -49.964  6.702  39.650 0.0000000000
88370  -50.493  7.858  35.163 0.0000000000
88362  -50.527  7.789  36.113 0.0000000000
88361  -49.685  7.809  36.512 0.0000000000
88350  -48.277  7.955  37.926 0.0000000000
88337  -48.886  7.603  38.302 0.0000000000
120736  -48.574  7.452  38.997 0.0000000000
87696  -48.871  7.093  39.601 0.0000000000
88323  -47.865  7.434  39.531 0.0000000000
87683  -47.210  6.772  40.916 0.0000000000
88993  -45.329  8.123  39.153 0.0000000000
88994  -45.988  7.975  39.462 0.0000000000
88321  -45.417  7.709  39.854 0.0000000000
88304  -44.893  7.366  40.366 0.0000000000
88320  -44.529  7.771  39.607 0.0000000000
120018  -46.215  8.464  27.771 0.0000000000
89116  -47.052  8.506  28.078 0.0000000000
120021  -46.276  8.906  28.464 0.0000000000
90548  -44.145  10.148  29.699 0.0000000000
90549  -45.142  10.296  29.893 0.0000000000
90527  -44.867  10.572  31.405 0.0000000000
128299  -45.365  10.360  32.079 0.0000000000
90513  -44.479  10.582  32.148 0.0000000000
89083  -41.068  8.525  30.977 0.0000000000
89827  -41.356  9.430  31.367 0.0000000000
90491  -41.925  10.250  34.187 0.0000000000
90501  -42.396  10.458  33.585 0.0000000000
90493  -43.396  10.275  34.460 0.0000000000
113964  -43.963  10.351  34.026 0.0000000000
115530  -43.726  9.604  35.709 0.0000000000
131638  -44.110  9.348  36.204 0.0000000000
89772  -43.481  9.382  36.383 0.0000000000
89016  -41.991  8.746  37.806 0.0000000000
89017  -42.896  8.649  37.873 0.0000000000
88318  -42.995  7.733  39.495 0.0000000000
122426  -49.180  6.497  45.743 0.0000000000
87648  -50.181  6.458  45.485 0.0000000000
87649  -51.274  6.290  45.213 0.0000000000
133495  -43.525  20.040  20.092 0.0000000000
96708  -43.441  19.333  20.004 0.0000000000
96716  -43.113  19.177  19.558 0.0000000000
96001  -42.861  18.084  19.632 0.0000000000
94582  -42.027  16.466  20.248 0.0000000000
93899  -41.905  15.834  21.160 0.0000000000
94574  -41.479  16.324  21.337 0.0000000000
93139  -45.561  14.217  36.150 0.0000000000
92488  -46.320  13.820  36.338 0.0000000000
120437  -43.057  27.021  29.158 0.0000000000
100738  -43.368  26.124  29.037 0.0000000000
98996  -44.250  23.794  28.819 0.0000000000
91254  -48.670  11.225  26.385 0.0000000000
91896  -48.244  11.879  26.602 0.0000000000
91255  -49.321  10.821  26.836 0.0000000000
90563  -50.347  10.580  27.919 0.0000000000
91237  -50.532  10.871  28.621 0.0000000000
114365  -50.857  10.790  30.243 0.0000000000
137130  -50.763  10.167  29.140 0.0000000000
89845  -51.490  9.068  30.270 0.0000000000
89096  -51.563  8.848  30.703 0.0000000000
89085  -50.699  8.619  31.164 0.0000000000
89095  -50.700  8.637  30.245 0.0000000000
89094  -49.596  8.599  30.012 0.0000000000
89843  -47.860  9.271  30.378 0.0000000000
99025  -47.893  23.496  26.024 0.0000000000
98502  -48.232  22.877  26.091 0.0000000000
97944  -47.004  22.043  25.215 0.0000000000
97299  -46.970  20.549  24.865 0.0000000000
97310  -46.733  19.824  24.237 0.0000000000
94585  -45.000  15.874  20.678 0.0000000000
94576  -46.168  16.127  21.879 0.0000000000
93267  -45.816  14.704  21.806 0.0000000000
92595  -45.940  13.821  21.906 0.0000000000
92588  -46.373  13.477  22.432 0.0000000000
121439  -46.576  12.856  22.795 0.0000000000
91285  -46.188  11.828  22.283 0.0000000000
90605  -46.014  11.220  22.502 0.0000000000
89914  -46.121  9.914  23.564 0.0000000000
89905  -45.628  9.063  24.063 0.0000000000
89912  -44.673  10.005  23.779 0.0000000000
89904  -44.114  9.569  24.109 0.0000000000
120047  -43.026  9.537  24.603 0.0000000000
91898  -42.205  12.452  25.865 0.0000000000
88235  -48.178  7.367  52.881 0.0000000000
90391  -47.286  10.193  50.146 0.0000000000
122083  -47.496  9.671  50.376 0.0000000000
89688  -47.658  10.266  49.608 0.0000000000
88933  -47.687  9.552  49.669 0.0000000000
88943  -47.495  8.924  48.637 0.0000000000
88958  -47.609  9.361  47.998 0.0000000000
88967  -47.460  9.072  47.063 0.0000000000
134999  -47.692  9.769  46.617 0.0000000000
104631  -37.514  34.223  33.686 0.0000000000
105175  -41.070  35.313  34.053 0.0000000000
104634  -40.506  34.629  33.572 0.0000000000
104125  -40.873  33.911  33.124 0.0000000000
104136  -41.533  33.354  32.724 0.0000000000
103630  -41.128  32.733  32.138 0.0000000000
103152  -41.245  31.669  30.868 0.0000000000
103153  -42.248  31.766  31.066 0.0000000000
103154  -43.361  31.835  31.335 0.0000000000
103165  -44.047  31.261  31.001 0.0000000000
104146  -46.224  33.941  30.806 0.0000000000
103647  -46.516  32.257  31.691 0.0000000000
103171  -46.797  31.792  30.884 0.0000000000
102693  -47.663  29.961  30.663 0.0000000000
102211  -47.741  29.330  29.430 0.0000000000
101729  -48.215  28.548  29.142 0.0000000000
101728  -46.933  28.987  28.573 0.0000000000
101738  -46.140  28.441  27.874 0.0000000000
101270  -45.577  27.754  27.303 0.0000000000
102234  -43.535  29.371  24.784 0.0000000000
101763  -43.466  28.098  25.173 0.0000000000
101768  -43.710  28.131  24.301 0.0000000000
120450  -43.568  26.677  24.131 0.0000000000
100219  -43.604  25.219  23.365 0.0000000000
99609  -43.611  24.379  22.992 0.0000000000
100220  -44.246  25.086  22.245 0.0000000000
99616  -44.803  24.575  21.155 0.0000000000
124196  -45.057  24.141  20.184 0.0000000000
125786  -45.278  24.912  20.529 0.0000000000
100228  -45.451  25.575  20.598 0.0000000000
100821  -45.602  26.447  20.573 0.0000000000
92453  -41.222  13.727  39.821 0.0000000000
92443  -40.676  13.396  40.360 0.0000000000
91812  -40.377  12.792  40.817 0.0000000000
119060  -41.167  11.549  41.719 0.0000000000
90439  -43.783  10.849  44.032 0.0000000000
91149  -43.797  10.810  43.152 0.0000000000
91150  -44.577  11.134  43.484 0.0000000000
91164  -45.427  11.579  42.954 0.0000000000
134235  -47.548  14.339  40.906 0.0000000000
92434  -47.202  13.679  41.418 0.0000000000
92435  -48.137  14.391  41.466 0.0000000000
92436  -48.810  14.124  42.291 0.0000000000
116575  -49.639  13.569  43.741 0.0000000000
126957  -49.853  13.041  44.383 0.0000000000
91798  -49.779  13.436  42.982 0.0000000000
91165  -49.843  12.648  42.639 0.0000000000
91173  -49.721  12.197  41.721 0.0000000000
98439  -46.581  23.345  34.328 0.0000000000
97883  -46.207  22.477  34.418 0.0000000000
97875  -46.078  21.327  35.127 0.0000000000
96664  -46.289  19.411  26.777 0.0000000000
97275  -46.343  20.364  27.914 0.0000000000
95940  -45.475  18.798  27.221 0.0000000000
95939  -44.792  18.285  27.699 0.0000000000
95192  -44.419  17.698  28.291 0.0000000000
93203  -47.470  14.227  29.604 0.0000000000
93190  -45.967  14.653  30.101 0.0000000000
93191  -46.854  14.577  30.246 0.0000000000
93838  -46.379  15.105  30.877 0.0000000000
94500  -46.710  16.359  32.320 0.0000000000
94499  -45.676  16.505  32.422 0.0000000000
129340  -47.581  16.374  32.090 0.0000000000
118700  -48.555  16.813  32.820 0.0000000000
94472  -48.757  16.431  33.664 0.0000000000
93806  -48.441  15.836  34.311 0.0000000000
133841  -49.523  16.536  33.462 0.0000000000
127948  -50.153  16.085  34.310 0.0000000000
93800  -51.147  15.764  34.981 0.0000000000
91205  -50.770  11.467  34.540 0.0000000000
91840  -50.590  12.595  35.129 0.0000000000
91200  -50.633  11.448  35.447 0.0000000000
91193  -50.525  11.348  36.246 0.0000000000
91188  -50.298  11.298  37.663 0.0000000000
131684  -50.209  11.036  38.279 0.0000000000
90476  -50.493  10.334  37.845 0.0000000000
89745  -51.360  8.861  39.512 0.0000000000
89740  -51.459  8.404  40.024 0.0000000000
89753  -51.434  8.847  38.761 0.0000000000
89007  -51.547  8.196  38.351 0.0000000000
88339  -50.921  7.331  38.284 0.0000000000
89048  -48.732  8.408  35.160 0.0000000000
89038  -49.506  8.045  35.702 0.0000000000
114403  -48.301  8.404  35.822 0.0000000000
89036  -47.697  8.424  36.563 0.0000000000
89022  -47.476  8.219  37.965 0.0000000000
89006  -46.974  8.137  38.537 0.0000000000
89021  -46.631  8.391  37.964 0.0000000000
131114  -45.926  8.495  37.975 0.0000000000
89020  -45.345  8.603  37.559 0.0000000000
89114  -44.564  8.470  27.837 0.0000000000
89866  -44.693  9.179  28.497 0.0000000000
89865  -43.873  8.843  28.339 0.0000000000
89854  -43.474  9.696  29.401 0.0000000000
89840  -43.330  10.098  29.994 0.0000000000
89814  -40.615  9.107  32.800 0.0000000000
116164  -41.274  9.715  32.263 0.0000000000
135384  -40.802  9.568  33.586 0.0000000000
89793  -41.337  9.947  34.722 0.0000000000
90486  -42.115  10.101  34.994 0.0000000000
89771  -42.694  9.446  36.516 0.0000000000
121862  -41.700  9.480  36.540 0.0000000000
89760  -41.477  9.009  37.330 0.0000000000
89001  -41.172  8.473  38.050 0.0000000000
88334  -41.312  7.957  38.877 0.0000000000
88333  -40.476  7.929  38.570 0.0000000000
88332  -39.699  7.806  38.311 0.0000000000
86320  -48.760  4.744  48.734 0.0000000000
97962  -44.209  21.116  23.863 0.0000000000
97308  -44.802  20.326  23.758 0.0000000000
97320  -44.241  19.980  23.072 0.0000000000
96693  -44.667  19.210  22.718 0.0000000000
95249  -44.757  17.436  21.106 0.0000000000
95996  -43.949  17.844  20.541 0.0000000000
95259  -44.147  17.016  20.287 0.0000000000
95260  -44.918  16.673  20.842 0.0000000000
93908  -44.310  15.440  20.319 0.0000000000
93265  -43.958  14.174  21.160 0.0000000000
92586  -43.813  13.435  22.200 0.0000000000
91915  -43.935  12.399  23.094 0.0000000000
92585  -43.372  13.869  22.369 0.0000000000
92577  -43.158  13.640  23.096 0.0000000000
93242  -42.672  14.180  23.592 0.0000000000
125607  -42.269  15.088  22.397 0.0000000000
93881  -42.264  14.883  23.172 0.0000000000
87594  -46.347  7.612  51.774 0.0000000000
88239  -45.722  8.014  51.061 0.0000000000
88924  -46.270  8.884  50.860 0.0000000000
89679  -46.386  9.648  50.361 0.0000000000
89686  -45.905  9.834  49.663 0.0000000000
89687  -46.892  10.313  50.145 0.0000000000
90394  -47.301  10.733  49.472 0.0000000000
91086  -47.319  11.433  48.690 0.0000000000
91094  -47.890  11.992  48.073 0.0000000000
105694  -41.183  36.727  35.133 0.0000000000
105170  -41.733  36.099  34.690 0.0000000000
105171  -42.997  36.484  34.809 0.0000000000
129357  -43.315  35.983  34.405 0.0000000000
102695  -44.655  30.775  28.388 0.0000000000
102712  -43.617  30.169  24.966 0.0000000000
102235  -43.998  29.802  24.156 0.0000000000
102246  -44.656  29.212  23.259 0.0000000000
102259  -45.380  29.007  22.461 0.0000000000
102247  -45.438  29.753  22.710 0.0000000000
92457  -45.730  13.621  39.118 0.0000000000
92458  -46.726  13.898  39.495 0.0000000000
92459  -47.521  14.402  39.595 0.0000000000
93113  -48.304  15.019  39.940 0.0000000000
118500  -49.004  15.336  39.502 0.0000000000
98453  -44.261  22.315  31.002 0.0000000000
97903  -44.711  21.561  31.043 0.0000000000
93225  -45.926  14.402  25.740 0.0000000000
93859  -45.011  15.347  27.033 0.0000000000
92548  -45.945  13.976  26.771 0.0000000000
92549  -46.475  13.631  27.618 0.0000000000
92541  -46.964  13.538  28.249 0.0000000000
91887  -48.506  12.193  27.381 0.0000000000
92542  -47.854  13.280  28.366 0.0000000000
92534  -48.065  13.787  29.120 0.0000000000
92535  -48.816  13.764  29.378 0.0000000000
93205  -49.180  14.137  29.885 0.0000000000
93183  -49.999  15.126  31.340 0.0000000000
93184  -50.248  14.671  31.868 0.0000000000
92520  -50.061  13.472  31.538 0.0000000000
91857  -50.436  12.528  32.114 0.0000000000
91852  -50.666  12.001  32.923 0.0000000000
114066  -50.977  10.835  30.900 0.0000000000
91217  -50.869  11.316  32.193 0.0000000000
119101  -51.000  11.102  32.854 0.0000000000
90495  -51.197  10.471  33.995 0.0000000000
90496  -51.400  9.516  34.299 0.0000000000
115568  -51.167  8.373  35.837 0.0000000000
89050  -51.211  8.262  34.908 0.0000000000
89058  -50.941  8.053  34.668 0.0000000000
89057  -50.285  8.143  34.356 0.0000000000
89076  -50.427  8.620  32.144 0.0000000000
89056  -49.272  8.448  34.009 0.0000000000
135933  -47.992  8.988  34.089 0.0000000000
89806  -47.574  9.227  33.686 0.0000000000
89796  -46.704  9.393  34.196 0.0000000000
89100  -41.691  7.885  29.133 0.0000000000
88403  -41.122  7.131  29.074 0.0000000000
89092  -40.864  7.539  30.617 0.0000000000
89082  -40.617  7.689  31.447 0.0000000000
89074  -40.424  7.990  32.321 0.0000000000
131254  -40.279  8.281  33.067 0.0000000000
89065  -39.957  8.096  33.656 0.0000000000
130955  -39.585  8.521  35.074 0.0000000000
100165  -47.267  25.520  28.516 0.0000000000
126613  -46.786  24.817  28.319 0.0000000000
99565  -48.172  24.390  27.606 0.0000000000
98487  -48.113  22.576  27.266 0.0000000000
97277  -47.952  21.223  27.038 0.0000000000
97937  -48.372  22.262  26.248 0.0000000000
97286  -47.971  20.959  26.478 0.0000000000
97285  -47.525  20.577  26.800 0.0000000000
95949  -46.020  18.618  26.161 0.0000000000
95209  -45.492  17.613  26.114 0.0000000000
132028  -45.837  16.723  25.270 0.0000000000
97309  -46.072  20.077  23.870 0.0000000000
96685  -46.492  19.308  23.651 0.0000000000
95972  -46.657  18.079  23.603 0.0000000000
95245  -46.521  17.002  22.595 0.0000000000
95239  -46.596  17.231  23.223 0.0000000000
95233  -46.589  17.362  23.945 0.0000000000
94544  -46.256  16.493  24.543 0.0000000000
93871  -46.216  15.568  24.722 0.0000000000
130052  -45.907  15.145  25.322 0.0000000000
93231  -46.456  13.885  24.935 0.0000000000
92561  -46.923  13.128  25.071 0.0000000000
91900  -47.353  12.341  25.204 0.0000000000
91910  -47.036  11.798  23.623 0.0000000000
115177  -47.371  11.857  24.520 0.0000000000
115670  -47.753  11.479  25.231 0.0000000000
90583  -48.549  9.929  25.546 0.0000000000
89896  -48.882  9.043  25.936 0.0000000000
89141  -48.930  7.850  26.363 0.0000000000
88421  -48.613  7.735  27.483 0.0000000000
88433  -47.746  7.603  26.282 0.0000000000
88419  -46.987  7.819  26.685 0.0000000000
88418  -45.420  7.683  26.683 0.0000000000
88450  -45.033  7.880  24.881 0.0000000000
88431  -44.802  7.418  26.080 0.0000000000
89128  -44.428  7.635  26.964 0.0000000000
88417  -43.300  7.264  26.852 0.0000000000
88416  -42.357  6.931  26.866 0.0000000000
129632  -42.048  7.166  27.613 0.0000000000
91908  -43.651  12.001  23.947 0.0000000000
90589  -43.018  10.510  24.853 0.0000000000
117045  -42.436  9.584  24.929 0.0000000000
118004  -41.881  10.867  25.592 0.0000000000
127766  -41.838  9.663  25.252 0.0000000000
89894  -41.919  8.835  25.079 0.0000000000
88234  -46.909  8.171  52.475 0.0000000000
88231  -47.706  7.754  52.776 0.0000000000
87596  -48.354  7.227  52.290 0.0000000000
88926  -47.588  9.013  51.064 0.0000000000
88240  -48.128  7.699  51.531 0.0000000000
86959  -48.360  6.467  51.247 0.0000000000
134237  -48.387  5.056  49.487 0.0000000000
86995  -47.949  5.935  47.384 0.0000000000
87000  -47.802  6.418  46.847 0.0000000000
116896  -47.346  7.286  47.110 0.0000000000
87641  -47.701  6.952  46.295 0.0000000000
87642  -48.509  6.394  46.239 0.0000000000
88283  -48.162  7.322  45.203 0.0000000000
88286  -48.622  7.474  44.507 0.0000000000
104122  -37.934  33.749  33.204 0.0000000000
104124  -39.288  33.960  33.166 0.0000000000
104134  -39.123  33.384  32.718 0.0000000000
104133  -38.227  33.231  32.709 0.0000000000
103639  -38.582  32.175  31.725 0.0000000000
103160  -38.488  30.937  30.686 0.0000000000
102190  -38.973  29.640  29.898 0.0000000000
102687  -39.851  29.881  29.759 0.0000000000
102200  -40.849  29.039  29.454 0.0000000000
101718  -42.116  28.556  29.314 0.0000000000
103163  -41.855  31.108  30.395 0.0000000000
102202  -42.556  29.235  29.505 0.0000000000
101719  -43.024  28.570  29.382 0.0000000000
125863  -43.642  27.901  29.291 0.0000000000
137224  -45.330  27.019  29.164 0.0000000000
100739  -46.198  26.993  29.232 0.0000000000
104128  -44.189  34.430  33.383 0.0000000000
103633  -44.333  33.187  32.616 0.0000000000
121568  -44.629  31.874  31.794 0.0000000000
103155  -45.297  31.177  31.576 0.0000000000
103157  -46.552  31.663  31.665 0.0000000000
102683  -46.895  30.469  31.347 0.0000000000
102192  -45.739  29.908  30.919 0.0000000000
102205  -46.258  29.009  30.549 0.0000000000
101242  -47.116  27.666  29.680 0.0000000000
100740  -47.525  27.073  29.216 0.0000000000
100752  -47.930  26.353  28.732 0.0000000000
100754  -48.967  25.913  28.057 0.0000000000
131428  -48.576  25.716  27.081 0.0000000000
100766  -47.907  27.084  27.638 0.0000000000
100782  -48.347  26.266  27.308 0.0000000000
99575  -47.594  24.912  26.358 0.0000000000
99589  -47.249  24.107  26.071 0.0000000000
99023  -45.670  23.290  25.729 0.0000000000
98499  -45.117  22.627  25.415 0.0000000000
102216  -44.334  29.421  27.606 0.0000000000
101737  -44.632  28.514  27.398 0.0000000000
101283  -44.406  27.646  26.821 0.0000000000
101297  -43.519  27.366  25.580 0.0000000000
100792  -43.637  26.558  25.757 0.0000000000
100185  -44.232  25.598  26.226 0.0000000000
99572  -43.910  24.969  25.941 0.0000000000
99021  -43.778  23.284  25.087 0.0000000000
130024  -44.022  22.249  24.571 0.0000000000
97951  -43.668  21.977  23.851 0.0000000000
98518  -43.532  21.964  22.832 0.0000000000
126951  -43.549  21.177  21.437 0.0000000000
99058  -43.764  23.435  22.391 0.0000000000
120616  -43.704  21.920  21.475 0.0000000000
97340  -43.489  20.748  19.900 0.0000000000
97998  -43.251  20.760  19.501 0.0000000000
99630  -45.070  24.219  19.898 0.0000000000
99069  -44.013  23.849  19.582 0.0000000000
101780  -45.664  28.474  21.888 0.0000000000
101322  -45.789  27.916  21.253 0.0000000000
101333  -45.759  27.386  20.600 0.0000000000
90422  -44.391  11.135  46.736 0.0000000000
115174  -43.890  11.158  44.935 0.0000000000
114318  -44.785  11.515  46.177 0.0000000000
91091  -45.373  11.510  46.984 0.0000000000
129679  -46.308  11.832  47.230 0.0000000000
91112  -46.831  12.178  47.004 0.0000000000
91753  -47.846  12.373  47.324 0.0000000000
91795  -45.885  12.327  42.255 0.0000000000
91784  -46.382  12.246  43.101 0.0000000000
92423  -47.313  13.260  42.262 0.0000000000
91797  -47.375  12.961  43.200 0.0000000000
91785  -46.927  12.469  43.965 0.0000000000
131273  -48.072  12.988  45.753 0.0000000000
91757  -48.296  12.675  46.467 0.0000000000
91095  -48.290  12.136  47.492 0.0000000000
90424  -48.711  12.045  46.950 0.0000000000
90430  -48.561  11.237  46.629 0.0000000000
90440  -48.455  10.906  45.509 0.0000000000
91152  -49.547  12.124  44.317 0.0000000000
90441  -48.735  11.024  44.429 0.0000000000
89728  -47.963  10.107  44.480 0.0000000000
123208  -47.975  9.384  43.878 0.0000000000
135434  -48.479  9.419  43.254 0.0000000000
88976  -49.005  8.918  42.777 0.0000000000
133359  -45.624  20.350  36.273 0.0000000000
96590  -45.082  19.146  36.353 0.0000000000
95138  -45.697  18.487  36.104 0.0000000000
99556  -45.904  24.250  28.327 0.0000000000
98478  -45.127  22.683  28.780 0.0000000000
97266  -45.970  20.775  28.520 0.0000000000
97917  -45.634  21.344  28.897 0.0000000000
97916  -45.286  21.290  29.591 0.0000000000
97910  -44.996  21.295  30.243 0.0000000000
97249  -44.577  20.665  30.599 0.0000000000
97242  -44.310  20.909  31.647 0.0000000000
93858  -44.691  15.823  27.636 0.0000000000
137560  -44.530  16.235  28.115 0.0000000000
94516  -44.199  17.142  28.942 0.0000000000
93847  -45.235  15.071  29.731 0.0000000000
94517  -44.299  16.190  29.829 0.0000000000
95184  -43.860  17.393  29.765 0.0000000000
95916  -43.456  18.346  30.868 0.0000000000
128587  -43.523  19.289  31.270 0.0000000000
97241  -43.662  20.037  32.026 0.0000000000
97229  -44.066  20.010  33.451 0.0000000000
96613  -44.489  19.768  34.053 0.0000000000
95892  -45.607  19.448  34.624 0.0000000000
95157  -46.310  18.051  33.848 0.0000000000
119347  -45.676  18.667  34.279 0.0000000000
95893  -46.462  19.120  35.053 0.0000000000
95886  -46.451  18.772  35.438 0.0000000000
95139  -46.102  18.281  35.668 0.0000000000
126732  -45.276  17.308  35.812 0.0000000000
93798  -45.753  15.760  35.369 0.0000000000
117003  -46.318  14.378  35.646 0.0000000000
92495  -47.112  14.024  35.807 0.0000000000
93163  -48.407  15.093  34.840 0.0000000000
93154  -47.919  14.558  35.371 0.0000000000
93140  -47.990  14.161  36.024 0.0000000000
93130  -50.032  15.644  37.894 0.0000000000
116984  -50.319  15.371  38.988 0.0000000000
93177  -50.827  15.283  32.701 0.0000000000
115036  -51.308  15.116  34.163 0.0000000000
132889  -51.225  15.566  35.489 0.0000000000
122145  -50.848  13.748  35.609 0.0000000000
93157  -51.190  15.445  36.145 0.0000000000
93131  -50.985  15.402  37.921 0.0000000000
92468  -50.847  14.937  38.487 0.0000000000
92460  -50.333  14.553  39.406 0.0000000000
91820  -50.009  13.664  40.102 0.0000000000
91175  -49.766  12.678  40.511 0.0000000000
114305  -49.662  11.800  40.862 0.0000000000
90464  -50.120  10.645  39.575 0.0000000000
129900  -49.884  10.805  40.415 0.0000000000
117854  -49.591  10.658  41.794 0.0000000000
89733  -49.488  9.944  41.989 0.0000000000
128789  -49.412  9.225  42.265 0.0000000000
88977  -49.854  8.447  42.408 0.0000000000
88294  -50.428  7.736  42.752 0.0000000000
88295  -51.214  7.338  42.451 0.0000000000
88296  -51.587  6.970  42.007 0.0000000000
88985  -51.524  7.940  40.589 0.0000000000
88299  -51.660  7.074  41.252 0.0000000000
87673  -51.444  6.468  41.421 0.0000000000
87672  -50.908  5.995  41.130 0.0000000000
87671  -50.114  5.996  41.009 0.0000000000
89039  -51.028  7.867  36.358 0.0000000000
88353  -50.814  7.523  37.487 0.0000000000
88338  -50.021  7.381  37.999 0.0000000000
122239  -50.451  7.104  38.887 0.0000000000
87684  -49.164  6.681  40.179 0.0000000000
87025  -48.316  6.152  41.620 0.0000000000
113767  -47.993  6.536  41.085 0.0000000000
87669  -47.424  6.344  41.561 0.0000000000
88322  -46.847  7.802  39.315 0.0000000000
87682  -46.225  7.086  40.851 0.0000000000
89117  -47.985  8.230  28.289 0.0000000000
89857  -47.553  9.152  29.703 0.0000000000
89842  -46.932  9.558  30.436 0.0000000000
89867  -45.543  9.332  28.759 0.0000000000
119464  -46.022  10.077  30.088 0.0000000000
89829  -46.815  9.660  31.234 0.0000000000
90529  -46.292  9.914  31.811 0.0000000000
90515  -45.939  9.914  32.823 0.0000000000
89795  -45.666  9.681  34.268 0.0000000000
89852  -42.003  8.799  29.549 0.0000000000
116935  -41.991  10.420  32.755 0.0000000000
90511  -42.694  10.608  32.104 0.0000000000
90512  -43.585  10.677  32.314 0.0000000000
136759  -44.244  10.532  32.784 0.0000000000
90494  -44.788  10.002  34.208 0.0000000000
113829  -45.103  9.584  34.990 0.0000000000
89019  -44.672  8.797  37.163 0.0000000000
115531  -44.584  8.503  37.922 0.0000000000
89762  -43.235  9.118  37.080 0.0000000000
89003  -43.764  8.408  38.328 0.0000000000
87597  -48.409  6.666  52.874 0.0000000000
87647  -48.355  6.818  45.682 0.0000000000
87662  -51.429  6.465  42.169 0.0000000000
87670  -49.016  6.400  40.953 0.0000000000
87681  -45.292  7.011  40.977 0.0000000000
87687  -51.576  6.817  40.856 0.0000000000
87698  -51.388  6.796  40.285 0.0000000000
88230  -47.137  7.691  52.870 0.0000000000
88340  -51.424  7.635  38.719 0.0000000000
88351  -49.146  7.796  37.364 0.0000000000
88354  -51.312  7.701  37.901 0.0000000000
88363  -50.850  7.691  36.797 0.0000000000
88364  -51.207  7.816  37.156 0.0000000000
88398  -41.084  7.336  29.803 0.0000000000
88420  -47.805  7.647  27.021 0.0000000000
88422  -49.175  7.710  26.883 0.0000000000
88432  -46.928  7.658  26.030 0.0000000000
88434  -48.522  7.623  26.616 0.0000000000
88439  -43.279  7.336  25.347 0.0000000000
88440  -45.296  7.574  25.484 0.0000000000
88442  -47.546  7.722  25.780 0.0000000000
88448  -43.658  7.812  24.777 0.0000000000
88451  -45.986  7.945  25.063 0.0000000000
88909  -47.328  8.193  52.454 0.0000000000
88974  -48.565  8.601  43.443 0.0000000000
88975  -49.445  8.085  43.041 0.0000000000
88981  -51.087  8.226  41.251 0.0000000000
88982  -51.531  7.558  41.066 0.0000000000
89000  -40.215  8.336  37.791 0.0000000000
89004  -45.311  8.387  38.348 0.0000000000
89018  -43.879  8.725  37.511 0.0000000000
89023  -48.081  8.208  37.297 0.0000000000
89033  -44.724  9.160  36.432 0.0000000000
89035  -46.781  8.645  36.517 0.0000000000
89054  -39.529  8.048  34.337 0.0000000000
89059  -51.223  8.445  34.178 0.0000000000
89067  -50.006  8.395  33.542 0.0000000000
89068  -50.871  8.363  33.811 0.0000000000
89084  -49.699  8.709  30.875 0.0000000000
89086  -51.353  8.781  31.614 0.0000000000
89097  -51.702  8.954  31.371 0.0000000000
89102  -43.240  9.149  28.878 0.0000000000
89106  -51.077  8.842  29.855 0.0000000000
89115  -45.417  8.773  28.129 0.0000000000
89120  -50.516  8.879  29.005 0.0000000000
89130  -46.993  8.169  27.382 0.0000000000
89142  -49.475  8.150  26.745 0.0000000000
89150  -46.795  8.223  24.984 0.0000000000
89151  -47.653  8.106  25.292 0.0000000000
89152  -48.509  8.282  25.677 0.0000000000
89153  -49.131  8.353  26.273 0.0000000000
89158  -43.999  8.586  24.332 0.0000000000
89166  -44.720  9.236  24.011 0.0000000000
89681  -47.234  9.382  50.972 0.0000000000
89727  -47.678  9.836  45.207 0.0000000000
89738  -50.206  9.977  40.706 0.0000000000
89770  -40.783  9.440  36.159 0.0000000000
89774  -46.056  8.855  36.438 0.0000000000
89782  -42.340  9.757  35.800 0.0000000000
89784  -44.548  9.478  35.694 0.0000000000
89797  -51.405  8.793  34.463 0.0000000000
89803  -41.268  9.997  33.920 0.0000000000
89804  -46.059  9.710  33.635 0.0000000000
89807  -48.379  8.857  33.740 0.0000000000
89815  -41.236  9.920  33.136 0.0000000000
89816  -46.881  9.599  32.482 0.0000000000
89818  -48.586  9.070  32.441 0.0000000000
89819  -51.484  9.041  33.032 0.0000000000
89841  -45.759  9.760  29.424 0.0000000000
89844  -48.659  9.025  30.671 0.0000000000
89856  -46.607  9.490  29.595 0.0000000000
89858  -48.531  8.792  29.856 0.0000000000
89859  -50.911  9.293  29.348 0.0000000000
89868  -47.150  8.916  28.899 0.0000000000
89875  -49.883  8.809  27.267 0.0000000000
89876  -50.281  9.572  27.803 0.0000000000
89895  -48.423  9.113  25.316 0.0000000000
89903  -43.432  9.054  24.376 0.0000000000
89908  -47.985  9.650  24.827 0.0000000000
89913  -45.333  9.903  23.628 0.0000000000
90431  -48.906  11.841  46.172 0.0000000000
90458  -49.679  10.958  41.265 0.0000000000
90492  -42.672  10.330  34.372 0.0000000000
90503  -44.512  10.331  33.445 0.0000000000
90504  -45.326  10.019  33.547 0.0000000000
90505  -51.268  10.417  33.150 0.0000000000
90517  -51.487  9.565  32.599 0.0000000000
90524  -41.949  10.192  31.769 0.0000000000
90528  -45.660  10.312  31.348 0.0000000000
90530  -51.244  10.497  31.510 0.0000000000
90540  -44.380  10.520  30.623 0.0000000000
90541  -45.415  10.394  30.650 0.0000000000
90550  -51.116  9.906  29.811 0.0000000000
90562  -49.904  10.290  27.290 0.0000000000
90569  -40.037  10.164  26.148 0.0000000000
90570  -48.874  10.445  26.257 0.0000000000
90571  -49.458  9.967  26.703 0.0000000000
90580  -41.469  10.227  25.475 0.0000000000
90581  -42.216  10.352  25.282 0.0000000000
90590  -43.643  10.079  24.351 0.0000000000
90597  -45.716  10.657  23.072 0.0000000000
90598  -46.383  10.677  23.152 0.0000000000
90604  -45.226  11.373  22.715 0.0000000000
91083  -47.675  10.997  49.056 0.0000000000
91111  -45.858  11.839  46.561 0.0000000000
91128  -46.410  12.116  45.596 0.0000000000
91161  -42.748  11.085  42.336 0.0000000000
91163  -44.410  11.275  42.564 0.0000000000
91171  -43.045  11.555  41.795 0.0000000000
91211  -50.840  11.490  33.619 0.0000000000
91231  -50.625  11.064  29.425 0.0000000000
91244  -48.983  11.547  27.082 0.0000000000
91245  -49.752  11.146  27.478 0.0000000000
91262  -41.906  11.632  25.885 0.0000000000
91264  -48.353  10.885  25.686 0.0000000000
91273  -47.478  11.127  24.301 0.0000000000
91279  -44.467  11.991  22.754 0.0000000000
91292  -45.953  12.251  21.938 0.0000000000
91758  -48.440  12.340  46.961 0.0000000000
91772  -47.532  12.796  44.876 0.0000000000
91774  -49.349  13.303  45.043 0.0000000000
91775  -49.623  13.115  44.942 0.0000000000
91787  -49.814  13.404  43.795 0.0000000000
91803  -41.824  11.970  41.378 0.0000000000
91809  -49.768  13.295  41.918 0.0000000000
91880  -49.727  12.236  28.472 0.0000000000
91881  -50.272  11.794  28.842 0.0000000000
91886  -47.978  12.697  27.715 0.0000000000
91916  -46.604  12.139  22.768 0.0000000000
91922  -44.124  12.769  22.512 0.0000000000
91925  -46.261  12.518  22.246 0.0000000000
91929  -44.840  12.820  21.827 0.0000000000
91930  -45.509  12.680  21.845 0.0000000000
92418  -49.249  13.621  44.295 0.0000000000
92424  -48.204  13.684  42.855 0.0000000000
92426  -49.498  13.675  42.877 0.0000000000
92433  -46.213  13.381  41.132 0.0000000000
92449  -47.364  14.350  40.217 0.0000000000
92461  -50.511  15.175  38.937 0.0000000000
92478  -48.284  14.265  36.887 0.0000000000
92479  -51.094  14.842  37.616 0.0000000000
92486  -44.903  14.081  36.597 0.0000000000
92496  -51.300  14.913  35.478 0.0000000000
92508  -50.907  14.594  33.379 0.0000000000
92519  -49.804  14.158  31.022 0.0000000000
92527  -49.919  13.176  30.588 0.0000000000
92533  -47.121  13.786  28.921 0.0000000000
92570  -42.914  13.359  24.043 0.0000000000
92578  -43.671  13.147  22.747 0.0000000000
92579  -46.641  13.480  23.259 0.0000000000
92587  -44.244  13.119  22.048 0.0000000000
92592  -43.859  13.767  21.702 0.0000000000
93104  -49.169  14.883  40.789 0.0000000000
93121  -49.386  15.378  38.749 0.0000000000
93122  -50.230  15.551  38.566 0.0000000000
93123  -50.693  15.377  38.455 0.0000000000
93138  -44.965  14.705  36.117 0.0000000000
93143  -51.102  15.406  37.104 0.0000000000
93153  -47.052  14.558  35.316 0.0000000000
93166  -51.307  15.437  34.895 0.0000000000
93171  -51.185  15.655  33.507 0.0000000000
93193  -48.884  14.785  30.361 0.0000000000
93194  -49.512  14.597  30.626 0.0000000000
93200  -45.043  15.004  28.846 0.0000000000
93204  -48.430  14.267  29.720 0.0000000000
93211  -45.449  14.519  28.305 0.0000000000
93220  -45.825  14.105  27.749 0.0000000000
93263  -42.846  14.899  21.448 0.0000000000
93266  -45.416  14.104  21.490 0.0000000000
93274  -44.313  14.711  20.644 0.0000000000
93275  -45.182  14.676  21.129 0.0000000000
93791  -50.788  15.659  37.513 0.0000000000
93797  -45.044  15.477  35.758 0.0000000000
93807  -49.413  16.181  34.035 0.0000000000
93808  -50.956  16.110  34.306 0.0000000000
93812  -50.328  16.392  33.627 0.0000000000
93818  -50.468  16.298  32.368 0.0000000000
93826  -46.948  15.722  31.588 0.0000000000
93830  -50.547  15.685  32.115 0.0000000000
93836  -44.758  15.633  30.250 0.0000000000
93840  -48.511  15.417  30.852 0.0000000000
93853  -44.687  15.628  28.468 0.0000000000
93870  -45.441  15.192  25.939 0.0000000000
93882  -46.463  15.173  24.022 0.0000000000
93889  -46.524  15.166  22.748 0.0000000000
93892  -41.967  15.547  21.871 0.0000000000
93900  -42.420  15.335  21.317 0.0000000000
93901  -45.592  15.510  21.434 0.0000000000
93905  -42.050  15.961  20.629 0.0000000000
93906  -42.438  15.894  20.274 0.0000000000
93907  -42.957  15.374  20.369 0.0000000000
93909  -44.945  15.215  20.693 0.0000000000
94478  -48.091  16.797  33.385 0.0000000000
94479  -49.063  16.754  33.129 0.0000000000
94480  -49.917  16.740  33.042 0.0000000000
94491  -50.095  16.620  32.614 0.0000000000
94502  -48.969  16.465  31.909 0.0000000000
94510  -43.869  16.835  30.275 0.0000000000
94511  -44.252  16.313  30.699 0.0000000000
94524  -44.416  16.903  28.171 0.0000000000
94543  -45.661  15.911  25.438 0.0000000000
94563  -46.625  16.480  22.899 0.0000000000
94567  -41.459  16.113  22.315 0.0000000000
94568  -46.456  16.316  22.362 0.0000000000
94575  -45.632  16.378  21.393 0.0000000000
94581  -41.673  16.359  20.788 0.0000000000
95150  -47.410  17.291  33.811 0.0000000000
95165  -44.327  17.466  32.634 0.0000000000
95172  -43.895  17.120  31.867 0.0000000000
95178  -43.597  17.536  30.588 0.0000000000
95200  -44.639  17.452  27.502 0.0000000000
95208  -44.843  17.096  26.761 0.0000000000
95220  -45.769  17.284  25.504 0.0000000000
95251  -46.247  16.762  21.964 0.0000000000
95257  -42.243  17.105  19.874 0.0000000000
95258  -43.407  17.499  19.887 0.0000000000
95265  -42.918  17.127  19.665 0.0000000000
95878  -45.225  18.668  36.307 0.0000000000
95885  -46.315  18.925  35.998 0.0000000000
95894  -46.504  18.959  35.112 0.0000000000
95901  -43.852  19.345  33.231 0.0000000000
95902  -46.490  18.486  34.615 0.0000000000
95906  -43.694  18.588  32.701 0.0000000000
95911  -43.456  18.472  31.757 0.0000000000
95923  -43.698  18.201  29.989 0.0000000000
95924  -44.164  18.650  29.370 0.0000000000
95950  -46.664  19.503  25.917 0.0000000000
95971  -46.520  18.527  23.338 0.0000000000
95978  -45.078  18.484  22.286 0.0000000000
95986  -41.454  18.306  20.443 0.0000000000
95987  -43.747  18.662  20.811 0.0000000000
95994  -42.092  18.064  19.830 0.0000000000
96635  -43.686  18.971  30.358 0.0000000000
96637  -44.847  20.071  29.366 0.0000000000
96652  -45.882  19.603  27.646 0.0000000000
96653  -46.761  20.094  27.197 0.0000000000
96665  -47.015  19.984  26.449 0.0000000000
96666  -47.519  20.432  25.963 0.0000000000
96674  -47.000  19.912  25.433 0.0000000000
96680  -47.144  20.351  25.305 0.0000000000
96694  -45.806  18.870  22.994 0.0000000000
96701  -44.147  18.911  21.801 0.0000000000
97219  -46.210  20.585  36.145 0.0000000000
97222  -45.865  20.259  35.057 0.0000000000
97236  -43.742  19.866  32.780 0.0000000000
97237  -44.171  20.706  32.959 0.0000000000
97248  -43.858  20.139  31.229 0.0000000000
97257  -45.388  20.688  29.164 0.0000000000
97300  -47.485  20.766  25.438 0.0000000000
97350  -42.980  20.356  19.266 0.0000000000
97894  -45.794  22.528  33.063 0.0000000000
97922  -46.329  21.436  28.294 0.0000000000
97929  -48.302  21.991  27.056 0.0000000000
97930  -48.479  22.322  26.774 0.0000000000
97936  -48.291  21.618  26.523 0.0000000000
97942  -44.740  22.071  24.977 0.0000000000
97945  -47.892  22.171  25.620 0.0000000000
97961  -43.647  21.318  23.136 0.0000000000
97970  -43.548  21.403  22.309 0.0000000000
98427  -46.217  22.995  35.587 0.0000000000
98428  -46.432  23.401  35.219 0.0000000000
98436  -46.602  23.504  34.911 0.0000000000
98454  -44.944  22.069  31.633 0.0000000000
98461  -44.094  22.531  30.059 0.0000000000
98471  -45.285  21.968  29.228 0.0000000000
98480  -46.580  22.052  28.093 0.0000000000
98486  -47.153  22.457  27.726 0.0000000000
98495  -48.516  22.871  26.741 0.0000000000
98498  -44.163  22.699  25.093 0.0000000000
98501  -47.427  22.764  25.625 0.0000000000
98549  -44.450  23.226  19.740 0.0000000000
98951  -46.651  23.881  34.465 0.0000000000
98955  -46.498  23.774  33.699 0.0000000000
98961  -46.044  23.252  32.855 0.0000000000
98989  -44.340  23.217  29.031 0.0000000000
98998  -46.294  23.612  28.132 0.0000000000
99015  -48.487  23.530  26.644 0.0000000000
99022  -44.500  23.379  25.610 0.0000000000
99024  -46.843  23.365  25.731 0.0000000000
99035  -43.559  23.774  24.731 0.0000000000
99070  -44.749  23.582  19.858 0.0000000000
99076  -44.772  24.001  19.710 0.0000000000
99557  -47.075  24.236  28.015 0.0000000000
99566  -48.650  24.619  27.300 0.0000000000
99573  -44.703  24.797  26.253 0.0000000000
99576  -48.566  24.970  26.796 0.0000000000
99577  -48.699  24.330  26.983 0.0000000000
99587  -44.213  24.202  25.914 0.0000000000
99588  -46.232  23.874  25.942 0.0000000000
99635  -44.545  24.748  19.532 0.0000000000
100162  -43.566  25.204  28.926 0.0000000000
100166  -48.408  25.699  28.344 0.0000000000
100167  -48.863  25.758  28.079 0.0000000000
100174  -48.859  25.430  27.822 0.0000000000
100184  -43.734  25.696  25.761 0.0000000000
100188  -47.990  25.686  26.685 0.0000000000
100242  -44.822  25.456  19.535 0.0000000000
100741  -48.314  27.190  29.004 0.0000000000
100750  -44.324  25.976  28.854 0.0000000000
100753  -48.611  26.376  28.356 0.0000000000
100768  -48.875  26.081  27.783 0.0000000000
100778  -43.902  26.395  26.161 0.0000000000
100779  -44.661  26.305  26.495 0.0000000000
100800  -43.468  26.010  24.598 0.0000000000
100811  -44.003  25.790  22.862 0.0000000000
101244  -48.368  28.038  29.375 0.0000000000
101257  -48.709  26.492  28.207 0.0000000000
101271  -48.104  27.812  28.429 0.0000000000
101272  -48.463  27.143  28.411 0.0000000000
101282  -43.727  27.358  26.223 0.0000000000
101303  -43.544  27.377  24.698 0.0000000000
101710  -47.720  28.924  30.571 0.0000000000
101720  -43.940  28.647  29.567 0.0000000000
101721  -46.649  28.266  30.054 0.0000000000
101730  -48.350  28.633  29.677 0.0000000000
101739  -47.365  28.340  28.318 0.0000000000
102194  -47.860  29.382  30.593 0.0000000000
102201  -41.678  29.194  29.443 0.0000000000
102206  -48.151  29.368  30.125 0.0000000000
102212  -48.410  28.998  29.773 0.0000000000
102215  -43.587  29.772  27.028 0.0000000000
102219  -43.412  29.685  26.253 0.0000000000
102669  -46.421  31.142  31.593 0.0000000000
102670  -47.009  30.978  31.299 0.0000000000
102677  -39.176  30.401  30.191 0.0000000000
102680  -42.445  30.558  30.038 0.0000000000
102682  -45.870  30.617  31.435 0.0000000000
102688  -40.554  29.663  29.612 0.0000000000
102689  -41.213  29.777  29.588 0.0000000000
102690  -42.055  29.907  29.632 0.0000000000
102696  -45.680  30.516  29.013 0.0000000000
102700  -44.102  30.280  27.690 0.0000000000
103142  -37.260  32.111  32.135 0.0000000000
103149  -38.151  31.518  31.311 0.0000000000
103151  -39.779  31.819  31.123 0.0000000000
103166  -46.775  31.549  31.369 0.0000000000
103169  -45.234  32.276  29.255 0.0000000000
103170  -46.130  31.659  29.913 0.0000000000
103627  -38.054  32.510  32.254 0.0000000000
103634  -45.237  33.522  32.600 0.0000000000
103642  -41.639  32.282  31.560 0.0000000000
103643  -42.698  32.360  31.749 0.0000000000
104121  -37.146  33.509  33.305 0.0000000000
104123  -38.626  33.730  33.065 0.0000000000
104129  -44.780  34.693  33.174 0.0000000000
104132  -37.359  32.854  32.713 0.0000000000
104147  -46.337  33.290  30.741 0.0000000000
104149  -46.150  34.122  30.082 0.0000000000
104656  -46.032  34.443  30.976 0.0000000000
105169  -39.610  35.407  34.246 0.0000000000
105174  -40.194  35.172  33.942 0.0000000000
105176  -42.271  35.559  34.285 0.0000000000
105177  -43.961  35.927  34.092 0.0000000000
105693  -39.903  36.125  34.779 0.0000000000
113899  -41.944  6.956  25.655 0.0000000000
114107  -46.359  13.607  37.426 0.0000000000
114712  -50.303  12.373  30.206 0.0000000000
114871  -49.764  15.389  39.302 0.0000000000
115167  -47.650  12.102  25.995 0.0000000000
115454  -44.027  9.541  28.939 0.0000000000
115491  -42.903  10.669  32.951 0.0000000000
115555  -43.498  29.015  26.533 0.0000000000
115964  -44.248  26.954  26.468 0.0000000000
116053  -43.648  15.140  20.322 0.0000000000
116262  -46.580  15.743  23.281 0.0000000000
116345  -39.765  8.435  37.189 0.0000000000
117207  -44.609  11.322  23.213 0.0000000000
117421  -49.586  14.763  40.511 0.0000000000
117525  -51.597  7.780  40.023 0.0000000000
117563  -51.233  15.846  34.293 0.0000000000
117565  -47.927  10.313  46.097 0.0000000000
117567  -43.176  10.501  33.774 0.0000000000
118188  -47.724  16.837  32.822 0.0000000000
118694  -45.283  21.497  24.783 0.0000000000
118855  -47.942  8.037  52.324 0.0000000000
119742  -46.211  7.665  26.382 0.0000000000
119817  -46.197  7.981  27.086 0.0000000000
120239  -47.617  6.431  49.304 0.0000000000
120425  -42.068  8.380  38.473 0.0000000000
120613  -40.057  30.668  30.183 0.0000000000
121126  -41.218  12.359  41.161 0.0000000000
121312  -50.868  13.722  34.838 0.0000000000
121403  -46.104  32.569  24.263 0.0000000000
121613  -47.853  24.980  28.170 0.0000000000
121742  -41.922  15.479  23.759 0.0000000000
121946  -44.387  16.306  28.896 0.0000000000
122576  -47.665  9.330  44.548 0.0000000000
122579  -50.367  5.794  41.679 0.0000000000
122833  -40.181  29.286  29.590 0.0000000000
123342  -45.413  14.783  26.570 0.0000000000
123496  -51.131  8.644  33.155 0.0000000000
123831  -50.438  14.035  38.813 0.0000000000
124204  -45.070  16.208  31.795 0.0000000000
124780  -40.909  11.010  42.332 0.0000000000
125295  -43.596  25.964  23.691 0.0000000000
125674  -49.849  8.567  32.825 0.0000000000
125810  -45.755  27.551  29.473 0.0000000000
125815  -43.379  28.841  25.406 0.0000000000
125892  -46.187  7.603  40.061 0.0000000000
126219  -44.415  18.834  33.688 0.0000000000
126530  -43.522  28.681  24.749 0.0000000000
126794  -41.409  28.563  29.373 0.0000000000
126925  -43.805  23.806  25.373 0.0000000000
127018  -43.565  15.716  20.011 0.0000000000
127587  -47.467  10.256  24.239 0.0000000000
127719  -48.120  9.156  33.031 0.0000000000
129119  -45.550  8.344  24.579 0.0000000000
129583  -40.017  34.128  33.244 0.0000000000
129675  -47.600  9.024  34.420 0.0000000000
129725  -46.045  17.592  35.477 0.0000000000
129950  -48.464  8.657  34.467 0.0000000000
130316  -43.059  9.622  35.925 0.0000000000
130743  -49.692  14.192  41.095 0.0000000000
130888  -49.455  12.857  28.786 0.0000000000
131023  -43.388  10.697  43.529 0.0000000000
131037  -45.840  33.068  32.277 0.0000000000
131165  -49.269  15.015  37.176 0.0000000000
131445  -43.340  29.062  25.998 0.0000000000
131524  -44.306  7.498  25.267 0.0000000000
131620  -50.527  11.631  29.987 0.0000000000
131973  -47.170  13.989  39.012 0.0000000000
132878  -48.139  21.693  25.810 0.0000000000
132892  -45.209  25.767  28.725 0.0000000000
133352  -50.065  11.781  38.258 0.0000000000
133695  -44.112  16.750  29.531 0.0000000000
134092  -43.516  14.022  21.904 0.0000000000
134215  -48.761  14.686  35.697 0.0000000000
134327  -42.957  19.733  19.292 0.0000000000
134409  -45.463  19.986  28.547 0.0000000000
134728  -46.283  23.561  33.270 0.0000000000
135212  -44.190  22.615  19.742 0.0000000000
135586  -49.750  12.750  41.250 0.0000000000
135592  -47.204  12.463  45.481 0.0000000000
135602  -49.802  12.608  43.888 0.0000000000
135718  -45.565  7.514  26.074 0.0000000000
135825  -45.667  26.864  20.297 0.0000000000
136010  -49.721  13.807  41.518 0.0000000000
136180  -46.263  16.086  35.065 0.0000000000
136301  -40.348  32.684  32.088 0.0000000000
136787  -43.805  10.380  30.324 0.0000000000
137305  -48.880  25.631  27.744 0.0000000000
137648  -49.747  13.527  43.451 0.0000000000
137675  -41.915  16.834  20.139 0.0000000000
137708  -45.217  15.274  26.482 0.0000000000
