#!ascii label  , from subject sub-v1s22x0050524_ses-1 vox2ras=TkReg
911
49464  -14.450  -18.160  87.673 0.0000000000
59426  -38.710  -8.115  83.778 0.0000000000
135178  -40.610  0.752  75.504 0.0000000000
61657  -48.883  -7.285  73.366 0.0000000000
54724  -35.323  -12.938  81.359 0.0000000000
64600  -45.638  -3.056  73.453 0.0000000000
65692  -51.031  -2.087  66.418 0.0000000000
68518  -54.966  0.544  63.588 0.0000000000
55879  -42.136  -12.934  80.555 0.0000000000
61570  -40.459  -6.260  79.237 0.0000000000
65574  -38.307  -1.969  79.205 0.0000000000
52425  -16.022  -16.062  90.581 0.0000000000
52437  -19.938  -14.200  90.244 0.0000000000
53479  -23.452  -13.209  89.947 0.0000000000
51486  -26.448  -16.258  88.473 0.0000000000
48499  -29.796  -19.500  83.845 0.0000000000
47473  -33.276  -20.151  80.007 0.0000000000
51601  -38.247  -16.752  80.836 0.0000000000
136018  -41.770  -3.452  74.956 0.0000000000
68549  -56.109  0.922  62.185 0.0000000000
57707  -40.971  -10.361  81.707 0.0000000000
61517  -40.671  -6.003  81.838 0.0000000000
62575  -38.494  -4.899  82.060 0.0000000000
52448  -16.848  -15.680  89.281 0.0000000000
52427  -17.791  -16.008  90.559 0.0000000000
50600  -29.487  -17.203  81.776 0.0000000000
48516  -31.050  -19.858  81.960 0.0000000000
123071  -31.657  -18.023  79.375 0.0000000000
56788  -37.450  -11.108  83.432 0.0000000000
53595  -36.457  -14.340  79.387 0.0000000000
55877  -39.125  -12.343  80.466 0.0000000000
52571  -40.567  -15.445  80.817 0.0000000000
67438  -40.677  0.179  79.186 0.0000000000
64563  -40.241  -3.211  76.824 0.0000000000
66503  -43.091  -0.077  77.221 0.0000000000
63664  -47.490  -4.604  73.027 0.0000000000
62668  -46.596  -5.060  75.822 0.0000000000
124824  -48.079  -8.900  75.326 0.0000000000
58652  -50.320  -9.572  72.856 0.0000000000
65674  -52.426  -1.220  68.099 0.0000000000
64638  -50.785  -2.962  69.654 0.0000000000
123947  -33.557  -14.609  81.217 0.0000000000
60587  -45.968  -7.259  71.158 0.0000000000
66614  -52.830  -0.681  65.267 0.0000000000
65696  -54.826  -1.427  65.754 0.0000000000
66677  -57.789  -1.582  61.199 0.0000000000
52585  -41.098  -15.801  79.515 0.0000000000
58585  -41.727  -9.299  80.059 0.0000000000
64522  -40.510  -3.193  81.010 0.0000000000
50502  -15.807  -17.833  90.792 0.0000000000
51494  -20.259  -16.119  87.981 0.0000000000
53477  -21.412  -12.975  91.116 0.0000000000
52494  -22.980  -15.313  87.274 0.0000000000
51497  -24.655  -16.061  88.048 0.0000000000
49453  -25.647  -18.936  88.713 0.0000000000
48420  -27.200  -19.837  88.616 0.0000000000
49498  -27.787  -18.144  86.129 0.0000000000
46342  -31.460  -21.776  84.367 0.0000000000
50666  -34.138  -16.863  78.657 0.0000000000
50621  -36.095  -18.046  80.182 0.0000000000
47423  -37.243  -20.586  82.507 0.0000000000
47426  -39.465  -20.392  82.453 0.0000000000
49584  -40.719  -18.233  80.853 0.0000000000
65597  -45.308  -1.866  76.209 0.0000000000
62742  -50.291  -5.326  69.884 0.0000000000
116186  -52.014  -7.919  71.785 0.0000000000
50514  -14.492  -17.696  89.933 0.0000000000
58560  -39.503  -9.410  82.805 0.0000000000
60424  -39.971  -7.293  82.729 0.0000000000
130323  -38.692  -6.319  83.081 0.0000000000
52555  -30.509  -16.069  82.063 0.0000000000
50620  -30.484  -17.429  80.538 0.0000000000
51598  -31.564  -16.151  80.428 0.0000000000
57688  -38.302  -10.226  83.522 0.0000000000
56820  -38.150  -11.275  81.109 0.0000000000
129109  -39.272  -10.532  81.947 0.0000000000
55864  -40.608  -11.893  81.229 0.0000000000
67455  -41.595  0.568  77.878 0.0000000000
68386  -42.096  1.080  76.883 0.0000000000
62703  -48.405  -6.357  73.623 0.0000000000
61626  -48.099  -6.247  74.779 0.0000000000
60545  -49.471  -8.345  74.115 0.0000000000
58628  -49.473  -9.371  73.938 0.0000000000
60561  -50.317  -8.678  73.356 0.0000000000
64681  -52.387  -3.278  66.627 0.0000000000
64669  -52.207  -3.008  67.991 0.0000000000
63743  -52.185  -4.254  65.726 0.0000000000
66642  -52.630  -1.200  62.954 0.0000000000
67626  -53.782  0.108  64.133 0.0000000000
67594  -53.757  -0.348  66.461 0.0000000000
67610  -54.847  -0.075  65.340 0.0000000000
66615  -55.893  -1.145  64.918 0.0000000000
67627  -56.048  -0.378  64.081 0.0000000000
67666  -57.648  -0.914  61.901 0.0000000000
54771  -42.232  -13.678  79.949 0.0000000000
56849  -41.884  -12.532  79.599 0.0000000000
57715  -42.180  -10.650  80.408 0.0000000000
64514  -39.527  -3.349  81.427 0.0000000000
63576  -40.434  -3.952  81.280 0.0000000000
65541  -39.504  -2.184  80.829 0.0000000000
66471  -39.734  -1.026  80.252 0.0000000000
66483  -38.715  -1.090  78.799 0.0000000000
49433  -16.583  -18.340  90.435 0.0000000000
50496  -16.530  -17.326  90.954 0.0000000000
52436  -19.010  -14.961  90.190 0.0000000000
54624  -22.857  -12.831  90.242 0.0000000000
53478  -22.275  -13.003  90.663 0.0000000000
52475  -22.571  -14.352  88.516 0.0000000000
53496  -23.453  -14.451  88.568 0.0000000000
51496  -23.750  -15.492  87.446 0.0000000000
131344  -24.191  -15.081  88.377 0.0000000000
116157  -26.038  -17.959  88.642 0.0000000000
48419  -26.372  -19.792  88.919 0.0000000000
49456  -26.795  -17.979  88.386 0.0000000000
49525  -28.501  -17.950  83.705 0.0000000000
50562  -27.707  -17.556  85.354 0.0000000000
49500  -29.144  -19.407  85.509 0.0000000000
48460  -29.409  -19.860  86.308 0.0000000000
48461  -30.047  -20.364  85.316 0.0000000000
46333  -30.661  -21.356  85.481 0.0000000000
47406  -30.702  -20.567  84.011 0.0000000000
47457  -32.299  -20.507  80.844 0.0000000000
47441  -32.091  -20.964  81.749 0.0000000000
46370  -33.188  -20.832  80.568 0.0000000000
46371  -34.082  -21.135  80.674 0.0000000000
52580  -33.574  -15.243  79.099 0.0000000000
53609  -34.877  -14.871  78.967 0.0000000000
51619  -37.698  -16.058  79.993 0.0000000000
50646  -36.416  -17.135  79.819 0.0000000000
50622  -36.981  -17.821  80.761 0.0000000000
115653  -36.725  -19.518  81.728 0.0000000000
48540  -37.797  -19.448  82.416 0.0000000000
49565  -38.947  -18.210  82.099 0.0000000000
118615  -41.399  -14.344  80.789 0.0000000000
51586  -40.654  -16.578  80.931 0.0000000000
52572  -41.181  -15.729  80.333 0.0000000000
116403  -40.970  -17.085  80.092 0.0000000000
129692  -15.228  -15.536  89.458 0.0000000000
52423  -14.608  -15.589  91.287 0.0000000000
52415  -14.453  -16.123  91.567 0.0000000000
58591  -40.513  -9.601  78.758 0.0000000000
60489  -39.780  -7.306  78.164 0.0000000000
64586  -40.990  -3.219  75.497 0.0000000000
66541  -44.655  -1.564  74.351 0.0000000000
66524  -45.064  -0.918  75.994 0.0000000000
65611  -45.670  -1.931  75.273 0.0000000000
60516  -45.833  -7.325  76.431 0.0000000000
62655  -45.226  -5.522  76.487 0.0000000000
62745  -52.108  -5.317  69.797 0.0000000000
63695  -50.373  -3.948  69.820 0.0000000000
62722  -51.895  -5.728  70.490 0.0000000000
61679  -50.879  -6.765  71.046 0.0000000000
60611  -52.011  -7.314  71.164 0.0000000000
59577  -51.807  -8.482  71.456 0.0000000000
68547  -54.504  0.876  62.008 0.0000000000
68530  -55.254  0.796  62.795 0.0000000000
69448  -55.351  1.398  61.577 0.0000000000
69457  -55.436  1.675  60.989 0.0000000000
118020  -41.698  -10.888  81.363 0.0000000000
58571  -41.847  -9.545  81.114 0.0000000000
58562  -41.224  -8.907  81.655 0.0000000000
62565  -39.631  -5.291  82.438 0.0000000000
124147  -38.203  -3.653  80.545 0.0000000000
52433  -16.533  -15.618  90.079 0.0000000000
52426  -17.051  -15.837  90.519 0.0000000000
53474  -18.581  -14.020  89.691 0.0000000000
122846  -29.641  -18.850  82.881 0.0000000000
47420  -30.942  -20.198  82.993 0.0000000000
48536  -30.512  -18.979  81.272 0.0000000000
48554  -31.463  -19.257  80.307 0.0000000000
117539  -32.851  -18.948  79.238 0.0000000000
55863  -36.636  -11.845  81.875 0.0000000000
54767  -36.035  -13.647  79.509 0.0000000000
133595  -37.439  -12.603  80.081 0.0000000000
54744  -38.350  -12.851  80.105 0.0000000000
53577  -38.766  -14.615  80.156 0.0000000000
135113  -39.566  -16.033  80.968 0.0000000000
128016  -39.587  -14.241  80.458 0.0000000000
54725  -41.426  -12.624  81.080 0.0000000000
52447  -15.380  -15.846  88.579 0.0000000000
115228  -40.765  -3.445  79.042 0.0000000000
63604  -40.325  -4.031  78.057 0.0000000000
65585  -40.743  -2.241  78.009 0.0000000000
65593  -41.418  -1.842  76.837 0.0000000000
65594  -42.658  -1.872  76.394 0.0000000000
63656  -46.934  -3.889  73.226 0.0000000000
129236  -46.609  -3.371  74.617 0.0000000000
63641  -47.310  -4.722  74.977 0.0000000000
61602  -47.092  -6.710  75.987 0.0000000000
66578  -51.807  -0.805  68.230 0.0000000000
64668  -50.380  -2.323  68.657 0.0000000000
64656  -52.147  -2.117  68.815 0.0000000000
63710  -51.784  -4.203  69.434 0.0000000000
60422  -37.592  -7.180  83.246 0.0000000000
131273  -36.982  -8.898  84.332 0.0000000000
67502  -41.670  -0.003  74.589 0.0000000000
64610  -45.104  -3.697  72.853 0.0000000000
62700  -46.147  -4.864  72.396 0.0000000000
62711  -46.199  -5.830  72.126 0.0000000000
60573  -47.194  -7.378  72.231 0.0000000000
66590  -52.009  -1.083  66.932 0.0000000000
66591  -52.616  -0.642  67.515 0.0000000000
66592  -53.699  -0.896  67.048 0.0000000000
64692  -53.780  -2.714  65.231 0.0000000000
67647  -56.859  -0.902  62.925 0.0000000000
66659  -57.349  -1.216  62.168 0.0000000000
54786  -40.798  -13.647  78.794 0.0000000000
57722  -41.167  -10.963  79.348 0.0000000000
60470  -41.187  -7.792  79.754 0.0000000000
60454  -41.495  -7.226  80.693 0.0000000000
61532  -41.108  -5.835  80.539 0.0000000000
62601  -40.889  -4.986  80.176 0.0000000000
65559  -40.514  -1.462  80.198 0.0000000000
68364  -40.395  0.516  78.690 0.0000000000
62586  -37.854  -5.447  80.363 0.0000000000
63592  -37.885  -4.606  79.231 0.0000000000
65591  -38.635  -2.265  76.890 0.0000000000
49448  -15.230  -18.196  89.560 0.0000000000
49450  -16.610  -18.951  89.566 0.0000000000
50551  -21.047  -16.997  85.915 0.0000000000
53475  -19.325  -13.485  89.663 0.0000000000
54613  -20.123  -13.099  90.624 0.0000000000
52452  -20.555  -13.896  90.530 0.0000000000
52493  -22.155  -15.294  87.282 0.0000000000
49483  -24.903  -18.773  87.620 0.0000000000
48417  -25.374  -19.720  88.480 0.0000000000
52477  -27.065  -15.412  88.337 0.0000000000
51513  -27.293  -16.547  86.631 0.0000000000
50539  -27.097  -17.411  87.515 0.0000000000
49469  -27.944  -19.038  87.556 0.0000000000
123883  -28.850  -20.274  87.466 0.0000000000
46350  -31.340  -21.075  83.545 0.0000000000
51615  -32.277  -16.502  79.082 0.0000000000
50665  -33.293  -17.088  78.650 0.0000000000
49599  -34.319  -18.237  79.232 0.0000000000
52582  -35.852  -15.190  79.161 0.0000000000
50645  -35.528  -17.304  79.401 0.0000000000
49581  -34.741  -18.956  79.852 0.0000000000
47460  -35.566  -20.186  81.174 0.0000000000
46363  -36.331  -21.465  82.080 0.0000000000
46364  -40.082  -21.793  81.910 0.0000000000
50604  -40.048  -17.507  81.622 0.0000000000
48521  -40.240  -19.117  81.729 0.0000000000
114074  -39.950  -20.891  81.045 0.0000000000
48559  -39.972  -19.667  80.443 0.0000000000
51465  -14.145  -16.633  91.398 0.0000000000
67489  -44.032  -0.048  76.071 0.0000000000
66516  -44.462  -0.881  76.464 0.0000000000
129468  -43.470  -2.352  76.402 0.0000000000
122771  -45.446  -3.600  76.324 0.0000000000
63629  -44.403  -4.585  76.196 0.0000000000
63648  -43.236  -4.561  74.851 0.0000000000
60606  -46.617  -7.521  70.437 0.0000000000
60590  -48.934  -7.722  71.987 0.0000000000
64653  -49.774  -3.326  68.653 0.0000000000
62775  -49.135  -4.778  68.453 0.0000000000
61699  -48.906  -7.021  69.533 0.0000000000
60609  -50.507  -7.446  71.590 0.0000000000
60576  -50.937  -8.235  72.584 0.0000000000
59554  -51.386  -8.686  72.135 0.0000000000
125442  -39.065  -8.822  83.522 0.0000000000
60423  -39.200  -7.308  83.292 0.0000000000
60407  -38.420  -7.407  83.623 0.0000000000
52546  -31.080  -15.512  82.848 0.0000000000
51583  -30.920  -16.274  81.189 0.0000000000
52566  -31.870  -15.656  81.334 0.0000000000
57689  -38.661  -9.636  83.568 0.0000000000
57698  -38.571  -10.394  82.932 0.0000000000
57699  -39.200  -10.049  82.696 0.0000000000
68399  -40.601  0.978  76.215 0.0000000000
69304  -41.487  0.909  77.359 0.0000000000
68400  -41.440  0.996  75.950 0.0000000000
61643  -48.870  -7.285  74.027 0.0000000000
60560  -49.676  -8.102  73.579 0.0000000000
64691  -52.789  -3.443  65.480 0.0000000000
68517  -54.271  0.412  63.442 0.0000000000
68505  -54.525  0.273  64.417 0.0000000000
67609  -53.946  0.029  65.331 0.0000000000
67611  -55.765  -0.568  64.864 0.0000000000
68506  -55.368  0.114  64.419 0.0000000000
54749  -42.245  -13.413  80.225 0.0000000000
55888  -42.308  -12.998  79.955 0.0000000000
57716  -42.329  -11.350  80.611 0.0000000000
115373  -38.317  -2.881  80.418 0.0000000000
65521  -39.258  -2.663  81.121 0.0000000000
65558  -38.457  -1.991  80.222 0.0000000000
66470  -38.930  -1.007  79.978 0.0000000000
51455  -15.749  -16.953  91.327 0.0000000000
51466  -16.315  -16.586  91.004 0.0000000000
51478  -18.954  -16.048  90.124 0.0000000000
53495  -22.765  -13.309  89.894 0.0000000000
52454  -24.135  -14.279  89.233 0.0000000000
133336  -26.133  -16.052  88.701 0.0000000000
50528  -26.040  -17.003  88.559 0.0000000000
119410  -26.254  -17.718  88.551 0.0000000000
49455  -26.440  -18.393  88.708 0.0000000000
50529  -26.505  -17.143  88.277 0.0000000000
49526  -29.205  -18.742  83.755 0.0000000000
49512  -28.765  -18.706  84.570 0.0000000000
48479  -29.568  -19.612  84.726 0.0000000000
135946  -29.696  -20.008  85.667 0.0000000000
47391  -30.457  -20.791  84.951 0.0000000000
48480  -30.186  -20.147  84.403 0.0000000000
133465  -32.692  -20.235  80.211 0.0000000000
47458  -33.839  -20.458  80.363 0.0000000000
53593  -34.676  -14.243  79.604 0.0000000000
54766  -35.330  -13.729  79.674 0.0000000000
51600  -37.315  -16.938  80.357 0.0000000000
50623  -37.852  -17.508  81.232 0.0000000000
49583  -37.553  -18.340  81.585 0.0000000000
49564  -38.222  -18.689  82.214 0.0000000000
50602  -38.475  -17.972  81.785 0.0000000000
54748  -41.922  -13.754  80.579 0.0000000000
53580  -41.681  -14.472  80.453 0.0000000000
114344  -41.709  -14.858  80.212 0.0000000000
52432  -15.680  -15.645  90.163 0.0000000000
113743  -14.933  -15.322  90.311 0.0000000000
52424  -15.340  -15.730  90.857 0.0000000000
52416  -15.325  -16.284  91.284 0.0000000000
60490  -40.334  -7.832  78.960 0.0000000000
117624  -40.109  -7.024  78.919 0.0000000000
65604  -41.777  -2.636  75.654 0.0000000000
63637  -40.392  -3.956  75.529 0.0000000000
63646  -40.920  -4.024  74.878 0.0000000000
128355  -41.407  -4.321  74.505 0.0000000000
65619  -45.172  -2.287  73.917 0.0000000000
65610  -45.409  -1.746  74.804 0.0000000000
65620  -45.919  -2.596  74.252 0.0000000000
64680  -50.257  -2.674  66.719 0.0000000000
61702  -52.337  -6.155  69.999 0.0000000000
62744  -51.771  -5.013  70.095 0.0000000000
61681  -52.062  -6.421  70.729 0.0000000000
128475  -41.737  -10.210  81.335 0.0000000000
58570  -41.168  -9.693  81.722 0.0000000000
62556  -39.116  -5.922  82.857 0.0000000000
61504  -39.760  -5.963  82.602 0.0000000000
63574  -38.803  -4.035  81.646 0.0000000000
63585  -38.303  -3.962  81.061 0.0000000000
51581  -29.601  -16.540  82.305 0.0000000000
50586  -29.005  -17.224  82.454 0.0000000000
50577  -28.876  -18.009  82.917 0.0000000000
49540  -29.322  -17.937  82.174 0.0000000000
49541  -29.861  -18.534  81.842 0.0000000000
49561  -29.691  -17.792  81.530 0.0000000000
132372  -30.854  -17.721  80.097 0.0000000000
49580  -30.601  -18.256  80.520 0.0000000000
49596  -31.190  -18.364  79.964 0.0000000000
48565  -31.976  -18.901  79.613 0.0000000000
49597  -32.334  -18.132  79.055 0.0000000000
56801  -37.017  -11.520  82.719 0.0000000000
55875  -36.813  -12.114  80.683 0.0000000000
56819  -37.341  -11.493  81.378 0.0000000000
56821  -38.883  -11.566  80.779 0.0000000000
54770  -38.525  -13.730  80.016 0.0000000000
54745  -39.436  -13.313  80.401 0.0000000000
56805  -40.544  -11.010  81.557 0.0000000000
56806  -41.557  -11.728  81.254 0.0000000000
51482  -16.330  -16.109  88.427 0.0000000000
113670  -16.020  -15.816  89.348 0.0000000000
65575  -40.843  -1.599  79.322 0.0000000000
64547  -40.755  -2.546  78.772 0.0000000000
66500  -41.156  -0.901  78.711 0.0000000000
67456  -42.542  0.562  77.304 0.0000000000
66513  -41.623  -0.900  77.691 0.0000000000
66514  -42.217  -1.098  77.001 0.0000000000
120370  -43.277  -0.885  76.951 0.0000000000
63650  -47.362  -4.240  74.312 0.0000000000
113319  -47.731  -4.701  74.186 0.0000000000
117835  -47.870  -7.094  75.306 0.0000000000
59499  -46.906  -8.327  76.083 0.0000000000
58616  -47.923  -9.277  75.116 0.0000000000
66572  -51.826  -1.031  68.468 0.0000000000
131603  -51.419  -1.075  68.619 0.0000000000
131909  -52.242  -2.011  68.529 0.0000000000
62762  -52.227  -5.246  68.749 0.0000000000
60391  -37.297  -8.267  84.140 0.0000000000
63662  -45.603  -4.318  72.578 0.0000000000
61668  -45.608  -6.374  71.474 0.0000000000
61669  -46.314  -7.075  72.002 0.0000000000
61655  -46.901  -6.668  72.563 0.0000000000
66629  -52.709  -0.957  64.037 0.0000000000
132801  -52.140  -1.697  64.494 0.0000000000
65693  -51.610  -1.899  65.472 0.0000000000
66602  -52.338  -1.187  65.728 0.0000000000
66603  -52.833  -0.435  66.559 0.0000000000
67580  -54.200  -0.627  66.471 0.0000000000
67579  -53.523  -0.535  66.966 0.0000000000
66593  -54.222  -1.090  66.550 0.0000000000
65686  -54.073  -1.351  66.534 0.0000000000
65695  -54.265  -1.930  65.778 0.0000000000
65703  -54.696  -2.107  65.114 0.0000000000
135986  -55.203  -1.621  65.220 0.0000000000
65714  -55.888  -1.365  64.444 0.0000000000
68531  -55.913  0.623  62.805 0.0000000000
68532  -56.616  0.030  62.613 0.0000000000
66660  -57.704  -1.301  61.562 0.0000000000
66646  -57.338  -1.138  62.270 0.0000000000
50669  -39.906  -17.094  79.005 0.0000000000
52595  -40.200  -15.728  78.774 0.0000000000
53611  -41.179  -14.473  79.221 0.0000000000
120915  -41.784  -10.164  79.860 0.0000000000
56834  -41.829  -11.784  79.668 0.0000000000
58584  -41.088  -9.271  79.435 0.0000000000
59461  -41.473  -8.527  79.913 0.0000000000
59443  -41.654  -8.650  81.099 0.0000000000
121401  -41.587  -7.939  80.820 0.0000000000
60440  -41.319  -7.242  81.291 0.0000000000
116485  -40.728  -4.827  80.982 0.0000000000
123754  -40.725  -4.058  80.652 0.0000000000
64531  -40.757  -3.270  80.260 0.0000000000
65542  -40.428  -2.435  80.672 0.0000000000
67453  -39.204  -0.258  78.383 0.0000000000
67437  -39.804  0.228  79.085 0.0000000000
49432  -15.389  -17.818  90.548 0.0000000000
49449  -15.893  -18.612  89.250 0.0000000000
49441  -16.032  -18.528  89.770 0.0000000000
49434  -17.108  -18.519  90.337 0.0000000000
51468  -17.771  -16.961  90.460 0.0000000000
50537  -19.731  -17.021  87.193 0.0000000000
51508  -20.644  -16.509  86.768 0.0000000000
53493  -19.498  -13.638  88.204 0.0000000000
53476  -20.939  -13.206  91.191 0.0000000000
52453  -21.207  -13.649  90.691 0.0000000000
52474  -21.683  -14.404  88.853 0.0000000000
51509  -21.583  -16.247  86.473 0.0000000000
51510  -22.571  -16.201  86.300 0.0000000000
51512  -24.180  -16.594  86.919 0.0000000000
50553  -24.647  -17.808  87.250 0.0000000000
123006  -24.911  -17.077  87.871 0.0000000000
50527  -25.897  -17.436  88.524 0.0000000000
129323  -25.541  -16.802  88.417 0.0000000000
50526  -25.717  -18.132  88.495 0.0000000000
49467  -25.342  -18.958  88.430 0.0000000000
48418  -25.660  -19.673  88.722 0.0000000000
47339  -26.569  -20.960  88.870 0.0000000000
46289  -27.012  -21.979  88.855 0.0000000000
47340  -27.590  -20.974  88.478 0.0000000000
128116  -27.452  -16.906  85.761 0.0000000000
121999  -27.417  -17.442  86.358 0.0000000000
49484  -27.586  -18.204  87.002 0.0000000000
49468  -27.334  -18.292  87.898 0.0000000000
47364  -29.848  -20.704  86.602 0.0000000000
48432  -29.364  -20.158  86.926 0.0000000000
47349  -29.446  -20.845  87.256 0.0000000000
46298  -28.905  -21.582  87.740 0.0000000000
46334  -31.125  -21.792  85.045 0.0000000000
46322  -31.088  -22.133  85.599 0.0000000000
45300  -31.610  -22.439  85.005 0.0000000000
47421  -31.504  -20.616  82.426 0.0000000000
52558  -33.098  -15.090  80.949 0.0000000000
112582  -32.980  -15.405  79.846 0.0000000000
51636  -34.178  -16.055  78.560 0.0000000000
51635  -33.606  -16.411  78.595 0.0000000000
49598  -33.316  -18.108  78.875 0.0000000000
50643  -33.962  -17.572  78.811 0.0000000000
49600  -35.213  -18.178  79.645 0.0000000000
49582  -35.652  -18.846  80.434 0.0000000000
115401  -35.143  -19.585  80.551 0.0000000000
48557  -36.051  -19.507  81.166 0.0000000000
48539  -37.083  -19.906  82.261 0.0000000000
47444  -36.703  -20.647  82.186 0.0000000000
46351  -36.944  -21.315  82.479 0.0000000000
122785  -39.008  -19.729  82.601 0.0000000000
46355  -39.742  -21.584  82.351 0.0000000000
52570  -40.149  -15.664  80.939 0.0000000000
51584  -39.861  -16.989  81.477 0.0000000000
51585  -40.303  -16.583  81.191 0.0000000000
50625  -40.794  -17.484  80.767 0.0000000000
122605  -40.562  -17.569  81.276 0.0000000000
48541  -40.581  -19.137  81.099 0.0000000000
47445  -40.218  -19.942  81.439 0.0000000000
47462  -40.309  -20.034  80.869 0.0000000000
48560  -40.450  -19.041  80.712 0.0000000000
50670  -40.774  -17.054  79.706 0.0000000000
49602  -40.161  -18.114  79.912 0.0000000000
49613  -39.602  -17.824  79.262 0.0000000000
50493  -14.534  -16.622  91.418 0.0000000000
50501  -14.918  -17.245  91.155 0.0000000000
112727  -14.415  -17.226  90.886 0.0000000000
129039  -40.130  -3.800  77.281 0.0000000000
62637  -39.930  -5.415  77.552 0.0000000000
63614  -40.037  -4.573  77.369 0.0000000000
66530  -42.789  -0.086  74.897 0.0000000000
67488  -43.263  0.366  75.761 0.0000000000
66517  -44.971  -1.120  76.220 0.0000000000
67473  -44.479  -0.680  76.256 0.0000000000
65596  -44.789  -1.633  76.474 0.0000000000
65595  -44.033  -1.424  76.723 0.0000000000
64577  -44.317  -2.472  76.555 0.0000000000
63640  -46.640  -4.185  75.486 0.0000000000
64588  -46.240  -3.318  75.445 0.0000000000
63631  -46.057  -4.031  76.104 0.0000000000
129608  -44.772  -4.900  76.372 0.0000000000
62666  -43.987  -5.050  75.598 0.0000000000
63639  -43.735  -4.101  75.737 0.0000000000
60589  -47.891  -7.753  71.628 0.0000000000
60608  -48.911  -7.608  71.127 0.0000000000
64654  -50.873  -2.048  69.253 0.0000000000
127533  -50.432  -2.711  69.368 0.0000000000
62761  -49.582  -4.946  69.176 0.0000000000
62760  -48.815  -5.550  68.506 0.0000000000
61723  -49.353  -6.189  69.199 0.0000000000
61722  -48.379  -6.444  68.778 0.0000000000
61700  -49.952  -6.477  70.163 0.0000000000
60610  -51.775  -7.363  71.496 0.0000000000
60591  -50.160  -7.713  72.193 0.0000000000
60592  -51.651  -7.921  72.136 0.0000000000
131747  -51.558  -8.304  72.174 0.0000000000
60577  -51.929  -8.197  71.951 0.0000000000
57700  -40.256  -9.874  82.186 0.0000000000
58561  -40.438  -9.181  82.267 0.0000000000
59434  -39.522  -8.042  83.176 0.0000000000
61490  -39.011  -6.554  83.174 0.0000000000
51582  -30.058  -16.690  81.478 0.0000000000
50601  -29.972  -17.309  81.148 0.0000000000
119707  -30.385  -16.855  80.876 0.0000000000
51597  -30.894  -16.749  80.389 0.0000000000
51614  -31.470  -16.708  79.653 0.0000000000
57697  -37.919  -10.598  83.457 0.0000000000
56802  -37.778  -11.023  82.096 0.0000000000
56789  -38.252  -10.681  82.630 0.0000000000
56803  -38.672  -10.922  81.518 0.0000000000
56822  -39.742  -11.938  80.916 0.0000000000
56804  -39.607  -11.318  81.314 0.0000000000
130377  -40.065  -10.360  81.977 0.0000000000
68365  -40.778  0.390  78.818 0.0000000000
67439  -41.001  0.418  78.685 0.0000000000
68366  -41.361  0.542  78.053 0.0000000000
118745  -42.080  0.721  77.515 0.0000000000
68378  -42.768  0.623  77.089 0.0000000000
62702  -47.808  -5.526  73.014 0.0000000000
62694  -48.039  -5.155  73.641 0.0000000000
62695  -48.358  -6.157  74.209 0.0000000000
61627  -48.549  -7.212  74.523 0.0000000000
60532  -48.581  -8.318  74.903 0.0000000000
59513  -48.544  -9.091  74.842 0.0000000000
59524  -49.279  -9.036  74.414 0.0000000000
59525  -49.970  -9.089  73.729 0.0000000000
59539  -50.653  -9.140  72.933 0.0000000000
65684  -52.706  -2.073  67.702 0.0000000000
63729  -51.917  -4.134  66.893 0.0000000000
67645  -53.197  -0.381  63.573 0.0000000000
67625  -53.340  -0.280  64.733 0.0000000000
67608  -53.398  -0.198  65.976 0.0000000000
123563  -54.020  -0.080  65.768 0.0000000000
66604  -54.868  -0.948  66.001 0.0000000000
65705  -55.461  -1.357  65.245 0.0000000000
66605  -55.347  -0.793  65.483 0.0000000000
66616  -56.249  -1.022  64.204 0.0000000000
69449  -56.144  1.156  61.611 0.0000000000
68550  -56.970  0.109  61.980 0.0000000000
68563  -56.917  0.405  61.338 0.0000000000
68564  -57.549  -0.474  61.517 0.0000000000
66678  -58.079  -1.607  60.891 0.0000000000
52596  -41.546  -15.080  79.744 0.0000000000
54787  -41.663  -13.740  79.446 0.0000000000
56835  -42.286  -12.206  79.985 0.0000000000
57723  -42.151  -11.282  80.027 0.0000000000
132378  -40.046  -4.738  82.083 0.0000000000
62576  -40.772  -5.506  81.389 0.0000000000
63565  -40.379  -4.697  81.645 0.0000000000
64515  -40.251  -3.256  81.262 0.0000000000
65523  -40.312  -2.668  80.963 0.0000000000
66454  -40.100  -1.861  80.587 0.0000000000
66453  -39.213  -1.649  80.528 0.0000000000
66499  -38.851  -1.211  77.551 0.0000000000
50494  -15.293  -17.190  91.254 0.0000000000
50495  -16.048  -17.622  91.019 0.0000000000
50503  -16.739  -17.935  90.686 0.0000000000
50504  -17.237  -17.844  90.544 0.0000000000
53494  -22.004  -13.410  90.440 0.0000000000
123082  -25.898  -18.271  88.671 0.0000000000
49454  -26.044  -18.925  88.973 0.0000000000
134172  -26.648  -19.069  88.851 0.0000000000
48430  -27.216  -18.840  88.472 0.0000000000
116060  -28.162  -17.213  83.850 0.0000000000
50570  -27.827  -17.179  84.533 0.0000000000
49511  -28.135  -17.862  84.522 0.0000000000
49499  -28.329  -18.576  85.515 0.0000000000
49485  -28.236  -18.837  86.574 0.0000000000
47377  -29.891  -20.443  86.125 0.0000000000
47392  -30.909  -21.264  84.601 0.0000000000
47456  -31.685  -19.913  80.718 0.0000000000
47440  -31.638  -20.281  81.460 0.0000000000
46369  -32.703  -21.210  81.186 0.0000000000
46361  -34.490  -21.867  81.087 0.0000000000
47442  -35.053  -21.015  81.063 0.0000000000
53576  -34.180  -14.164  80.796 0.0000000000
130109  -33.755  -14.745  79.985 0.0000000000
130516  -34.217  -14.810  79.118 0.0000000000
52581  -34.204  -15.338  78.733 0.0000000000
52583  -37.038  -15.159  79.511 0.0000000000
51618  -36.681  -16.130  79.531 0.0000000000
48558  -36.628  -18.772  81.153 0.0000000000
49563  -37.308  -19.148  81.988 0.0000000000
48517  -37.588  -20.022  82.534 0.0000000000
49542  -38.513  -19.123  82.458 0.0000000000
48519  -39.016  -19.079  82.494 0.0000000000
53579  -40.962  -14.928  80.917 0.0000000000
52559  -40.386  -15.990  80.916 0.0000000000
53567  -41.182  -14.725  80.756 0.0000000000
51587  -40.796  -16.067  80.607 0.0000000000
51604  -40.988  -16.548  80.405 0.0000000000
48572  -40.528  -18.249  80.511 0.0000000000
51621  -41.086  -16.458  80.234 0.0000000000
52586  -41.300  -15.847  79.895 0.0000000000
135180  -14.757  -15.290  89.601 0.0000000000
53453  -14.367  -14.994  90.757 0.0000000000
131461  -15.011  -16.621  91.423 0.0000000000
64576  -40.578  -2.937  76.183 0.0000000000
63626  -40.051  -4.099  76.474 0.0000000000
118776  -43.519  -1.467  74.046 0.0000000000
118409  -44.238  -0.847  74.750 0.0000000000
66532  -45.025  -1.102  75.224 0.0000000000
66533  -45.367  -1.381  75.596 0.0000000000
66525  -45.413  -1.422  75.903 0.0000000000
62656  -46.068  -5.755  76.434 0.0000000000
121124  -45.934  -4.954  76.351 0.0000000000
63697  -51.657  -4.374  69.831 0.0000000000
63696  -51.257  -3.966  69.963 0.0000000000
62743  -51.220  -4.889  70.151 0.0000000000
61701  -51.161  -5.882  70.523 0.0000000000
61680  -51.872  -6.544  70.902 0.0000000000
59578  -52.016  -8.063  71.807 0.0000000000
68529  -54.690  0.744  62.729 0.0000000000
115453  -55.474  1.047  62.248 0.0000000000
69458  -55.982  1.488  60.968 0.0000000000
56807  -42.194  -11.517  81.030 0.0000000000
57708  -42.184  -10.602  80.969 0.0000000000
60425  -40.758  -7.310  82.036 0.0000000000
59435  -40.472  -8.226  82.360 0.0000000000
61505  -40.307  -6.492  82.353 0.0000000000
62566  -40.269  -5.369  82.101 0.0000000000
64513  -38.668  -3.189  81.097 0.0000000000
53454  -17.820  -15.169  90.180 0.0000000000
53463  -18.476  -14.512  90.032 0.0000000000
53464  -19.568  -13.794  90.139 0.0000000000
52457  -26.533  -15.465  88.684 0.0000000000
50576  -28.601  -17.258  83.160 0.0000000000
48500  -30.342  -19.787  83.445 0.0000000000
48515  -30.385  -19.394  82.402 0.0000000000
49562  -30.082  -18.057  81.054 0.0000000000
48553  -30.934  -18.910  80.578 0.0000000000
48537  -31.147  -19.587  80.989 0.0000000000
48566  -32.657  -19.642  79.727 0.0000000000
48567  -33.330  -19.557  79.600 0.0000000000
55862  -36.069  -12.354  81.708 0.0000000000
54743  -35.640  -13.151  80.076 0.0000000000
55874  -36.040  -12.616  80.591 0.0000000000
55887  -36.584  -12.943  79.865 0.0000000000
54768  -36.824  -13.690  79.535 0.0000000000
55876  -38.023  -11.945  80.473 0.0000000000
54769  -37.538  -13.323  79.754 0.0000000000
53596  -37.589  -14.265  79.630 0.0000000000
52584  -38.161  -15.249  79.922 0.0000000000
52568  -38.674  -16.007  80.558 0.0000000000
52569  -39.168  -15.426  80.530 0.0000000000
134581  -39.708  -14.998  80.601 0.0000000000
53578  -40.480  -14.987  80.825 0.0000000000
55878  -40.468  -12.819  80.834 0.0000000000
54746  -40.714  -14.105  80.829 0.0000000000
54747  -41.401  -13.527  80.890 0.0000000000
54726  -41.834  -13.086  80.804 0.0000000000
128615  -40.706  -4.365  78.868 0.0000000000
120480  -40.377  -3.140  77.816 0.0000000000
133862  -40.436  -2.822  77.314 0.0000000000
66501  -41.421  0.103  78.459 0.0000000000
131807  -41.148  -1.741  77.624 0.0000000000
65592  -40.685  -2.498  76.917 0.0000000000
65603  -41.159  -2.552  76.117 0.0000000000
64601  -46.298  -3.315  73.560 0.0000000000
65621  -46.546  -3.240  74.001 0.0000000000
64595  -47.080  -3.742  74.018 0.0000000000
63649  -46.930  -3.904  74.843 0.0000000000
62682  -47.913  -5.405  74.511 0.0000000000
129802  -47.463  -5.836  75.388 0.0000000000
62657  -46.735  -5.977  76.058 0.0000000000
61601  -46.283  -6.616  76.410 0.0000000000
65683  -51.328  -1.173  67.763 0.0000000000
65682  -50.739  -1.859  67.817 0.0000000000
65673  -51.024  -1.381  68.841 0.0000000000
65662  -51.298  -1.447  68.819 0.0000000000
64655  -51.317  -2.351  69.276 0.0000000000
63719  -51.822  -2.843  69.114 0.0000000000
63709  -51.452  -3.417  69.650 0.0000000000
60406  -37.703  -7.559  83.808 0.0000000000
61489  -38.209  -6.759  83.300 0.0000000000
60439  -37.684  -7.103  82.081 0.0000000000
55852  -36.270  -12.162  83.189 0.0000000000
56772  -36.901  -11.311  84.225 0.0000000000
57687  -37.393  -10.746  84.128 0.0000000000
58547  -37.580  -9.596  84.353 0.0000000000
59418  -37.526  -8.883  84.367 0.0000000000
58553  -38.266  -9.035  84.213 0.0000000000
67501  -40.662  0.051  74.249 0.0000000000
68412  -41.052  0.611  74.984 0.0000000000
67516  -41.238  -0.463  73.995 0.0000000000
66540  -42.328  -0.892  74.197 0.0000000000
114921  -44.175  -2.210  73.643 0.0000000000
65631  -44.645  -2.949  73.244 0.0000000000
64611  -46.110  -3.714  73.048 0.0000000000
63663  -46.507  -4.174  72.803 0.0000000000
132109  -46.991  -4.403  72.778 0.0000000000
62701  -47.085  -5.107  72.590 0.0000000000
61656  -47.868  -6.919  72.942 0.0000000000
60574  -48.386  -7.499  72.530 0.0000000000
66579  -52.359  -0.738  67.932 0.0000000000
67593  -53.231  -0.358  66.834 0.0000000000
66580  -52.998  -0.799  67.472 0.0000000000
65685  -53.267  -1.282  67.347 0.0000000000
65694  -53.236  -2.359  66.421 0.0000000000
64701  -53.331  -3.532  64.679 0.0000000000
65704  -55.302  -1.754  64.850 0.0000000000
68519  -55.666  0.327  63.547 0.0000000000
68520  -56.328  -0.171  63.319 0.0000000000
66631  -56.525  -1.112  63.388 0.0000000000
68533  -57.227  -0.713  62.365 0.0000000000
55896  -41.248  -12.928  79.064 0.0000000000
56848  -41.102  -11.971  79.195 0.0000000000
128975  -40.976  -10.045  79.191 0.0000000000
59460  -40.858  -8.459  79.379 0.0000000000
121528  -40.765  -7.106  79.520 0.0000000000
58577  -42.025  -9.840  80.508 0.0000000000
59449  -41.765  -8.788  80.499 0.0000000000
61518  -41.264  -6.437  81.106 0.0000000000
61533  -41.380  -6.842  80.365 0.0000000000
60471  -41.526  -7.740  80.230 0.0000000000
121971  -41.364  -7.196  80.005 0.0000000000
113755  -40.914  -5.752  79.864 0.0000000000
63593  -40.895  -4.228  79.719 0.0000000000
120299  -40.751  -2.405  79.820 0.0000000000
66484  -40.635  -0.467  79.611 0.0000000000
66472  -40.319  -0.780  79.991 0.0000000000
67418  -40.441  -0.114  79.517 0.0000000000
68350  -40.429  0.225  79.251 0.0000000000
68398  -40.132  0.596  75.603 0.0000000000
61502  -37.954  -6.394  82.808 0.0000000000
63573  -38.109  -4.707  81.204 0.0000000000
62600  -37.786  -5.247  79.588 0.0000000000
63584  -38.006  -4.504  80.239 0.0000000000
64530  -38.062  -3.754  79.779 0.0000000000
64562  -38.130  -3.080  78.318 0.0000000000
65584  -38.478  -2.132  77.986 0.0000000000
68411  -40.211  0.220  74.763 0.0000000000
112663  -15.229  -18.446  88.518 0.0000000000
48412  -16.233  -19.022  88.442 0.0000000000
51467  -17.134  -16.793  90.751 0.0000000000
53465  -20.466  -13.274  90.933 0.0000000000
52473  -20.652  -14.903  89.192 0.0000000000
51495  -21.168  -15.537  87.577 0.0000000000
131169  -23.379  -15.970  86.593 0.0000000000
52476  -24.926  -15.376  88.806 0.0000000000
50538  -25.333  -17.992  88.165 0.0000000000
48408  -25.901  -19.837  88.916 0.0000000000
46287  -25.944  -21.325  88.821 0.0000000000
128395  -27.036  -14.445  88.431 0.0000000000
52512  -27.670  -15.867  86.414 0.0000000000
52495  -27.470  -15.671  87.353 0.0000000000
51498  -26.982  -16.410  87.848 0.0000000000
119865  -27.809  -19.513  88.060 0.0000000000
48445  -28.774  -19.564  86.903 0.0000000000
48431  -28.500  -19.772  87.471 0.0000000000
48421  -28.118  -20.139  87.992 0.0000000000
47348  -28.560  -20.881  87.884 0.0000000000
47422  -31.863  -21.361  82.645 0.0000000000
46343  -31.899  -21.900  83.441 0.0000000000
45308  -31.902  -22.342  84.274 0.0000000000
52557  -32.585  -15.249  81.498 0.0000000000
51599  -32.176  -15.988  79.694 0.0000000000
52579  -32.836  -15.820  79.089 0.0000000000
50664  -32.593  -16.943  78.769 0.0000000000
49609  -32.653  -17.490  78.795 0.0000000000
48568  -33.798  -18.986  79.373 0.0000000000
53594  -35.531  -14.304  79.303 0.0000000000
51637  -34.889  -15.656  78.784 0.0000000000
51617  -35.713  -16.305  79.170 0.0000000000
51616  -34.870  -16.571  78.819 0.0000000000
48556  -34.133  -19.755  80.016 0.0000000000
47459  -34.654  -20.338  80.639 0.0000000000
46362  -35.461  -21.691  81.541 0.0000000000
48538  -36.397  -20.082  81.757 0.0000000000
47443  -35.965  -20.835  81.617 0.0000000000
51602  -39.221  -16.562  81.173 0.0000000000
50587  -39.606  -18.102  81.988 0.0000000000
49544  -39.560  -18.524  82.162 0.0000000000
113105  -40.417  -17.027  81.294 0.0000000000
49566  -40.101  -18.004  81.793 0.0000000000
130890  -39.924  -19.822  82.024 0.0000000000
125444  -39.033  -19.942  80.176 0.0000000000
48571  -39.995  -18.815  80.225 0.0000000000
62616  -40.107  -5.731  78.424 0.0000000000
68413  -42.138  0.549  75.387 0.0000000000
68402  -43.452  0.311  76.604 0.0000000000
68388  -43.411  0.252  76.788 0.0000000000
130375  -44.475  -0.557  76.192 0.0000000000
68389  -43.968  -0.211  76.423 0.0000000000
66515  -43.825  -0.422  76.687 0.0000000000
65605  -42.585  -2.769  75.629 0.0000000000
65612  -46.154  -2.729  74.856 0.0000000000
65606  -45.732  -2.229  75.664 0.0000000000
64579  -45.613  -2.866  76.082 0.0000000000
122584  -44.854  -4.023  76.444 0.0000000000
64578  -45.049  -2.782  76.476 0.0000000000
63628  -44.338  -3.543  76.364 0.0000000000
64587  -43.610  -3.183  76.104 0.0000000000
63638  -42.870  -3.665  75.171 0.0000000000
60588  -46.855  -7.508  71.370 0.0000000000
135430  -50.243  -2.526  67.618 0.0000000000
63708  -50.153  -3.244  69.522 0.0000000000
63707  -49.615  -3.992  69.071 0.0000000000
63718  -49.165  -4.318  68.049 0.0000000000
60626  -48.380  -7.478  70.024 0.0000000000
60627  -49.427  -7.245  70.542 0.0000000000
60575  -49.710  -7.842  72.914 0.0000000000
119318  -50.435  -8.376  73.093 0.0000000000
58653  -50.866  -9.175  72.406 0.0000000000
59562  -51.792  -8.518  71.938 0.0000000000
58662  -51.317  -9.024  72.050 0.0000000000
58661  -50.597  -9.404  72.349 0.0000000000
47329  -26.226  -20.490  89.131 0.0000000000
47425  -38.659  -20.501  82.735 0.0000000000
48520  -39.612  -19.230  82.302 0.0000000000
48555  -32.078  -19.787  80.174 0.0000000000
48570  -39.151  -19.275  79.900 0.0000000000
49543  -39.049  -18.630  82.331 0.0000000000
49545  -40.034  -18.545  81.968 0.0000000000
49567  -40.516  -18.289  81.343 0.0000000000
49595  -30.940  -17.186  80.015 0.0000000000
50603  -39.339  -17.692  81.765 0.0000000000
50605  -40.741  -17.117  81.023 0.0000000000
50606  -40.835  -16.878  80.684 0.0000000000
50624  -38.825  -17.248  81.433 0.0000000000
50641  -31.265  -17.509  79.633 0.0000000000
50642  -31.939  -17.290  79.071 0.0000000000
50644  -34.704  -17.471  79.051 0.0000000000
50647  -40.303  -17.552  79.618 0.0000000000
50648  -40.760  -17.529  80.274 0.0000000000
50649  -40.934  -17.007  80.422 0.0000000000
51603  -40.044  -16.319  81.234 0.0000000000
51620  -41.127  -16.473  79.852 0.0000000000
51634  -32.989  -16.400  78.710 0.0000000000
51639  -39.790  -16.397  78.695 0.0000000000
51640  -40.549  -16.451  79.246 0.0000000000
52560  -40.820  -15.459  80.759 0.0000000000
52561  -41.059  -15.529  80.558 0.0000000000
52567  -32.392  -15.570  80.626 0.0000000000
52594  -33.540  -15.822  78.680 0.0000000000
53581  -42.066  -14.093  80.223 0.0000000000
53612  -41.956  -14.330  79.872 0.0000000000
54742  -34.887  -13.548  80.397 0.0000000000
55865  -42.047  -12.353  80.988 0.0000000000
55889  -42.335  -12.631  80.278 0.0000000000
55897  -41.985  -13.213  79.645 0.0000000000
56823  -42.299  -12.133  80.663 0.0000000000
57674  -37.878  -10.053  84.100 0.0000000000
58676  -50.871  -9.213  71.661 0.0000000000
59424  -37.109  -7.904  83.680 0.0000000000
59425  -38.002  -8.155  84.226 0.0000000000
59436  -41.244  -8.050  81.527 0.0000000000
59553  -50.907  -8.619  72.570 0.0000000000
60517  -46.568  -7.471  76.299 0.0000000000
60518  -47.252  -7.546  75.944 0.0000000000
60531  -47.694  -8.208  75.597 0.0000000000
61503  -38.479  -6.097  82.848 0.0000000000
61506  -40.912  -6.670  81.720 0.0000000000
61548  -41.129  -6.507  79.965 0.0000000000
61569  -39.902  -6.534  78.342 0.0000000000
62564  -38.866  -5.375  82.522 0.0000000000
62617  -40.723  -5.159  79.239 0.0000000000
63564  -39.420  -4.581  82.134 0.0000000000
63575  -40.061  -4.033  81.729 0.0000000000
63603  -40.267  -4.882  78.257 0.0000000000
63627  -40.366  -3.432  76.022 0.0000000000
63657  -47.489  -4.337  73.609 0.0000000000
64546  -38.134  -2.904  79.485 0.0000000000
65522  -39.979  -2.600  81.095 0.0000000000
65540  -38.807  -2.330  80.786 0.0000000000
66485  -40.935  0.102  79.158 0.0000000000
66502  -42.049  -0.213  77.595 0.0000000000
67417  -39.918  -0.274  79.758 0.0000000000
67436  -39.289  -0.377  79.364 0.0000000000
67457  -43.366  0.238  76.900 0.0000000000
67472  -43.911  -0.261  76.475 0.0000000000
67504  -44.540  -0.589  75.619 0.0000000000
67578  -52.841  -0.595  67.327 0.0000000000
67595  -54.522  -0.462  66.007 0.0000000000
67628  -56.456  -0.817  63.615 0.0000000000
68387  -42.858  0.697  76.992 0.0000000000
68401  -42.642  0.816  76.335 0.0000000000
69305  -42.192  0.930  77.297 0.0000000000
69322  -41.206  1.046  76.663 0.0000000000
112797  -32.275  -15.212  82.206 0.0000000000
116894  -53.703  -0.221  66.229 0.0000000000
117196  -40.280  -8.828  78.614 0.0000000000
119930  -41.422  -15.003  80.457 0.0000000000
121796  -40.926  -15.204  79.202 0.0000000000
124971  -16.228  -18.221  90.537 0.0000000000
126286  -40.790  0.547  78.379 0.0000000000
129680  -51.061  -0.907  68.288 0.0000000000
131039  -39.632  -6.669  82.842 0.0000000000
131366  -51.525  -8.900  71.750 0.0000000000
132120  -40.744  -16.007  80.645 0.0000000000
132271  -39.752  -8.743  82.789 0.0000000000
133553  -16.326  -17.792  90.818 0.0000000000
133642  -40.724  -17.839  80.651 0.0000000000
134401  -40.262  -5.886  82.251 0.0000000000
134443  -39.547  -3.994  81.763 0.0000000000
134500  -37.803  -10.419  83.854 0.0000000000
134623  -40.791  -17.849  81.003 0.0000000000
135056  -42.349  -11.925  80.300 0.0000000000
135640  -41.773  -2.067  76.293 0.0000000000
