#!ascii label  , from subject sub-v1s22x0050518_ses-1 vox2ras=TkReg
1743
32854  30.738  -51.475  6.123 0.8999999762
128263  30.489  -52.261  6.221 0.8000000119
129405  30.796  -51.895  5.440 0.8000000119
149447  30.567  -53.245  5.059 0.6999999881
31840  30.554  -52.477  3.608 0.8000000119
128315  29.234  -52.440  7.667 0.8999999762
132299  31.014  -51.266  5.441 1.0000000000
33902  31.291  -50.726  5.043 1.0000000000
32864  30.959  -51.366  4.613 0.8999999762
128039  30.712  -51.750  3.939 0.8000000119
32885  30.368  -51.222  2.720 0.8000000119
33926  30.705  -50.468  2.876 0.8999999762
31857  30.071  -52.103  2.654 0.8000000119
32886  29.624  -51.250  2.114 0.6999999881
32887  29.140  -51.990  2.021 0.6999999881
132628  28.709  -51.810  8.042 0.8000000119
32831  29.553  -51.798  7.452 0.8999999762
147519  29.673  -50.553  7.776 0.8999999762
33864  29.257  -51.121  7.838 0.8999999762
135701  26.243  -51.153  7.925 0.8999999762
33891  31.046  -50.790  5.875 0.8999999762
33901  31.508  -49.998  4.675 1.0000000000
145424  30.951  -50.590  3.505 0.8999999762
139662  31.127  -48.831  2.711 1.0000000000
34854  30.902  -49.653  2.764 0.8999999762
33927  30.056  -50.529  2.202 0.8999999762
33938  28.059  -50.533  1.133 0.6999999881
128371  30.221  -50.301  7.444 0.8999999762
34799  29.849  -49.941  8.087 0.8999999762
33848  29.206  -50.400  8.242 0.8999999762
33850  27.772  -50.530  8.370 0.8999999762
33851  27.123  -50.142  8.251 0.8999999762
34818  30.747  -49.910  6.935 0.8999999762
33878  31.001  -50.219  6.266 0.8999999762
34866  29.830  -49.770  1.769 0.8000000119
34879  29.125  -49.704  1.321 0.8000000119
34880  28.451  -49.762  0.958 0.8000000119
35820  27.587  -48.384  -0.015 0.8000000119
135248  26.982  -48.921  0.068 0.8000000119
34900  26.304  -49.100  0.126 0.8000000119
34784  29.205  -49.591  8.649 0.8999999762
33866  26.520  -50.165  7.937 0.8999999762
33880  25.181  -50.139  7.058 0.8999999762
34798  30.515  -49.588  7.742 0.8999999762
148698  27.054  -48.915  8.496 0.8999999762
34801  25.488  -49.257  7.205 0.8000000119
33881  24.596  -50.172  6.494 0.8000000119
35725  25.744  -48.200  7.256 0.6999999881
35741  25.249  -48.525  6.808 0.6999999881
34832  23.980  -49.238  5.438 0.6999999881
34817  31.287  -49.450  6.255 0.8999999762
35756  24.320  -48.298  5.620 0.6999999881
36647  23.243  -47.256  5.041 0.6999999881
35755  31.715  -48.349  4.970 1.0000000000
36636  23.499  -46.836  5.410 0.6000000238
34830  31.574  -49.315  5.245 1.0000000000
35767  31.690  -48.290  4.085 1.0000000000
35777  31.518  -48.593  3.434 1.0000000000
35789  30.765  -48.167  2.152 1.0000000000
34865  30.449  -49.071  2.034 0.8999999762
36659  31.326  -47.997  2.771 1.0000000000
35802  30.241  -48.182  1.565 0.8999999762
150305  29.789  -48.006  1.126 0.8000000119
35818  29.265  -48.176  0.726 0.8000000119
35819  28.514  -48.270  0.319 0.8000000119
138896  27.200  -47.419  -0.349 0.8000000119
36708  26.240  -47.216  -0.481 0.8000000119
154144  26.879  -46.619  -0.430 0.8000000119
36709  25.281  -47.007  -0.486 0.8000000119
34783  30.143  -49.179  8.514 0.8999999762
35703  29.483  -48.911  8.936 0.8999999762
34786  27.576  -49.641  8.524 0.8999999762
35706  27.023  -48.224  8.479 0.8999999762
34797  31.098  -49.181  7.229 0.8999999762
35742  24.774  -48.407  6.303 0.6999999881
35740  31.536  -48.618  6.641 0.8999999762
36603  25.474  -47.241  7.121 0.6000000238
36635  23.958  -47.368  5.436 0.6000000238
36618  31.839  -47.907  5.966 1.0000000000
128316  22.978  -46.456  5.547 0.5000000000
37566  23.241  -46.589  6.396 0.5000000000
36646  31.769  -47.488  4.322 1.0000000000
36658  31.596  -47.801  3.495 1.0000000000
36670  31.412  -47.243  2.911 1.0000000000
36671  30.934  -47.353  2.268 1.0000000000
37622  29.801  -46.617  1.172 0.8999999762
36706  28.921  -47.420  0.336 0.8000000119
38599  29.352  -45.930  1.083 0.8999999762
37639  28.504  -46.639  0.136 0.8000000119
36707  28.123  -47.459  -0.108 0.8000000119
38620  28.712  -45.907  0.582 0.8999999762
141577  28.069  -45.971  0.102 0.8000000119
38621  28.003  -45.167  0.645 0.8999999762
38623  26.156  -45.079  -0.126 0.8000000119
151874  25.072  -45.362  -0.288 0.8000000119
39583  24.523  -44.657  0.167 0.8000000119
38624  24.150  -45.316  -0.004 0.8000000119
35705  27.721  -48.716  8.810 0.8999999762
35723  30.894  -48.897  8.059 0.8999999762
35702  30.613  -48.520  8.629 0.8999999762
36580  27.412  -47.689  8.750 0.6999999881
36602  26.039  -47.520  7.584 0.8000000119
36601  31.867  -47.857  6.982 0.8999999762
35701  31.221  -48.189  8.358 0.8999999762
37552  24.741  -47.033  6.571 0.6999999881
37565  24.023  -46.758  5.875 0.6000000238
37581  23.376  -46.605  5.585 0.6000000238
37531  25.702  -46.604  8.170 0.6999999881
37553  24.325  -46.718  6.621 0.6000000238
139563  23.623  -46.550  6.072 0.5000000000
135922  31.880  -47.503  5.176 1.0000000000
149378  23.959  -46.601  7.002 0.5000000000
36582  23.432  -47.120  7.796 0.5000000000
37580  31.908  -46.688  4.904 1.0000000000
142369  31.622  -47.147  3.565 1.0000000000
38579  31.077  -45.966  2.912 1.0000000000
37607  30.991  -46.583  2.512 1.0000000000
38598  29.906  -45.898  1.606 0.8999999762
38572  31.394  -45.793  3.664 1.0000000000
38580  30.466  -45.745  2.332 0.8999999762
38581  29.796  -45.153  1.985 0.8999999762
38600  28.847  -45.293  1.171 0.8999999762
39556  28.411  -44.561  1.431 0.8999999762
39558  26.695  -43.878  0.988 0.8999999762
145516  26.215  -44.378  0.428 0.8999999762
39540  28.758  -44.121  2.125 0.8999999762
39557  27.585  -44.267  1.142 0.8999999762
39582  25.429  -44.510  0.197 0.8999999762
40603  26.687  -43.400  1.638 0.8999999762
35689  30.041  -48.476  9.076 0.8999999762
35690  29.191  -48.293  9.267 0.8999999762
36579  28.261  -48.035  9.130 0.8999999762
36569  28.802  -47.427  9.434 0.8999999762
36570  27.919  -47.102  9.082 1.0000000000
37529  27.126  -46.875  8.662 0.8000000119
36567  30.711  -47.851  9.125 0.8999999762
37551  25.931  -46.945  7.678 0.6999999881
36617  32.247  -47.211  6.502 0.8999999762
132983  31.781  -47.695  7.865 0.8999999762
37530  26.393  -46.694  8.362 0.6999999881
37519  25.241  -46.303  9.028 0.6999999881
37532  24.914  -46.531  8.184 0.5000000000
36634  32.169  -47.042  5.707 1.0000000000
37533  24.068  -46.757  8.286 0.5000000000
37579  32.328  -46.190  5.588 1.0000000000
38560  31.945  -45.838  4.983 1.0000000000
143288  31.964  -45.154  5.184 1.0000000000
38566  31.499  -45.219  4.502 1.0000000000
38573  30.800  -45.284  3.102 1.0000000000
39530  31.000  -45.034  3.836 1.0000000000
39517  31.482  -44.380  5.017 1.0000000000
39531  30.499  -44.522  3.513 0.8999999762
39539  29.490  -44.409  2.386 0.8999999762
40580  28.344  -43.458  2.582 0.8999999762
145195  21.974  -43.507  -1.116 0.6999999881
41788  20.393  -43.322  -0.289 0.8000000119
40643  19.764  -44.019  -0.063 0.8000000119
41754  20.111  -43.089  0.443 0.8000000119
36578  31.514  -47.452  8.665 0.8999999762
37513  30.772  -46.434  9.914 1.0000000000
133993  30.321  -47.151  9.825 1.0000000000
37515  28.476  -46.446  9.512 1.0000000000
37516  27.552  -46.328  9.150 0.6999999881
36600  32.252  -47.158  7.336 0.8999999762
36577  32.153  -46.899  8.203 0.8999999762
37518  26.043  -46.187  8.876 0.6999999881
37520  24.371  -46.415  9.232 0.6000000238
147023  32.478  -46.621  6.184 0.8999999762
37550  32.567  -46.547  7.567 0.8999999762
147232  22.676  -46.456  9.564 0.4000000060
154361  32.200  -45.651  5.359 1.0000000000
40564  30.830  -43.471  4.927 1.0000000000
40570  30.276  -43.699  4.088 1.0000000000
40565  30.036  -42.897  4.677 1.0000000000
41710  22.589  -41.937  1.652 0.8999999762
144835  24.069  -43.119  -1.341 0.6000000238
41786  22.483  -42.918  -1.048 0.6000000238
41773  21.912  -42.318  -0.628 0.8000000119
138948  20.130  -42.385  0.180 0.8000000119
138651  20.347  -43.064  0.685 0.8999999762
40583  21.810  -42.577  1.226 0.8999999762
37511  32.189  -46.280  8.814 0.8999999762
138942  31.581  -46.362  9.419 0.8999999762
38503  27.935  -45.669  9.557 0.8000000119
145479  27.151  -45.669  9.403 0.6999999881
38505  25.609  -45.781  9.632 0.6999999881
38506  24.716  -45.846  9.894 0.6000000238
38508  22.819  -46.020  10.050 0.4000000060
137292  32.742  -45.990  6.335 1.0000000000
37564  32.607  -46.587  6.856 0.8999999762
38559  32.543  -45.330  5.758 1.0000000000
39516  32.198  -44.441  5.521 1.0000000000
40551  31.672  -43.608  5.300 1.0000000000
40552  31.125  -43.032  5.216 1.0000000000
41682  30.555  -42.662  4.951 1.0000000000
41683  29.970  -42.277  4.848 1.0000000000
41709  23.504  -41.999  1.899 0.8999999762
42822  23.648  -40.873  2.566 0.8999999762
42831  23.166  -41.351  2.143 0.8999999762
41712  20.792  -41.860  1.195 0.8999999762
41711  21.605  -41.877  1.420 0.8999999762
41770  24.966  -42.567  -0.636 0.6000000238
41772  22.988  -42.324  -0.844 0.6000000238
42892  22.439  -41.597  -0.429 0.8000000119
41774  20.584  -42.481  -0.281 0.8000000119
139832  20.356  -42.278  0.804 0.8999999762
148132  29.950  -46.439  10.201 0.8999999762
38502  28.705  -45.664  9.899 0.6999999881
38501  30.374  -45.734  10.269 0.8999999762
146847  29.501  -45.694  10.252 0.8999999762
38504  26.400  -45.705  9.439 0.6000000238
138922  32.676  -46.140  8.131 1.0000000000
38517  32.627  -45.606  8.718 1.0000000000
38499  32.065  -45.689  9.352 1.0000000000
154939  26.427  -44.789  10.521 0.6000000238
38484  26.025  -45.285  10.169 0.6000000238
38486  24.111  -45.087  10.678 0.5000000000
38542  33.019  -45.223  6.549 1.0000000000
38531  32.953  -45.876  7.273 1.0000000000
38530  33.271  -44.997  7.364 1.0000000000
39499  32.857  -44.505  6.096 1.0000000000
135303  32.607  -43.597  5.734 1.0000000000
41668  31.828  -43.016  5.340 1.0000000000
41681  31.185  -42.509  4.998 1.0000000000
42802  30.424  -41.984  4.779 1.0000000000
42803  29.566  -41.929  4.663 1.0000000000
42804  28.796  -42.006  4.413 1.0000000000
42817  28.229  -41.553  4.150 1.0000000000
41684  28.030  -42.008  4.206 1.0000000000
137552  26.928  -41.100  3.762 1.0000000000
42819  26.177  -41.313  3.485 0.8999999762
41706  27.379  -42.543  3.205 0.8999999762
42829  24.823  -41.554  2.744 0.8999999762
42832  22.265  -41.218  1.765 0.8999999762
42834  20.466  -41.375  1.122 0.8999999762
141234  26.609  -41.711  0.245 0.6000000238
129930  25.849  -42.254  -0.162 0.6000000238
42890  24.338  -41.823  -0.194 0.6000000238
41771  23.960  -42.518  -0.896 0.6000000238
42893  21.229  -41.595  -0.361 0.8000000119
42894  20.329  -41.593  -0.081 0.8000000119
39451  31.869  -44.892  9.815 0.8999999762
38481  29.017  -45.036  10.363 0.6999999881
38483  27.506  -45.121  9.942 0.6000000238
39434  27.063  -44.613  10.516 0.6000000238
39471  32.998  -44.903  8.699 0.8999999762
39435  25.737  -44.646  10.790 0.6000000238
38485  25.175  -45.244  10.436 0.5000000000
38516  33.100  -45.411  8.075 1.0000000000
39498  33.271  -44.559  6.737 1.0000000000
39485  33.619  -44.157  7.361 0.8999999762
40536  33.321  -43.883  6.463 1.0000000000
41667  32.836  -42.658  5.413 1.0000000000
41680  32.068  -42.342  4.864 1.0000000000
42801  31.431  -41.892  4.519 1.0000000000
42814  30.898  -41.392  3.999 1.0000000000
42815  29.947  -41.434  4.176 1.0000000000
42816  29.064  -41.508  4.184 1.0000000000
137475  27.712  -40.949  3.799 1.0000000000
43848  26.370  -40.757  3.453 1.0000000000
43850  24.699  -40.466  3.015 0.8999999762
42821  24.404  -40.988  2.883 0.8999999762
43868  22.831  -40.693  2.240 0.8999999762
135692  21.084  -39.939  1.750 0.8999999762
146804  25.938  -41.513  0.273 0.6000000238
42889  25.211  -41.765  0.118 0.6000000238
42872  23.879  -41.118  0.293 0.6000000238
144552  23.027  -40.973  0.144 0.6999999881
43925  21.883  -40.729  0.001 0.6999999881
43926  20.696  -40.824  -0.133 0.6999999881
144974  20.072  -40.964  0.644 0.8000000119
43880  20.154  -40.552  1.025 0.8999999762
43921  27.409  -40.818  0.421 0.6000000238
141394  20.516  -40.013  0.188 0.6999999881
43927  20.213  -40.742  0.287 0.8000000119
150814  19.515  -39.446  0.894 0.8999999762
39433  27.811  -44.499  10.547 0.6999999881
40473  27.325  -43.839  11.051 0.6000000238
40492  32.098  -44.100  10.040 0.8999999762
39429  31.329  -44.211  10.352 0.8000000119
39430  30.321  -44.249  10.538 0.6999999881
39470  33.435  -44.654  8.085 0.8999999762
39450  32.696  -44.335  9.408 0.8000000119
143143  33.728  -44.023  8.115 0.8000000119
41659  34.094  -42.590  6.491 0.8999999762
40523  33.974  -43.419  7.735 0.8000000119
40550  33.432  -43.092  6.138 1.0000000000
42788  32.785  -42.060  4.851 1.0000000000
42800  32.350  -41.715  4.414 1.0000000000
42813  31.849  -41.300  3.891 1.0000000000
43844  30.409  -40.830  3.483 1.0000000000
43866  29.042  -40.321  2.960 1.0000000000
43846  28.581  -40.905  3.734 1.0000000000
43847  27.094  -40.405  3.165 1.0000000000
44909  25.282  -40.008  2.938 0.8999999762
139156  23.913  -40.091  2.780 0.8999999762
43851  23.377  -40.329  2.554 0.8999999762
44935  21.755  -39.860  2.007 0.8999999762
42871  24.693  -41.090  0.422 0.6000000238
43924  22.934  -40.198  0.415 0.6999999881
44936  20.184  -39.651  1.413 0.8999999762
143068  27.873  -39.973  0.134 0.6000000238
43922  26.439  -40.706  0.389 0.6000000238
140199  22.165  -39.595  0.240 0.6999999881
44987  20.203  -39.238  0.188 0.6999999881
39431  29.384  -44.311  10.580 0.6999999881
40472  28.130  -43.736  10.947 0.6000000238
40468  31.772  -43.457  10.346 0.8000000119
40470  29.785  -43.519  10.674 0.6999999881
40471  28.922  -43.635  10.777 0.6999999881
40491  33.162  -43.513  9.264 0.6999999881
40467  32.530  -43.493  9.883 0.8000000119
41644  34.224  -42.682  7.281 0.6999999881
41665  34.367  -41.911  6.040 0.8000000119
42798  34.024  -41.473  4.842 0.8000000119
42787  33.470  -42.003  5.128 0.8000000119
43832  33.727  -40.964  4.190 0.8000000119
42799  33.211  -41.574  4.538 0.8999999762
43842  32.284  -40.656  3.455 0.8999999762
43843  31.351  -40.744  3.413 1.0000000000
43865  29.948  -40.295  2.878 1.0000000000
43867  28.113  -40.340  3.075 1.0000000000
44930  26.745  -39.682  2.440 1.0000000000
44928  29.484  -39.700  2.298 1.0000000000
44929  28.580  -39.712  2.357 1.0000000000
44908  26.147  -40.204  2.971 1.0000000000
44931  25.866  -39.580  2.416 1.0000000000
44910  24.480  -39.823  2.745 0.8999999762
46039  24.279  -39.261  2.210 0.8999999762
144060  23.051  -39.426  2.263 0.8999999762
135699  22.592  -38.956  2.027 0.8999999762
43900  25.933  -39.908  0.272 0.6000000238
43923  25.566  -40.867  0.441 0.6000000238
43902  24.234  -40.440  0.516 0.6000000238
148108  23.138  -39.523  0.302 0.6999999881
46042  20.732  -38.761  1.766 0.8999999762
44950  19.321  -38.967  1.206 0.8999999762
46089  21.881  -38.657  -0.215 0.6999999881
46090  20.789  -38.549  -0.227 0.6999999881
46092  19.348  -38.436  0.653 0.8999999762
140280  19.340  -37.978  1.112 0.8999999762
41607  32.241  -42.723  10.242 0.6999999881
40469  30.789  -43.461  10.598 0.6000000238
138895  29.276  -42.840  10.855 0.6000000238
41611  27.664  -42.977  11.288 0.6000000238
41619  33.510  -42.739  9.083 0.6999999881
41608  31.374  -42.679  10.547 0.6000000238
41643  34.423  -41.914  7.621 0.6999999881
42782  34.804  -41.209  6.350 0.6999999881
43831  34.617  -40.689  4.720 0.8000000119
43841  33.214  -40.526  3.566 0.8000000119
44925  32.689  -39.659  2.683 0.8000000119
43863  31.862  -40.112  2.839 0.8000000119
43864  30.863  -40.245  2.823 1.0000000000
44926  31.241  -39.586  2.322 0.8000000119
44946  29.048  -39.190  1.692 1.0000000000
44907  27.659  -39.724  2.429 1.0000000000
46058  26.407  -39.125  1.826 1.0000000000
46057  27.725  -38.698  1.220 1.0000000000
44948  27.264  -39.201  1.781 1.0000000000
46038  25.566  -39.009  1.850 1.0000000000
46059  25.119  -38.415  1.302 1.0000000000
46060  24.109  -38.584  1.603 1.0000000000
47143  23.108  -38.434  1.643 0.8999999762
43901  25.043  -40.236  0.462 0.6000000238
46041  21.620  -38.893  1.962 0.8999999762
130035  27.011  -39.878  0.162 0.6000000238
44962  25.210  -39.641  0.187 0.6000000238
44963  24.504  -39.702  0.369 0.6999999881
47164  20.697  -37.541  1.336 0.8999999762
137538  23.907  -39.060  0.033 0.6999999881
47189  21.455  -37.802  -0.650 0.6999999881
143679  19.439  -37.769  0.493 0.8999999762
41609  28.807  -42.142  11.063 0.5000000000
42742  32.631  -41.924  9.976 0.6000000238
42726  31.050  -41.839  10.622 0.5000000000
144122  33.764  -41.912  8.999 0.6999999881
143432  33.237  -42.122  9.482 0.6999999881
41631  34.244  -41.613  8.393 0.6999999881
140185  34.673  -41.310  7.166 0.6999999881
42751  34.563  -41.185  7.837 0.6999999881
43823  35.067  -40.688  5.642 0.6999999881
44899  34.944  -39.830  4.308 0.6999999881
43840  34.194  -40.203  3.734 0.8000000119
44924  33.493  -39.268  2.605 0.8000000119
46036  32.646  -38.962  2.160 0.8000000119
131837  31.989  -39.461  2.366 0.8000000119
46052  32.173  -38.417  1.574 0.8000000119
46037  31.670  -39.037  1.894 0.8000000119
46054  30.397  -38.631  1.260 0.8999999762
46055  29.534  -38.654  1.184 1.0000000000
46053  31.259  -38.538  1.392 0.8000000119
46070  29.199  -38.190  0.609 0.8999999762
46056  28.625  -38.627  1.118 1.0000000000
46072  27.321  -38.259  0.707 1.0000000000
134415  26.061  -38.551  1.350 1.0000000000
47160  24.369  -38.006  1.043 1.0000000000
47161  23.578  -37.908  1.203 0.8999999762
47144  22.165  -38.322  1.676 0.8999999762
47163  21.734  -37.632  1.357 0.8999999762
48309  22.303  -37.121  0.800 0.8999999762
48310  21.254  -37.001  0.940 0.8999999762
44983  26.436  -39.285  -0.372 0.6000000238
44985  24.879  -39.098  -0.233 0.6000000238
47188  22.593  -37.980  -0.684 0.6999999881
47208  19.927  -36.838  -0.529 0.8000000119
48312  19.741  -36.860  0.613 0.8999999762
135726  27.223  -39.268  -0.532 0.6000000238
46088  23.603  -38.258  -0.691 0.6999999881
47192  19.505  -36.779  -0.010 0.8000000119
49591  19.969  -36.081  0.451 0.8999999762
47207  20.791  -36.976  -1.013 0.6999999881
49603  19.532  -35.735  -0.041 0.8999999762
149501  32.216  -41.520  10.242 0.5000000000
42744  30.727  -41.028  10.545 0.5000000000
42741  33.262  -41.292  9.510 0.6999999881
42743  31.698  -41.145  10.394 0.5000000000
42752  33.967  -41.112  8.954 0.6999999881
43802  35.020  -40.644  7.015 0.6999999881
43786  34.623  -40.361  7.849 0.6999999881
43815  35.296  -40.123  6.610 0.6999999881
43822  35.395  -40.069  5.953 0.6999999881
44903  35.239  -39.141  3.929 0.6999999881
44904  34.698  -39.544  3.646 0.6999999881
46035  33.472  -38.662  2.218 0.8000000119
46051  33.060  -38.280  1.740 0.8000000119
47158  31.732  -37.914  1.070 0.8000000119
46069  30.039  -38.193  0.723 0.8000000119
47171  28.640  -37.849  0.289 0.8999999762
46071  28.113  -38.288  0.657 1.0000000000
46073  26.507  -38.192  0.791 1.0000000000
46074  25.771  -38.126  0.863 1.0000000000
47168  31.376  -37.498  0.510 0.8000000119
47170  29.722  -37.734  0.293 0.8000000119
47172  27.779  -37.779  0.230 0.8999999762
47174  26.056  -37.672  0.393 1.0000000000
47159  25.080  -37.716  0.555 1.0000000000
47187  26.400  -37.177  -0.321 0.8999999762
47175  23.976  -37.411  0.557 1.0000000000
48308  23.149  -37.450  0.837 1.0000000000
48321  23.131  -36.920  0.359 1.0000000000
48323  21.416  -35.993  0.120 0.8999999762
46087  24.523  -38.428  -0.757 0.6999999881
48322  22.329  -36.433  0.215 0.8999999762
44984  25.657  -39.218  -0.312 0.6000000238
46086  25.388  -38.565  -0.874 0.6000000238
49601  20.411  -35.648  0.102 0.8999999762
46109  24.188  -37.900  -1.294 0.6999999881
47205  23.349  -37.512  -1.465 0.6999999881
47206  22.050  -37.130  -1.369 0.6999999881
48357  20.181  -36.138  -1.072 0.6999999881
49636  19.983  -35.420  -0.807 0.8000000119
48356  21.201  -36.331  -1.512 0.6999999881
50883  20.362  -35.117  -0.562 0.8000000119
50882  20.955  -34.530  -0.756 0.8999999762
49635  20.629  -35.421  -1.392 0.6999999881
43773  32.915  -40.378  9.611 0.5000000000
43787  34.069  -40.368  8.708 0.6999999881
44892  35.495  -39.349  5.580 0.6999999881
44887  35.406  -39.411  6.491 0.6999999881
46005  35.585  -38.629  6.005 0.6999999881
46018  35.600  -38.516  4.304 0.6999999881
46022  35.426  -38.457  3.512 0.6999999881
46023  34.872  -38.978  3.233 0.6999999881
46033  35.093  -38.321  2.809 0.6999999881
46034  34.271  -38.715  2.568 0.6999999881
47142  33.853  -38.127  1.986 0.8000000119
47157  32.619  -37.748  1.270 0.8000000119
47156  33.475  -37.629  1.467 0.8000000119
133230  32.257  -37.326  0.687 0.8000000119
47169  30.522  -37.637  0.384 0.8000000119
48318  31.911  -36.883  0.117 0.8000000119
48331  30.662  -36.740  -0.640 0.8000000119
47184  29.245  -37.410  -0.162 0.8000000119
47186  27.388  -37.287  -0.341 0.8999999762
48319  25.563  -37.267  -0.046 1.0000000000
48350  30.297  -36.363  -1.300 0.8000000119
48333  28.878  -36.836  -0.739 0.8000000119
139419  23.790  -36.808  -0.012 1.0000000000
48320  24.681  -36.987  -0.169 1.0000000000
46107  26.044  -38.299  -1.625 0.6000000238
49599  23.118  -36.201  -0.254 1.0000000000
48354  22.862  -36.812  -1.971 0.6999999881
139498  21.138  -35.275  -0.358 0.8999999762
50880  22.717  -35.271  -0.638 1.0000000000
48355  22.077  -36.447  -1.846 0.6999999881
48380  21.554  -35.674  -1.878 0.8000000119
50913  20.592  -34.703  -1.242 0.8000000119
46011  35.634  -38.595  5.157 0.6999999881
47117  35.724  -37.893  5.524 0.6999999881
47130  35.872  -37.732  3.791 0.6999999881
147613  35.576  -37.897  3.095 0.6999999881
47140  35.284  -37.604  2.520 0.6999999881
48307  34.024  -36.968  1.232 0.6999999881
48306  34.712  -36.537  1.345 0.6999999881
48316  33.522  -36.534  0.599 0.8000000119
48317  32.729  -36.697  0.364 0.8000000119
48330  31.545  -36.521  -0.528 0.8000000119
48329  32.478  -36.226  -0.354 0.8000000119
48349  31.112  -36.196  -1.182 0.8000000119
48334  27.979  -36.778  -0.822 0.8999999762
48335  26.987  -36.667  -0.952 0.8999999762
48352  28.560  -36.385  -1.396 0.8000000119
146439  26.981  -36.114  -1.573 0.8999999762
48336  25.596  -36.654  -0.661 0.8999999762
46108  25.055  -37.940  -1.579 0.6000000238
49633  26.616  -35.549  -1.966 0.8999999762
49614  25.209  -35.943  -1.321 0.8999999762
49598  24.027  -36.316  -0.531 1.0000000000
46125  25.729  -37.719  -2.322 0.6000000238
49616  23.332  -34.970  -1.083 0.8999999762
48378  23.358  -36.510  -2.342 0.6999999881
50894  22.392  -34.336  -0.992 0.8999999762
49658  21.089  -34.732  -1.719 0.8000000119
50896  20.799  -34.299  -0.989 0.8999999762
50895  21.438  -33.918  -1.171 0.8000000119
47125  35.858  -37.857  4.704 0.6999999881
48300  35.778  -36.507  2.496 0.6999999881
48315  34.300  -36.268  0.806 0.6999999881
49589  34.996  -35.931  1.120 0.6999999881
49597  33.832  -35.926  0.235 0.6999999881
48351  29.421  -36.402  -1.358 0.8000000119
48353  27.710  -36.297  -1.490 0.8000000119
49630  29.052  -36.017  -1.920 0.8000000119
49654  28.077  -35.169  -2.516 0.8000000119
48337  24.751  -36.340  -0.790 0.8999999762
47204  24.346  -37.452  -1.868 0.6000000238
49632  27.456  -35.712  -2.062 0.8000000119
50909  26.272  -34.762  -2.311 0.8999999762
50892  24.844  -35.020  -1.620 0.8999999762
49615  24.235  -35.615  -1.139 0.8999999762
47203  25.035  -37.459  -2.238 0.6000000238
47224  23.764  -36.991  -2.153 0.6999999881
50893  23.949  -34.602  -1.449 0.8999999762
48379  22.577  -36.037  -2.311 0.6999999881
52060  22.319  -33.401  -1.445 0.8000000119
133482  21.322  -34.007  -2.111 0.6999999881
52077  21.284  -33.645  -1.607 0.8000000119
48290  36.208  -36.854  3.734 0.6999999881
49581  35.945  -35.835  2.325 0.6999999881
49588  35.625  -35.521  1.586 0.6999999881
130643  30.704  -35.800  -1.675 0.8000000119
49629  29.902  -35.740  -1.933 0.8000000119
49653  29.084  -35.323  -2.439 0.8000000119
50908  27.165  -34.987  -2.457 0.8000000119
49634  25.743  -35.351  -1.811 0.8999999762
50910  25.370  -34.471  -2.125 0.8999999762
47223  24.589  -37.067  -2.474 0.6000000238
50911  24.460  -34.096  -1.866 0.8999999762
48377  24.112  -36.466  -2.628 0.6999999881
49655  23.923  -35.696  -2.952 0.6999999881
52059  23.479  -33.675  -1.614 0.8999999762
50929  22.807  -34.228  -2.867 0.6999999881
52095  21.321  -33.164  -2.038 0.8000000119
50943  22.694  -33.359  -3.116 0.6999999881
52076  21.539  -32.773  -1.950 0.8000000119
52061  21.589  -33.117  -1.648 0.8000000119
52105  22.007  -32.557  -2.749 0.8000000119
48299  36.243  -36.216  3.081 0.6999999881
49587  36.258  -35.055  2.073 0.6000000238
47222  25.394  -37.192  -2.852 0.6000000238
52071  26.877  -34.158  -2.675 0.8000000119
52072  25.980  -33.879  -2.515 0.8999999762
52073  25.035  -33.570  -2.309 0.8999999762
48403  25.368  -36.597  -3.297 0.6000000238
52074  24.039  -33.217  -2.073 0.8999999762
49675  23.679  -34.843  -3.176 0.8000000119
52075  22.931  -32.747  -1.787 0.8999999762
53163  21.954  -32.575  -1.851 0.8000000119
52104  23.652  -33.454  -3.537 0.6999999881
53194  22.136  -32.048  -2.633 0.8000000119
54286  22.405  -31.727  -2.734 0.8000000119
48404  24.695  -36.138  -3.198 0.6999999881
52093  26.626  -33.331  -2.911 0.8000000119
50941  25.229  -34.820  -3.799 0.5000000000
49674  24.555  -35.294  -3.419 0.6000000238
50942  24.343  -34.308  -3.588 0.6000000238
53173  23.720  -32.396  -2.262 0.8000000119
146976  24.464  -33.553  -3.881 0.6000000238
52116  23.975  -32.761  -3.868 0.6000000238
53204  22.441  -31.851  -3.190 0.6999999881
54304  22.582  -31.534  -3.064 0.8000000119
53174  22.689  -32.044  -2.319 0.8000000119
53215  23.265  -31.714  -3.809 0.6000000238
53171  25.701  -32.902  -2.692 0.8000000119
147173  25.849  -32.150  -2.992 0.8000000119
53193  25.132  -32.083  -2.668 0.8999999762
50956  25.720  -34.458  -4.248 0.6000000238
54303  22.959  -31.105  -3.123 0.8000000119
54284  23.609  -31.651  -2.527 0.8000000119
54302  24.496  -31.298  -2.768 0.8000000119
54326  23.223  -30.887  -4.068 0.6000000238
142964  26.396  -31.699  -3.327 0.8000000119
54301  25.525  -31.472  -3.090 0.8000000119
50957  25.114  -34.030  -4.110 0.6000000238
52115  25.010  -33.158  -4.380 0.6000000238
145115  24.226  -30.547  -3.165 0.8000000119
53214  24.399  -32.124  -4.351 0.6000000238
56528  23.666  -29.925  -4.088 0.6999999881
55389  25.139  -30.706  -3.227 0.8000000119
54342  24.383  -30.466  -4.943 0.6000000238
56538  23.787  -29.745  -4.564 0.6000000238
56527  24.032  -29.476  -4.298 0.6999999881
53213  25.446  -32.429  -4.713 0.6000000238
54324  24.945  -31.491  -4.733 0.6000000238
138458  27.751  -31.105  -3.707 0.8000000119
55388  26.209  -30.797  -3.436 0.8000000119
52114  25.807  -33.807  -4.503 0.6000000238
141886  26.978  -31.212  -3.539 0.8000000119
52113  26.679  -33.511  -4.848 0.5000000000
56508  25.612  -30.031  -3.496 0.8000000119
53212  26.326  -32.668  -5.029 0.6000000238
141891  25.865  -33.131  -4.717 0.6000000238
57656  25.301  -28.827  -4.474 0.6000000238
52129  27.165  -32.840  -5.284 0.5000000000
53229  25.928  -31.872  -5.107 0.6000000238
54341  25.462  -30.936  -5.160 0.6000000238
55430  24.042  -29.532  -5.205 0.6000000238
54340  26.448  -31.328  -5.392 0.6000000238
55429  24.876  -29.955  -5.415 0.6000000238
56546  24.521  -29.067  -5.637 0.6000000238
56570  24.707  -28.515  -5.788 0.6000000238
55403  28.010  -30.299  -3.952 0.8000000119
56507  26.543  -29.927  -3.663 0.8000000119
143197  28.782  -30.031  -4.220 0.8000000119
149150  28.187  -29.645  -4.179 0.6999999881
55404  27.411  -29.653  -3.987 0.6999999881
53228  26.784  -32.121  -5.347 0.6000000238
57669  24.785  -28.396  -5.260 0.6000000238
57668  25.797  -28.242  -4.849 0.6000000238
57655  26.332  -28.829  -4.290 0.6999999881
54339  27.208  -31.612  -5.515 0.5000000000
57679  24.647  -28.545  -5.636 0.6000000238
55427  27.147  -30.762  -5.615 0.5000000000
56545  25.444  -29.417  -5.758 0.6000000238
152682  25.036  -28.704  -5.970 0.6000000238
141422  27.992  -30.621  -5.720 0.5000000000
132405  29.297  -28.898  -4.425 0.6999999881
139045  28.010  -29.027  -4.249 0.6000000238
58699  26.823  -28.270  -4.599 0.6000000238
57654  27.206  -28.904  -4.208 0.6000000238
58710  26.328  -27.720  -5.248 0.6000000238
58698  27.769  -28.350  -4.485 0.6000000238
55451  27.587  -29.951  -5.859 0.5000000000
56569  26.006  -28.824  -6.193 0.6000000238
57702  26.146  -28.008  -6.577 0.6000000238
57703  25.282  -28.045  -6.247 0.6000000238
58711  25.405  -27.853  -5.599 0.6000000238
58709  27.359  -27.709  -4.944 0.6000000238
133810  26.956  -28.645  -6.487 0.6000000238
57701  26.819  -27.887  -6.877 0.6000000238
55450  28.565  -30.050  -5.963 0.5000000000
56567  27.896  -29.211  -6.410 0.5000000000
56566  28.970  -29.230  -6.562 0.4000000060
57700  28.355  -28.502  -6.853 0.5000000000
57653  28.707  -28.475  -4.465 0.6000000238
58708  28.359  -27.766  -4.724 0.6000000238
57717  25.784  -27.340  -6.615 0.6000000238
58727  25.862  -27.319  -5.955 0.6000000238
59646  27.918  -27.146  -5.322 0.6000000238
57716  26.148  -27.373  -6.931 0.6000000238
59693  25.913  -26.261  -7.231 0.6000000238
135196  27.562  -28.443  -6.748 0.5000000000
131046  27.441  -26.870  -7.597 0.6000000238
58746  27.539  -27.765  -7.137 0.5000000000
57699  29.349  -28.454  -7.085 0.4000000060
146726  28.543  -27.708  -7.320 0.4000000060
59666  26.433  -26.274  -6.538 0.6000000238
59645  29.079  -27.192  -4.975 0.5000000000
149530  29.125  -27.840  -4.606 0.5000000000
130204  25.899  -26.271  -7.003 0.6000000238
138690  27.259  -26.488  -5.968 0.5000000000
59692  26.349  -25.799  -7.776 0.6000000238
59691  27.394  -26.073  -8.089 0.5000000000
58758  28.569  -26.842  -7.754 0.4000000060
138704  30.114  -26.905  -4.711 0.4000000060
142084  26.180  -25.632  -7.113 0.6000000238
60574  26.985  -25.664  -6.651 0.5000000000
59699  26.838  -25.135  -8.237 0.4000000060
60600  26.293  -24.884  -7.885 0.6000000238
60592  26.362  -25.115  -7.599 0.6000000238
60573  28.573  -25.728  -6.539 0.4000000060
139013  27.567  -24.519  -8.542 0.4000000060
60572  29.911  -25.737  -6.410 0.4000000060
133706  26.578  -24.535  -8.088 0.4000000060
60591  27.076  -24.891  -7.407 0.4000000060
59690  28.615  -25.900  -8.346 0.4000000060
61597  27.162  -24.387  -7.888 0.4000000060
135957  31.385  -26.027  -4.206 0.4000000060
59663  30.456  -25.940  -5.449 0.4000000060
60590  28.622  -24.825  -7.323 0.4000000060
61615  27.760  -23.745  -8.760 0.4000000060
61608  27.357  -24.390  -8.260 0.4000000060
61596  28.003  -23.837  -8.177 0.4000000060
60556  31.059  -25.682  -4.803 0.4000000060
60571  30.732  -25.180  -5.711 0.4000000060
61607  27.883  -23.573  -8.832 0.3000000119
61595  29.594  -24.264  -7.374 0.4000000060
60589  30.058  -25.051  -6.761 0.4000000060
60570  31.376  -24.958  -4.995 0.4000000060
61580  30.594  -24.403  -6.471 0.4000000060
40627  19.772  -44.040  0.226 0.8000000119
40608  20.764  -43.391  0.838 0.8999999762
40607  22.111  -43.296  0.934 0.8999999762
39562  22.526  -44.053  0.637 0.8999999762
39532  29.864  -44.005  3.167 0.8999999762
40571  29.427  -43.121  3.854 1.0000000000
41693  29.427  -42.350  4.505 1.0000000000
39559  25.764  -43.847  0.733 0.8999999762
40601  28.015  -43.836  1.851 0.8999999762
40581  27.537  -43.199  2.444 0.8999999762
41694  28.717  -42.426  4.055 1.0000000000
40604  25.243  -43.321  1.217 0.8999999762
40582  26.941  -43.196  2.105 0.8999999762
41732  26.385  -42.959  2.039 0.8999999762
41695  28.005  -42.441  3.678 1.0000000000
41735  23.879  -42.658  1.531 0.8999999762
41697  25.682  -41.739  3.058 0.8999999762
59665  28.308  -26.490  -5.811 0.4000000060
59664  29.726  -26.472  -5.629 0.4000000060
59643  30.964  -26.653  -4.394 0.4000000060
33879  30.564  -50.786  6.691 0.8999999762
33914  31.203  -50.567  4.129 1.0000000000
33937  28.729  -50.319  1.341 0.8000000119
32824  27.837  -51.295  8.293 0.8999999762
33890  31.324  -50.106  5.542 1.0000000000
35804  28.887  -49.014  0.800 0.8000000119
35722  31.436  -48.443  7.552 0.8999999762
37621  30.439  -46.700  1.777 0.8999999762
36705  29.580  -47.363  0.818 0.8000000119
37640  27.699  -46.622  -0.243 0.8000000119
143178  25.986  -46.139  -0.503 0.8000000119
37598  31.707  -46.608  4.005 1.0000000000
39581  26.990  -44.702  0.444 0.8999999762
39560  24.847  -43.930  0.584 0.8999999762
39561  23.761  -44.121  0.539 0.8000000119
39538  30.206  -44.801  2.661 0.8999999762
41733  25.643  -42.782  1.855 0.8999999762
36568  29.766  -47.764  9.549 0.8999999762
37514  29.412  -46.946  9.857 1.0000000000
37521  23.453  -46.487  9.469 0.4000000060
38507  23.735  -45.915  10.071 0.4000000060
40579  29.114  -43.650  2.849 0.8999999762
39613  19.867  -44.662  -0.135 0.6999999881
141691  20.148  -42.238  0.543 0.8000000119
41736  22.897  -42.629  1.398 0.8999999762
41785  23.399  -42.961  -1.228 0.6000000238
40584  20.826  -42.506  1.057 0.8999999762
38482  28.240  -45.061  10.105 0.6999999881
41734  24.795  -42.685  1.671 0.8999999762
42833  21.262  -41.206  1.476 0.8999999762
43870  20.743  -40.511  1.440 0.8999999762
42891  23.441  -41.702  -0.413 0.6999999881
38480  29.889  -45.013  10.454 0.8000000119
140509  32.496  -45.105  9.213 0.8999999762
43845  29.494  -40.867  3.602 1.0000000000
41707  26.823  -42.716  2.646 0.8999999762
43849  25.613  -40.666  3.289 0.8999999762
42820  25.212  -41.135  3.222 0.8999999762
138385  25.221  -42.195  2.401 0.8999999762
43869  21.818  -40.465  1.833 0.8999999762
39449  33.356  -44.180  8.710 0.8000000119
143177  26.403  -44.027  11.101 0.5000000000
43852  22.542  -40.109  2.284 0.8999999762
135369  34.073  -42.570  8.260 0.6999999881
41666  33.783  -42.394  5.747 0.8999999762
132599  22.914  -38.808  -0.110 0.6999999881
46043  19.390  -38.557  1.300 0.8999999762
46091  19.859  -38.488  0.087 0.8000000119
41610  28.474  -42.927  11.106 0.6000000238
41620  32.915  -42.760  9.703 0.8000000119
140772  30.237  -42.598  10.697 0.6000000238
42786  34.556  -41.332  5.480 0.6999999881
44945  29.938  -39.194  1.688 1.0000000000
138781  24.830  -38.946  1.868 1.0000000000
154554  19.890  -37.484  1.143 0.8999999762
42727  30.065  -41.656  10.685 0.6000000238
140594  28.015  -42.153  11.257 0.5000000000
43816  35.182  -40.566  6.317 0.6999999881
44944  30.803  -39.136  1.757 0.8999999762
42728  29.218  -41.465  10.770 0.5000000000
43830  35.268  -40.037  5.129 0.6999999881
44923  34.211  -39.482  3.105 0.8000000119
150735  21.651  -36.572  0.545 0.8999999762
43772  33.569  -40.568  9.209 0.6000000238
43774  31.980  -40.227  10.022 0.5000000000
142801  35.154  -39.873  7.167 0.6999999881
47185  28.310  -37.351  -0.277 0.8999999762
47182  31.033  -37.117  -0.056 0.8000000119
48332  29.785  -36.868  -0.728 0.8000000119
50881  21.748  -34.753  -0.648 0.8999999762
44841  33.449  -39.705  9.040 0.5000000000
44878  34.726  -39.442  7.652 0.6999999881
47141  34.597  -37.913  2.248 0.6999999881
48328  33.166  -36.205  0.088 0.8000000119
49613  26.189  -36.183  -1.340 0.8999999762
49657  21.859  -35.014  -2.268 0.8000000119
50931  21.073  -34.031  -1.635 0.8000000119
48291  35.856  -37.147  2.990 0.6999999881
48305  35.358  -36.379  1.807 0.6999999881
49628  31.408  -35.514  -1.664 0.8000000119
134134  23.113  -34.197  -1.337 0.8999999762
49573  36.394  -36.053  3.881 0.6000000238
53203  22.893  -32.556  -3.399 0.6999999881
53172  24.690  -32.719  -2.402 0.8999999762
55405  23.488  -30.382  -4.133 0.6999999881
54325  23.835  -31.071  -4.453 0.6000000238
55413  23.736  -30.131  -4.628 0.6000000238
56526  24.831  -29.477  -3.961 0.8000000119
154486  24.194  -28.782  -5.211 0.6000000238
146133  26.718  -29.344  -3.980 0.6999999881
55428  26.016  -30.388  -5.510 0.6000000238
58728  25.357  -27.672  -6.128 0.6000000238
56544  26.583  -29.777  -5.784 0.6000000238
59647  26.750  -27.041  -5.724 0.6000000238
59644  30.579  -26.306  -4.846 0.4000000060
60555  31.743  -25.239  -4.265 0.4000000060
62644  28.953  -23.309  -8.090 0.4000000060
40606  23.285  -43.327  0.981 0.8999999762
24757  26.443  -59.271  9.157 0.4000000060
25731  26.411  -58.310  9.051 0.4000000060
26708  24.379  -58.231  9.617 0.4000000060
25760  28.474  -58.339  7.232 0.4000000060
26707  25.724  -57.948  9.298 0.4000000060
148075  24.958  -57.700  9.335 0.4000000060
26767  29.567  -57.458  6.307 0.3000000119
26722  26.990  -57.722  8.480 0.4000000060
26784  29.855  -57.729  5.483 0.4000000060
27826  29.782  -56.405  3.503 0.4000000060
28863  29.150  -55.227  2.672 0.4000000060
135031  28.559  -54.833  2.196 0.4000000060
26724  25.435  -57.126  8.941 0.5000000000
26725  24.637  -56.952  8.945 0.4000000060
139028  28.471  -57.376  7.347 0.4000000060
27716  27.307  -56.840  8.167 0.4000000060
27788  29.948  -56.894  5.869 0.5000000000
27825  30.319  -55.923  3.912 0.4000000060
28846  29.726  -55.566  3.299 0.4000000060
29837  29.095  -54.497  2.538 0.5000000000
30841  28.189  -52.793  1.719 0.5000000000
31875  27.672  -52.395  1.448 0.6000000238
31876  27.025  -52.457  1.131 0.5000000000
32918  26.384  -51.721  0.742 0.6000000238
150602  25.522  -51.369  0.486 0.4000000060
144027  25.836  -56.659  8.640 0.5000000000
27718  25.161  -56.417  8.593 0.5000000000
135656  22.881  -56.642  8.585 0.5000000000
27721  22.156  -56.756  8.484 0.5000000000
27741  28.526  -56.375  7.517 0.6000000238
140653  27.694  -56.177  8.044 0.6000000238
27763  29.824  -56.143  6.300 0.5000000000
28782  29.639  -55.306  6.752 0.6000000238
27787  30.251  -56.201  5.546 0.5000000000
28825  30.476  -55.480  4.432 0.5000000000
29817  29.757  -54.634  3.092 0.4000000060
30825  29.449  -53.741  2.616 0.6000000238
31859  28.737  -52.570  1.963 0.6000000238
138227  27.973  -51.275  1.351 0.6000000238
33956  27.313  -50.409  0.783 0.6000000238
33957  26.674  -50.336  0.614 0.6000000238
139079  26.133  -49.842  0.427 0.6000000238
32917  26.886  -50.996  0.842 0.6000000238
33958  26.013  -50.716  0.551 0.6000000238
141034  25.319  -50.000  0.425 0.6000000238
34902  24.692  -49.404  0.359 0.6000000238
28742  25.853  -55.923  8.398 0.5000000000
28743  24.859  -55.686  8.308 0.5000000000
28744  23.973  -55.625  8.166 0.5000000000
27744  22.536  -56.000  8.082 0.5000000000
28760  28.925  -55.488  7.417 0.6000000238
28741  26.855  -56.017  8.330 0.6000000238
27762  30.166  -55.570  6.060 0.6000000238
29757  29.773  -54.356  6.817 0.6000000238
29798  30.522  -54.761  4.566 0.5000000000
29756  30.231  -54.822  6.191 0.6000000238
29816  30.421  -54.304  3.783 0.6000000238
31858  29.381  -52.794  2.401 0.6000000238
34881  27.749  -49.794  0.671 0.6000000238
135664  24.842  -48.591  0.042 0.6000000238
28762  25.376  -55.037  8.107 0.6000000238
28764  23.581  -55.147  7.629 0.5000000000
28765  22.763  -55.328  7.447 0.5000000000
29735  29.189  -54.693  7.338 0.6000000238
28761  27.323  -55.426  8.254 0.6000000238
153872  26.364  -55.182  8.282 0.6000000238
28783  23.111  -54.686  7.010 0.5000000000
28806  22.243  -54.987  5.567 0.5000000000
151536  28.756  -54.264  7.700 0.6000000238
30808  30.474  -53.454  3.703 0.6000000238
36710  24.545  -47.709  -0.207 0.6999999881
153861  25.858  -54.757  8.169 0.6000000238
29739  25.489  -54.333  7.962 0.6000000238
29741  23.930  -54.525  7.335 0.6000000238
135419  27.105  -54.655  8.319 0.6000000238
29740  24.744  -54.436  7.644 0.6000000238
29758  24.308  -54.012  7.162 0.6000000238
29760  22.900  -54.514  6.099 0.6000000238
29781  22.791  -54.440  5.079 0.6000000238
30750  27.910  -53.442  8.215 0.6000000238
29800  22.569  -54.265  4.358 0.5000000000
29818  22.152  -53.934  3.870 0.6000000238
37642  24.297  -46.875  -0.208 0.6999999881
30751  26.981  -53.728  8.342 0.6000000238
30768  24.227  -53.411  6.817 0.6000000238
30752  25.870  -53.631  8.033 0.6000000238
30753  24.946  -53.652  7.486 0.6000000238
30769  23.718  -53.293  6.045 0.6000000238
29799  23.104  -53.954  4.806 0.6000000238
144504  28.658  -53.633  7.843 0.6000000238
31820  23.236  -52.651  5.022 0.6000000238
30767  29.819  -53.500  6.880 0.6000000238
31818  30.593  -52.729  5.414 0.6000000238
38625  23.112  -45.789  0.233 0.6999999881
31793  29.296  -53.151  7.528 0.6000000238
31796  25.394  -52.707  7.633 0.6999999881
31797  24.662  -52.892  7.137 0.6999999881
31808  29.846  -52.559  6.955 0.6000000238
38601  22.791  -44.906  0.421 0.6999999881
31795  26.380  -52.853  8.122 0.6999999881
129567  28.484  -52.785  8.061 0.6999999881
31794  27.395  -52.829  8.274 0.6999999881
32834  25.427  -51.669  7.503 0.6999999881
31809  24.765  -52.106  7.096 0.6999999881
31811  23.680  -52.559  5.613 0.6000000238
31819  24.045  -51.793  5.851 0.6999999881
32855  23.880  -51.016  5.535 0.6000000238
142741  22.958  -51.861  5.050 0.5000000000
39564  20.214  -44.415  0.597 0.8000000119
32832  27.746  -52.060  8.269 0.6999999881
32833  25.996  -52.090  7.916 0.6999999881
32846  24.880  -51.105  6.893 0.6999999881
32866  22.053  -51.059  4.557 0.5000000000
32847  24.294  -51.012  6.176 0.6999999881
33892  24.101  -50.166  5.799 0.6000000238
33903  23.101  -50.176  4.910 0.6000000238
50927  28.696  -34.523  -2.860 0.6999999881
49610  33.302  -35.635  -0.418 0.6999999881
49612  31.923  -35.870  -1.058 0.6999999881
49651  30.760  -35.159  -2.215 0.6999999881
49596  34.595  -35.610  0.475 0.6000000238
49609  34.153  -35.336  -0.175 0.6000000238
50925  30.406  -34.510  -2.674 0.6999999881
50926  29.592  -34.540  -2.802 0.6999999881
50928  27.767  -34.372  -2.815 0.6999999881
52092  27.477  -33.614  -3.091 0.6999999881
49595  35.320  -35.210  0.830 0.6000000238
134218  33.729  -35.039  -0.708 0.6000000238
49627  32.283  -35.117  -1.597 0.6999999881
50924  31.215  -34.416  -2.534 0.6999999881
50874  35.950  -34.720  1.345 0.6000000238
52090  29.248  -33.870  -3.157 0.6999999881
140931  28.090  -33.055  -3.408 0.6999999881
54300  27.290  -31.963  -3.556 0.6999999881
50879  34.892  -34.924  0.119 0.6000000238
50890  34.388  -34.670  -0.557 0.6000000238
52069  33.645  -33.756  -1.723 0.6000000238
147343  32.175  -34.317  -2.316 0.6999999881
131251  30.769  -33.953  -2.869 0.6999999881
136975  29.452  -32.517  -3.480 0.6999999881
53190  28.629  -32.443  -3.525 0.6999999881
54299  28.241  -31.787  -3.680 0.6999999881
50878  35.647  -34.367  0.526 0.6000000238
50889  35.160  -34.253  -0.309 0.6000000238
52068  34.383  -33.312  -1.620 0.5000000000
52070  32.904  -33.881  -2.176 0.6000000238
128832  32.066  -32.892  -3.154 0.5000000000
53189  30.279  -32.630  -3.412 0.6999999881
145511  30.352  -31.452  -3.668 0.6999999881
55386  28.744  -30.960  -3.899 0.6999999881
60604  31.093  -25.236  -8.656 0.3000000119
60605  30.367  -25.120  -8.823 0.3000000119
147984  25.334  -59.161  9.845 0.4000000060
25733  24.607  -59.055  10.152 0.3000000119
25726  23.170  -58.985  10.322 0.4000000060
24779  28.441  -59.277  7.043 0.3000000119
25735  22.793  -58.374  9.694 0.4000000060
25799  29.819  -57.960  4.600 0.4000000060
26709  23.579  -57.857  9.407 0.4000000060
26814  29.847  -57.310  3.862 0.4000000060
27827  29.268  -56.900  3.055 0.4000000060
28865  28.045  -55.245  1.662 0.4000000060
29839  28.061  -54.353  1.718 0.5000000000
31894  26.281  -52.658  0.664 0.4000000060
26728  21.812  -57.441  8.774 0.4000000060
137555  25.029  -50.764  0.425 0.5000000000
26750  20.904  -56.744  7.754 0.5000000000
151437  24.057  -48.958  0.368 0.6000000238
134438  21.071  -56.035  7.075 0.5000000000
28785  21.514  -55.522  6.168 0.5000000000
27789  21.107  -55.899  5.361 0.5000000000
130972  23.449  -47.574  0.172 0.6000000238
28807  21.682  -55.502  5.004 0.5000000000
29819  21.466  -54.462  3.700 0.4000000060
37643  23.206  -46.769  0.141 0.6999999881
30794  22.190  -52.929  4.287 0.5000000000
38602  21.697  -45.797  0.447 0.6999999881
31829  22.227  -51.903  4.638 0.5000000000
38603  20.492  -45.695  0.583 0.8000000119
38627  19.727  -45.430  0.256 0.6999999881
154210  20.844  -50.754  3.855 0.5000000000
33904  22.355  -50.286  4.573 0.6000000238
44877  35.199  -39.208  7.144 0.6000000238
45990  35.326  -38.628  6.753 0.6000000238
151902  35.681  -33.800  0.058 0.5000000000
53162  35.131  -33.127  -1.248 0.5000000000
53185  34.076  -32.249  -2.464 0.5000000000
53187  32.627  -32.306  -3.151 0.5000000000
55383  31.808  -31.095  -3.620 0.5000000000
55384  31.014  -31.301  -3.624 0.5000000000
56522  30.415  -29.808  -4.141 0.5000000000
142191  31.020  -23.834  -8.597 0.3000000119
61612  30.641  -24.521  -8.816 0.3000000119
60609  28.475  -24.222  -8.965 0.3000000119
31807  30.290  -53.085  6.252 0.6000000238
30766  30.246  -53.952  6.242 0.6000000238
30792  30.564  -53.817  4.655 0.6000000238
137061  25.504  -50.845  7.395 0.8000000119
138891  25.527  -47.897  -0.320 0.6999999881
142370  24.159  -46.027  -0.145 0.6999999881
49611  32.618  -35.570  -0.907 0.6999999881
53191  27.292  -32.841  -3.340 0.6999999881
56523  29.467  -29.553  -4.315 0.6000000238
60606  29.185  -25.080  -8.736 0.3000000119
147938  21.571  -44.905  0.578 0.8000000119
38642  19.697  -45.373  0.050 0.6999999881
50907  31.591  -34.919  -2.121 0.6999999881
25743  27.464  -58.484  8.133 0.4000000060
26749  27.761  -57.752  7.784 0.4000000060
142413  29.518  -58.447  5.991 0.3000000119
152033  29.559  -56.727  6.507 0.5000000000
26726  23.676  -56.945  8.897 0.5000000000
29854  27.474  -53.819  1.390 0.3000000119
32919  25.461  -52.122  0.388 0.4000000060
27722  21.484  -56.927  8.305 0.5000000000
32856  23.339  -51.019  5.230 0.6000000238
129550  29.776  -33.238  -3.311 0.6999999881
142352  27.903  -32.429  -3.557 0.6999999881
50906  32.979  -34.427  -1.664 0.6999999881
50891  33.730  -34.481  -1.153 0.6000000238
52088  31.501  -33.607  -2.884 0.6999999881
52058  34.587  -33.911  -1.076 0.6000000238
53170  33.895  -33.015  -2.166 0.5000000000
52087  32.451  -33.503  -2.651 0.6000000238
129121  30.603  -33.356  -3.175 0.6999999881
54297  29.943  -31.941  -3.616 0.6999999881
54298  29.123  -31.803  -3.648 0.6999999881
52057  35.437  -33.517  -0.541 0.5000000000
53169  34.633  -32.658  -1.836 0.5000000000
53186  33.321  -32.601  -2.697 0.5000000000
53188  31.150  -32.750  -3.278 0.5000000000
54296  30.734  -32.004  -3.492 0.5000000000
55400  31.180  -30.492  -3.832 0.5000000000
55402  29.579  -30.400  -4.080 0.6999999881
52047  36.099  -33.679  0.531 0.5000000000
54294  33.371  -31.761  -3.074 0.5000000000
131451  32.038  -30.328  -3.761 0.5000000000
37645  20.552  -46.497  0.445 0.6000000238
38626  19.891  -46.005  0.461 0.6000000238
38655  22.458  -45.049  -1.503 0.5000000000
37680  21.568  -45.999  -1.073 0.6000000238
39612  20.720  -44.951  -0.564 0.6000000238
40668  24.852  -44.007  -2.083 0.5000000000
39610  23.223  -44.183  -1.565 0.5000000000
39611  21.943  -44.303  -1.289 0.6000000238
35770  21.878  -47.367  4.399 0.5000000000
40657  20.918  -43.949  -0.621 0.6000000238
40653  25.653  -43.765  -1.774 0.5000000000
40654  24.550  -43.539  -1.662 0.5000000000
40652  26.488  -43.763  -1.486 0.5000000000
36637  22.957  -46.563  5.216 0.4000000060
37591  21.188  -46.171  4.534 0.4000000060
37583  21.539  -46.217  5.007 0.4000000060
41783  25.179  -43.299  -1.413 0.5000000000
40642  27.079  -43.327  -0.787 0.5000000000
36621  22.690  -46.726  6.372 0.4000000060
132659  26.668  -42.647  -0.332 0.5000000000
41769  25.780  -42.965  -0.792 0.5000000000
36604  22.931  -47.260  7.273 0.4000000060
40475  25.463  -43.847  11.270 0.4000000060
39436  24.865  -44.457  11.026 0.4000000060
38487  23.075  -45.281  10.433 0.3000000119
140787  30.372  -40.282  10.266 0.4000000060
43757  28.882  -40.698  10.504 0.4000000060
139136  26.752  -42.982  11.378 0.4000000060
40474  25.947  -43.230  11.381 0.4000000060
43776  29.471  -40.100  10.190 0.4000000060
152215  26.633  -42.234  11.329 0.4000000060
139135  25.136  -42.941  11.342 0.4000000060
42731  26.577  -41.555  11.004 0.4000000060
41612  25.997  -42.323  11.290 0.4000000060
153974  24.717  -43.694  11.293 0.4000000060
142020  24.058  -44.076  11.236 0.4000000060
42729  28.376  -41.389  10.851 0.4000000060
44844  31.025  -39.802  9.937 0.4000000060
43777  28.605  -39.965  10.066 0.4000000060
150318  27.912  -40.564  10.399 0.4000000060
42730  27.497  -41.404  10.923 0.4000000060
43758  26.944  -40.748  10.457 0.4000000060
43759  26.102  -40.829  10.450 0.4000000060
153570  25.782  -40.425  10.094 0.4000000060
42732  24.850  -41.534  10.527 0.4000000060
138627  24.224  -43.206  11.218 0.4000000060
142847  30.090  -39.594  9.724 0.4000000060
44845  29.170  -39.447  9.606 0.4000000060
44863  34.194  -39.586  8.352 0.5000000000
45969  33.683  -38.867  8.456 0.4000000060
44842  32.517  -39.523  9.493 0.4000000060
45953  30.847  -38.987  9.333 0.4000000060
45955  28.792  -38.796  9.028 0.4000000060
44846  28.334  -39.380  9.478 0.4000000060
43778  27.226  -40.052  9.907 0.4000000060
43779  26.344  -40.163  9.947 0.4000000060
44848  26.121  -39.498  9.472 0.4000000060
43760  25.287  -40.796  10.196 0.4000000060
45991  34.796  -38.620  7.400 0.5000000000
45992  34.001  -38.225  7.858 0.5000000000
128643  32.866  -38.785  8.963 0.4000000060
45971  31.217  -38.246  8.706 0.4000000060
45954  29.740  -38.889  9.193 0.4000000060
132070  26.793  -39.623  9.560 0.4000000060
45970  32.219  -38.140  8.597 0.4000000060
45972  30.236  -38.320  8.703 0.4000000060
45973  29.344  -38.344  8.645 0.4000000060
47090  33.392  -37.206  7.496 0.4000000060
47091  32.378  -37.441  7.971 0.4000000060
47068  31.498  -37.574  8.172 0.4000000060
47070  29.716  -37.747  8.218 0.4000000060
135787  33.757  -36.400  6.837 0.4000000060
48265  32.743  -36.296  6.878 0.4000000060
48266  31.741  -36.202  6.699 0.4000000060
48245  31.295  -36.646  7.189 0.4000000060
48267  30.853  -36.184  6.602 0.4000000060
148667  35.665  -37.285  5.763 0.5000000000
49537  35.118  -36.035  5.980 0.5000000000
49538  34.177  -35.757  6.360 0.4000000060
49540  32.208  -35.656  6.304 0.4000000060
49542  30.465  -35.739  6.185 0.3000000119
47124  36.118  -37.242  4.345 0.5000000000
48243  34.244  -37.026  7.028 0.5000000000
48244  32.206  -36.763  7.362 0.4000000060
47092  31.652  -37.115  7.648 0.4000000060
47093  30.096  -37.222  7.628 0.4000000060
138074  30.925  -37.150  7.634 0.4000000060
148146  35.647  -35.985  5.459 0.5000000000
49539  33.170  -35.677  6.436 0.4000000060
49558  32.623  -35.176  5.998 0.4000000060
49541  31.210  -35.552  6.114 0.3000000119
141469  36.407  -35.209  4.088 0.5000000000
49555  35.458  -35.392  5.444 0.5000000000
49557  33.524  -34.934  6.001 0.4000000060
137455  31.858  -35.086  5.711 0.3000000119
49559  30.421  -35.302  5.687 0.3000000119
134271  29.884  -35.604  5.942 0.3000000119
49568  36.009  -34.929  4.893 0.5000000000
150980  36.437  -35.552  3.420 0.4000000060
49580  36.392  -35.352  2.794 0.5000000000
50826  35.225  -34.556  5.388 0.3000000119
50827  34.235  -34.354  5.623 0.4000000060
50828  33.347  -34.251  5.553 0.4000000060
50830  31.596  -34.418  5.262 0.3000000119
133547  31.010  -34.878  5.475 0.3000000119
137305  29.807  -35.179  5.499 0.3000000119
49560  29.168  -35.359  5.703 0.3000000119
50858  36.515  -34.802  3.369 0.4000000060
50866  36.519  -34.515  2.602 0.4000000060
50877  36.290  -33.924  1.147 0.4000000060
50845  34.844  -33.730  5.253 0.3000000119
50829  32.513  -34.537  5.550 0.3000000119
50846  30.843  -34.281  4.893 0.3000000119
50833  28.543  -34.860  5.299 0.3000000119
146073  27.889  -34.952  5.448 0.3000000119
50844  35.728  -33.943  4.856 0.3000000119
50847  30.200  -34.152  4.620 0.3000000119
50832  29.334  -34.783  5.175 0.3000000119
50850  27.781  -34.472  4.882 0.3000000119
50843  36.358  -34.190  4.102 0.3000000119
143682  36.578  -33.968  3.134 0.3000000119
151453  36.608  -33.123  2.198 0.3000000119
52056  36.121  -33.214  0.051 0.4000000060
53161  35.833  -32.721  -0.609 0.4000000060
54282  34.929  -31.883  -2.103 0.4000000060
50834  27.217  -34.805  5.413 0.3000000119
51998  35.301  -33.149  4.720 0.3000000119
51997  36.058  -33.298  4.260 0.3000000119
52019  36.435  -33.379  3.520 0.3000000119
52033  36.585  -33.244  2.796 0.3000000119
142562  36.464  -33.094  0.877 0.3000000119
53160  36.467  -32.330  0.136 0.4000000060
54273  36.521  -31.495  -0.204 0.3000000119
54274  36.218  -31.902  -0.787 0.4000000060
54293  34.288  -31.425  -2.705 0.4000000060
55382  33.707  -30.913  -3.247 0.4000000060
54313  33.016  -31.110  -3.440 0.4000000060
54314  32.461  -30.883  -3.579 0.4000000060
54280  36.449  -30.979  -1.007 0.3000000119
54292  35.263  -30.943  -2.339 0.4000000060
140758  34.461  -30.690  -2.905 0.4000000060
55399  32.985  -30.321  -3.584 0.4000000060
135780  33.325  -28.420  -3.620 0.4000000060
56520  32.357  -29.533  -3.836 0.4000000060
57651  30.870  -28.875  -4.253 0.4000000060
57652  29.999  -28.935  -4.398 0.5000000000
129308  36.593  -30.756  -0.027 0.3000000119
55373  36.338  -30.146  -1.574 0.3000000119
55374  35.901  -30.173  -2.257 0.3000000119
56505  35.673  -29.456  -2.521 0.4000000060
56506  34.800  -29.177  -3.048 0.4000000060
56518  33.948  -29.101  -3.441 0.4000000060
57649  34.218  -28.467  -3.308 0.3000000119
57650  32.403  -28.064  -3.850 0.4000000060
141324  31.721  -27.859  -4.013 0.3000000119
57666  30.343  -28.197  -4.429 0.3000000119
57667  29.563  -28.317  -4.509 0.4000000060
58705  31.324  -27.284  -4.110 0.3000000119
58706  30.601  -27.429  -4.405 0.3000000119
55371  36.521  -30.050  -0.668 0.3000000119
56501  36.520  -29.332  -1.314 0.3000000119
56502  36.258  -29.486  -2.070 0.3000000119
141679  35.609  -28.644  -2.584 0.3000000119
58687  35.130  -27.834  -2.806 0.3000000119
58688  34.335  -27.142  -3.046 0.3000000119
58696  32.895  -27.342  -3.542 0.3000000119
58697  32.011  -27.255  -3.776 0.3000000119
59633  32.317  -26.539  -3.581 0.3000000119
56497  36.620  -29.181  -0.387 0.3000000119
57638  36.382  -28.662  -1.953 0.3000000119
58686  35.995  -27.799  -2.325 0.3000000119
59625  35.337  -27.009  -2.597 0.3000000119
59626  34.533  -26.250  -2.798 0.3000000119
59627  33.703  -26.379  -3.139 0.3000000119
152874  33.204  -25.887  -3.228 0.3000000119
60546  31.963  -25.886  -3.754 0.3000000119
59634  31.632  -26.572  -3.915 0.3000000119
60545  32.618  -25.850  -3.443 0.3000000119
153497  32.204  -24.600  -4.096 0.3000000119
47088  35.065  -38.040  6.936 0.5000000000
141528  35.450  -37.826  6.323 0.5000000000
129727  21.786  -46.809  0.297 0.6000000238
37644  20.881  -47.191  0.250 0.5000000000
37670  21.053  -46.756  -0.320 0.5000000000
136471  22.808  -45.796  -1.557 0.5000000000
37679  22.037  -46.637  -1.156 0.5000000000
40666  26.137  -44.225  -2.107 0.5000000000
39623  25.241  -44.592  -2.369 0.5000000000
38654  23.736  -44.874  -1.797 0.5000000000
34831  24.424  -49.274  6.079 0.6000000238
34841  23.467  -49.237  5.038 0.6000000238
35768  23.209  -48.328  4.907 0.6000000238
35769  22.591  -47.833  4.665 0.5000000000
34844  21.073  -47.651  4.000 0.5000000000
36649  21.368  -46.626  4.314 0.5000000000
37592  20.097  -46.010  4.342 0.5000000000
37584  20.502  -46.027  4.748 0.4000000060
36638  20.974  -46.260  5.169 0.4000000060
35743  22.415  -47.671  6.899 0.4000000060
149994  22.084  -46.112  9.725 0.3000000119
39437  23.276  -44.415  10.789 0.4000000060
42733  23.965  -41.680  10.209 0.4000000060
133665  23.419  -43.477  10.979 0.4000000060
138448  24.534  -41.074  9.970 0.4000000060
45956  28.048  -38.911  9.055 0.4000000060
43780  25.451  -40.063  9.711 0.4000000060
44850  24.670  -39.818  9.321 0.4000000060
45957  27.441  -38.703  8.870 0.4000000060
44865  26.761  -39.049  9.177 0.4000000060
47071  28.795  -37.865  8.253 0.4000000060
45975  26.681  -38.374  8.633 0.4000000060
48246  30.462  -36.667  7.114 0.4000000060
48268  29.991  -36.188  6.492 0.4000000060
47094  29.249  -37.294  7.655 0.4000000060
48247  29.644  -36.718  7.129 0.4000000060
49543  29.420  -35.814  6.219 0.3000000119
49561  28.326  -35.342  5.796 0.3000000119
49545  28.018  -35.741  6.358 0.3000000119
39608  26.975  -44.379  -1.950 0.5000000000
37534  22.569  -47.293  8.590 0.4000000060
42746  23.331  -41.461  9.662 0.4000000060
148498  24.127  -40.262  9.279 0.4000000060
45974  28.179  -38.381  8.610 0.4000000060
36583  22.689  -47.595  7.933 0.4000000060
40656  22.856  -43.535  -1.345 0.5000000000
43775  31.198  -40.483  10.309 0.4000000060
47116  36.011  -37.120  5.097 0.5000000000
50873  36.443  -34.238  1.873 0.5000000000
44843  31.690  -39.455  9.629 0.4000000060
48285  36.249  -36.561  4.468 0.5000000000
53168  35.454  -32.309  -1.367 0.4000000060
56521  31.450  -29.624  -4.015 0.4000000060
56519  33.226  -29.382  -3.651 0.4000000060
147691  21.388  -45.293  -1.016 0.6000000238
39624  24.575  -44.433  -2.116 0.5000000000
142343  25.863  -44.545  -2.423 0.5000000000
145350  25.674  -41.483  10.777 0.4000000060
41613  24.499  -42.316  10.889 0.4000000060
41614  23.649  -42.592  10.732 0.4000000060
44864  31.947  -38.769  9.264 0.4000000060
43781  24.653  -40.482  9.651 0.4000000060
45993  33.141  -38.058  8.319 0.4000000060
47089  34.437  -37.738  7.281 0.5000000000
47069  30.606  -37.668  8.211 0.4000000060
49554  36.050  -36.274  5.101 0.5000000000
48280  35.656  -36.597  5.615 0.5000000000
48264  34.610  -36.580  6.547 0.5000000000
47109  34.886  -37.368  6.725 0.5000000000
135105  35.936  -35.657  5.131 0.5000000000
49567  36.255  -35.765  4.638 0.5000000000
49556  34.653  -35.165  5.835 0.4000000060
52040  36.524  -33.463  1.697 0.3000000119
54281  35.785  -31.476  -1.576 0.4000000060
53092  36.225  -32.715  3.654 0.3000000119
55381  34.055  -29.985  -3.337 0.4000000060
149759  36.041  -30.752  -1.798 0.3000000119
58695  33.796  -27.710  -3.365 0.3000000119
130141  31.801  -28.690  -4.048 0.4000000060
57637  36.685  -28.466  -1.014 0.3000000119
59618  36.202  -26.911  -2.065 0.3000000119
60554  32.356  -25.212  -3.681 0.3000000119
44849  25.341  -39.309  9.281 0.4000000060
151790  21.405  -53.797  3.663 0.4000000060
30810  21.513  -53.144  3.872 0.4000000060
152896  20.286  -52.622  3.382 0.4000000060
32874  20.219  -51.875  3.397 0.3000000119
32873  20.982  -51.475  3.868 0.4000000060
33916  20.165  -50.836  3.481 0.3000000119
34882  23.829  -49.565  0.472 0.5000000000
138142  20.639  -49.995  3.832 0.5000000000
134591  19.656  -49.565  3.336 0.3000000119
145830  22.652  -48.219  0.379 0.5000000000
132923  21.824  -48.037  0.139 0.5000000000
35806  22.340  -49.282  0.218 0.5000000000
138791  21.971  -49.589  4.356 0.5000000000
34855  21.242  -49.227  4.123 0.4000000060
144601  22.300  -47.559  0.261 0.5000000000
35822  22.018  -48.959  -0.061 0.5000000000
36732  21.754  -47.942  -0.075 0.3000000119
154493  21.379  -47.619  0.308 0.5000000000
130786  21.531  -47.637  0.230 0.4000000060
37657  21.127  -47.285  0.223 0.4000000060
146430  22.312  -48.010  -0.966 0.3000000119
37669  21.741  -47.352  -0.528 0.3000000119
36741  23.137  -47.586  -1.506 0.3000000119
36742  22.590  -47.177  -1.321 0.3000000119
37677  24.660  -46.034  -2.259 0.3000000119
37678  23.740  -46.790  -1.789 0.3000000119
137356  23.023  -46.433  -1.579 0.4000000060
36640  19.182  -46.211  4.974 0.3000000119
153419  26.105  -45.579  -2.737 0.4000000060
138151  25.378  -45.379  -2.535 0.4000000060
38666  23.813  -45.821  -1.860 0.4000000060
35759  19.888  -47.068  5.468 0.3000000119
35707  22.316  -48.040  7.569 0.3000000119
40476  22.590  -43.758  10.571 0.3000000119
41615  22.806  -42.873  10.539 0.3000000119
41621  23.089  -42.088  10.111 0.3000000119
41622  22.270  -42.338  9.930 0.3000000119
42747  22.607  -41.618  9.521 0.3000000119
44851  23.927  -39.717  8.980 0.3000000119
44866  26.003  -38.837  9.051 0.3000000119
145585  24.525  -39.027  8.992 0.3000000119
138623  23.616  -39.025  8.746 0.3000000119
44868  22.306  -39.807  8.525 0.3000000119
47072  27.950  -37.749  8.188 0.3000000119
153200  27.456  -37.704  8.175 0.3000000119
45976  25.830  -38.270  8.580 0.3000000119
145392  25.218  -38.174  8.534 0.3000000119
45977  24.760  -38.407  8.675 0.3000000119
47095  28.390  -37.291  7.692 0.3000000119
153139  26.649  -37.383  7.934 0.3000000119
47074  25.535  -37.710  8.284 0.3000000119
47075  24.699  -37.740  8.387 0.3000000119
143567  26.570  -36.819  7.573 0.3000000119
47097  25.992  -37.244  7.911 0.3000000119
47098  25.195  -37.101  7.944 0.3000000119
48269  29.195  -36.285  6.632 0.3000000119
48249  28.029  -36.679  7.261 0.3000000119
48250  27.227  -36.443  7.199 0.3000000119
48251  25.741  -36.559  7.564 0.3000000119
33939  24.454  -50.132  0.473 0.5000000000
38665  24.592  -45.143  -2.242 0.4000000060
35744  21.727  -48.040  6.515 0.3000000119
47073  26.992  -37.752  8.225 0.3000000119
136252  23.124  -39.741  8.669 0.3000000119
47096  27.408  -37.253  7.751 0.3000000119
34856  20.328  -48.707  3.754 0.3000000119
35778  19.900  -47.295  3.729 0.3000000119
36651  19.000  -46.174  4.399 0.3000000119
25762  20.283  -58.170  8.248 0.4000000060
25763  19.634  -58.213  7.591 0.4000000060
26752  19.528  -57.683  7.063 0.4000000060
25789  18.791  -58.100  5.771 0.4000000060
137294  19.284  -57.363  4.856 0.3000000119
27766  20.336  -56.603  6.937 0.4000000060
26769  19.929  -56.817  5.957 0.4000000060
27790  20.542  -56.362  5.210 0.4000000060
30843  26.903  -53.251  1.050 0.3000000119
27765  20.718  -56.164  6.131 0.4000000060
27828  20.119  -56.276  3.973 0.3000000119
28848  20.315  -55.551  3.672 0.3000000119
27811  21.043  -55.897  4.678 0.4000000060
137327  19.849  -54.129  3.353 0.3000000119
28849  19.261  -55.359  3.324 0.3000000119
30812  19.870  -53.183  3.205 0.3000000119
28828  21.543  -55.356  4.254 0.4000000060
29820  20.675  -54.768  3.551 0.3000000119
141894  20.801  -53.230  3.582 0.3000000119
25776  19.015  -58.324  6.728 0.4000000060
26770  19.343  -57.555  6.284 0.4000000060
31843  19.514  -52.244  2.898 0.3000000119
25744  21.473  -58.088  9.001 0.3000000119
31860  18.778  -52.606  2.420 0.3000000119
24752  22.397  -59.180  10.289 0.4000000060
24766  27.496  -59.380  8.074 0.4000000060
24797  18.679  -59.036  6.735 0.4000000060
25725  23.816  -59.360  10.425 0.3000000119
25732  25.861  -58.798  9.504 0.4000000060
25734  23.730  -58.622  9.994 0.4000000060
25761  27.968  -58.839  7.647 0.4000000060
25775  28.972  -58.824  6.611 0.3000000119
25788  29.700  -58.478  5.152 0.4000000060
25790  18.406  -58.718  5.189 0.4000000060
25800  18.748  -57.935  5.037 0.3000000119
26710  22.121  -57.958  9.241 0.3000000119
26723  26.191  -57.356  8.835 0.4000000060
26727  22.703  -57.428  9.013 0.5000000000
26729  20.977  -57.546  8.398 0.4000000060
26751  20.161  -57.395  7.606 0.4000000060
26768  29.077  -57.915  6.788 0.3000000119
26783  30.218  -57.029  4.885 0.4000000060
26785  19.845  -56.854  5.028 0.4000000060
26786  19.304  -57.429  5.442 0.4000000060
27717  26.535  -56.696  8.514 0.5000000000
27719  24.294  -56.283  8.535 0.5000000000
27720  23.421  -56.161  8.398 0.5000000000
27740  29.314  -56.180  6.984 0.5000000000
27742  27.895  -56.885  7.728 0.4000000060
27743  23.246  -55.630  7.981 0.5000000000
27745  21.656  -56.310  7.872 0.5000000000
27764  29.134  -57.006  6.970 0.5000000000
27810  30.437  -56.128  4.688 0.5000000000
27812  20.368  -56.343  4.514 0.4000000060
27843  29.214  -56.072  2.830 0.4000000060
28763  24.427  -55.067  7.858 0.5000000000
28766  21.896  -55.600  7.261 0.5000000000
28784  22.341  -55.039  6.620 0.5000000000
28805  30.449  -55.350  5.323 0.5000000000
28826  30.322  -55.141  3.787 0.5000000000
28827  22.199  -54.930  4.582 0.5000000000
28829  20.836  -55.791  4.093 0.4000000060
28847  21.243  -55.175  3.820 0.4000000060
28864  28.578  -55.707  2.277 0.4000000060
29736  28.493  -54.857  7.783 0.6000000238
29737  27.970  -54.220  8.164 0.6000000238
29738  26.262  -54.404  8.237 0.6000000238
29759  23.621  -54.040  6.586 0.6000000238
29779  30.468  -54.378  5.476 0.6000000238
29780  23.300  -53.933  5.559 0.6000000238
29801  21.954  -54.732  3.964 0.4000000060
29821  19.861  -54.891  3.402 0.3000000119
29838  28.627  -54.020  2.194 0.5000000000
29853  28.123  -53.534  1.753 0.5000000000
30749  29.315  -53.933  7.403 0.6000000238
30779  30.477  -53.522  5.564 0.6999999881
30780  23.340  -53.342  5.193 0.6000000238
30793  22.848  -53.462  4.520 0.6000000238
30809  30.124  -53.858  3.186 0.6000000238
30811  20.736  -53.963  3.526 0.3000000119
30826  28.722  -53.235  2.131 0.6000000238
30842  27.554  -53.040  1.446 0.5000000000
31810  24.232  -52.547  6.410 0.6999999881
31827  30.727  -52.188  4.602 0.8000000119
31828  22.752  -52.618  4.688 0.5000000000
31830  21.549  -52.248  4.160 0.4000000060
31841  30.160  -53.099  2.932 0.6000000238
31842  20.902  -52.458  3.709 0.4000000060
31874  28.267  -51.986  1.610 0.6000000238
32845  30.208  -51.674  6.791 0.8999999762
32865  22.640  -51.059  4.913 0.5000000000
32867  21.636  -51.458  4.311 0.4000000060
32872  30.771  -51.096  3.576 0.8999999762
32898  28.750  -51.133  1.566 0.6999999881
33849  28.555  -50.924  8.222 0.8999999762
33863  29.928  -51.048  7.334 0.8999999762
33865  27.070  -50.806  8.216 0.8999999762
33867  25.834  -50.143  7.533 0.8000000119
33893  23.665  -50.162  5.307 0.6000000238
33913  31.463  -49.883  3.970 1.0000000000
33915  21.467  -50.516  4.211 0.5000000000
33936  29.353  -50.467  1.670 0.8000000119
34785  28.464  -50.127  8.507 0.8999999762
34787  26.770  -49.439  8.199 0.8999999762
34800  26.128  -49.274  7.697 0.8000000119
34819  24.914  -49.295  6.710 0.8000000119
34840  31.606  -49.148  4.242 1.0000000000
34842  22.714  -49.171  4.651 0.5000000000
34843  21.937  -48.509  4.349 0.5000000000
34853  31.375  -49.407  3.406 1.0000000000
34883  23.010  -49.710  0.443 0.5000000000
34898  28.133  -49.093  0.455 0.8000000119
34899  26.953  -49.666  0.430 0.8000000119
34901  25.509  -49.256  0.231 0.6000000238
35704  28.670  -48.875  9.037 0.8999999762
35724  26.475  -48.421  7.997 0.8999999762
35757  23.761  -48.236  5.183 0.6000000238
35758  20.999  -47.142  5.669 0.3000000119
35803  29.630  -48.850  1.351 0.8000000119
35805  23.063  -48.955  0.469 0.5000000000
35821  26.517  -48.228  -0.216 0.8000000119
36566  31.155  -47.065  9.395 0.8999999762
36581  26.614  -47.395  8.161 0.8000000119
36619  25.123  -47.714  6.640 0.6999999881
36620  24.528  -47.493  6.007 0.6999999881
36622  21.920  -46.793  5.848 0.4000000060
36639  20.006  -46.266  5.196 0.3000000119
36648  22.240  -46.667  4.741 0.4000000060
36650  20.607  -46.463  3.949 0.5000000000
36687  30.519  -47.541  1.755 0.8999999762
36688  30.102  -47.386  1.316 0.8999999762
36689  22.161  -48.644  0.192 0.5000000000
36711  23.774  -48.324  0.232 0.6000000238
36724  21.863  -48.418  -0.030 0.5000000000
37512  31.754  -46.833  8.922 0.8999999762
37517  26.790  -46.222  8.905 0.6999999881
37522  22.209  -46.736  9.272 0.4000000060
37567  22.501  -46.491  5.553 0.4000000060
37582  22.228  -46.361  5.044 0.5000000000
37585  19.670  -45.948  4.629 0.4000000060
37606  31.421  -46.554  3.218 1.0000000000
37638  29.211  -46.615  0.612 0.8999999762
37641  24.981  -46.248  -0.431 0.8000000119
37658  20.439  -46.527  0.357 0.6000000238
37676  25.615  -46.273  -2.541 0.4000000060
38500  31.300  -45.710  9.905 0.8999999762
38604  19.928  -45.313  0.489 0.8000000119
38622  27.155  -45.714  -0.119 0.8000000119
38641  19.817  -45.910  0.353 0.6000000238
39432  28.567  -44.394  10.579 0.6999999881
39452  30.878  -44.989  10.309 0.8999999762
39524  30.908  -44.384  4.373 1.0000000000
39555  29.158  -44.783  1.713 0.8999999762
39563  21.187  -44.126  0.768 0.8000000119
39584  23.707  -44.920  0.224 0.6999999881
39585  19.756  -44.713  0.330 0.8000000119
39598  19.553  -44.773  0.146 0.6999999881
39609  24.179  -44.010  -1.875 0.5000000000
40513  33.679  -43.431  8.548 0.8000000119
40572  28.600  -42.993  3.337 0.8999999762
40573  27.985  -42.918  3.024 1.0000000000
40602  27.265  -43.610  1.662 0.8999999762
40605  24.311  -43.334  1.075 0.8999999762
40609  20.019  -43.845  0.546 0.8999999762
40655  23.778  -43.526  -1.526 0.6000000238
40667  25.438  -44.122  -2.137 0.5000000000
41658  34.447  -41.953  6.808 0.6999999881
41696  26.594  -42.054  3.372 0.8999999762
41708  24.368  -42.073  2.148 0.8999999762
41775  19.941  -43.255  0.062 0.8000000119
41782  25.859  -43.418  -1.333 0.5000000000
41784  24.533  -43.035  -1.233 0.6000000238
41787  21.416  -43.053  -0.710 0.6999999881
42725  31.926  -41.968  10.422 0.6000000238
42745  23.886  -40.904  9.525 0.4000000060
42818  27.513  -41.580  3.969 1.0000000000
42830  23.993  -41.450  2.447 0.8999999762
42849  20.223  -41.572  0.761 0.8999999762
42873  20.134  -41.612  0.343 0.8000000119
43756  29.772  -40.846  10.535 0.5000000000
43833  32.783  -41.149  3.960 0.8999999762
43903  23.575  -40.520  0.446 0.6999999881
43904  19.952  -40.145  0.776 0.8999999762
44847  27.501  -39.358  9.396 0.4000000060
44867  25.272  -38.665  8.870 0.3000000119
44898  35.404  -39.265  4.732 0.6999999881
44905  33.449  -39.904  3.115 0.8000000119
44906  32.696  -40.172  3.123 0.8000000119
44911  23.150  -39.868  2.489 0.8999999762
44927  30.371  -39.670  2.283 1.0000000000
44932  25.049  -39.443  2.389 0.8999999762
44933  23.724  -39.618  2.482 0.8999999762
44934  22.253  -39.525  2.156 0.8999999762
44937  20.151  -38.996  1.637 0.8999999762
44947  28.147  -39.209  1.724 1.0000000000
44949  19.568  -39.489  1.042 0.8999999762
44964  23.724  -39.896  0.519 0.6999999881
44965  19.979  -39.786  0.561 0.8000000119
44966  19.152  -38.918  1.016 0.8999999762
44986  21.117  -39.354  0.057 0.6999999881
44988  19.527  -39.076  0.631 0.8999999762
45968  34.317  -38.943  7.976 0.5000000000
46040  23.474  -39.072  2.040 0.8999999762
46061  19.148  -38.631  1.045 0.8999999762
46068  30.874  -38.091  0.865 0.8000000119
46075  19.191  -38.342  0.973 0.8999999762
47145  21.164  -38.227  1.661 0.8999999762
47146  20.183  -38.116  1.556 0.8999999762
47154  35.447  -36.987  2.289 0.6999999881
47155  34.859  -37.177  1.817 0.6999999881
47162  22.696  -37.777  1.303 0.8999999762
47167  33.099  -37.139  0.930 0.8000000119
47173  26.910  -37.718  0.267 0.8999999762
47176  19.541  -37.425  0.590 0.8999999762
47183  30.167  -37.296  -0.175 0.8000000119
47190  20.355  -37.726  -0.438 0.8000000119
47191  19.636  -37.696  0.014 0.8999999762
47245  26.007  -37.022  -3.372 0.6000000238
48248  28.839  -36.750  7.196 0.3000000119
48263  35.291  -36.933  6.211 0.5000000000
48311  20.338  -36.877  0.835 0.8999999762
48324  19.556  -36.282  0.165 0.8999999762
48338  19.457  -35.977  -0.163 0.8000000119
48358  19.610  -36.042  -0.497 0.8000000119
48376  24.844  -36.721  -2.910 0.6000000238
49544  28.774  -35.768  6.257 0.3000000119
49562  27.560  -35.303  5.897 0.3000000119
49590  20.796  -36.330  0.534 0.8999999762
49592  19.628  -35.970  0.244 0.8999999762
49600  22.115  -35.708  -0.308 1.0000000000
49602  19.752  -35.609  0.020 0.8999999762
49617  19.831  -35.442  -0.396 0.8000000119
49618  19.619  -35.691  -0.321 0.8000000119
49626  33.116  -35.061  -1.109 0.6999999881
49631  28.311  -35.888  -2.053 0.8000000119
49652  29.959  -35.066  -2.456 0.6999999881
49656  22.972  -35.208  -2.639 0.8000000119
50831  30.171  -34.695  5.139 0.3000000119
50897  20.383  -34.888  -0.861 0.8000000119
50912  20.868  -34.278  -1.227 0.8999999762
50930  22.134  -34.372  -2.498 0.6999999881
50944  21.851  -33.391  -2.488 0.6999999881
52086  33.182  -33.303  -2.407 0.6000000238
52089  30.082  -33.924  -3.056 0.6999999881
52091  28.356  -33.781  -3.176 0.6999999881
52094  21.729  -32.565  -2.247 0.8000000119
53175  21.949  -32.267  -2.300 0.8000000119
53192  26.510  -32.502  -3.170 0.8000000119
54283  24.375  -32.014  -2.472 0.8999999762
54285  22.928  -31.452  -2.721 0.8000000119
54295  32.498  -31.537  -3.404 0.4000000060
54315  23.069  -31.037  -3.590 0.8000000119
54316  22.897  -31.383  -3.482 0.6000000238
55375  23.551  -31.003  -2.869 0.8000000119
55380  35.060  -30.082  -2.768 0.4000000060
55385  29.691  -31.226  -3.792 0.6999999881
55387  27.165  -30.483  -3.690 0.8000000119
55390  23.597  -30.531  -3.421 0.6999999881
55401  30.373  -30.784  -3.843 0.6999999881
55431  23.809  -29.424  -4.989 0.6000000238
56509  24.078  -29.934  -3.664 0.8000000119
56524  28.743  -29.266  -4.337 0.6999999881
56525  25.933  -29.386  -3.891 0.6999999881
56537  23.875  -29.252  -4.834 0.6000000238
56547  24.112  -28.950  -5.366 0.6000000238
56568  27.049  -29.303  -6.126 0.6000000238
57641  34.861  -28.422  -3.000 0.4000000060
57657  24.260  -28.913  -4.729 0.6999999881
57665  31.120  -28.054  -4.252 0.3000000119
57678  24.965  -28.014  -6.041 0.6000000238
58694  34.486  -27.922  -3.149 0.3000000119
58707  29.816  -27.623  -4.586 0.5000000000
58747  25.790  -27.124  -6.544 0.6000000238
58748  25.590  -27.532  -6.359 0.6000000238
58759  26.395  -26.932  -7.305 0.6000000238
58760  25.829  -26.853  -7.041 0.6000000238
59632  33.007  -26.480  -3.346 0.3000000119
59667  26.068  -26.811  -6.445 0.6000000238
59681  26.248  -25.569  -7.457 0.6000000238
59682  25.843  -26.840  -6.845 0.6000000238
60599  26.466  -24.608  -8.020 0.4000000060
61620  29.049  -23.910  -9.178 0.3000000119
129001  28.156  -55.551  7.925 0.6000000238
129016  24.450  -51.726  6.494 0.6999999881
129251  26.787  -52.078  8.210 0.6999999881
130543  21.059  -39.368  1.845 0.8999999762
131211  31.591  -48.730  5.820 0.8999999762
131464  28.927  -33.140  -3.355 0.6999999881
131799  25.170  -58.502  9.648 0.4000000060
132342  26.007  -44.971  -2.698 0.4000000060
134384  34.083  -41.843  5.425 0.8999999762
134670  32.630  -28.826  -3.839 0.4000000060
134950  25.156  -46.787  7.274 0.6999999881
134992  23.410  -36.040  -2.597 0.6999999881
135283  23.514  -35.689  -0.702 1.0000000000
135317  24.035  -40.520  2.774 0.8999999762
135379  30.633  -52.978  4.496 0.6999999881
135774  25.734  -48.622  -0.074 0.6999999881
135960  31.752  -46.021  4.412 1.0000000000
136467  23.079  -46.862  8.912 0.4000000060
136672  24.546  -46.656  7.381 0.5000000000
136818  34.191  -37.574  1.717 0.8000000119
137097  26.348  -43.264  -0.938 0.5000000000
137840  27.451  -38.122  8.448 0.3000000119
137931  31.142  -50.128  3.434 0.8999999762
138496  26.049  -42.393  2.621 0.8999999762
138663  26.079  -43.367  1.413 0.8999999762
138720  29.508  -42.137  10.852 0.5000000000
139653  32.742  -32.928  -2.841 0.6000000238
139774  26.280  -37.780  8.278 0.3000000119
140013  30.393  -49.907  2.311 0.8999999762
140069  26.888  -38.652  1.293 1.0000000000
140133  19.780  -57.143  6.794 0.4000000060
140162  33.516  -26.996  -3.279 0.3000000119
140593  27.199  -42.189  11.324 0.4000000060
140730  30.543  -51.739  3.247 0.8999999762
140851  33.887  -43.353  6.902 1.0000000000
141255  27.369  -42.036  3.838 0.8999999762
141568  23.542  -51.828  5.410 0.6000000238
141609  32.489  -41.067  10.020 0.5000000000
141846  27.902  -39.850  9.843 0.4000000060
142142  21.226  -40.099  0.124 0.6999999881
142160  24.917  -28.051  -5.834 0.6000000238
142982  27.000  -58.825  8.628 0.4000000060
143740  27.505  -50.997  1.099 0.6000000238
144359  27.375  -51.693  1.211 0.6000000238
145131  26.935  -41.625  3.706 1.0000000000
145343  24.772  -30.111  -3.455 0.8000000119
146008  20.400  -45.991  -0.282 0.6999999881
146653  36.574  -33.741  2.392 0.3000000119
147149  30.274  -56.604  4.124 0.4000000060
147500  27.802  -54.947  8.170 0.6000000238
147509  31.697  -31.988  -3.397 0.5000000000
147880  26.057  -38.753  -0.834 0.6000000238
148466  19.570  -45.976  4.367 0.5000000000
148519  29.415  -45.404  1.503 0.8999999762
149011  24.255  -57.523  9.278 0.4000000060
149409  25.234  -42.080  11.037 0.4000000060
150214  23.359  -30.625  -3.661 0.6999999881
150239  21.613  -32.790  -2.300 0.8000000119
150354  26.781  -45.198  9.949 0.6000000238
151204  25.103  -43.737  -1.885 0.5000000000
151846  29.200  -37.784  0.265 0.8999999762
151851  27.490  -49.181  0.307 0.8000000119
152452  27.114  -51.477  8.252 0.8999999762
152510  36.505  -32.804  3.096 0.3000000119
152899  28.638  -38.258  0.643 0.8999999762
152970  20.614  -44.906  0.588 0.8000000119
153103  23.436  -34.069  -3.296 0.6999999881
153165  34.731  -40.889  7.463 0.6999999881
153483  29.195  -46.227  9.939 1.0000000000
153689  28.301  -49.426  8.774 0.8999999762
153738  26.297  -36.669  -0.791 0.8999999762
154021  28.772  -38.356  8.619 0.4000000060
154426  31.002  -26.160  -4.523 0.4000000060
154495  34.345  -40.928  8.418 0.6999999881
154576  36.083  -29.080  -2.310 0.3000000119
