#!ascii label  , from subject sub-v1s22x0050447_ses-1 vox2ras=TkReg
1421
112998  -50.389  28.896  26.431 0.0000000000
124336  -35.424  44.169  33.792 0.0000000000
114647  -41.416  30.288  38.388 0.0000000000
114740  -40.430  31.980  30.016 0.0000000000
124321  -43.055  44.933  33.507 0.0000000000
119311  -42.803  36.343  34.364 0.0000000000
119343  -43.355  36.238  32.054 0.0000000000
138573  -36.862  31.375  31.440 0.0000000000
110352  -49.969  25.081  39.069 0.0000000000
148210  -51.534  30.240  34.542 0.0000000000
127296  -28.411  49.844  29.410 0.0000000000
127897  -35.630  50.111  28.981 0.0000000000
128513  -42.914  51.731  30.464 0.0000000000
112938  -48.428  28.727  31.735 0.0000000000
119291  -36.400  36.419  36.134 0.0000000000
112935  -43.188  28.608  31.845 0.0000000000
114797  -44.006  30.499  25.763 0.0000000000
112983  -37.879  28.365  26.557 0.0000000000
112933  -35.254  28.042  30.610 0.0000000000
112110  -47.446  27.794  25.042 0.0000000000
124325  -47.147  45.201  33.847 0.0000000000
160435  -45.864  40.550  32.315 0.0000000000
121913  -44.290  39.999  31.147 0.0000000000
163036  -40.564  36.910  32.967 0.0000000000
111972  -52.362  27.465  37.876 0.0000000000
114652  -51.572  30.773  38.451 0.0000000000
127871  -28.081  50.832  32.885 0.0000000000
127900  -39.324  51.125  29.803 0.0000000000
114680  -48.227  30.393  36.339 0.0000000000
146303  -46.088  28.043  35.631 0.0000000000
123702  -31.831  43.708  34.716 0.0000000000
121862  -35.860  40.413  35.955 0.0000000000
116456  -43.256  32.158  32.198 0.0000000000
116430  -42.538  32.428  33.638 0.0000000000
113856  -41.500  30.115  30.726 0.0000000000
112972  -43.106  28.675  28.617 0.0000000000
114770  -41.748  30.757  27.513 0.0000000000
113935  -40.248  29.067  25.211 0.0000000000
114778  -39.157  30.092  27.607 0.0000000000
114749  -34.781  30.319  28.523 0.0000000000
123726  -39.571  43.701  33.309 0.0000000000
121866  -39.856  40.609  34.901 0.0000000000
121870  -42.487  40.733  33.721 0.0000000000
153403  -45.659  35.958  32.488 0.0000000000
117197  -41.289  33.321  31.574 0.0000000000
115658  -39.117  31.785  30.249 0.0000000000
117195  -39.557  33.382  31.794 0.0000000000
117183  -37.424  33.237  32.831 0.0000000000
110385  -51.190  25.490  35.181 0.0000000000
151604  -52.125  26.624  32.978 0.0000000000
113860  -51.078  29.604  30.671 0.0000000000
126173  -27.675  47.284  36.263 0.0000000000
125582  -28.288  46.376  33.034 0.0000000000
125605  -31.569  46.446  31.505 0.0000000000
125609  -35.740  46.287  31.431 0.0000000000
126211  -39.470  47.627  31.452 0.0000000000
126730  -42.849  48.173  32.897 0.0000000000
127264  -46.525  49.240  33.332 0.0000000000
128515  -45.592  52.176  30.997 0.0000000000
116413  -51.011  33.462  35.750 0.0000000000
115624  -50.742  32.611  32.799 0.0000000000
114772  -49.839  31.849  28.378 0.0000000000
116397  -37.181  31.748  37.430 0.0000000000
119294  -39.389  36.446  35.310 0.0000000000
116420  -39.649  32.315  35.151 0.0000000000
112875  -42.606  28.335  35.956 0.0000000000
112030  -46.051  27.594  31.168 0.0000000000
112986  -46.928  28.986  27.526 0.0000000000
114819  -46.945  30.174  23.867 0.0000000000
112121  -43.220  27.769  23.304 0.0000000000
112089  -40.661  27.491  26.099 0.0000000000
112054  -39.164  27.202  29.023 0.0000000000
114765  -37.004  30.115  28.257 0.0000000000
112062  -36.657  28.002  28.614 0.0000000000
112027  -37.919  26.776  31.001 0.0000000000
112069  -50.687  28.215  28.162 0.0000000000
112098  -50.267  26.976  25.695 0.0000000000
112126  -48.739  28.181  24.475 0.0000000000
124364  -46.392  44.229  32.179 0.0000000000
123147  -46.149  42.057  31.637 0.0000000000
123145  -44.688  42.137  31.046 0.0000000000
121911  -42.368  40.057  31.210 0.0000000000
113796  -43.737  29.215  37.310 0.0000000000
124319  -33.921  44.246  34.137 0.0000000000
115648  -41.909  31.741  31.378 0.0000000000
114727  -41.952  30.835  31.373 0.0000000000
114741  -40.803  30.861  29.878 0.0000000000
113879  -41.234  29.842  29.721 0.0000000000
150964  -40.694  30.996  28.801 0.0000000000
114780  -40.982  31.088  27.623 0.0000000000
115673  -40.280  31.403  28.831 0.0000000000
124342  -41.852  44.240  33.350 0.0000000000
164592  -41.479  42.718  34.178 0.0000000000
123730  -43.113  43.150  33.836 0.0000000000
120639  -45.011  37.952  31.351 0.0000000000
120611  -46.048  38.273  32.450 0.0000000000
118659  -44.092  35.350  31.703 0.0000000000
117188  -43.131  33.667  31.747 0.0000000000
117944  -42.787  34.509  32.013 0.0000000000
117196  -40.398  33.488  31.651 0.0000000000
117942  -40.653  34.669  32.445 0.0000000000
117935  -38.689  34.887  33.178 0.0000000000
112881  -52.057  28.179  36.456 0.0000000000
111988  -52.467  26.683  35.176 0.0000000000
112902  -51.590  28.755  34.205 0.0000000000
112939  -51.202  28.247  31.831 0.0000000000
113848  -51.502  30.062  32.769 0.0000000000
127885  -27.473  50.383  31.029 0.0000000000
126735  -27.543  48.702  32.628 0.0000000000
126744  -28.010  48.384  31.244 0.0000000000
125590  -30.152  46.042  32.174 0.0000000000
126756  -29.994  48.088  30.005 0.0000000000
127315  -33.911  49.916  28.749 0.0000000000
126760  -33.875  48.031  29.817 0.0000000000
126762  -35.559  48.226  29.950 0.0000000000
166175  -38.213  46.874  31.288 0.0000000000
126764  -37.418  48.755  30.215 0.0000000000
128511  -40.749  51.511  30.048 0.0000000000
147654  -41.297  49.904  31.469 0.0000000000
127278  -42.155  50.140  31.718 0.0000000000
126732  -44.858  48.919  33.674 0.0000000000
127873  -44.358  50.869  32.347 0.0000000000
127270  -46.115  50.343  32.920 0.0000000000
128514  -44.775  52.384  30.841 0.0000000000
118586  -46.688  36.038  38.780 0.0000000000
154829  -49.515  37.484  37.912 0.0000000000
141412  -49.130  35.426  37.726 0.0000000000
117893  -50.697  34.542  37.356 0.0000000000
117136  -48.763  33.873  37.434 0.0000000000
113832  -48.812  29.053  34.277 0.0000000000
114701  -49.847  31.061  34.644 0.0000000000
159595  -49.856  30.648  32.158 0.0000000000
115650  -50.540  32.467  30.532 0.0000000000
113882  -49.233  31.159  29.542 0.0000000000
118609  -34.483  35.896  36.837 0.0000000000
142573  -35.324  33.902  37.249 0.0000000000
117905  -36.312  34.526  36.599 0.0000000000
120571  -41.065  38.467  34.300 0.0000000000
120570  -39.819  38.422  34.621 0.0000000000
119309  -41.139  36.195  34.724 0.0000000000
113847  -42.678  29.582  33.023 0.0000000000
116429  -41.081  32.045  34.292 0.0000000000
147412  -41.900  29.734  34.078 0.0000000000
158799  -40.642  29.779  35.532 0.0000000000
112911  -43.475  28.354  33.576 0.0000000000
163194  -44.779  27.556  33.573 0.0000000000
112028  -44.552  27.903  31.728 0.0000000000
113908  -43.240  29.843  27.032 0.0000000000
141018  -44.621  28.613  27.818 0.0000000000
113910  -45.050  29.336  26.534 0.0000000000
164221  -47.023  29.964  26.147 0.0000000000
114808  -45.163  30.337  24.894 0.0000000000
113024  -45.473  28.616  22.976 0.0000000000
113952  -43.371  29.528  24.100 0.0000000000
112996  -38.809  28.669  25.642 0.0000000000
112118  -40.037  27.934  24.600 0.0000000000
112077  -39.076  27.446  26.706 0.0000000000
166293  -39.919  27.507  27.350 0.0000000000
112076  -38.329  27.608  27.055 0.0000000000
147936  -38.374  31.473  30.465 0.0000000000
114752  -37.848  30.593  29.155 0.0000000000
114739  -36.486  30.701  29.839 0.0000000000
112943  -34.431  29.410  29.035 0.0000000000
113889  -35.156  30.074  27.944 0.0000000000
147729  -35.190  28.487  29.532 0.0000000000
112051  -36.572  27.537  29.661 0.0000000000
112038  -36.548  27.352  30.680 0.0000000000
112013  -36.981  26.829  32.129 0.0000000000
110434  -51.566  25.839  30.497 0.0000000000
112094  -45.404  27.502  25.936 0.0000000000
141640  -44.606  45.028  34.033 0.0000000000
123101  -44.951  42.971  33.484 0.0000000000
142326  -46.423  42.678  32.612 0.0000000000
121923  -45.530  40.353  31.426 0.0000000000
119992  -43.249  38.009  31.845 0.0000000000
119341  -41.393  36.383  32.716 0.0000000000
120625  -41.881  38.025  32.362 0.0000000000
111147  -51.363  25.877  38.810 0.0000000000
111957  -51.501  27.642  39.325 0.0000000000
151267  -51.625  29.900  36.985 0.0000000000
128520  -27.779  51.837  29.565 0.0000000000
127305  -38.092  50.542  29.837 0.0000000000
128551  -41.456  51.044  27.860 0.0000000000
128552  -42.811  51.535  28.191 0.0000000000
116399  -47.719  32.578  37.548 0.0000000000
112880  -47.588  28.870  35.646 0.0000000000
112900  -47.659  28.114  34.147 0.0000000000
120562  -36.236  38.212  35.841 0.0000000000
166447  -44.283  33.728  33.193 0.0000000000
117920  -42.700  34.128  34.211 0.0000000000
160834  -43.398  32.123  32.902 0.0000000000
114717  -42.466  30.542  32.024 0.0000000000
163210  -42.617  29.142  31.778 0.0000000000
156521  -43.386  28.402  31.009 0.0000000000
113868  -42.008  29.043  29.956 0.0000000000
113894  -42.035  29.851  28.065 0.0000000000
114782  -42.202  30.891  26.962 0.0000000000
113937  -42.177  29.790  25.033 0.0000000000
114793  -40.822  30.641  26.851 0.0000000000
163744  -39.850  29.893  26.682 0.0000000000
113905  -38.012  29.500  26.967 0.0000000000
114738  -35.489  30.589  29.624 0.0000000000
148413  -37.969  31.149  39.534 0.0000000000
123724  -37.627  43.535  33.556 0.0000000000
123097  -37.767  42.566  34.641 0.0000000000
154194  -39.433  42.411  34.496 0.0000000000
121869  -41.159  40.505  34.331 0.0000000000
120587  -43.077  38.423  33.663 0.0000000000
121881  -44.161  40.666  33.166 0.0000000000
120609  -44.744  38.708  33.145 0.0000000000
119326  -44.388  36.501  33.571 0.0000000000
117200  -44.335  33.355  31.998 0.0000000000
142817  -42.110  33.015  31.580 0.0000000000
115647  -41.054  32.155  30.923 0.0000000000
115659  -39.933  32.229  29.944 0.0000000000
116452  -39.939  33.023  31.099 0.0000000000
148876  -39.144  32.733  31.317 0.0000000000
143581  -38.273  32.375  31.564 0.0000000000
164894  -40.126  34.709  32.621 0.0000000000
142540  -38.220  33.495  32.566 0.0000000000
111161  -52.433  25.932  36.557 0.0000000000
110395  -52.470  25.840  34.592 0.0000000000
110416  -52.096  25.701  32.275 0.0000000000
111200  -51.563  26.483  31.050 0.0000000000
112045  -50.802  28.285  29.774 0.0000000000
112977  -50.503  29.575  28.201 0.0000000000
124304  -27.439  44.808  36.033 0.0000000000
125575  -27.511  46.726  34.348 0.0000000000
124314  -28.286  44.617  34.781 0.0000000000
154434  -29.732  44.698  33.874 0.0000000000
124964  -32.154  45.225  33.264 0.0000000000
124966  -33.807  45.192  33.165 0.0000000000
127312  -29.616  49.685  28.671 0.0000000000
126758  -31.966  48.091  29.830 0.0000000000
125607  -33.381  46.447  31.521 0.0000000000
124986  -35.885  45.256  32.390 0.0000000000
124988  -37.669  45.231  32.097 0.0000000000
124989  -39.725  45.406  32.399 0.0000000000
146990  -41.054  45.981  32.568 0.0000000000
126766  -39.079  49.225  30.620 0.0000000000
126194  -41.338  47.719  32.385 0.0000000000
159764  -43.034  46.869  33.265 0.0000000000
125578  -45.314  46.787  34.278 0.0000000000
165172  -47.116  47.054  34.188 0.0000000000
126214  -45.486  47.935  32.504 0.0000000000
127279  -45.433  49.665  31.919 0.0000000000
128538  -44.358  52.213  28.238 0.0000000000
116401  -51.430  32.787  37.105 0.0000000000
115606  -51.427  32.140  34.893 0.0000000000
115596  -49.710  31.956  35.658 0.0000000000
115605  -51.113  32.497  34.414 0.0000000000
152163  -51.714  32.041  33.347 0.0000000000
114730  -51.703  31.798  31.548 0.0000000000
114757  -50.789  32.001  29.230 0.0000000000
159408  -50.070  31.266  27.132 0.0000000000
145095  -39.128  30.261  38.032 0.0000000000
121863  -37.380  40.921  35.578 0.0000000000
120567  -37.537  38.697  35.389 0.0000000000
149766  -37.965  36.108  35.674 0.0000000000
117919  -41.163  34.818  34.860 0.0000000000
141337  -39.787  34.406  35.345 0.0000000000
117916  -38.408  33.948  35.836 0.0000000000
116410  -38.090  32.315  36.266 0.0000000000
113806  -39.825  29.892  36.640 0.0000000000
113794  -41.563  29.331  37.209 0.0000000000
112888  -44.268  27.888  35.970 0.0000000000
112005  -46.701  27.555  33.400 0.0000000000
112031  -46.889  27.732  31.233 0.0000000000
112960  -44.438  28.233  29.537 0.0000000000
112056  -46.242  27.967  29.687 0.0000000000
112963  -47.743  28.807  29.347 0.0000000000
113897  -48.586  30.675  27.936 0.0000000000
113928  -48.456  30.787  26.486 0.0000000000
113943  -49.062  29.861  24.412 0.0000000000
113016  -47.633  28.783  23.536 0.0000000000
112108  -45.232  27.903  24.265 0.0000000000
112092  -43.713  27.481  26.097 0.0000000000
113011  -41.720  28.031  23.363 0.0000000000
112105  -41.282  27.539  24.274 0.0000000000
112080  -42.399  27.313  27.025 0.0000000000
112067  -41.306  27.197  28.000 0.0000000000
112055  -40.138  27.122  28.919 0.0000000000
114753  -38.929  30.887  28.947 0.0000000000
161626  -37.991  30.247  28.481 0.0000000000
113904  -37.132  29.363  27.356 0.0000000000
114750  -35.690  30.375  28.672 0.0000000000
113890  -35.748  29.955  27.717 0.0000000000
112970  -36.943  28.446  27.743 0.0000000000
112063  -37.433  27.615  28.368 0.0000000000
112040  -38.051  26.934  30.074 0.0000000000
112084  -50.634  28.004  27.060 0.0000000000
166914  -50.888  27.105  26.629 0.0000000000
112099  -50.487  27.629  25.976 0.0000000000
112113  -49.904  27.852  25.216 0.0000000000
113007  -50.193  28.614  25.529 0.0000000000
123127  -45.204  42.731  31.334 0.0000000000
123761  -44.101  42.790  30.943 0.0000000000
114649  -43.120  30.331  38.186 0.0000000000
114663  -42.516  29.845  37.892 0.0000000000
124320  -34.701  44.181  34.023 0.0000000000
123094  -34.980  42.918  34.921 0.0000000000
123095  -36.005  42.987  34.712 0.0000000000
115660  -41.211  31.278  30.707 0.0000000000
114754  -40.352  31.557  29.321 0.0000000000
160105  -42.526  44.366  33.457 0.0000000000
123729  -42.385  43.667  33.677 0.0000000000
124343  -43.185  44.042  33.646 0.0000000000
142438  -44.557  37.110  31.542 0.0000000000
119350  -44.327  36.219  31.642 0.0000000000
118654  -43.042  35.429  32.117 0.0000000000
117943  -41.568  34.646  32.261 0.0000000000
118653  -42.016  35.470  32.426 0.0000000000
162710  -50.280  25.055  38.216 0.0000000000
113824  -51.630  29.100  35.884 0.0000000000
149206  -51.927  28.020  35.375 0.0000000000
145081  -51.495  29.281  33.294 0.0000000000
148209  -51.559  30.762  33.464 0.0000000000
127295  -27.840  50.042  29.936 0.0000000000
126754  -27.738  49.073  30.877 0.0000000000
164622  -28.097  49.363  30.154 0.0000000000
126217  -28.746  47.967  30.852 0.0000000000
166379  -28.746  48.967  29.783 0.0000000000
141859  -34.851  50.455  28.121 0.0000000000
127915  -34.200  50.357  28.174 0.0000000000
127316  -34.800  50.172  28.631 0.0000000000
126777  -35.168  48.872  29.554 0.0000000000
126778  -36.006  49.041  29.658 0.0000000000
126763  -36.473  48.299  30.106 0.0000000000
127284  -36.862  49.398  29.809 0.0000000000
128512  -41.780  51.559  30.188 0.0000000000
127880  -41.678  50.733  31.097 0.0000000000
149532  -42.660  50.960  31.351 0.0000000000
127872  -43.150  50.474  32.046 0.0000000000
127881  -43.744  51.339  31.685 0.0000000000
127882  -44.911  51.555  31.903 0.0000000000
143079  -43.847  52.030  30.781 0.0000000000
118585  -46.216  35.319  38.830 0.0000000000
117877  -46.972  35.284  38.504 0.0000000000
118597  -48.348  35.795  38.117 0.0000000000
117878  -48.217  34.958  38.010 0.0000000000
117891  -48.890  34.600  37.609 0.0000000000
163806  -48.960  29.023  33.481 0.0000000000
112914  -49.406  29.622  32.867 0.0000000000
113858  -49.154  29.562  31.987 0.0000000000
113859  -49.523  30.619  31.315 0.0000000000
113869  -48.877  29.633  31.128 0.0000000000
119922  -34.895  37.235  36.535 0.0000000000
119290  -35.133  36.345  36.597 0.0000000000
118610  -35.214  35.430  36.707 0.0000000000
118611  -36.075  35.268  36.491 0.0000000000
119941  -42.387  37.534  34.199 0.0000000000
150090  -41.095  37.512  34.485 0.0000000000
119310  -41.989  36.258  34.560 0.0000000000
112921  -42.824  29.021  32.463 0.0000000000
164295  -42.313  29.889  33.472 0.0000000000
112910  -42.929  28.885  33.290 0.0000000000
113831  -42.061  29.066  34.600 0.0000000000
112922  -43.403  28.541  32.732 0.0000000000
112923  -44.032  27.980  33.069 0.0000000000
158299  -43.839  28.198  31.554 0.0000000000
113924  -43.627  30.330  26.329 0.0000000000
113909  -44.227  29.334  26.890 0.0000000000
113925  -44.491  29.999  26.105 0.0000000000
113939  -44.851  30.186  25.472 0.0000000000
114807  -44.459  30.395  25.083 0.0000000000
114817  -44.176  29.995  24.352 0.0000000000
114806  -43.618  30.480  25.267 0.0000000000
112995  -38.337  28.674  26.002 0.0000000000
112102  -38.906  28.258  25.530 0.0000000000
112087  -38.515  27.955  26.157 0.0000000000
115645  -37.786  31.528  31.101 0.0000000000
115657  -37.579  30.978  30.056 0.0000000000
165813  -37.024  31.056  30.716 0.0000000000
144460  -34.644  28.579  30.017 0.0000000000
112944  -35.878  27.787  30.106 0.0000000000
112037  -35.894  27.579  31.088 0.0000000000
112024  -35.264  27.728  31.523 0.0000000000
110443  -51.471  26.110  29.790 0.0000000000
112095  -46.961  27.392  25.868 0.0000000000
112109  -46.326  27.872  25.029 0.0000000000
124324  -46.382  44.670  34.110 0.0000000000
123715  -46.163  44.043  33.760 0.0000000000
123103  -46.748  43.897  33.268 0.0000000000
121922  -44.859  40.703  31.073 0.0000000000
155694  -45.451  41.065  31.325 0.0000000000
121283  -44.601  39.323  31.266 0.0000000000
120638  -44.331  38.686  31.427 0.0000000000
120637  -43.447  38.651  31.612 0.0000000000
119986  -42.698  37.668  32.192 0.0000000000
120636  -42.599  38.525  31.905 0.0000000000
159094  -40.944  38.419  32.443 0.0000000000
148748  -50.853  27.739  39.725 0.0000000000
113800  -51.825  29.280  37.732 0.0000000000
114669  -51.579  30.280  37.593 0.0000000000
129116  -27.895  52.820  30.741 0.0000000000
128550  -40.669  50.942  28.167 0.0000000000
128565  -41.735  50.884  26.930 0.0000000000
160002  -40.600  50.638  25.542 0.0000000000
113811  -45.426  29.006  36.939 0.0000000000
113812  -46.281  29.148  36.699 0.0000000000
112879  -46.650  28.637  36.041 0.0000000000
112891  -47.625  28.357  34.881 0.0000000000
112899  -47.070  27.873  34.587 0.0000000000
123701  -30.882  43.552  34.737 0.0000000000
155956  -35.958  39.094  35.935 0.0000000000
117189  -44.160  32.963  32.457 0.0000000000
116440  -43.797  32.558  32.890 0.0000000000
116447  -43.653  32.407  32.589 0.0000000000
146372  -42.067  30.063  31.496 0.0000000000
141691  -42.525  29.701  32.117 0.0000000000
113857  -42.151  29.517  31.293 0.0000000000
164226  -42.288  28.923  30.506 0.0000000000
140673  -41.895  29.334  30.559 0.0000000000
113893  -41.336  30.421  28.395 0.0000000000
113880  -41.793  29.327  29.058 0.0000000000
113907  -42.456  30.415  27.238 0.0000000000
114794  -41.766  30.739  26.496 0.0000000000
114781  -41.538  30.953  27.295 0.0000000000
114779  -40.109  30.586  27.487 0.0000000000
113906  -39.062  29.672  26.799 0.0000000000
123725  -38.540  43.550  33.380 0.0000000000
123710  -39.041  42.926  33.853 0.0000000000
123711  -39.955  42.963  33.985 0.0000000000
122481  -42.133  41.591  34.129 0.0000000000
122480  -41.286  41.459  34.494 0.0000000000
157455  -41.778  40.869  34.135 0.0000000000
121240  -41.831  39.949  33.806 0.0000000000
165261  -42.475  39.972  33.582 0.0000000000
123109  -45.483  42.397  33.133 0.0000000000
123108  -44.389  42.356  33.451 0.0000000000
152469  -45.097  40.902  32.807 0.0000000000
166863  -45.858  36.598  32.274 0.0000000000
120610  -45.387  38.078  33.067 0.0000000000
119962  -45.197  37.201  33.300 0.0000000000
119961  -44.244  37.282  33.540 0.0000000000
119327  -45.332  36.225  33.104 0.0000000000
117936  -45.343  34.327  32.277 0.0000000000
117947  -45.704  34.465  32.011 0.0000000000
117187  -42.068  33.788  31.825 0.0000000000
117198  -42.954  33.066  31.700 0.0000000000
116454  -41.668  32.560  31.409 0.0000000000
116453  -40.775  32.873  31.240 0.0000000000
116461  -40.276  32.552  30.608 0.0000000000
119340  -40.528  36.034  32.990 0.0000000000
160103  -40.292  35.236  32.805 0.0000000000
161273  -37.767  33.872  33.039 0.0000000000
117178  -38.447  34.166  32.911 0.0000000000
111148  -52.032  26.506  38.196 0.0000000000
111155  -52.106  25.996  37.339 0.0000000000
142300  -52.432  26.651  37.236 0.0000000000
111998  -52.460  26.542  34.419 0.0000000000
111169  -52.615  25.930  34.803 0.0000000000
110407  -52.510  26.045  33.794 0.0000000000
139639  -52.353  25.922  32.835 0.0000000000
111191  -51.984  26.292  32.065 0.0000000000
113861  -51.224  29.293  31.541 0.0000000000
112032  -50.992  28.425  31.124 0.0000000000
112952  -50.835  28.680  30.420 0.0000000000
142930  -50.640  29.017  28.987 0.0000000000
112965  -50.823  29.831  29.766 0.0000000000
125565  -28.187  46.666  37.577 0.0000000000
160379  -27.949  46.111  37.955 0.0000000000
158273  -27.672  46.279  37.253 0.0000000000
141066  -27.256  45.038  37.216 0.0000000000
162099  -27.410  45.866  36.282 0.0000000000
127865  -29.141  50.839  33.877 0.0000000000
127259  -28.078  49.867  33.766 0.0000000000
126190  -27.593  47.807  32.853 0.0000000000
126728  -27.564  48.247  33.544 0.0000000000
125581  -27.724  46.537  33.621 0.0000000000
124959  -27.647  46.057  34.172 0.0000000000
124960  -28.236  45.740  33.650 0.0000000000
124951  -28.702  44.952  34.070 0.0000000000
124961  -29.249  45.336  33.459 0.0000000000
125604  -30.581  46.462  31.502 0.0000000000
124980  -30.690  45.570  32.726 0.0000000000
124981  -31.639  45.582  32.683 0.0000000000
124965  -33.002  45.263  33.242 0.0000000000
125593  -32.972  46.060  32.107 0.0000000000
126773  -31.256  48.566  29.422 0.0000000000
126774  -32.099  48.708  29.328 0.0000000000
126207  -34.658  46.876  30.876 0.0000000000
126206  -33.809  46.835  30.883 0.0000000000
151708  -34.995  46.437  31.403 0.0000000000
125595  -34.671  45.962  31.971 0.0000000000
124996  -35.427  45.787  31.953 0.0000000000
124987  -36.783  45.164  32.158 0.0000000000
124998  -37.184  45.741  31.641 0.0000000000
153582  -38.681  47.254  31.294 0.0000000000
125612  -38.520  46.529  31.565 0.0000000000
125597  -39.413  46.743  31.770 0.0000000000
124990  -40.295  45.847  32.397 0.0000000000
125598  -40.332  46.640  32.220 0.0000000000
127306  -38.637  50.870  29.566 0.0000000000
127286  -38.491  50.077  30.280 0.0000000000
127287  -39.296  50.236  30.437 0.0000000000
127277  -41.779  49.304  32.033 0.0000000000
126748  -41.040  49.058  31.748 0.0000000000
126729  -42.048  47.948  32.643 0.0000000000
126185  -41.903  47.201  32.707 0.0000000000
158610  -42.585  47.411  32.957 0.0000000000
125577  -44.354  46.468  33.801 0.0000000000
126187  -43.330  47.647  33.281 0.0000000000
127254  -45.927  49.143  33.892 0.0000000000
126725  -46.176  48.426  34.208 0.0000000000
126188  -46.820  47.729  33.960 0.0000000000
125600  -46.893  46.341  32.952 0.0000000000
126195  -46.547  47.450  32.975 0.0000000000
126215  -46.518  48.565  32.960 0.0000000000
127883  -45.859  51.089  32.055 0.0000000000
127280  -46.179  50.101  32.634 0.0000000000
127292  -45.773  50.718  31.682 0.0000000000
127892  -45.807  51.534  31.259 0.0000000000
128537  -43.574  52.088  28.842 0.0000000000
117879  -51.025  34.511  38.495 0.0000000000
117150  -50.698  33.862  36.335 0.0000000000
117139  -51.250  33.576  37.377 0.0000000000
117151  -51.161  33.576  36.270 0.0000000000
115584  -51.529  31.978  36.786 0.0000000000
116422  -51.114  32.886  35.247 0.0000000000
115594  -48.126  31.105  36.799 0.0000000000
115583  -48.419  32.166  37.026 0.0000000000
114681  -48.856  31.041  36.107 0.0000000000
114709  -50.533  31.982  33.258 0.0000000000
115604  -50.687  32.277  34.369 0.0000000000
115614  -51.134  32.366  33.548 0.0000000000
116441  -51.408  32.239  33.452 0.0000000000
116448  -51.545  32.454  32.773 0.0000000000
114719  -52.184  32.157  32.122 0.0000000000
115652  -51.613  32.384  31.791 0.0000000000
114756  -49.866  32.160  29.124 0.0000000000
115669  -50.792  32.312  29.638 0.0000000000
115674  -50.344  32.136  29.188 0.0000000000
144117  -50.210  31.675  28.269 0.0000000000
147701  -49.784  31.490  27.490 0.0000000000
146035  -35.871  33.394  37.284 0.0000000000
115564  -37.182  31.164  38.556 0.0000000000
122474  -38.639  41.551  35.329 0.0000000000
122473  -37.818  41.579  35.424 0.0000000000
121865  -39.141  40.954  35.332 0.0000000000
119938  -39.618  37.635  34.836 0.0000000000
120568  -38.350  38.381  35.154 0.0000000000
147903  -39.096  37.110  35.193 0.0000000000
119925  -37.518  37.494  35.542 0.0000000000
119293  -38.578  36.635  35.449 0.0000000000
117170  -42.622  33.205  33.895 0.0000000000
155884  -42.168  34.909  34.586 0.0000000000
117159  -41.776  33.551  34.371 0.0000000000
116428  -40.326  32.104  34.700 0.0000000000
117169  -40.829  32.921  34.540 0.0000000000
117158  -40.019  33.462  35.022 0.0000000000
117917  -38.999  34.547  35.590 0.0000000000
149602  -39.230  32.963  35.390 0.0000000000
117156  -38.563  33.070  35.773 0.0000000000
116419  -38.824  32.208  35.671 0.0000000000
112886  -42.349  28.572  35.264 0.0000000000
114678  -39.951  29.995  35.985 0.0000000000
113808  -41.348  29.135  36.536 0.0000000000
113793  -40.769  29.503  37.139 0.0000000000
113809  -42.212  28.808  36.632 0.0000000000
161016  -42.974  28.435  36.445 0.0000000000
112887  -43.394  28.016  35.990 0.0000000000
112029  -45.487  27.611  32.023 0.0000000000
112004  -45.794  27.389  33.691 0.0000000000
112016  -46.140  27.419  32.761 0.0000000000
112017  -46.979  27.623  32.581 0.0000000000
112959  -43.462  28.410  29.490 0.0000000000
112946  -43.850  28.263  30.276 0.0000000000
143393  -45.769  28.481  27.833 0.0000000000
138847  -45.979  28.162  28.871 0.0000000000
112975  -46.594  28.500  28.362 0.0000000000
112962  -46.826  28.396  29.113 0.0000000000
112976  -47.437  28.897  28.451 0.0000000000
113896  -48.223  29.730  28.601 0.0000000000
144867  -47.866  29.734  27.844 0.0000000000
113942  -47.254  30.331  25.520 0.0000000000
113927  -47.609  30.269  26.358 0.0000000000
114798  -48.253  30.575  25.468 0.0000000000
114811  -49.047  30.490  25.185 0.0000000000
114821  -48.404  30.271  24.389 0.0000000000
113027  -47.948  29.045  23.442 0.0000000000
113956  -47.188  29.435  23.411 0.0000000000
112134  -43.977  27.952  22.725 0.0000000000
112122  -44.911  27.950  22.772 0.0000000000
146603  -44.238  27.748  23.511 0.0000000000
155131  -44.473  27.666  25.259 0.0000000000
112107  -43.567  27.636  24.663 0.0000000000
113936  -41.336  29.641  25.370 0.0000000000
113950  -41.370  28.671  24.159 0.0000000000
113949  -40.588  28.546  24.522 0.0000000000
146744  -39.824  27.678  25.286 0.0000000000
112104  -40.567  27.584  24.799 0.0000000000
112090  -41.617  27.461  25.795 0.0000000000
112079  -41.491  27.376  27.059 0.0000000000
112068  -42.146  27.122  27.899 0.0000000000
146948  -40.646  27.439  27.221 0.0000000000
112065  -39.357  27.366  27.958 0.0000000000
112066  -40.437  27.328  28.094 0.0000000000
111215  -39.863  26.794  29.781 0.0000000000
139667  -39.489  31.597  29.530 0.0000000000
113892  -37.391  29.759  27.688 0.0000000000
113891  -36.393  29.739  27.706 0.0000000000
112969  -36.067  29.290  27.890 0.0000000000
112981  -36.757  29.205  27.461 0.0000000000
112039  -37.255  27.090  30.320 0.0000000000
112052  -37.339  27.316  29.356 0.0000000000
111204  -38.766  26.650  30.808 0.0000000000
139645  -51.184  27.078  28.495 0.0000000000
157401  -51.068  27.151  27.473 0.0000000000
111260  -49.842  26.958  25.499 0.0000000000
124359  -46.942  44.395  32.789 0.0000000000
123735  -46.849  43.721  32.792 0.0000000000
123743  -46.663  43.518  32.314 0.0000000000
123146  -45.663  42.081  31.342 0.0000000000
121921  -43.798  40.756  30.959 0.0000000000
121912  -43.314  40.045  31.140 0.0000000000
121920  -42.813  40.757  30.899 0.0000000000
114665  -44.345  29.731  37.602 0.0000000000
113810  -44.547  28.994  37.126 0.0000000000
123703  -32.710  43.739  34.621 0.0000000000
123690  -34.020  43.106  34.982 0.0000000000
122471  -36.007  41.162  35.684 0.0000000000
115649  -42.693  31.471  31.942 0.0000000000
114769  -41.182  31.060  27.917 0.0000000000
114768  -40.609  31.205  28.176 0.0000000000
114767  -39.783  30.987  28.331 0.0000000000
148831  -40.311  44.204  33.046 0.0000000000
123727  -40.528  43.562  33.542 0.0000000000
123728  -41.473  43.433  33.716 0.0000000000
123105  -42.163  42.902  34.031 0.0000000000
122483  -42.933  41.653  33.766 0.0000000000
120650  -46.104  38.759  31.682 0.0000000000
121258  -46.263  39.625  32.043 0.0000000000
120640  -46.263  38.216  31.873 0.0000000000
119352  -45.775  36.682  31.811 0.0000000000
118660  -45.329  35.182  31.683 0.0000000000
142058  -44.830  34.400  31.738 0.0000000000
117945  -43.774  34.676  31.747 0.0000000000
117186  -40.952  34.036  31.935 0.0000000000
117185  -39.949  34.145  32.332 0.0000000000
118649  -39.786  35.823  33.180 0.0000000000
110375  -51.325  25.364  36.710 0.0000000000
150167  -52.416  27.480  37.077 0.0000000000
111978  -52.493  26.906  36.252 0.0000000000
143504  -52.157  27.362  34.569 0.0000000000
166197  -52.098  27.199  33.783 0.0000000000
112018  -51.488  27.502  32.342 0.0000000000
112915  -51.543  28.327  33.371 0.0000000000
112926  -51.384  28.793  32.533 0.0000000000
158091  -51.510  30.329  31.974 0.0000000000
126174  -28.341  47.689  36.694 0.0000000000
128496  -27.749  51.005  32.177 0.0000000000
127258  -27.628  49.482  32.999 0.0000000000
127267  -27.510  49.531  32.140 0.0000000000
126199  -27.708  48.151  32.050 0.0000000000
126191  -28.005  47.413  32.295 0.0000000000
125589  -29.123  46.294  32.423 0.0000000000
126201  -29.170  47.276  31.189 0.0000000000
126202  -30.052  46.964  30.922 0.0000000000
126203  -31.024  46.890  30.873 0.0000000000
127914  -33.371  50.228  28.127 0.0000000000
156699  -32.824  48.804  29.389 0.0000000000
126776  -34.335  48.784  29.507 0.0000000000
126761  -34.725  48.095  29.868 0.0000000000
164895  -35.819  47.666  30.357 0.0000000000
126208  -36.265  46.751  31.013 0.0000000000
126225  -36.399  47.372  30.574 0.0000000000
126227  -38.016  48.051  30.565 0.0000000000
126745  -38.815  48.160  30.885 0.0000000000
127901  -39.983  51.356  29.955 0.0000000000
127288  -40.058  50.388  30.638 0.0000000000
127879  -40.828  50.544  30.856 0.0000000000
127268  -42.674  49.596  32.322 0.0000000000
126731  -43.750  48.529  33.301 0.0000000000
127269  -43.743  49.984  32.658 0.0000000000
127262  -45.598  49.796  33.434 0.0000000000
127263  -46.289  49.714  33.376 0.0000000000
127271  -46.507  49.569  33.079 0.0000000000
127874  -45.509  50.994  32.463 0.0000000000
128499  -45.695  51.376  31.875 0.0000000000
118575  -45.501  35.337  39.208 0.0000000000
118576  -45.930  36.037  39.177 0.0000000000
119273  -47.262  36.952  38.618 0.0000000000
119274  -48.370  36.885  38.215 0.0000000000
152791  -50.599  35.556  37.879 0.0000000000
150933  -49.844  34.964  37.382 0.0000000000
117892  -50.362  34.336  36.981 0.0000000000
117137  -49.755  33.770  36.709 0.0000000000
159203  -48.806  29.410  34.911 0.0000000000
113823  -49.102  30.089  35.167 0.0000000000
113833  -49.374  29.935  34.466 0.0000000000
146178  -50.015  30.717  33.054 0.0000000000
114718  -50.513  32.121  32.301 0.0000000000
114729  -50.790  32.507  31.447 0.0000000000
114728  -50.153  31.900  31.385 0.0000000000
114742  -49.900  32.081  29.898 0.0000000000
114755  -49.140  31.295  28.524 0.0000000000
117889  -34.869  34.549  37.128 0.0000000000
117147  -35.909  34.040  36.894 0.0000000000
116409  -37.262  32.486  36.855 0.0000000000
149357  -40.455  40.099  34.473 0.0000000000
153566  -39.254  40.009  34.803 0.0000000000
157484  -40.320  39.050  34.423 0.0000000000
119939  -40.290  37.148  34.761 0.0000000000
119295  -40.241  36.299  35.060 0.0000000000
114707  -42.605  30.430  33.092 0.0000000000
142314  -41.816  32.043  33.878 0.0000000000
114700  -42.128  30.612  33.620 0.0000000000
115612  -41.460  31.180  34.097 0.0000000000
114698  -40.860  30.371  34.707 0.0000000000
114689  -40.231  30.566  35.280 0.0000000000
113830  -41.372  29.558  34.920 0.0000000000
112898  -43.596  28.018  34.420 0.0000000000
111994  -44.364  27.657  34.478 0.0000000000
112912  -44.034  27.862  33.800 0.0000000000
112014  -44.697  27.724  32.588 0.0000000000
112042  -45.147  27.851  31.078 0.0000000000
112984  -43.637  28.917  27.763 0.0000000000
112973  -44.035  28.429  28.680 0.0000000000
112985  -45.129  28.832  27.105 0.0000000000
112997  -45.974  29.031  26.710 0.0000000000
113911  -46.887  29.575  26.659 0.0000000000
147759  -46.436  29.856  25.857 0.0000000000
113940  -45.729  30.243  25.221 0.0000000000
114809  -45.868  30.155  24.253 0.0000000000
113955  -46.248  29.449  23.463 0.0000000000
113954  -45.329  29.452  23.376 0.0000000000
113953  -44.471  29.289  23.262 0.0000000000
113023  -43.193  28.024  22.880 0.0000000000
113934  -39.386  28.727  25.355 0.0000000000
113004  -39.850  28.177  24.736 0.0000000000
112103  -39.362  27.988  25.008 0.0000000000
112088  -39.160  27.762  25.732 0.0000000000
112078  -39.850  27.536  26.388 0.0000000000
112064  -38.259  27.368  28.128 0.0000000000
115666  -38.582  31.223  29.763 0.0000000000
114751  -36.778  30.412  29.034 0.0000000000
113877  -34.133  30.122  28.657 0.0000000000
113888  -34.641  30.112  28.291 0.0000000000
113878  -34.591  30.031  28.228 0.0000000000
112956  -35.159  29.374  28.404 0.0000000000
112957  -35.861  28.286  28.958 0.0000000000
112026  -37.150  26.971  31.265 0.0000000000
112025  -36.445  27.199  31.563 0.0000000000
112012  -36.205  27.010  32.313 0.0000000000
110433  -51.279  25.279  30.739 0.0000000000
124322  -43.930  44.601  33.699 0.0000000000
123713  -44.032  43.809  33.752 0.0000000000
123714  -45.081  43.712  33.813 0.0000000000
123102  -46.037  43.264  33.374 0.0000000000
122487  -46.316  41.648  32.140 0.0000000000
153742  -46.712  43.127  32.556 0.0000000000
122500  -46.359  41.630  32.023 0.0000000000
145226  -46.422  40.006  31.982 0.0000000000
152961  -45.603  39.007  31.413 0.0000000000
148923  -44.006  37.943  31.614 0.0000000000
153437  -42.797  36.922  32.297 0.0000000000
119342  -42.412  36.287  32.419 0.0000000000
119985  -42.050  37.145  32.499 0.0000000000
119984  -41.203  37.446  32.669 0.0000000000
164303  -42.305  39.034  31.757 0.0000000000
120635  -41.825  38.823  32.031 0.0000000000
140628  -50.846  25.249  38.525 0.0000000000
161848  -51.053  26.238  39.391 0.0000000000
111965  -51.588  26.766  39.080 0.0000000000
111966  -52.069  27.513  38.741 0.0000000000
112849  -51.131  28.402  39.534 0.0000000000
112850  -51.752  28.354  39.055 0.0000000000
112859  -52.118  28.340  38.317 0.0000000000
112867  -52.193  28.315  37.404 0.0000000000
113815  -51.784  29.127  36.778 0.0000000000
144803  -51.603  30.024  36.212 0.0000000000
128497  -28.251  51.580  32.573 0.0000000000
128502  -27.612  51.651  30.972 0.0000000000
128510  -27.614  51.352  30.233 0.0000000000
127896  -27.857  50.802  29.500 0.0000000000
127898  -36.450  50.334  29.054 0.0000000000
127919  -39.101  51.082  29.238 0.0000000000
159164  -40.408  51.466  29.740 0.0000000000
128523  -41.371  51.576  29.524 0.0000000000
128524  -42.571  51.773  29.951 0.0000000000
144589  -41.905  51.425  28.517 0.0000000000
156481  -42.222  51.225  27.557 0.0000000000
113799  -46.722  29.873  37.054 0.0000000000
113814  -47.940  29.686  36.107 0.0000000000
112892  -48.285  28.843  34.996 0.0000000000
112913  -48.309  28.491  33.735 0.0000000000
112925  -48.579  28.668  32.764 0.0000000000
163491  -35.012  38.044  36.413 0.0000000000
119923  -35.674  37.647  36.194 0.0000000000
143565  -44.131  35.074  33.679 0.0000000000
142790  -43.127  34.968  34.211 0.0000000000
117929  -43.735  34.307  33.707 0.0000000000
116431  -43.426  32.751  33.358 0.0000000000
115623  -43.167  32.131  33.151 0.0000000000
115635  -42.772  30.990  32.605 0.0000000000
115622  -42.852  31.397  33.065 0.0000000000
166543  -42.608  30.255  32.641 0.0000000000
112934  -42.551  28.889  31.081 0.0000000000
112945  -42.822  28.577  30.270 0.0000000000
112958  -42.552  28.737  29.366 0.0000000000
112971  -42.406  29.062  28.599 0.0000000000
113895  -42.782  29.360  27.840 0.0000000000
114783  -42.821  30.617  26.599 0.0000000000
114796  -43.254  30.715  26.071 0.0000000000
114805  -42.864  30.649  25.692 0.0000000000
114795  -42.584  30.750  26.397 0.0000000000
113923  -40.878  29.965  26.042 0.0000000000
113922  -40.061  29.561  26.054 0.0000000000
113921  -39.041  29.245  25.930 0.0000000000
113920  -38.303  29.107  26.106 0.0000000000
112994  -37.742  29.043  26.497 0.0000000000
115656  -36.218  30.906  30.707 0.0000000000
115644  -35.264  30.783  30.599 0.0000000000
114737  -34.452  30.542  29.357 0.0000000000
114748  -34.127  30.202  28.757 0.0000000000
113867  -33.619  29.893  29.088 0.0000000000
112942  -33.905  29.137  29.861 0.0000000000
123723  -36.780  43.615  33.821 0.0000000000
123707  -36.606  43.252  34.365 0.0000000000
123708  -37.299  43.130  34.220 0.0000000000
145466  -38.610  42.461  34.533 0.0000000000
122478  -39.701  41.864  34.911 0.0000000000
123098  -40.239  42.353  34.524 0.0000000000
122479  -40.443  41.700  34.767 0.0000000000
121868  -40.511  40.992  34.771 0.0000000000
121234  -41.078  39.487  34.173 0.0000000000
120585  -41.735  38.851  33.909 0.0000000000
119959  -42.865  37.753  33.913 0.0000000000
123731  -44.114  43.099  33.679 0.0000000000
122484  -43.816  41.621  33.450 0.0000000000
121880  -43.293  40.949  33.458 0.0000000000
121882  -44.975  40.080  32.831 0.0000000000
121243  -44.159  39.500  33.175 0.0000000000
121871  -43.169  40.021  33.371 0.0000000000
120588  -43.875  38.576  33.396 0.0000000000
119960  -43.573  37.723  33.638 0.0000000000
119325  -43.512  36.389  34.006 0.0000000000
117172  -44.615  34.318  33.118 0.0000000000
117180  -44.735  33.896  32.524 0.0000000000
117199  -43.743  32.728  32.012 0.0000000000
117952  -44.103  33.796  31.673 0.0000000000
151129  -43.794  33.217  31.743 0.0000000000
116455  -42.723  32.321  31.740 0.0000000000
116460  -39.565  32.454  30.650 0.0000000000
115646  -38.710  32.044  30.897 0.0000000000
118652  -41.065  35.391  32.648 0.0000000000
117941  -39.590  34.936  32.925 0.0000000000
117940  -39.158  34.363  32.744 0.0000000000
117184  -39.035  33.762  32.406 0.0000000000
111154  -51.533  25.632  37.927 0.0000000000
110376  -51.779  25.570  36.977 0.0000000000
157967  -52.129  25.545  35.945 0.0000000000
111168  -52.592  25.907  35.632 0.0000000000
110386  -52.502  25.756  35.197 0.0000000000
146449  -52.296  25.636  35.106 0.0000000000
143216  -52.282  25.761  33.073 0.0000000000
110424  -51.546  25.362  31.689 0.0000000000
110425  -51.794  25.730  31.420 0.0000000000
111209  -51.431  26.571  30.289 0.0000000000
151584  -51.338  27.389  31.499 0.0000000000
112033  -51.139  27.533  30.548 0.0000000000
112046  -51.262  27.037  29.557 0.0000000000
112057  -50.812  27.890  29.058 0.0000000000
112987  -50.432  29.204  27.435 0.0000000000
126711  -27.937  48.012  35.996 0.0000000000
127251  -27.699  49.065  33.738 0.0000000000
158204  -27.519  47.606  34.537 0.0000000000
125568  -27.441  46.885  35.840 0.0000000000
124944  -27.451  45.559  35.803 0.0000000000
124313  -27.641  45.108  35.239 0.0000000000
123684  -28.143  43.500  35.740 0.0000000000
123700  -29.780  43.490  34.927 0.0000000000
124315  -30.314  44.139  34.354 0.0000000000
124316  -31.323  44.202  34.302 0.0000000000
124979  -29.732  45.679  32.852 0.0000000000
124963  -31.225  45.165  33.282 0.0000000000
124317  -32.227  44.297  34.287 0.0000000000
124333  -32.612  44.756  33.732 0.0000000000
124334  -33.447  44.728  33.673 0.0000000000
164967  -34.887  44.586  33.550 0.0000000000
127297  -29.192  49.334  29.201 0.0000000000
126771  -29.538  48.679  29.601 0.0000000000
126757  -30.923  47.982  29.872 0.0000000000
126204  -32.015  46.896  30.913 0.0000000000
126759  -32.952  48.093  29.792 0.0000000000
126205  -32.945  46.878  30.923 0.0000000000
125606  -32.512  46.465  31.535 0.0000000000
125594  -33.796  46.017  32.060 0.0000000000
124984  -34.217  45.560  32.590 0.0000000000
124352  -35.478  44.772  33.117 0.0000000000
124353  -36.451  44.635  32.768 0.0000000000
124354  -37.336  44.587  32.554 0.0000000000
124355  -38.185  44.704  32.469 0.0000000000
124999  -38.086  45.868  31.752 0.0000000000
159449  -38.400  45.351  32.145 0.0000000000
124340  -39.703  44.574  32.711 0.0000000000
124968  -40.629  45.030  32.660 0.0000000000
166525  -41.250  45.356  32.722 0.0000000000
147821  -42.241  44.989  33.199 0.0000000000
127285  -37.684  49.826  30.091 0.0000000000
126765  -38.261  49.023  30.412 0.0000000000
126746  -39.639  48.516  31.159 0.0000000000
127276  -40.557  49.686  31.193 0.0000000000
126747  -40.358  48.803  31.447 0.0000000000
126193  -40.652  47.455  32.108 0.0000000000
125583  -41.176  46.926  32.481 0.0000000000
125584  -41.863  46.419  32.793 0.0000000000
124970  -42.700  45.961  33.267 0.0000000000
124952  -43.868  45.576  33.641 0.0000000000
124953  -45.034  45.785  34.230 0.0000000000
125571  -46.014  46.340  34.488 0.0000000000
126724  -45.319  48.322  34.107 0.0000000000
126177  -46.225  47.102  34.520 0.0000000000
124954  -47.259  45.918  34.200 0.0000000000
161468  -47.232  45.441  33.254 0.0000000000
124358  -46.644  45.203  32.622 0.0000000000
126752  -46.574  49.349  32.980 0.0000000000
126751  -45.903  49.100  32.575 0.0000000000
160219  -43.259  52.002  29.641 0.0000000000
159580  -43.950  52.351  29.643 0.0000000000
129117  -44.664  52.469  30.126 0.0000000000
115558  -51.480  31.704  38.988 0.0000000000
117894  -51.036  34.286  37.650 0.0000000000
116392  -51.378  32.755  38.349 0.0000000000
115570  -51.517  31.828  37.886 0.0000000000
151905  -51.546  31.104  37.471 0.0000000000
150987  -51.575  30.903  36.631 0.0000000000
114692  -51.543  31.217  34.793 0.0000000000
116400  -48.646  33.075  37.212 0.0000000000
116411  -49.387  32.923  36.506 0.0000000000
116412  -50.432  33.426  36.000 0.0000000000
114691  -49.372  30.990  35.428 0.0000000000
157268  -50.251  32.007  35.011 0.0000000000
116421  -50.808  32.887  35.245 0.0000000000
116432  -51.179  32.388  34.324 0.0000000000
115615  -51.439  32.031  34.120 0.0000000000
114703  -51.508  31.344  34.094 0.0000000000
144075  -51.758  31.430  32.463 0.0000000000
113871  -51.490  30.670  31.025 0.0000000000
115662  -50.980  32.475  30.169 0.0000000000
114758  -51.251  32.169  29.919 0.0000000000
113883  -51.099  31.421  29.524 0.0000000000
113898  -50.614  30.786  28.773 0.0000000000
148078  -50.370  30.744  27.636 0.0000000000
113914  -50.270  30.320  26.709 0.0000000000
115550  -37.532  31.054  39.119 0.0000000000
114637  -38.258  30.791  38.984 0.0000000000
147571  -39.805  30.258  38.281 0.0000000000
123089  -36.504  42.264  35.135 0.0000000000
148946  -36.585  40.707  35.704 0.0000000000
121232  -38.772  39.235  34.841 0.0000000000
121231  -38.022  39.375  35.244 0.0000000000
121227  -36.442  39.851  35.824 0.0000000000
120563  -37.074  38.064  35.556 0.0000000000
119924  -36.672  37.201  35.833 0.0000000000
119292  -37.093  36.307  35.864 0.0000000000
118626  -41.614  35.554  34.704 0.0000000000
118625  -40.765  35.572  34.973 0.0000000000
139296  -40.994  33.935  34.742 0.0000000000
166671  -40.472  34.362  35.061 0.0000000000
158276  -39.673  35.895  35.367 0.0000000000
118614  -38.891  35.853  35.528 0.0000000000
118613  -38.130  35.405  35.752 0.0000000000
118612  -37.345  35.602  35.964 0.0000000000
139265  -37.702  34.151  36.197 0.0000000000
117149  -37.852  33.260  36.270 0.0000000000
115591  -37.736  31.593  36.924 0.0000000000
114688  -39.587  30.692  35.735 0.0000000000
115593  -39.059  30.810  36.151 0.0000000000
114676  -38.780  30.593  36.812 0.0000000000
114662  -39.319  30.158  37.206 0.0000000000
113780  -40.296  29.879  37.723 0.0000000000
113782  -41.847  29.779  37.863 0.0000000000
112866  -42.990  28.871  37.020 0.0000000000
112876  -43.797  28.452  36.656 0.0000000000
112889  -45.179  27.906  35.842 0.0000000000
111995  -45.162  27.466  34.458 0.0000000000
165512  -45.870  27.488  34.489 0.0000000000
112890  -46.359  27.722  34.919 0.0000000000
111997  -47.138  27.740  33.926 0.0000000000
112924  -47.742  28.096  32.271 0.0000000000
112937  -47.665  28.156  31.414 0.0000000000
112947  -44.243  28.081  30.978 0.0000000000
112043  -45.701  27.801  30.358 0.0000000000
112974  -45.040  28.300  28.761 0.0000000000
112961  -45.371  28.051  29.584 0.0000000000
112044  -46.552  27.824  30.470 0.0000000000
112950  -47.455  28.236  30.546 0.0000000000
112951  -48.270  28.783  30.861 0.0000000000
113881  -48.482  29.817  29.419 0.0000000000
114771  -49.285  31.426  27.649 0.0000000000
113912  -47.620  29.923  27.103 0.0000000000
113913  -48.463  30.755  27.226 0.0000000000
114784  -49.271  31.267  26.868 0.0000000000
157656  -49.466  31.115  26.478 0.0000000000
114800  -49.635  30.746  25.965 0.0000000000
113006  -49.745  29.026  24.848 0.0000000000
113018  -49.106  29.147  24.219 0.0000000000
113017  -48.470  28.773  23.903 0.0000000000
112124  -47.016  28.344  24.055 0.0000000000
113025  -46.441  28.834  23.268 0.0000000000
112123  -45.878  28.287  23.516 0.0000000000
113938  -42.885  30.043  24.833 0.0000000000
113012  -42.400  28.054  22.986 0.0000000000
112132  -42.273  28.016  23.042 0.0000000000
142747  -40.754  27.818  24.066 0.0000000000
158188  -41.873  27.591  23.872 0.0000000000
152185  -43.004  27.538  25.352 0.0000000000
112091  -42.724  27.450  26.141 0.0000000000
112081  -43.328  27.229  27.083 0.0000000000
111240  -42.993  26.952  27.881 0.0000000000
111225  -41.053  26.970  28.830 0.0000000000
115668  -40.119  31.805  29.365 0.0000000000
115667  -39.833  31.484  28.959 0.0000000000
114766  -38.589  30.156  28.075 0.0000000000
114763  -35.197  30.115  28.001 0.0000000000
114764  -35.945  30.101  27.968 0.0000000000
113903  -36.395  29.671  27.634 0.0000000000
112982  -37.315  28.784  27.066 0.0000000000
112075  -37.587  27.931  27.373 0.0000000000
112053  -38.190  27.190  29.153 0.0000000000
111985  -43.884  27.791  35.283 0.0000000000
111986  -44.712  27.650  35.226 0.0000000000
111987  -45.547  27.632  35.126 0.0000000000
111996  -46.503  27.571  34.176 0.0000000000
112006  -47.624  27.940  33.263 0.0000000000
112007  -51.596  27.695  33.016 0.0000000000
112015  -45.384  27.494  32.926 0.0000000000
112106  -42.175  27.465  24.959 0.0000000000
112112  -49.253  27.672  24.998 0.0000000000
112117  -39.559  28.026  24.826 0.0000000000
112119  -41.512  27.897  23.535 0.0000000000
112120  -42.303  27.842  23.298 0.0000000000
112133  -42.875  28.038  22.885 0.0000000000
112874  -41.860  28.693  35.961 0.0000000000
112877  -44.820  28.377  36.514 0.0000000000
112878  -45.755  28.479  36.314 0.0000000000
112897  -42.821  28.595  34.289 0.0000000000
112901  -48.141  28.531  34.424 0.0000000000
112936  -43.933  28.126  32.247 0.0000000000
112948  -44.799  28.056  30.295 0.0000000000
112949  -47.048  28.252  29.853 0.0000000000
112964  -48.112  28.855  30.073 0.0000000000
113003  -39.291  28.211  25.155 0.0000000000
113005  -49.233  28.441  24.561 0.0000000000
113013  -44.809  28.115  22.648 0.0000000000
113014  -45.544  28.418  23.022 0.0000000000
113015  -46.620  28.742  23.349 0.0000000000
113026  -47.351  29.014  23.271 0.0000000000
113781  -41.065  29.792  37.793 0.0000000000
113792  -40.024  29.746  37.136 0.0000000000
113795  -42.340  29.317  37.369 0.0000000000
113797  -45.105  29.635  37.427 0.0000000000
113807  -40.522  29.528  36.441 0.0000000000
113813  -47.116  29.366  36.391 0.0000000000
113821  -41.215  29.172  35.839 0.0000000000
113822  -48.417  29.457  35.480 0.0000000000
113839  -42.448  29.287  33.794 0.0000000000
113840  -49.479  29.758  33.696 0.0000000000
113870  -49.292  30.795  30.487 0.0000000000
113926  -45.437  29.732  25.945 0.0000000000
113929  -50.113  29.869  25.744 0.0000000000
113941  -46.638  30.386  24.843 0.0000000000
113944  -49.598  29.983  25.036 0.0000000000
113951  -42.348  28.920  23.858 0.0000000000
113957  -48.409  29.493  23.776 0.0000000000
113962  -42.998  28.533  23.300 0.0000000000
113963  -43.719  28.695  23.079 0.0000000000
113964  -44.250  28.210  22.689 0.0000000000
114638  -39.115  30.593  38.844 0.0000000000
114645  -38.571  30.553  38.396 0.0000000000
114646  -40.593  30.249  38.352 0.0000000000
114648  -42.231  30.345  38.364 0.0000000000
114660  -37.932  30.785  38.357 0.0000000000
114664  -43.060  29.554  37.604 0.0000000000
114677  -39.408  30.320  36.428 0.0000000000
114682  -51.583  31.131  35.602 0.0000000000
114690  -48.663  30.222  35.810 0.0000000000
114699  -41.482  30.249  34.253 0.0000000000
114702  -50.434  31.743  33.988 0.0000000000
114708  -49.990  30.755  33.890 0.0000000000
114710  -52.212  32.044  32.763 0.0000000000
114743  -51.381  31.075  30.156 0.0000000000
114744  -51.507  31.777  30.610 0.0000000000
114785  -49.756  31.193  26.733 0.0000000000
114786  -50.025  30.853  26.414 0.0000000000
114799  -49.079  30.946  26.113 0.0000000000
114804  -42.223  30.603  25.875 0.0000000000
114810  -47.570  30.378  24.526 0.0000000000
114818  -44.932  30.105  24.217 0.0000000000
114820  -47.762  29.991  23.740 0.0000000000
115551  -38.677  31.102  39.532 0.0000000000
115579  -38.165  30.923  37.216 0.0000000000
115592  -38.504  31.343  36.337 0.0000000000
115595  -49.077  31.936  36.374 0.0000000000
115597  -51.509  32.171  35.764 0.0000000000
115602  -39.224  31.423  35.645 0.0000000000
115603  -39.901  31.384  35.143 0.0000000000
115611  -40.577  31.269  34.625 0.0000000000
115613  -42.356  31.644  33.532 0.0000000000
115625  -51.804  32.324  32.816 0.0000000000
115636  -43.152  31.771  32.605 0.0000000000
115637  -51.282  32.593  32.089 0.0000000000
115638  -51.801  32.379  32.459 0.0000000000
115651  -51.152  32.492  31.126 0.0000000000
115661  -50.459  32.372  29.706 0.0000000000
115663  -51.398  32.329  30.813 0.0000000000
116408  -36.524  32.978  37.162 0.0000000000
116414  -51.375  32.990  36.019 0.0000000000
117126  -51.194  33.739  38.375 0.0000000000
117138  -50.955  34.043  36.798 0.0000000000
117148  -37.120  33.496  36.604 0.0000000000
117157  -39.165  33.732  35.489 0.0000000000
117171  -43.542  33.523  33.587 0.0000000000
117179  -44.231  33.141  32.859 0.0000000000
117190  -44.628  33.641  32.251 0.0000000000
117904  -35.598  34.606  36.791 0.0000000000
117906  -36.999  34.337  36.450 0.0000000000
117907  -38.249  34.710  35.830 0.0000000000
117908  -38.780  35.165  35.634 0.0000000000
117909  -50.744  34.116  36.761 0.0000000000
117918  -40.354  35.008  35.239 0.0000000000
117930  -45.016  34.860  32.874 0.0000000000
117937  -45.600  34.694  32.262 0.0000000000
117946  -45.369  34.151  32.071 0.0000000000
117953  -44.958  33.905  31.982 0.0000000000
117954  -45.642  34.316  31.972 0.0000000000
118587  -47.524  36.004  38.465 0.0000000000
118589  -50.854  35.271  38.505 0.0000000000
118596  -34.474  35.179  37.017 0.0000000000
118599  -50.862  34.896  37.924 0.0000000000
118615  -40.138  35.605  35.263 0.0000000000
118624  -39.552  35.225  35.465 0.0000000000
118627  -42.519  35.629  34.478 0.0000000000
118639  -43.362  35.705  34.173 0.0000000000
118640  -43.995  35.842  33.785 0.0000000000
118641  -44.762  35.627  33.356 0.0000000000
118650  -45.440  35.333  32.661 0.0000000000
118655  -45.760  35.049  32.120 0.0000000000
118661  -45.822  34.910  31.992 0.0000000000
119263  -46.359  36.804  39.059 0.0000000000
119336  -45.698  36.829  32.778 0.0000000000
119344  -45.830  35.892  31.999 0.0000000000
119345  -46.039  36.943  31.994 0.0000000000
119351  -45.280  36.275  31.562 0.0000000000
119353  -46.077  37.550  31.835 0.0000000000
119926  -38.292  37.440  35.359 0.0000000000
119927  -39.725  36.895  35.058 0.0000000000
119937  -38.898  37.746  35.056 0.0000000000
119940  -41.531  36.850  34.541 0.0000000000
119942  -43.027  37.088  34.138 0.0000000000
119978  -45.750  37.553  32.798 0.0000000000
119979  -46.045  37.444  32.295 0.0000000000
119987  -46.253  37.672  31.995 0.0000000000
119993  -43.547  37.172  31.889 0.0000000000
119994  -45.300  37.107  31.530 0.0000000000
119995  -45.720  37.627  31.578 0.0000000000
120561  -34.778  38.781  36.440 0.0000000000
120564  -37.772  37.994  35.403 0.0000000000
120566  -36.736  38.897  35.620 0.0000000000
120569  -39.152  38.386  34.775 0.0000000000
120572  -41.760  37.972  34.207 0.0000000000
120586  -42.384  38.230  33.890 0.0000000000
120589  -44.518  37.943  33.384 0.0000000000
120626  -46.337  38.248  32.052 0.0000000000
120648  -45.127  38.833  31.283 0.0000000000
120649  -45.656  38.384  31.460 0.0000000000
121230  -37.250  39.573  35.517 0.0000000000
121233  -39.532  39.138  34.603 0.0000000000
121241  -42.547  39.206  33.632 0.0000000000
121242  -43.353  39.140  33.460 0.0000000000
121256  -44.977  39.328  32.904 0.0000000000
121257  -45.631  39.566  32.544 0.0000000000
121275  -46.379  39.513  31.985 0.0000000000
121280  -41.989  39.429  31.607 0.0000000000
121281  -42.820  39.307  31.505 0.0000000000
121282  -43.801  39.354  31.377 0.0000000000
121284  -46.283  39.418  31.897 0.0000000000
121288  -45.167  39.665  31.244 0.0000000000
121289  -45.822  39.523  31.577 0.0000000000
121864  -38.232  40.954  35.488 0.0000000000
121900  -46.239  40.505  31.958 0.0000000000
121914  -46.311  40.824  31.906 0.0000000000
121924  -46.038  40.163  31.818 0.0000000000
122475  -39.271  41.535  35.182 0.0000000000
122476  -39.827  41.289  35.061 0.0000000000
122485  -44.779  41.593  33.121 0.0000000000
122486  -45.764  41.643  32.608 0.0000000000
122520  -46.193  41.623  31.796 0.0000000000
122530  -44.261  41.493  30.937 0.0000000000
122531  -45.169  41.525  31.142 0.0000000000
122532  -45.797  41.595  31.457 0.0000000000
123090  -37.384  42.135  35.167 0.0000000000
123091  -38.237  42.068  35.160 0.0000000000
123092  -38.997  41.966  35.028 0.0000000000
123096  -36.922  42.716  34.717 0.0000000000
123099  -41.037  42.240  34.506 0.0000000000
123100  -41.795  42.220  34.293 0.0000000000
123106  -42.576  42.349  34.001 0.0000000000
123107  -43.444  42.409  33.727 0.0000000000
123110  -46.811  43.503  32.884 0.0000000000
123113  -46.518  42.494  32.235 0.0000000000
123128  -46.285  42.683  31.776 0.0000000000
123129  -46.449  42.277  31.966 0.0000000000
123687  -31.443  43.030  35.164 0.0000000000
123688  -32.311  43.159  35.084 0.0000000000
123699  -28.707  43.882  35.101 0.0000000000
123704  -33.564  43.715  34.566 0.0000000000
123705  -34.423  43.652  34.509 0.0000000000
123706  -35.269  43.615  34.369 0.0000000000
123709  -38.152  42.964  33.960 0.0000000000
123712  -40.799  42.885  34.110 0.0000000000
123716  -46.883  44.481  33.483 0.0000000000
123722  -36.040  43.644  34.109 0.0000000000
123732  -47.011  44.087  33.086 0.0000000000
123742  -45.895  43.440  31.692 0.0000000000
124305  -27.892  44.329  35.486 0.0000000000
124306  -45.484  44.979  34.334 0.0000000000
124307  -46.565  45.354  34.319 0.0000000000
124318  -33.086  44.294  34.210 0.0000000000
124323  -44.772  44.396  34.023 0.0000000000
124331  -30.759  44.640  33.774 0.0000000000
124332  -31.720  44.707  33.758 0.0000000000
124335  -34.225  44.657  33.603 0.0000000000
124337  -37.031  44.062  33.193 0.0000000000
124338  -37.940  44.047  32.935 0.0000000000
124339  -38.848  44.224  32.805 0.0000000000
124341  -41.049  44.208  33.186 0.0000000000
124344  -47.123  44.750  33.294 0.0000000000
124356  -38.982  45.007  32.407 0.0000000000
124936  -28.326  45.949  38.502 0.0000000000
124939  -27.517  45.582  37.585 0.0000000000
124942  -27.407  45.745  36.881 0.0000000000
124945  -45.898  45.651  34.430 0.0000000000
124946  -46.637  45.984  34.449 0.0000000000
124949  -27.503  45.991  34.972 0.0000000000
124950  -27.894  45.375  34.437 0.0000000000
124962  -30.245  45.179  33.331 0.0000000000
124967  -34.598  45.068  33.121 0.0000000000
124969  -41.795  45.595  32.873 0.0000000000
124971  -47.386  45.719  33.747 0.0000000000
124978  -28.882  45.870  33.076 0.0000000000
124982  -32.546  45.633  32.669 0.0000000000
124983  -33.393  45.630  32.638 0.0000000000
124985  -35.039  45.433  32.560 0.0000000000
124997  -36.260  45.722  31.757 0.0000000000
125564  -27.894  47.005  36.999 0.0000000000
125570  -27.429  46.828  35.171 0.0000000000
125572  -46.958  46.699  34.402 0.0000000000
125576  -43.520  46.387  33.498 0.0000000000
125579  -47.377  46.451  34.060 0.0000000000
125585  -47.222  47.016  33.868 0.0000000000
125588  -27.753  47.020  32.960 0.0000000000
125591  -31.126  45.976  32.092 0.0000000000
125592  -32.090  46.037  32.116 0.0000000000
125596  -39.007  45.850  31.981 0.0000000000
125602  -28.746  46.977  31.885 0.0000000000
125603  -29.633  46.604  31.621 0.0000000000
125608  -34.213  46.404  31.467 0.0000000000
125610  -36.675  46.299  31.312 0.0000000000
125611  -37.666  46.504  31.339 0.0000000000
126168  -28.752  47.313  37.483 0.0000000000
126176  -27.550  47.474  35.508 0.0000000000
126179  -43.836  47.103  33.560 0.0000000000
126180  -44.758  47.387  34.000 0.0000000000
126181  -45.797  47.688  34.406 0.0000000000
126182  -46.607  47.614  34.306 0.0000000000
126184  -27.555  47.328  33.644 0.0000000000
126186  -42.424  46.769  32.996 0.0000000000
126192  -40.027  47.264  31.851 0.0000000000
126196  -46.774  47.910  33.421 0.0000000000
126200  -28.358  47.679  31.565 0.0000000000
126209  -37.036  46.930  30.862 0.0000000000
126210  -37.912  47.239  30.932 0.0000000000
126218  -29.582  47.659  30.561 0.0000000000
126219  -30.509  47.485  30.404 0.0000000000
126220  -31.485  47.453  30.367 0.0000000000
126221  -32.472  47.467  30.373 0.0000000000
126222  -33.392  47.429  30.351 0.0000000000
126223  -34.266  47.420  30.335 0.0000000000
126224  -35.102  47.525  30.373 0.0000000000
126226  -37.224  47.733  30.460 0.0000000000
126712  -28.734  48.395  36.364 0.0000000000
126717  -27.746  48.232  35.223 0.0000000000
126721  -27.723  48.561  34.422 0.0000000000
126723  -44.258  47.965  33.640 0.0000000000
126726  -46.535  48.330  34.006 0.0000000000
126733  -46.567  48.617  33.550 0.0000000000
126736  -40.186  47.949  31.639 0.0000000000
126737  -40.859  48.231  31.926 0.0000000000
126738  -41.525  48.493  32.247 0.0000000000
126739  -42.305  48.737  32.508 0.0000000000
126740  -46.626  48.955  33.185 0.0000000000
126743  -27.570  48.905  31.704 0.0000000000
126755  -29.155  48.322  30.213 0.0000000000
126772  -30.367  48.533  29.503 0.0000000000
126775  -33.538  48.757  29.472 0.0000000000
127255  -46.399  48.981  33.754 0.0000000000
127260  -43.233  49.055  32.815 0.0000000000
127261  -44.351  49.486  33.216 0.0000000000
127274  -27.510  49.647  31.342 0.0000000000
127275  -39.845  49.460  30.887 0.0000000000
127283  -27.644  49.814  30.585 0.0000000000
127298  -29.953  49.060  29.095 0.0000000000
127302  -34.761  49.598  29.134 0.0000000000
127303  -35.584  49.567  29.325 0.0000000000
127304  -36.307  49.873  29.388 0.0000000000
127311  -28.948  49.974  28.832 0.0000000000
127313  -30.453  49.407  28.664 0.0000000000
127857  -28.760  50.214  34.259 0.0000000000
127863  -27.915  50.221  33.161 0.0000000000
127864  -28.439  50.560  33.575 0.0000000000
127866  -45.038  50.400  32.989 0.0000000000
127867  -45.997  50.470  33.026 0.0000000000
127870  -27.677  50.232  32.512 0.0000000000
127875  -45.885  50.870  32.477 0.0000000000
127878  -27.517  50.305  31.774 0.0000000000
127886  -38.861  50.782  30.043 0.0000000000
127887  -39.599  50.982  30.152 0.0000000000
127888  -40.349  51.124  30.286 0.0000000000
127889  -41.214  51.223  30.470 0.0000000000
127890  -42.217  51.373  30.720 0.0000000000
127895  -27.624  50.555  30.320 0.0000000000
127916  -35.424  50.413  28.395 0.0000000000
128503  -27.859  51.853  31.762 0.0000000000
128504  -43.266  51.676  31.038 0.0000000000
128505  -44.354  51.956  31.270 0.0000000000
128506  -45.331  51.998  31.388 0.0000000000
128507  -45.761  51.721  31.355 0.0000000000
128522  -39.799  51.292  29.517 0.0000000000
128535  -40.471  51.402  29.106 0.0000000000
128536  -42.554  51.715  29.176 0.0000000000
129107  -27.793  52.273  31.110 0.0000000000
129115  -27.690  52.147  30.415 0.0000000000
129118  -45.289  52.364  30.484 0.0000000000
129125  -27.844  52.710  29.848 0.0000000000
129137  -28.082  52.450  28.847 0.0000000000
129690  -28.152  53.400  30.273 0.0000000000
138394  -50.401  35.040  37.496 0.0000000000
140128  -36.449  33.782  36.783 0.0000000000
140509  -41.766  32.723  34.105 0.0000000000
140578  -49.543  34.301  37.234 0.0000000000
140852  -37.193  50.250  29.495 0.0000000000
140868  -51.067  25.374  36.086 0.0000000000
140873  -43.067  28.104  35.227 0.0000000000
142291  -49.831  31.690  30.707 0.0000000000
142693  -45.707  35.683  31.868 0.0000000000
142819  -43.699  36.984  33.767 0.0000000000
142882  -29.247  44.275  34.513 0.0000000000
143604  -36.190  44.168  33.502 0.0000000000
144059  -48.655  29.765  30.289 0.0000000000
144757  -33.957  49.351  29.209 0.0000000000
145462  -40.716  27.988  23.930 0.0000000000
146369  -51.585  29.219  35.089 0.0000000000
146382  -40.373  38.018  34.558 0.0000000000
146912  -27.356  45.228  36.522 0.0000000000
146958  -37.541  34.910  36.095 0.0000000000
147600  -35.779  36.805  36.295 0.0000000000
148216  -51.578  30.152  35.368 0.0000000000
149229  -46.448  27.572  31.947 0.0000000000
150321  -46.929  28.186  35.323 0.0000000000
150672  -36.600  35.795  36.206 0.0000000000
150822  -27.516  46.491  36.473 0.0000000000
151068  -46.643  42.985  32.318 0.0000000000
151986  -27.419  46.275  35.752 0.0000000000
152097  -47.758  29.324  23.468 0.0000000000
152511  -45.482  38.824  32.756 0.0000000000
152903  -46.372  38.857  31.930 0.0000000000
153195  -41.753  28.946  35.358 0.0000000000
153309  -38.521  40.166  35.200 0.0000000000
153438  -42.296  36.921  34.409 0.0000000000
153519  -27.567  51.048  31.428 0.0000000000
153574  -47.346  46.307  33.629 0.0000000000
154036  -36.824  35.099  36.318 0.0000000000
154166  -46.398  38.920  32.057 0.0000000000
154399  -37.741  40.238  35.453 0.0000000000
154452  -45.871  40.980  31.657 0.0000000000
154587  -27.519  51.002  30.784 0.0000000000
154591  -42.672  27.552  24.226 0.0000000000
155519  -46.095  39.022  32.355 0.0000000000
155876  -45.862  51.965  31.011 0.0000000000
156007  -35.452  41.669  35.520 0.0000000000
156372  -35.565  46.964  30.847 0.0000000000
156535  -44.886  28.586  22.707 0.0000000000
156629  -35.480  38.512  36.195 0.0000000000
157022  -30.702  48.937  29.104 0.0000000000
157906  -37.061  40.290  35.628 0.0000000000
157998  -39.760  46.112  32.154 0.0000000000
158132  -41.764  34.296  34.583 0.0000000000
158923  -28.344  46.802  32.495 0.0000000000
158960  -46.036  38.114  31.660 0.0000000000
159136  -37.698  36.853  35.608 0.0000000000
160067  -35.749  39.788  36.106 0.0000000000
160134  -45.546  44.336  34.105 0.0000000000
160340  -43.933  29.460  23.682 0.0000000000
160495  -43.726  52.183  30.275 0.0000000000
160628  -40.838  36.785  34.668 0.0000000000
160717  -47.143  27.741  31.882 0.0000000000
161109  -47.026  46.958  33.410 0.0000000000
161260  -35.873  36.024  36.412 0.0000000000
161807  -28.383  48.649  30.498 0.0000000000
162505  -41.836  37.364  34.392 0.0000000000
163291  -41.286  50.748  26.391 0.0000000000
163408  -40.173  32.694  34.806 0.0000000000
163740  -41.144  51.359  28.681 0.0000000000
163746  -39.688  30.032  37.676 0.0000000000
164008  -43.682  29.868  37.776 0.0000000000
164660  -35.172  46.109  31.702 0.0000000000
164748  -48.029  30.465  26.832 0.0000000000
165171  -41.485  44.872  32.931 0.0000000000
165255  -51.127  33.368  35.764 0.0000000000
165420  -47.585  28.526  29.968 0.0000000000
165437  -32.481  48.410  29.590 0.0000000000
166576  -49.968  32.799  35.893 0.0000000000
166606  -38.379  47.642  30.919 0.0000000000
166643  -27.557  48.853  33.200 0.0000000000
166716  -47.667  35.305  38.288 0.0000000000
166725  -50.879  32.615  34.663 0.0000000000
167019  -49.404  29.479  24.587 0.0000000000
167416  -39.891  39.801  34.608 0.0000000000
