#!ascii label  , from subject sub-v1s22x0050447_ses-1 vox2ras=TkReg
1283
63591  -23.852  -22.128  10.185 0.4285714328
66703  -23.716  -19.928  9.118 0.2857142985
65645  -23.124  -20.507  9.262 0.4285714328
65646  -24.944  -20.333  9.570 0.4285714328
66706  -25.900  -19.542  10.006 0.4285714328
67737  -23.657  -18.806  8.300 0.2857142985
67729  -25.033  -18.947  9.012 0.4285714328
157758  -26.338  -18.722  10.072 0.4285714328
68781  -24.613  -17.656  7.606 0.4285714328
68774  -25.658  -17.784  8.622 0.4285714328
69988  -25.106  -17.018  7.142 0.4285714328
69999  -25.607  -16.220  6.757 0.4285714328
71304  -23.837  -15.678  5.213 0.5714285970
69990  -26.370  -16.115  7.235 0.4285714328
71288  -26.973  -15.416  7.070 0.2857142985
71306  -25.434  -15.198  5.681 0.7142857313
71307  -26.233  -14.974  6.008 0.7142857313
73449  -27.046  -13.721  6.025 0.7142857313
153777  -27.971  -13.724  6.793 0.4285714328
72417  -26.868  -14.446  6.265 0.7142857313
72418  -27.458  -14.082  6.484 0.5714285970
163109  -28.013  -12.496  6.499 0.5714285970
146614  -26.607  -13.317  5.524 0.5714285970
74452  -26.746  -12.508  5.326 0.5714285970
74453  -27.307  -12.158  5.617 0.5714285970
75440  -27.655  -11.597  5.770 0.5714285970
73460  -26.137  -12.866  4.978 0.5714285970
75419  -28.449  -11.627  6.923 0.4285714328
76533  -27.616  -10.781  5.347 0.5714285970
77569  -28.238  -9.196  5.099 0.5714285970
75469  -26.205  -10.763  4.043 0.7142857313
77568  -27.735  -9.908  4.880 0.7142857313
78595  -28.649  -8.490  5.364 0.5714285970
76544  -26.768  -10.578  4.386 0.5714285970
75477  -24.412  -11.497  1.978 0.5714285970
77586  -26.777  -9.505  3.398 0.8571428657
78608  -28.335  -8.484  4.547 0.7142857313
76562  -26.057  -9.954  2.971 0.7142857313
76561  -25.351  -10.431  2.452 0.5714285970
79628  -28.249  -7.153  3.608 0.7142857313
143024  -28.778  -7.169  5.302 0.5714285970
77587  -27.418  -9.129  3.725 0.7142857313
79615  -28.401  -7.825  4.043 0.7142857313
80648  -28.328  -6.427  4.044 0.5714285970
78607  -27.901  -8.428  3.712 0.7142857313
80634  -28.574  -6.451  4.873 0.5714285970
78615  -27.155  -8.717  3.073 0.5714285970
164249  -27.114  -8.209  2.735 0.7142857313
79640  -27.755  -7.174  2.866 0.7142857313
81721  -27.718  -5.439  2.873 0.7142857313
81722  -28.156  -5.487  3.769 0.7142857313
145153  -27.091  -6.948  2.318 0.7142857313
80669  -27.342  -6.227  2.451 0.7142857313
83671  -27.870  -3.686  2.912 0.7142857313
82732  -27.962  -4.628  3.292 0.5714285970
81741  -26.691  -5.838  1.786 0.7142857313
79649  -25.951  -7.745  1.168 0.5714285970
147164  -27.900  -2.849  2.895 0.5714285970
84667  -27.945  -2.200  3.220 0.5714285970
80686  -26.348  -6.406  1.310 0.8571428657
84679  -27.638  -2.231  2.499 0.7142857313
83697  -27.156  -3.220  1.611 0.7142857313
139992  -26.628  -4.995  1.306 0.8571428657
164353  -27.041  -3.852  1.477 0.7142857313
148702  -27.371  -0.887  1.053 0.8571428657
85739  -27.487  -1.429  1.911 0.5714285970
84697  -26.934  -2.679  1.045 0.8571428657
84711  -26.648  -3.013  0.505 0.8571428657
82761  -26.755  -4.180  1.053 0.8571428657
83696  -26.836  -3.473  0.999 0.8571428657
157851  -27.439  0.087  -0.302 0.8571428657
88871  -27.643  1.121  0.037 0.8571428657
89886  -27.503  2.297  -0.696 0.8571428657
85738  -27.106  -1.783  1.081 0.8571428657
154222  -27.590  0.706  -0.588 0.8571428657
87889  -27.407  0.883  -1.380 1.0000000000
88884  -27.608  1.450  -0.896 1.0000000000
85767  -27.031  -0.569  -0.478 0.8571428657
158018  -27.330  2.108  -1.460 1.0000000000
87873  -27.265  0.221  -1.012 1.0000000000
89897  -27.015  2.700  -1.969 1.0000000000
139443  -26.815  3.812  -2.881 0.7142857313
88896  -26.879  1.918  -2.046 1.0000000000
90880  -27.245  3.506  -1.850 1.0000000000
95823  -26.792  8.109  -3.027 1.0000000000
145424  -26.141  6.745  -3.558 0.8571428657
95829  -25.635  8.744  -4.132 0.8571428657
160259  -26.273  9.122  -3.645 1.0000000000
99586  -24.849  12.382  -5.374 0.8571428657
155409  -25.357  10.963  -4.857 0.8571428657
97723  -25.855  10.482  -4.388 1.0000000000
101522  -24.423  14.357  -6.068 0.8571428657
100509  -24.694  13.645  -5.624 0.8571428657
99602  -23.755  12.119  -7.304 0.5714285970
101549  -22.722  14.410  -7.854 0.7142857313
102558  -23.233  15.358  -7.338 0.5714285970
165837  -21.981  12.030  -9.526 0.5714285970
99612  -22.767  11.773  -8.255 0.5714285970
99618  -21.795  11.820  -9.324 0.4285714328
101558  -21.674  14.028  -10.007 0.4285714328
102573  -21.506  14.895  -10.330 0.4285714328
100526  -21.090  13.446  -7.058 0.2857142985
159235  -21.493  13.544  -4.991 0.2857142985
152811  -21.256  12.674  -6.947 0.2857142985
100491  -21.457  13.782  -4.151 0.2857142985
66704  -24.477  -19.632  9.167 0.2857142985
75453  -27.288  -11.481  5.337 0.5714285970
79616  -28.649  -7.845  4.874 0.5714285970
85718  -27.757  -1.456  2.847 0.5714285970
82762  -27.042  -4.451  1.768 0.7142857313
146646  -27.335  -3.805  2.100 0.7142857313
154366  -27.580  -0.055  1.057 0.8571428657
88859  -27.686  0.850  1.098 0.8571428657
140847  -27.567  1.786  -0.130 0.8571428657
91850  -26.968  4.661  -2.762 0.8571428657
99562  -22.528  13.167  -2.541 0.1428571492
65659  -23.055  -19.781  8.804 0.2857142985
67747  -23.139  -18.446  7.775 0.2857142985
66719  -24.345  -18.864  8.604 0.2857142985
67738  -24.958  -18.204  8.358 0.4285714328
159559  -26.509  -16.940  8.479 0.4285714328
145181  -23.728  -17.789  7.378 0.2857142985
69998  -24.688  -16.506  6.536 0.4285714328
67748  -24.092  -18.281  8.011 0.4285714328
69981  -26.462  -16.599  7.884 0.4285714328
69997  -23.802  -16.656  6.334 0.5714285970
71297  -25.723  -15.531  6.261 0.5714285970
71299  -27.265  -14.739  6.717 0.4285714328
72424  -24.989  -14.831  5.072 0.2857142985
72425  -25.723  -14.510  5.417 0.7142857313
72426  -26.442  -14.138  5.722 0.7142857313
73450  -27.188  -12.958  5.814 0.4285714328
76497  -28.557  -10.696  7.166 0.4285714328
74463  -25.522  -12.345  4.379 0.7142857313
75468  -25.692  -11.384  3.981 0.7142857313
161141  -28.131  -10.954  6.218 0.7142857313
76534  -28.147  -10.004  5.642 0.5714285970
143174  -28.482  -9.948  6.545 0.4285714328
77580  -27.840  -9.157  4.344 0.7142857313
75494  -24.698  -10.880  1.855 0.5714285970
76552  -25.755  -10.607  3.357 0.5714285970
82715  -28.372  -5.060  4.619 0.5714285970
77594  -25.643  -9.794  2.240 0.5714285970
79627  -28.066  -7.724  3.416 0.7142857313
152287  -28.216  -4.634  4.036 0.5714285970
78623  -26.524  -8.461  2.354 0.8571428657
81742  -27.097  -5.254  2.164 0.7142857313
86816  -27.573  -0.556  1.693 0.5714285970
85750  -26.620  -2.127  0.293 1.0000000000
138899  -27.447  3.215  -0.403 1.0000000000
87888  -26.850  0.281  -1.839 1.0000000000
90891  -26.922  3.282  -2.460 0.8571428657
91861  -26.439  4.429  -3.343 0.7142857313
92824  -27.032  5.553  -2.547 1.0000000000
94813  -27.161  6.599  -2.313 1.0000000000
92845  -26.025  5.122  -3.874 0.7142857313
95822  -26.247  8.389  -3.576 0.8571428657
98671  -25.157  11.630  -5.097 0.8571428657
96763  -26.021  9.674  -3.976 1.0000000000
96755  -26.651  9.769  -3.451 1.0000000000
100528  -24.053  13.168  -6.464 0.7142857313
148793  -21.804  13.220  -9.591 0.7142857313
100527  -23.173  12.775  -7.666 0.5714285970
100539  -22.568  13.294  -8.275 0.7142857313
97744  -21.594  10.791  -8.406 0.4285714328
101547  -20.468  14.055  -8.547 0.2857142985
101557  -20.393  14.349  -9.679 0.4285714328
102557  -22.669  15.184  -8.265 0.4285714328
101563  -20.577  14.653  -10.282 0.4285714328
101520  -21.608  14.393  -5.839 0.2857142985
73458  -24.708  -13.657  4.244 0.4285714328
73471  -24.809  -12.791  4.023 0.4285714328
139560  -20.991  13.473  -9.382 0.4285714328
100538  -22.039  12.702  -9.379 0.7142857313
100537  -20.794  13.183  -8.473 0.2857142985
101536  -20.966  14.077  -7.299 0.2857142985
149025  -23.781  -21.317  9.678 0.4285714328
64623  -25.312  -20.955  9.946 0.4285714328
159916  -22.456  -20.171  8.852 0.2857142985
65647  -25.594  -20.250  9.939 0.4285714328
66705  -25.280  -19.610  9.509 0.4285714328
67736  -23.017  -19.163  8.314 0.2857142985
68789  -23.246  -17.303  6.682 0.2857142985
68790  -24.237  -17.194  6.925 0.4285714328
68782  -25.387  -17.446  7.858 0.4285714328
69989  -25.828  -16.761  7.494 0.4285714328
70009  -24.222  -16.012  5.932 0.4285714328
71317  -24.247  -15.127  4.749 0.2857142985
71298  -26.292  -15.561  6.631 0.4285714328
72434  -25.247  -14.112  4.816 0.5714285970
73459  -25.402  -13.247  4.638 0.5714285970
74464  -26.267  -12.003  4.771 0.5714285970
75459  -26.477  -11.245  4.561 0.5714285970
76554  -27.195  -9.840  4.177 0.7142857313
77555  -28.585  -9.189  5.916 0.5714285970
75478  -24.924  -11.171  2.845 0.7142857313
76553  -26.474  -10.202  3.722 0.7142857313
74476  -24.867  -11.972  3.590 0.7142857313
77595  -26.353  -9.273  2.658 0.5714285970
152391  -28.517  -7.177  4.440 0.5714285970
80647  -28.017  -6.351  3.196 0.7142857313
77603  -25.803  -9.115  1.972 0.7142857313
79639  -26.998  -7.669  2.443 0.8571428657
82750  -27.498  -4.553  2.513 0.7142857313
79650  -26.525  -7.169  1.691 0.8571428657
84698  -27.299  -2.403  1.745 0.8571428657
85751  -27.067  -1.169  0.332 0.8571428657
86827  -27.409  -0.368  0.311 0.8571428657
83705  -26.472  -3.731  0.335 0.8571428657
155408  -24.565  12.990  -5.629 0.8571428657
101537  -23.390  13.923  -7.022 0.7142857313
149751  -22.354  12.237  -9.027 0.5714285970
98691  -21.338  11.741  -8.568 0.4285714328
99610  -21.228  12.332  -8.902 0.4285714328
98649  -21.464  11.978  -3.239 0.2857142985
143420  -21.038  12.658  -8.091 0.2857142985
100482  -22.094  13.561  -3.105 0.1428571492
164857  -22.964  -17.897  7.182 0.2857142985
155692  -24.536  -14.472  4.443 0.2857142985
93831  -26.588  6.200  -3.014 1.0000000000
147957  -22.293  14.235  -9.393 0.5714285970
105102  -21.420  19.384  -11.594 0.2857142985
105861  -20.979  19.402  -10.624 0.1428571492
103480  -19.842  16.976  -11.293 0.2857142985
105094  -21.510  19.029  -11.637 0.2857142985
105069  -19.999  17.796  -10.652 0.1428571492
105846  -21.258  19.472  -9.334 0.1428571492
103463  -20.055  15.841  -9.093 0.1428571492
103470  -19.474  16.322  -10.706 0.2857142985
104309  -19.930  16.821  -9.341 0.1428571492
105085  -22.319  18.569  -10.811 0.2857142985
104334  -21.164  17.943  -11.339 0.2857142985
104312  -26.464  17.614  -8.756 0.2857142985
105056  -24.889  18.189  -8.013 0.2857142985
105830  -21.342  19.182  -8.399 0.1428571492
103472  -20.998  15.999  -10.586 0.2857142985
104286  -24.923  16.976  -6.997 0.2857142985
105071  -22.932  18.298  -9.292 0.2857142985
104325  -20.463  16.950  -11.147 0.2857142985
102548  -27.428  15.597  -6.362 0.1428571492
104297  -25.360  17.603  -7.474 0.2857142985
105055  -24.142  18.142  -8.116 0.2857142985
152862  -20.135  17.701  -9.634 0.1428571492
104294  -22.885  16.949  -8.407 0.2857142985
104326  -21.609  17.040  -10.358 0.2857142985
164400  -29.638  13.514  -7.611 0.1428571492
101550  -28.888  14.873  -7.051 0.1428571492
103455  -26.567  16.806  -7.167 0.4285714328
103440  -23.301  16.012  -7.598 0.2857142985
100495  -28.121  13.358  -4.644 0.2857142985
102533  -26.154  14.975  -5.531 0.4285714328
102545  -24.776  15.423  -6.229 0.2857142985
102567  -22.181  14.847  -9.713 0.2857142985
99568  -29.803  12.140  -3.845 0.1428571492
101526  -28.331  14.545  -5.565 0.2857142985
100511  -26.863  13.889  -4.895 0.5714285970
102532  -25.288  15.007  -5.733 0.7142857313
97716  -29.803  11.130  -2.926 0.1428571492
99567  -28.970  12.208  -3.799 0.1428571492
161309  -25.325  14.260  -5.449 0.7142857313
102544  -23.641  14.978  -6.674 0.4285714328
99574  -27.640  12.626  -4.202 0.4285714328
96746  -30.051  10.116  -2.236 0.2857142985
157179  -29.407  10.416  -2.508 0.7142857313
100493  -26.307  13.192  -4.697 0.7142857313
97714  -27.890  10.838  -3.038 0.8571428657
99573  -26.868  12.701  -4.399 0.5714285970
95806  -30.638  8.878  -1.243 0.2857142985
96739  -30.153  9.555  -1.756 0.2857142985
155325  -26.887  11.982  -4.028 0.7142857313
97732  -24.792  10.866  -5.488 0.5714285970
98653  -26.560  11.082  -3.855 0.8571428657
95795  -30.105  8.354  -0.703 0.1428571492
95815  -28.337  9.125  -2.099 0.7142857313
94795  -30.572  7.829  -0.209 0.1428571492
83753  -25.062  -2.553  -3.013 0.5714285970
141872  -26.804  1.029  -2.157 0.8571428657
88912  -26.477  1.533  -2.706 0.8571428657
87916  -26.024  0.128  -3.253 0.4285714328
147197  -26.630  2.485  -2.620 0.5714285970
94819  -26.721  7.142  -2.965 0.8571428657
93819  -27.525  6.526  -1.495 0.8571428657
93810  -29.168  7.087  0.229 0.2857142985
94805  -27.683  7.496  -1.605 0.8571428657
95814  -27.505  8.838  -2.584 0.8571428657
93782  -29.779  6.390  1.202 0.4285714328
94806  -28.251  7.687  -1.025 0.7142857313
95804  -28.688  8.735  -1.490 0.7142857313
83751  -24.232  -2.976  -3.105 0.2857142985
85798  -26.010  -1.130  -2.578 0.5714285970
85797  -25.574  -1.556  -3.021 0.5714285970
88897  -27.299  1.483  -1.597 0.8571428657
91836  -27.428  4.411  -1.669 0.8571428657
92825  -27.345  4.977  -2.184 0.8571428657
93796  -28.608  6.283  0.397 0.4285714328
92805  -27.812  5.781  -0.269 0.8571428657
93781  -29.074  5.849  1.068 0.4285714328
79666  -24.951  -7.557  -0.626 0.7142857313
147058  -23.980  -6.760  -1.831 0.4285714328
80701  -25.454  -6.892  -0.185 0.7142857313
81772  -25.669  -5.138  -0.821 0.8571428657
81785  -24.972  -5.844  -2.151 0.5714285970
82808  -24.783  -4.649  -2.552 0.5714285970
82806  -23.010  -4.185  -2.003 0.4285714328
83718  -25.964  -3.636  -0.566 0.8571428657
83734  -25.492  -3.963  -2.082 0.5714285970
83752  -24.751  -2.999  -2.973 0.5714285970
85766  -26.607  -1.367  -0.295 0.8571428657
85781  -26.137  -1.623  -1.760 0.7142857313
84755  -25.757  -1.981  -2.353 0.5714285970
89874  -27.488  2.588  0.417 0.7142857313
158997  -27.491  4.006  -0.255 0.7142857313
91823  -27.504  4.744  -0.625 0.8571428657
90824  -28.722  4.062  2.612 0.2857142985
91801  -28.363  4.533  1.790 0.4285714328
92779  -28.378  5.135  1.156 0.5714285970
162633  -25.272  -9.643  1.679 0.4285714328
78636  -24.891  -8.655  0.477 0.4285714328
79664  -23.493  -7.797  -0.972 0.4285714328
81758  -26.137  -5.200  0.580 0.7142857313
81773  -25.764  -5.404  -0.073 0.7142857313
82775  -26.378  -4.498  0.539 0.7142857313
148538  -25.929  -2.858  -0.876 0.8571428657
90839  -28.100  3.187  2.515 0.2857142985
89836  -27.842  2.419  2.006 0.5714285970
142235  -27.567  1.690  0.739 0.5714285970
76572  -25.003  -10.224  1.754 0.4285714328
76600  -23.954  -9.690  0.050 0.5714285970
78629  -25.394  -8.293  0.981 0.5714285970
79657  -25.386  -7.799  0.271 0.5714285970
151102  -26.277  -5.674  1.140 0.7142857313
86796  -27.730  -0.644  2.466 0.4285714328
87824  -28.229  0.880  2.700 0.4285714328
89837  -28.219  2.347  2.739 0.4285714328
163386  -28.013  1.957  2.211 0.4285714328
74489  -24.306  -12.035  2.594 0.5714285970
153739  -29.067  -7.161  6.208 0.4285714328
81695  -28.591  -5.637  5.225 0.4285714328
84655  -28.192  -2.154  3.862 0.4285714328
85693  -28.221  -1.543  4.422 0.4285714328
86778  -27.918  -0.715  3.341 0.4285714328
69982  -27.501  -15.864  8.341 0.1428571492
83658  -28.348  -4.100  4.736 0.4285714328
84656  -28.353  -2.459  4.591 0.4285714328
71271  -27.934  -15.311  8.195 0.1428571492
72388  -28.778  -14.248  8.069 0.1428571492
75398  -28.788  -11.431  7.761 0.2857142985
79571  -29.447  -7.594  8.342 0.2857142985
81658  -29.456  -5.512  8.633 0.2857142985
143936  -29.300  -6.120  7.618 0.2857142985
148680  -28.911  -9.094  6.769 0.4285714328
81672  -29.198  -5.120  7.786 0.2857142985
140657  -29.139  -6.276  6.614 0.2857142985
79582  -29.238  -7.559  6.807 0.2857142985
81671  -29.070  -4.807  6.997 0.2857142985
82696  -28.564  -4.732  5.459 0.4285714328
69983  -28.056  -15.525  9.009 0.1428571492
71272  -28.432  -14.895  8.480 0.1428571492
69991  -26.976  -16.004  7.731 0.1428571492
73396  -29.304  -13.717  8.621 0.2857142985
157683  -29.267  -13.050  8.164 0.2857142985
76460  -29.616  -10.285  9.687 0.2857142985
161015  -29.694  -8.724  9.997 0.2857142985
77524  -29.334  -8.980  8.601 0.2857142985
76476  -28.881  -10.445  8.190 0.2857142985
78552  -29.451  -8.208  8.823 0.2857142985
71245  -29.050  -14.741  9.788 0.1428571492
75353  -30.261  -11.942  11.488 0.2857142985
72341  -29.391  -14.169  10.143 0.2857142985
75381  -29.530  -11.833  9.945 0.2857142985
159675  -29.465  -12.561  9.737 0.2857142985
72408  -28.373  -14.013  7.353 0.2857142985
75380  -29.392  -11.187  9.461 0.2857142985
69971  -26.794  -16.968  9.147 0.1428571492
68775  -26.287  -17.472  8.898 0.2857142985
68768  -27.650  -16.556  10.098 0.1428571492
64622  -24.787  -21.687  10.093 0.2857142985
63569  -24.515  -22.517  10.537 0.2857142985
63590  -23.006  -21.977  9.886 0.2857142985
67721  -26.881  -18.233  10.435 0.2857142985
63571  -26.207  -22.047  10.756 0.1428571492
63568  -23.130  -22.615  10.358 0.2857142985
62552  -23.313  -23.237  10.730 0.1428571492
72363  -29.330  -14.154  9.371 0.1428571492
74372  -29.643  -12.898  10.370 0.2857142985
75368  -29.778  -11.097  10.238 0.2857142985
78547  -29.597  -8.097  9.623 0.2857142985
76477  -29.349  -9.859  8.844 0.2857142985
80588  -29.503  -6.961  8.754 0.2857142985
79603  -28.924  -7.840  5.683 0.4285714328
80623  -28.844  -6.372  5.733 0.4285714328
161435  -29.177  -5.545  7.019 0.2857142985
83630  -28.614  -3.387  6.626 0.2857142985
80718  -24.630  -6.483  -1.793 0.7142857313
143347  -28.425  -3.181  5.170 0.4285714328
83748  -25.597  -2.909  -2.201 0.5714285970
83657  -28.201  -2.958  3.619 0.4285714328
140469  -27.778  0.230  1.994 0.4285714328
88822  -28.475  1.736  3.419 0.2857142985
89819  -28.790  3.356  3.262 0.2857142985
158419  -28.001  3.814  2.018 0.5714285970
96762  -25.416  9.541  -4.612 0.7142857313
92796  -27.695  5.145  0.122 0.7142857313
154534  -26.844  9.011  -3.213 0.8571428657
99603  -24.322  12.289  -6.267 0.4285714328
98670  -24.532  11.562  -5.867 0.5714285970
99587  -25.633  12.441  -4.795 0.7142857313
92764  -29.136  5.255  1.758 0.2857142985
96756  -27.432  9.875  -2.879 0.8571428657
98661  -25.995  11.568  -4.497 0.8571428657
96738  -29.186  9.387  -1.767 0.5714285970
103452  -22.721  16.005  -8.445 0.2857142985
99575  -28.539  12.705  -4.270 0.4285714328
105041  -21.313  17.740  -7.676 0.1428571492
103444  -26.975  16.174  -6.763 0.2857142985
102549  -28.227  15.360  -6.660 0.1428571492
64604  -25.698  -21.517  10.390 0.1428571492
64621  -22.673  -21.301  9.524 0.2857142985
146225  -26.516  -19.623  10.496 0.1428571492
68766  -26.626  -17.729  9.783 0.1428571492
68765  -25.967  -18.135  9.349 0.2857142985
69973  -28.018  -15.977  9.869 0.1428571492
142927  -29.275  -14.890  11.289 0.1428571492
72328  -29.434  -14.224  11.003 0.1428571492
143761  -28.619  -12.901  7.223 0.2857142985
145308  -29.233  -11.992  9.194 0.2857142985
164124  -29.276  -10.610  8.975 0.2857142985
77507  -30.093  -8.762  10.791 0.2857142985
79551  -29.708  -7.496  9.868 0.2857142985
76586  -24.767  -9.849  1.191 0.5714285970
77538  -28.750  -9.779  7.463 0.2857142985
77523  -29.013  -9.582  8.186 0.2857142985
78641  -22.822  -8.255  -0.501 0.2857142985
82671  -29.104  -4.370  7.725 0.2857142985
84632  -28.609  -2.433  6.674 0.2857142985
79674  -25.056  -6.795  -1.169 0.7142857313
80702  -25.787  -6.051  0.476 0.5714285970
82799  -23.324  -5.206  -2.054 0.4285714328
80723  -24.338  -6.069  -2.202 0.5714285970
162102  -28.520  -3.025  5.973 0.4285714328
84753  -23.493  -2.769  -2.984 0.2857142985
83746  -24.570  -3.809  -2.710 0.5714285970
84642  -28.460  -2.344  5.686 0.2857142985
82714  -28.200  -3.898  3.802 0.4285714328
82801  -25.700  -4.018  -1.276 0.7142857313
84767  -24.684  -2.320  -3.320 0.2857142985
85694  -28.311  -0.780  5.034 0.1428571492
86779  -28.274  0.019  3.899 0.4285714328
87800  -28.074  0.095  2.983 0.4285714328
88809  -28.782  1.514  4.435 0.1428571492
89811  -28.955  2.297  4.224 0.1428571492
140798  -27.645  3.157  1.498 0.5714285970
91783  -29.186  4.739  2.289 0.2857142985
92797  -28.250  5.530  0.517 0.5714285970
94793  -28.642  7.417  -0.515 0.7142857313
94777  -30.813  7.380  0.392 0.2857142985
94796  -31.590  7.658  -0.128 0.1428571492
102556  -20.271  14.906  -8.791 0.2857142985
151007  -30.079  6.948  0.772 0.4285714328
95807  -31.544  8.684  -1.387 0.1428571492
97715  -28.867  11.051  -2.894 0.5714285970
96740  -31.061  9.379  -1.803 0.1428571492
97707  -30.279  10.571  -2.620 0.1428571492
98657  -30.153  11.589  -3.477 0.1428571492
104293  -20.637  16.818  -8.198 0.1428571492
98654  -27.699  12.004  -3.735 0.5714285970
97717  -30.550  11.014  -3.191 0.1428571492
99576  -29.357  12.584  -4.370 0.1428571492
103443  -26.170  16.313  -6.545 0.2857142985
102534  -27.149  15.182  -5.710 0.2857142985
100513  -28.599  13.834  -5.224 0.2857142985
100514  -29.296  13.471  -5.454 0.1428571492
100540  -29.661  13.638  -6.883 0.1428571492
101539  -29.237  14.277  -6.521 0.1428571492
104298  -26.156  17.444  -7.641 0.2857142985
156508  -27.498  16.582  -8.480 0.2857142985
102559  -27.938  16.006  -8.086 0.1428571492
102569  -28.327  15.358  -8.640 0.1428571492
165692  -27.892  -20.472  11.806 0.1428571492
69960  -28.587  -16.006  11.089 0.1428571492
80577  -29.706  -6.928  9.563 0.2857142985
91784  -29.687  4.496  2.811 0.2857142985
100547  -28.952  14.043  -8.920 0.1428571492
104313  -27.169  17.101  -8.825 0.2857142985
155858  -21.892  -21.375  9.364 0.2857142985
65632  -25.980  -20.791  10.331 0.1428571492
65633  -26.643  -20.519  10.737 0.1428571492
66696  -26.966  -18.944  10.740 0.1428571492
141561  -28.110  -13.001  6.674 0.4285714328
73424  -28.909  -13.461  7.719 0.2857142985
71290  -28.080  -14.763  7.671 0.1428571492
74444  -28.336  -12.386  6.825 0.2857142985
78586  -28.960  -8.449  6.152 0.4285714328
78630  -25.865  -8.408  1.606 0.4285714328
85705  -27.973  -1.479  3.642 0.4285714328
79658  -26.000  -7.055  0.736 0.7142857313
84722  -26.315  -2.913  -0.169 0.7142857313
146857  -26.488  -1.140  -1.095 0.8571428657
86840  -26.707  -0.397  -1.427 0.8571428657
142624  -27.463  3.780  -1.087 0.8571428657
90892  -27.185  4.079  -2.349 0.8571428657
100510  -25.274  13.317  -5.092 0.7142857313
103441  -24.156  16.025  -6.843 0.2857142985
103464  -22.149  16.103  -9.679 0.2857142985
87823  -27.952  1.009  1.966 0.4285714328
69972  -27.441  -16.331  9.252 0.1428571492
74475  -24.413  -12.563  3.302 0.5714285970
86850  -26.351  -0.932  -1.887 0.5714285970
149597  -27.250  7.763  -2.407 0.8571428657
97713  -27.055  10.559  -3.406 0.8571428657
101556  -19.928  14.826  -10.065 0.2857142985
102572  -20.497  15.333  -10.578 0.2857142985
102566  -19.759  15.165  -9.803 0.2857142985
141683  -26.145  -4.211  -0.065 0.8571428657
104333  -20.361  17.516  -11.266 0.2857142985
105873  -21.175  19.269  -11.446 0.1428571492
105084  -20.542  18.490  -11.121 0.2857142985
105070  -20.652  18.702  -9.747 0.1428571492
104324  -19.576  16.737  -11.099 0.2857142985
103462  -19.385  15.992  -10.133 0.1428571492
150722  -22.207  17.823  -10.327 0.2857142985
105072  -23.679  18.418  -8.742 0.2857142985
104296  -24.576  17.600  -7.549 0.2857142985
105053  -20.944  18.357  -8.461 0.1428571492
103453  -24.039  16.771  -7.392 0.2857142985
103454  -25.754  17.008  -6.928 0.2857142985
103442  -25.294  16.276  -6.532 0.2857142985
153652  -22.532  17.428  -9.216 0.2857142985
104310  -23.309  17.845  -8.448 0.2857142985
102547  -26.591  15.657  -6.142 0.2857142985
149106  -27.717  15.858  -7.155 0.1428571492
102560  -28.392  15.401  -7.613 0.1428571492
152715  -23.298  16.623  -7.845 0.2857142985
101551  -29.331  14.180  -7.389 0.1428571492
101538  -28.666  14.781  -6.196 0.1428571492
101559  -28.875  14.647  -8.155 0.1428571492
103456  -27.310  16.481  -7.547 0.1428571492
100496  -28.957  13.187  -4.789 0.1428571492
101523  -26.136  14.058  -5.106 0.5714285970
101524  -26.960  14.542  -5.261 0.4285714328
102546  -25.729  15.654  -6.057 0.5714285970
99589  -30.247  12.428  -5.267 0.1428571492
98656  -29.359  11.668  -3.356 0.1428571492
101525  -27.660  14.781  -5.463 0.2857142985
101527  -29.028  14.185  -5.799 0.2857142985
100512  -27.694  14.089  -5.062 0.4285714328
100494  -27.249  13.350  -4.616 0.5714285970
99572  -26.336  12.372  -4.481 0.7142857313
98655  -28.354  11.644  -3.415 0.5714285970
154379  -29.538  9.844  -2.131 0.5714285970
96744  -28.069  9.575  -2.468 0.7142857313
97706  -28.394  10.271  -2.629 0.7142857313
148520  -27.398  11.367  -3.533 0.7142857313
95805  -29.637  8.888  -1.254 0.5714285970
94794  -29.568  7.724  -0.320 0.4285714328
95803  -27.895  8.377  -1.905 0.8571428657
84754  -25.378  -2.331  -2.752 0.5714285970
86859  -26.057  -0.487  -3.026 0.5714285970
142703  -25.937  0.933  -3.338 0.4285714328
85817  -25.364  -1.226  -3.584 0.4285714328
92815  -27.473  5.507  -1.364 0.8571428657
93808  -27.704  6.386  -0.790 0.8571428657
93809  -28.277  6.680  -0.293 0.4285714328
159562  -29.349  6.547  0.770 0.5714285970
148839  -28.261  8.135  -1.344 0.8571428657
78643  -24.204  -8.561  -0.606 0.5714285970
79673  -24.407  -7.325  -1.308 0.4285714328
80714  -25.501  -6.028  -0.783 0.7142857313
81780  -25.376  -5.526  -1.652 0.7142857313
82800  -25.568  -4.701  -1.534 0.7142857313
81783  -23.982  -5.547  -2.381 0.4285714328
82809  -25.223  -4.967  -2.254 0.5714285970
83747  -25.178  -3.266  -2.627 0.5714285970
150720  -22.671  -4.904  -1.593 0.2857142985
83735  -25.740  -3.317  -1.458 0.7142857313
149396  -26.252  -2.062  -0.776 0.8571428657
90838  -27.669  3.995  1.447 0.5714285970
91800  -27.753  4.520  1.012 0.7142857313
77602  -25.148  -9.021  1.276 0.5714285970
77611  -24.365  -9.160  -0.035 0.5714285970
150604  -28.611  2.629  3.484 0.2857142985
80600  -29.308  -6.947  7.074 0.2857142985
150693  -28.908  -5.410  6.181 0.4285714328
153163  -28.332  -3.336  4.359 0.4285714328
143648  -28.379  -1.564  5.302 0.4285714328
86767  -28.089  -0.752  4.205 0.4285714328
83640  -28.529  -3.796  5.715 0.4285714328
74395  -29.137  -12.247  8.235 0.2857142985
141332  -29.102  -11.309  8.649 0.2857142985
79583  -29.358  -7.589  7.495 0.2857142985
78563  -29.307  -8.261  7.984 0.2857142985
156259  -29.189  -8.255  7.012 0.2857142985
71210  -28.422  -15.790  10.438 0.1428571492
71244  -28.514  -15.373  9.840 0.1428571492
73365  -29.475  -13.438  9.663 0.2857142985
77514  -29.578  -9.356  9.423 0.2857142985
164670  -29.701  -12.313  10.328 0.2857142985
75369  -29.983  -11.801  10.649 0.2857142985
156078  -25.879  -22.702  11.117 0.1428571492
146902  -23.784  -22.733  10.545 0.1428571492
63549  -27.264  -22.237  11.550 0.1428571492
87801  -28.425  0.832  3.677 0.2857142985
104283  -21.546  16.882  -7.201 0.1428571492
64594  -26.807  -21.802  11.111 0.1428571492
66684  -27.699  -19.850  11.567 0.1428571492
103451  -20.862  15.842  -7.890 0.1428571492
96772  -24.842  9.320  -5.368 0.5714285970
94825  -25.569  7.149  -4.706 0.4285714328
94831  -25.187  7.255  -5.447 0.4285714328
163787  -25.128  8.753  -4.869 0.5714285970
95828  -25.261  7.973  -4.762 0.5714285970
97733  -25.122  10.206  -5.084 0.4285714328
90911  -25.955  4.289  -4.033 0.4285714328
93840  -26.041  5.948  -3.701 0.4285714328
91870  -25.572  4.986  -4.577 0.4285714328
93839  -25.739  6.537  -4.313 0.5714285970
166360  -25.782  7.136  -3.989 0.5714285970
94826  -25.709  7.805  -4.049 0.5714285970
88929  -26.143  1.903  -3.179 0.5714285970
81645  -30.567  -5.317  9.713 0.1428571492
152859  -29.433  -4.454  8.430 0.1428571492
83604  -29.804  -3.728  8.565 0.1428571492
150373  -29.437  -6.377  8.412 0.1428571492
81632  -33.377  -5.077  10.999 0.1428571492
81630  -31.861  -5.487  10.462 0.1428571492
82621  -33.905  -4.570  10.723 0.1428571492
81646  -31.430  -5.037  9.936 0.1428571492
82641  -34.323  -4.091  10.274 0.1428571492
70008  -23.448  -16.275  5.647 0.2857142985
79543  -30.597  -7.348  10.793 0.1428571492
80557  -31.712  -6.512  11.252 0.1428571492
80567  -30.150  -7.068  10.244 0.1428571492
81616  -32.196  -5.879  11.046 0.1428571492
82608  -35.138  -4.687  11.314 0.1428571492
81617  -32.959  -5.652  11.360 0.1428571492
84598  -38.150  -3.019  9.471 0.1428571492
82623  -36.370  -4.212  10.819 0.1428571492
83591  -37.401  -3.172  9.885 0.1428571492
70007  -22.700  -16.567  5.424 0.2857142985
70006  -21.843  -16.923  5.270 0.2857142985
76419  -30.695  -10.222  12.305 0.1428571492
77494  -30.989  -9.235  12.208 0.1428571492
77493  -30.536  -8.936  11.530 0.1428571492
76451  -30.151  -9.570  11.084 0.1428571492
78539  -30.626  -8.031  11.263 0.1428571492
80544  -32.795  -6.781  12.404 0.1428571492
79532  -32.385  -7.517  12.764 0.1428571492
81606  -34.219  -5.913  12.233 0.1428571492
81620  -35.751  -5.176  11.818 0.1428571492
162913  -37.939  -4.817  10.895 0.1428571492
82625  -38.748  -4.271  9.960 0.1428571492
82624  -37.303  -4.362  10.849 0.1428571492
68803  -22.492  -17.111  6.064 0.2857142985
149150  -21.771  -17.578  6.021 0.2857142985
67770  -20.991  -18.084  5.961 0.2857142985
150151  -30.513  -11.795  12.411 0.1428571492
76420  -31.259  -10.509  12.866 0.1428571492
142229  -31.405  -9.806  12.769 0.1428571492
77480  -31.557  -9.060  12.740 0.1428571492
79519  -33.682  -7.439  13.279 0.1428571492
78533  -32.009  -8.415  13.122 0.1428571492
80547  -35.495  -6.488  12.754 0.1428571492
82610  -37.404  -5.143  11.338 0.1428571492
81608  -36.061  -5.908  12.374 0.1428571492
84615  -39.153  -2.795  8.323 0.1428571492
83610  -38.857  -3.235  9.020 0.1428571492
74341  -30.117  -12.833  11.610 0.1428571492
75333  -30.898  -11.798  13.168 0.1428571492
166193  -32.583  -9.990  14.051 0.1428571492
75311  -32.421  -11.113  14.093 0.1428571492
78522  -34.858  -8.579  13.678 0.1428571492
158897  -31.826  -9.338  13.316 0.1428571492
79521  -35.353  -7.786  13.394 0.1428571492
149199  -33.064  -8.654  13.748 0.1428571492
79534  -35.806  -7.140  13.086 0.1428571492
81634  -38.921  -5.643  10.330 0.1428571492
80561  -37.587  -6.960  12.060 0.1428571492
82642  -39.392  -4.803  9.439 0.1428571492
82626  -39.031  -5.028  10.004 0.1428571492
157594  -31.190  -12.591  13.523 0.1428571492
73336  -29.733  -13.596  11.488 0.1428571492
75324  -33.830  -11.373  14.636 0.1428571492
75323  -32.737  -11.518  14.394 0.1428571492
151133  -31.627  -11.855  13.638 0.1428571492
77450  -33.202  -9.907  14.196 0.1428571492
76388  -32.818  -10.680  14.295 0.1428571492
75334  -31.371  -11.113  13.255 0.1428571492
156149  -37.130  -9.082  12.866 0.1428571492
154087  -36.535  -10.177  13.267 0.1428571492
78534  -37.346  -8.371  12.575 0.1428571492
79546  -38.116  -7.686  11.499 0.1428571492
79522  -36.179  -7.844  13.180 0.1428571492
81622  -38.205  -5.623  11.003 0.1428571492
79535  -36.533  -7.321  12.799 0.1428571492
74317  -34.974  -12.288  14.424 0.1428571492
160975  -33.624  -12.800  14.588 0.1428571492
74314  -32.589  -12.343  14.422 0.1428571492
75336  -36.671  -11.507  13.239 0.1428571492
75326  -35.334  -11.544  14.234 0.1428571492
77481  -37.160  -9.913  12.769 0.1428571492
76404  -36.268  -10.795  13.516 0.1428571492
80562  -38.169  -6.648  11.298 0.1428571492
77495  -37.832  -9.222  11.804 0.1428571492
167127  -34.969  -10.955  14.355 0.1428571492
76402  -31.743  -10.268  13.425 0.1428571492
140884  -34.218  -9.071  13.931 0.1428571492
78521  -33.807  -8.347  13.683 0.1428571492
83611  -39.505  -3.663  8.491 0.1428571492
84626  -39.391  -2.384  7.532 0.1428571492
83573  -38.082  -4.231  10.510 0.1428571492
81619  -34.727  -5.285  11.761 0.1428571492
82609  -36.573  -4.788  11.375 0.1428571492
81644  -29.612  -6.262  9.161 0.1428571492
82637  -30.874  -4.452  9.498 0.1428571492
68788  -22.407  -17.731  6.667 0.2857142985
79553  -38.622  -7.253  10.721 0.1428571492
81635  -39.449  -5.599  9.685 0.1428571492
83623  -39.803  -3.287  7.599 0.1428571492
84636  -39.571  -2.060  6.702 0.1428571492
90901  -26.253  3.542  -3.472 0.4285714328
84625  -38.688  -1.996  8.103 0.1428571492
83572  -37.620  -3.777  10.385 0.1428571492
84614  -38.369  -2.463  8.811 0.1428571492
164139  -36.053  -3.680  10.315 0.1428571492
84597  -37.486  -2.347  9.133 0.1428571492
82652  -30.336  -3.983  9.024 0.1428571492
83619  -28.820  -3.037  7.359 0.1428571492
148101  -24.616  10.036  -5.954 0.4285714328
153303  -24.359  10.720  -6.487 0.4285714328
102574  -27.411  15.917  -10.165 0.1428571492
167066  -29.889  -5.618  9.372 0.1428571492
76436  -30.307  -10.318  11.462 0.1428571492
160108  -30.344  -12.447  12.160 0.1428571492
166421  -30.057  -13.329  11.960 0.1428571492
146804  -30.379  -11.049  11.964 0.1428571492
79552  -30.030  -7.918  10.408 0.1428571492
85681  -28.546  -1.558  6.203 0.1428571492
80578  -30.254  -6.227  9.879 0.1428571492
81629  -31.042  -5.749  10.304 0.1428571492
158755  -29.843  -4.218  8.811 0.1428571492
81631  -32.648  -5.319  10.682 0.1428571492
82619  -32.319  -4.902  10.059 0.1428571492
82606  -33.859  -4.936  11.170 0.1428571492
81618  -33.819  -5.374  11.569 0.1428571492
162971  -31.554  -6.046  10.744 0.1428571492
82622  -34.693  -4.313  10.775 0.1428571492
82638  -31.930  -4.364  9.432 0.1428571492
83587  -33.493  -3.932  9.149 0.1428571492
83571  -35.085  -3.710  10.161 0.1428571492
146106  -31.367  -7.842  11.864 0.1428571492
79531  -31.968  -7.125  11.980 0.1428571492
80568  -30.925  -6.589  10.657 0.1428571492
80558  -32.497  -6.338  11.672 0.1428571492
161670  -35.869  -4.590  11.249 0.1428571492
80559  -33.325  -6.097  12.018 0.1428571492
83590  -36.611  -3.252  10.002 0.1428571492
75340  -30.803  -11.076  12.698 0.1428571492
158171  -30.510  -9.640  11.745 0.1428571492
78532  -31.458  -8.467  12.390 0.1428571492
79533  -33.051  -7.223  12.968 0.1428571492
80545  -33.701  -6.669  12.737 0.1428571492
79518  -32.873  -7.957  13.390 0.1428571492
81607  -35.162  -5.827  12.340 0.1428571492
80546  -34.646  -6.472  12.758 0.1428571492
81621  -36.690  -5.527  11.816 0.1428571492
78520  -32.502  -8.640  13.580 0.1428571492
77462  -32.675  -9.271  13.907 0.1428571492
80536  -34.309  -7.020  13.166 0.1428571492
79520  -34.489  -7.679  13.448 0.1428571492
80549  -36.937  -6.927  12.488 0.1428571492
148485  -37.505  -6.025  11.636 0.1428571492
154125  -30.364  -13.156  12.452 0.1428571492
158821  -31.971  -12.694  14.132 0.1428571492
76389  -33.579  -10.606  14.457 0.1428571492
75322  -32.253  -11.787  14.072 0.1428571492
78523  -35.830  -8.554  13.413 0.1428571492
148553  -34.889  -9.472  13.923 0.1428571492
77463  -33.499  -9.166  13.995 0.1428571492
75325  -34.599  -11.502  14.496 0.1428571492
77451  -34.095  -9.863  14.220 0.1428571492
77482  -37.569  -9.194  12.352 0.1428571492
79545  -37.710  -7.814  12.173 0.1428571492
78548  -38.455  -8.086  10.633 0.1428571492
77464  -34.935  -10.279  14.165 0.1428571492
76403  -35.555  -10.822  13.998 0.1428571492
62549  -20.476  -23.145  10.395 0.1428571492
63567  -22.336  -22.500  10.161 0.1428571492
63587  -19.511  -22.481  9.600 0.1428571492
63566  -21.537  -22.425  9.929 0.1428571492
63589  -22.125  -21.916  9.694 0.1428571492
64620  -21.351  -21.828  9.456 0.1428571492
64639  -21.294  -21.132  8.896 0.1428571492
65658  -21.696  -20.237  8.524 0.1428571492
65668  -20.383  -20.049  7.749 0.1428571492
66730  -21.460  -19.259  7.508 0.1428571492
66716  -21.759  -19.584  8.068 0.1428571492
67745  -21.764  -18.732  7.204 0.1428571492
65667  -19.627  -20.088  7.621 0.1428571492
66741  -20.191  -18.988  6.760 0.1428571492
66742  -21.080  -18.805  6.774 0.1428571492
67758  -21.725  -18.232  6.640 0.1428571492
68800  -18.790  -17.465  5.434 0.1428571492
68801  -19.570  -17.562  5.202 0.1428571492
68819  -20.932  -16.947  4.735 0.1428571492
68818  -19.980  -17.075  4.662 0.1428571492
158007  -21.069  -16.421  4.144 0.2857142985
70023  -22.256  -16.315  4.663 0.1428571492
71314  -21.700  -15.994  3.892 0.1428571492
71316  -23.471  -15.413  4.456 0.1428571492
70034  -20.786  -15.935  3.721 0.2857142985
72442  -23.427  -14.450  3.351 0.2857142985
75508  -23.643  -11.339  0.869 0.4285714328
76571  -24.494  -10.602  1.188 0.4285714328
89919  -25.837  2.186  -3.730 0.2857142985
89920  -26.237  2.704  -3.259 0.2857142985
93848  -24.945  6.690  -6.012 0.2857142985
94830  -24.786  7.316  -6.072 0.2857142985
95834  -24.696  8.205  -5.697 0.2857142985
71313  -19.989  -15.867  3.947 0.1428571492
71325  -21.368  -15.210  3.303 0.2857142985
72432  -23.850  -14.825  4.051 0.1428571492
65656  -19.874  -20.646  8.132 0.1428571492
66729  -19.859  -19.552  7.234 0.1428571492
67768  -19.104  -18.030  5.622 0.1428571492
70020  -19.604  -16.422  4.531 0.1428571492
70021  -20.370  -16.470  4.226 0.1428571492
72439  -20.794  -14.488  3.170 0.2857142985
71327  -23.090  -15.090  3.733 0.2857142985
71336  -22.047  -14.690  2.862 0.2857142985
72441  -22.746  -14.693  3.022 0.2857142985
72433  -24.083  -14.088  3.782 0.2857142985
73484  -23.933  -12.880  2.608 0.4285714328
74488  -23.617  -12.634  1.787 0.4285714328
75507  -22.895  -11.549  0.877 0.2857142985
86873  -25.635  -0.555  -3.627 0.2857142985
87915  -25.506  0.608  -4.076 0.2857142985
88928  -25.703  1.453  -3.881 0.2857142985
141072  -25.252  1.981  -4.509 0.2857142985
90900  -25.761  2.887  -4.110 0.2857142985
92854  -25.325  5.610  -5.204 0.2857142985
91879  -24.490  4.690  -5.957 0.2857142985
72451  -23.080  -14.091  2.599 0.2857142985
86872  -25.296  -0.198  -4.113 0.2857142985
88945  -25.220  1.113  -4.469 0.2857142985
86887  -24.663  -0.445  -4.385 0.2857142985
89949  -24.947  2.862  -4.854 0.2857142985
90928  -24.813  3.601  -5.233 0.2857142985
167364  -25.781  3.642  -4.182 0.2857142985
140853  -25.363  4.149  -4.749 0.2857142985
161743  -24.790  4.234  -5.444 0.2857142985
87927  -24.134  0.776  -5.104 0.2857142985
88951  -24.070  1.595  -5.274 0.2857142985
74503  -24.013  -12.019  1.714 0.4285714328
75493  -24.171  -11.365  1.290 0.4285714328
66731  -22.241  -19.010  7.810 0.1428571492
67746  -22.354  -18.326  7.240 0.1428571492
73470  -24.253  -13.278  3.525 0.4285714328
93849  -25.441  6.446  -5.232 0.2857142985
91880  -25.059  4.851  -5.230 0.2857142985
71315  -22.648  -15.695  4.179 0.1428571492
142470  -20.471  -17.544  5.253 0.1428571492
67769  -20.051  -18.080  5.697 0.1428571492
165154  -21.099  -22.868  10.239 0.1428571492
64638  -20.383  -21.239  8.649 0.1428571492
65657  -20.814  -20.536  8.313 0.1428571492
144236  -20.722  -19.430  7.338 0.1428571492
67756  -19.619  -18.508  6.208 0.1428571492
67755  -18.701  -18.375  6.211 0.1428571492
67757  -20.428  -18.506  6.287 0.1428571492
71324  -20.433  -15.183  3.579 0.2857142985
74511  -23.293  -11.979  1.140 0.4285714328
92853  -24.913  5.970  -5.871 0.2857142985
73483  -23.350  -13.375  2.227 0.4285714328
89948  -23.883  2.500  -5.405 0.2857142985
77609  -22.694  -9.739  0.312 0.2857142985
76584  -23.824  -10.471  0.524 0.2857142985
146056  -23.965  -9.088  -0.388 0.2857142985
105882  -25.144  19.802  -14.277 0.1428571492
105095  -25.187  19.063  -12.528 0.1428571492
105087  -25.218  18.927  -10.414 0.1428571492
105075  -25.638  18.328  -9.296 0.1428571492
105888  -25.537  19.694  -15.567 0.1428571492
143995  -24.864  18.835  -9.358 0.1428571492
105875  -23.310  19.769  -11.053 0.1428571492
106702  -22.653  21.044  -12.031 0.1428571492
77623  -23.334  -9.203  -0.197 0.2857142985
78640  -22.053  -8.174  -0.030 0.2857142985
104327  -26.328  17.675  -10.195 0.1428571492
105104  -25.761  17.903  -13.540 0.1428571492
104311  -25.598  18.013  -8.190 0.1428571492
105096  -25.839  18.185  -10.630 0.1428571492
105086  -24.216  19.181  -9.935 0.1428571492
105074  -25.086  18.480  -8.599 0.1428571492
106704  -24.235  20.711  -11.964 0.1428571492
106703  -23.344  21.300  -12.156 0.1428571492
105874  -21.862  20.039  -11.879 0.1428571492
106710  -21.584  19.765  -11.640 0.1428571492
105862  -22.419  19.314  -11.340 0.1428571492
105073  -24.391  18.616  -8.807 0.1428571492
75509  -24.118  -10.833  0.848 0.2857142985
106721  -25.328  20.442  -14.714 0.1428571492
155906  -25.697  18.365  -11.717 0.1428571492
105863  -24.579  19.260  -10.196 0.1428571492
105877  -24.596  19.697  -11.117 0.1428571492
107617  -26.336  20.869  -14.987 0.1428571492
105876  -23.967  20.039  -11.145 0.1428571492
86886  -23.461  -0.172  -4.379 0.1428571492
149428  -24.786  0.403  -4.568 0.1428571492
140921  -24.103  -0.017  -4.709 0.1428571492
139750  -24.235  3.132  -5.570 0.1428571492
90909  -22.473  3.304  -5.163 0.1428571492
90925  -23.023  3.573  -5.741 0.1428571492
85829  -24.602  -0.995  -4.191 0.1428571492
90927  -24.270  3.943  -5.983 0.1428571492
151781  -22.388  4.769  -5.616 0.1428571492
92852  -22.721  5.234  -6.127 0.1428571492
144679  -22.390  5.887  -6.001 0.2857142985
81779  -23.650  -6.037  -2.067 0.2857142985
81778  -22.830  -5.759  -1.512 0.1428571492
84737  -22.381  -2.837  -2.062 0.1428571492
84766  -24.047  -2.096  -3.554 0.1428571492
85814  -23.451  -1.481  -3.582 0.1428571492
92780  -29.858  5.870  1.677 0.1428571492
87926  -23.540  0.590  -4.702 0.1428571492
92862  -24.331  5.385  -6.329 0.1428571492
93867  -24.063  6.999  -7.018 0.1428571492
93857  -23.640  6.421  -7.039 0.1428571492
93856  -22.958  6.655  -7.072 0.2857142985
95844  -23.672  8.360  -7.353 0.2857142985
162969  -21.718  10.002  -6.896 0.2857142985
96761  -21.635  9.844  -4.719 0.2857142985
165202  -21.598  11.068  -6.967 0.2857142985
102542  -21.061  14.917  -7.391 0.1428571492
98643  -21.001  11.397  -1.446 0.1428571492
96771  -24.429  9.148  -6.318 0.2857142985
93866  -23.286  7.250  -7.394 0.2857142985
96779  -23.815  9.074  -7.267 0.2857142985
98682  -24.087  11.394  -7.025 0.2857142985
96782  -22.392  9.145  -7.950 0.2857142985
96769  -21.854  9.265  -5.806 0.2857142985
153653  -22.617  10.331  -8.531 0.2857142985
96777  -21.913  9.498  -7.135 0.2857142985
98692  -21.899  11.069  -9.059 0.2857142985
96754  -21.180  9.892  -3.691 0.2857142985
102530  -21.551  14.792  -6.317 0.1428571492
101497  -21.878  14.434  -3.853 0.1428571492
151711  -21.469  9.096  -3.986 0.1428571492
95827  -21.563  8.420  -4.231 0.1428571492
93847  -22.330  6.587  -6.380 0.2857142985
98669  -21.333  11.714  -5.680 0.1428571492
97712  -21.222  10.706  -4.139 0.2857142985
150433  -21.120  11.318  -3.731 0.1428571492
97705  -20.704  10.371  -2.679 0.1428571492
153333  -21.891  4.716  -4.952 0.2857142985
96753  -20.656  9.831  -2.981 0.1428571492
91832  -20.549  3.917  -2.091 0.1428571492
93797  -30.920  6.926  0.842 0.1428571492
90812  -29.703  3.543  3.661 0.1428571492
83744  -22.935  -3.217  -2.341 0.1428571492
85795  -22.149  -1.613  -2.336 0.1428571492
93784  -31.275  6.025  1.470 0.1428571492
149862  -22.883  -0.995  -3.490 0.1428571492
86869  -21.688  0.090  -3.082 0.1428571492
87914  -22.009  0.637  -3.525 0.1428571492
88943  -23.691  1.233  -5.034 0.1428571492
89934  -22.402  2.574  -4.567 0.1428571492
90926  -23.739  3.782  -6.085 0.1428571492
92861  -23.851  5.585  -6.731 0.1428571492
92843  -22.024  5.540  -5.296 0.2857142985
94846  -22.728  7.925  -7.619 0.1428571492
95837  -22.218  8.037  -7.040 0.1428571492
95842  -22.470  8.628  -7.592 0.2857142985
95833  -21.826  8.324  -5.869 0.1428571492
96770  -22.101  8.827  -6.824 0.1428571492
96737  -20.366  9.441  -2.102 0.1428571492
96742  -20.620  9.249  -2.477 0.2857142985
154604  -20.449  9.795  -2.398 0.1428571492
99585  -21.310  12.786  -5.801 0.1428571492
97693  -19.889  10.623  -0.696 0.1428571492
98648  -21.140  11.169  -2.165 0.1428571492
92765  -29.979  5.227  2.337 0.1428571492
92781  -30.637  5.687  1.834 0.1428571492
98681  -23.130  11.163  -7.838 0.2857142985
98693  -22.273  10.809  -8.973 0.2857142985
99571  -21.075  12.730  -4.579 0.1428571492
159981  -21.665  11.892  -2.466 0.1428571492
97737  -21.674  10.021  -7.878 0.2857142985
97722  -21.514  10.805  -5.134 0.2857142985
98680  -21.421  11.822  -6.989 0.2857142985
98652  -21.262  11.167  -2.975 0.1428571492
101521  -22.168  14.801  -4.836 0.1428571492
83745  -23.721  -3.642  -2.639 0.1428571492
82798  -22.108  -4.219  -1.293 0.1428571492
85816  -24.770  -1.493  -3.774 0.1428571492
89820  -29.293  2.948  3.904 0.1428571492
97740  -24.156  9.861  -7.001 0.2857142985
93858  -24.330  6.267  -6.587 0.1428571492
94838  -24.410  7.575  -6.607 0.1428571492
86871  -23.521  -0.829  -4.027 0.1428571492
89935  -23.378  2.086  -4.884 0.1428571492
86870  -22.630  -0.246  -3.705 0.1428571492
86858  -22.166  -0.767  -2.804 0.1428571492
89947  -23.126  2.886  -5.232 0.1428571492
91878  -23.094  4.368  -6.163 0.1428571492
90941  -23.914  4.628  -6.440 0.1428571492
84765  -23.269  -2.089  -3.217 0.1428571492
91894  -23.411  5.131  -6.469 0.1428571492
84752  -22.731  -2.373  -2.605 0.1428571492
94837  -22.524  7.284  -7.136 0.2857142985
95843  -22.964  8.593  -7.693 0.2857142985
94848  -23.876  7.733  -7.238 0.2857142985
149900  -21.753  10.041  -5.919 0.2857142985
98644  -21.513  11.962  -1.557 0.1428571492
96783  -23.016  9.289  -7.709 0.2857142985
97747  -23.465  9.715  -7.550 0.2857142985
97739  -23.522  10.390  -7.610 0.2857142985
97738  -22.079  9.558  -8.152 0.2857142985
155509  -21.675  8.848  -4.870 0.1428571492
97745  -21.967  10.181  -8.755 0.2857142985
152718  -21.060  11.622  -4.481 0.1428571492
102543  -21.992  15.414  -6.134 0.1428571492
97711  -21.006  10.502  -3.402 0.2857142985
94829  -21.982  7.433  -6.318 0.1428571492
97702  -20.524  10.397  -2.042 0.1428571492
72431  -19.236  -14.572  4.389 0.1428571492
72448  -21.176  -13.879  2.700 0.1428571492
73456  -18.341  -13.031  4.295 0.1428571492
74472  -18.561  -12.264  3.754 0.1428571492
75467  -18.727  -11.547  3.384 0.1428571492
74474  -19.983  -12.949  3.113 0.1428571492
75474  -19.468  -11.420  2.825 0.1428571492
74486  -20.295  -12.175  2.589 0.1428571492
72449  -21.954  -13.993  2.387 0.1428571492
75475  -20.244  -11.145  2.321 0.1428571492
75476  -21.017  -11.699  2.058 0.1428571492
73492  -22.694  -12.978  1.684 0.1428571492
75491  -21.481  -11.399  1.596 0.1428571492
74501  -22.629  -12.256  1.351 0.1428571492
76559  -19.486  -10.527  2.565 0.1428571492
76560  -20.236  -10.173  1.978 0.1428571492
76570  -22.352  -11.006  0.830 0.1428571492
77608  -21.824  -9.433  0.511 0.1428571492
79662  -22.111  -7.521  -0.295 0.1428571492
79663  -22.789  -7.317  -0.776 0.1428571492
93838  -21.979  6.252  -5.546 0.1428571492
73480  -20.784  -13.124  2.610 0.1428571492
73482  -22.717  -13.612  2.109 0.1428571492
73467  -19.234  -12.937  3.709 0.1428571492
96743  -21.070  9.161  -3.169 0.1428571492
79671  -23.401  -7.058  -1.301 0.1428571492
161226  -19.780  -13.511  3.561 0.1428571492
72438  -19.956  -14.328  3.689 0.1428571492
162889  -22.228  -13.359  2.011 0.1428571492
76582  -22.115  -10.279  0.680 0.1428571492
73457  -19.229  -13.700  4.136 0.1428571492
73468  -20.424  -13.706  3.147 0.1428571492
75466  -17.875  -11.551  3.845 0.1428571492
74473  -19.373  -12.224  3.212 0.1428571492
74487  -21.280  -12.549  2.164 0.1428571492
73481  -21.601  -13.314  2.250 0.1428571492
75490  -20.920  -10.900  1.804 0.1428571492
77593  -19.419  -9.645  2.358 0.1428571492
73491  -22.058  -12.814  1.778 0.1428571492
76568  -20.971  -10.259  1.533 0.1428571492
76551  -18.804  -10.791  3.092 0.1428571492
72430  -17.763  -14.398  5.233 0.1428571492
62550  -21.183  -23.456  10.596 0.1428571492
63547  -25.020  -23.071  11.049 0.1428571492
63570  -25.391  -22.277  10.596 0.1428571492
63588  -20.574  -22.407  9.735 0.1428571492
64605  -26.408  -21.331  10.685 0.1428571492
65620  -27.088  -19.785  11.061 0.1428571492
65621  -27.331  -20.659  11.352 0.1428571492
65644  -22.150  -20.756  9.126 0.2857142985
65669  -21.155  -19.880  7.897 0.1428571492
66717  -22.337  -19.637  8.420 0.2857142985
66718  -23.742  -19.379  8.698 0.2857142985
67730  -25.647  -18.878  9.512 0.2857142985
67739  -25.451  -18.405  8.959 0.4285714328
68767  -27.154  -17.024  9.964 0.1428571492
68802  -21.211  -17.437  5.423 0.2857142985
68804  -23.113  -16.755  6.076 0.2857142985
68817  -19.211  -17.016  4.963 0.1428571492
69959  -28.118  -16.400  10.580 0.1428571492
69980  -26.033  -17.170  8.173 0.4285714328
70022  -21.558  -16.532  4.518 0.2857142985
70024  -23.058  -15.988  4.923 0.2857142985
71212  -29.243  -14.683  10.562 0.1428571492
71273  -29.006  -14.479  8.890 0.1428571492
71289  -27.518  -15.406  7.665 0.1428571492
71296  -25.028  -15.764  6.159 0.5714285970
71305  -24.640  -15.425  5.455 0.2857142985
71326  -22.282  -15.277  3.465 0.2857142985
72407  -27.795  -14.389  6.999 0.1428571492
72440  -21.482  -14.472  2.870 0.2857142985
72450  -22.511  -14.234  2.553 0.2857142985
73309  -30.745  -13.145  13.279 0.1428571492
73348  -29.574  -13.571  10.609 0.1428571492
73425  -29.026  -12.812  7.716 0.2857142985
73442  -27.581  -13.361  6.314 0.4285714328
73443  -28.406  -13.422  7.135 0.2857142985
73448  -25.939  -13.705  5.205 0.5714285970
73469  -23.680  -13.710  3.023 0.4285714328
73493  -23.139  -13.072  1.751 0.4285714328
74315  -33.268  -12.047  14.589 0.1428571492
74321  -30.616  -12.476  12.928 0.1428571492
74322  -35.797  -12.270  14.048 0.1428571492
74358  -29.977  -12.456  10.897 0.1428571492
74371  -29.375  -12.854  8.905 0.2857142985
74443  -27.672  -12.592  6.166 0.5714285970
74500  -21.772  -12.088  1.637 0.1428571492
74502  -23.685  -11.994  1.331 0.4285714328
75335  -36.036  -11.519  13.780 0.1428571492
75352  -30.176  -11.108  11.024 0.1428571492
75441  -27.966  -11.976  6.329 0.5714285970
75452  -26.862  -11.745  5.105 0.5714285970
75460  -27.046  -11.051  4.917 0.5714285970
75492  -22.137  -11.551  1.200 0.2857142985
76387  -32.276  -10.463  13.911 0.1428571492
76390  -34.347  -10.745  14.465 0.1428571492
76450  -29.959  -10.334  10.626 0.1428571492
76545  -27.290  -10.447  4.727 0.5714285970
76569  -21.610  -10.757  1.252 0.1428571492
76583  -23.009  -10.673  0.518 0.1428571492
76585  -24.283  -10.059  0.585 0.5714285970
77449  -32.170  -9.689  13.759 0.1428571492
77465  -35.536  -9.190  13.623 0.1428571492
77466  -36.418  -9.356  13.287 0.1428571492
77506  -29.811  -9.516  10.277 0.2857142985
77610  -23.450  -9.953  0.281 0.2857142985
77612  -24.632  -9.365  0.686 0.5714285970
78507  -32.176  -9.022  13.602 0.1428571492
78524  -36.662  -8.517  13.077 0.1428571492
78540  -31.015  -8.499  11.841 0.1428571492
78541  -37.882  -8.488  12.021 0.1428571492
78562  -29.088  -8.974  7.674 0.4285714328
78642  -23.688  -8.530  -0.669 0.2857142985
78644  -24.727  -8.323  -0.285 0.5714285970
78655  -24.020  -8.013  -1.075 0.4285714328
79536  -37.192  -7.537  12.513 0.1428571492
79544  -31.210  -7.216  11.323 0.1428571492
79562  -29.530  -7.553  9.178 0.2857142985
79596  -29.122  -7.858  6.344 0.4285714328
79665  -24.451  -7.988  -0.822 0.5714285970
79672  -23.888  -7.422  -1.368 0.4285714328
80537  -35.016  -7.037  13.225 0.1428571492
80548  -36.287  -6.651  12.645 0.1428571492
80560  -36.869  -6.295  12.216 0.1428571492
80570  -39.378  -6.348  10.013 0.1428571492
80668  -26.764  -6.518  1.967 0.7142857313
80717  -23.321  -6.434  -1.588 0.4285714328
81633  -38.511  -4.901  10.495 0.1428571492
81659  -29.928  -4.734  9.201 0.1428571492
81708  -28.397  -5.806  4.509 0.5714285970
81784  -24.608  -5.349  -2.418 0.4285714328
82607  -34.342  -4.825  11.256 0.1428571492
82620  -33.130  -4.765  10.320 0.1428571492
82640  -33.670  -4.254  9.943 0.1428571492
82653  -39.751  -4.530  8.689 0.1428571492
82670  -28.855  -3.936  7.208 0.2857142985
82684  -28.750  -4.354  6.351 0.2857142985
82791  -25.809  -4.406  -0.696 0.8571428657
82807  -23.987  -4.687  -2.518 0.4285714328
83592  -39.186  -4.000  9.233 0.1428571492
83620  -29.231  -3.585  7.973 0.1428571492
83682  -27.528  -3.038  2.298 0.7142857313
84738  -25.888  -2.460  -1.612 0.5714285970
84751  -22.141  -2.302  -2.038 0.1428571492
84768  -25.161  -1.885  -3.291 0.2857142985
85796  -22.746  -1.589  -3.062 0.1428571492
85815  -24.169  -1.267  -4.019 0.1428571492
85818  -25.747  -0.996  -3.250 0.5714285970
85828  -24.126  -0.695  -4.401 0.2857142985
85830  -25.136  -0.899  -4.068 0.1428571492
87857  -27.589  0.401  0.246 0.8571428657
87901  -26.453  0.203  -2.678 0.5714285970
87925  -22.765  0.531  -4.159 0.1428571492
88841  -27.808  1.649  1.672 0.7142857313
88842  -28.151  1.555  2.429 0.4285714328
88944  -24.603  1.291  -4.952 0.2857142985
89857  -27.605  2.288  1.281 0.5714285970
89898  -27.338  2.902  -1.304 1.0000000000
89936  -24.415  2.194  -5.127 0.2857142985
90825  -29.408  3.944  3.179 0.2857142985
90851  -27.483  3.728  0.584 0.7142857313
90910  -25.363  3.421  -4.622 0.2857142985
91812  -27.585  4.526  0.246 0.7142857313
92766  -30.777  5.170  2.257 0.1428571492
92778  -27.888  4.979  0.614 0.5714285970
92834  -26.517  5.304  -3.187 0.7142857313
92844  -25.689  5.802  -4.515 0.4285714328
92860  -23.071  5.898  -6.617 0.1428571492
93783  -30.567  6.403  1.319 0.1428571492
93798  -31.471  6.569  1.024 0.1428571492
93820  -27.901  7.087  -0.884 0.8571428657
94776  -30.012  7.477  0.247 0.1428571492
94778  -31.569  7.109  0.515 0.2857142985
94818  -26.227  7.543  -3.516 0.8571428657
94847  -23.263  7.953  -7.566 0.2857142985
95794  -28.998  8.173  -0.901 0.7142857313
95838  -24.272  8.356  -6.834 0.2857142985
96745  -28.823  9.763  -2.288 0.7142857313
96778  -22.181  9.075  -7.749 0.1428571492
97724  -26.418  10.339  -3.781 1.0000000000
97731  -21.632  10.663  -6.318 0.2857142985
97746  -22.563  9.716  -8.265 0.2857142985
98662  -30.423  11.868  -4.035 0.1428571492
99565  -21.408  13.052  -3.568 0.1428571492
99566  -28.233  12.259  -3.826 0.5714285970
99577  -30.066  12.363  -4.476 0.1428571492
99588  -29.635  12.833  -5.025 0.1428571492
99611  -22.050  11.533  -9.304 0.5714285970
100492  -21.850  14.368  -4.703 0.2857142985
100529  -29.533  13.635  -6.141 0.1428571492
100546  -21.559  12.640  -9.281 0.7142857313
101548  -22.162  13.515  -9.383 0.5714285970
102531  -22.120  15.072  -5.392 0.1428571492
102535  -27.980  15.173  -5.882 0.2857142985
102565  -19.732  15.450  -10.326 0.2857142985
103465  -26.973  17.139  -7.987 0.2857142985
103471  -19.788  16.243  -10.975 0.2857142985
103474  -27.401  16.586  -9.423 0.2857142985
104295  -23.701  17.381  -7.843 0.2857142985
104308  -19.470  16.879  -10.630 0.2857142985
104332  -20.029  17.400  -11.219 0.2857142985
105093  -20.905  18.434  -11.411 0.2857142985
105115  -26.354  19.928  -16.185 0.1428571492
105848  -23.448  18.904  -9.883 0.1428571492
105894  -26.101  19.891  -16.184 0.1428571492
105898  -26.373  20.594  -16.377 0.1428571492
105902  -26.366  20.888  -16.451 0.1428571492
106724  -25.757  20.278  -16.042 0.1428571492
106725  -26.585  20.713  -15.616 0.1428571492
106729  -26.354  20.799  -16.406 0.1428571492
106730  -26.444  21.009  -16.461 0.1428571492
106734  -26.356  20.972  -16.453 0.1428571492
107620  -26.522  20.816  -16.018 0.1428571492
138587  -25.960  -4.773  -0.056 0.7142857313
138720  -24.635  -20.973  9.700 0.4285714328
138828  -26.372  -7.865  1.871 0.5714285970
139712  -28.649  -15.008  9.188 0.1428571492
141233  -31.963  -11.106  13.731 0.1428571492
141855  -27.589  -7.988  3.020 0.7142857313
142577  -29.448  -6.945  7.906 0.2857142985
144045  -24.543  6.938  -6.520 0.1428571492
144557  -24.811  5.322  -5.675 0.2857142985
145202  -37.639  -9.957  12.115 0.1428571492
145604  -29.352  -2.825  7.731 0.1428571492
145765  -28.746  -12.249  7.428 0.2857142985
145766  -23.606  3.191  -5.639 0.1428571492
146020  -26.946  -16.456  8.451 0.1428571492
146050  -26.363  0.749  -2.880 0.8571428657
146226  -21.399  13.615  -5.799 0.2857142985
146439  -35.510  -4.179  10.763 0.1428571492
147213  -31.792  -7.822  12.503 0.1428571492
147588  -32.967  -12.933  14.590 0.1428571492
147953  -33.217  -11.226  14.542 0.1428571492
148513  -27.412  5.791  -2.076 0.8571428657
150072  -25.122  -4.179  -2.484 0.5714285970
150245  -36.942  -3.683  10.439 0.1428571492
151696  -23.220  -12.525  1.458 0.4285714328
152443  -35.741  -9.998  13.706 0.1428571492
152783  -29.781  -13.058  10.999 0.2857142985
152804  -21.070  12.162  -3.929 0.1428571492
153961  -35.507  -13.072  14.271 0.1428571492
155591  -36.800  -7.905  12.855 0.1428571492
155877  -24.140  -20.450  9.415 0.2857142985
156567  -20.722  -21.694  9.168 0.1428571492
158092  -25.134  -6.179  -1.647 0.7142857313
160870  -25.708  0.128  -3.719 0.2857142985
161399  -26.617  3.163  -2.897 0.7142857313
161621  -26.404  -0.404  -2.317 0.5714285970
162651  -27.549  -14.960  7.180 0.4285714328
162835  -26.752  -15.047  6.515 0.7142857313
164012  -26.378  20.941  -16.428 0.1428571492
164149  -20.569  17.572  -8.549 0.1428571492
164171  -28.326  2.944  3.081 0.2857142985
164571  -23.955  -12.414  2.083 0.5714285970
164623  -38.146  -3.607  10.066 0.1428571492
164753  -29.537  -8.697  9.268 0.2857142985
165623  -26.127  -20.156  10.314 0.4285714328
166609  -27.639  -12.097  5.956 0.5714285970
166965  -38.626  -3.605  9.578 0.1428571492
