#!ascii label  , from subject sub-v1s22x0050458_ses-1 vox2ras=TkReg
1719
6248  21.611  -80.473  -20.055 0.6999999881
5542  21.429  -81.104  -18.573 0.8000000119
6231  21.434  -80.350  -17.944 0.8000000119
6216  20.871  -80.448  -17.462 0.6999999881
136565  20.594  -82.146  -21.291 0.6000000238
5579  21.117  -81.758  -20.422 0.6000000238
5543  20.840  -81.530  -18.331 0.6000000238
4947  20.189  -82.877  -22.235 0.6000000238
6916  21.727  -79.722  -18.380 0.8000000119
6215  21.265  -79.897  -17.294 0.6999999881
6883  21.290  -79.327  -16.745 0.6999999881
6867  20.344  -79.051  -15.666 0.6999999881
5578  21.397  -81.121  -20.470 0.6000000238
6931  21.762  -80.028  -19.177 0.6999999881
6205  20.386  -79.980  -16.900 0.6999999881
4347  20.158  -84.053  -22.656 0.6000000238
3778  20.421  -85.141  -23.091 0.6000000238
124567  20.349  -85.031  -22.006 0.6000000238
3252  21.720  -86.133  -20.439 0.6000000238
3253  20.802  -85.887  -20.300 0.6000000238
131098  22.108  -77.644  -17.731 0.8000000119
9166  21.641  -76.930  -16.316 0.8000000119
7601  21.031  -77.699  -15.503 0.6999999881
145404  20.094  -76.687  -15.167 0.6999999881
8351  19.253  -77.214  -14.457 0.6999999881
7640  21.914  -78.654  -18.244 0.8000000119
8369  21.572  -77.658  -16.101 0.6999999881
7587  20.251  -77.779  -14.924 0.6999999881
141909  21.785  -79.271  -18.955 0.6999999881
126028  21.621  -79.290  -17.497 0.8000000119
7602  20.622  -78.263  -15.322 0.6999999881
7649  21.481  -79.332  -19.863 0.6999999881
127985  20.479  -81.769  -22.321 0.6999999881
122350  20.100  -83.140  -23.423 0.6000000238
3260  21.486  -86.309  -22.242 0.6000000238
137502  20.765  -85.750  -21.428 0.6000000238
3242  22.126  -85.937  -20.438 0.6000000238
127001  21.855  -84.372  -17.061 0.6999999881
3720  20.997  -84.771  -16.491 0.6000000238
2734  22.059  -85.563  -15.820 0.5000000000
3719  21.636  -84.757  -16.249 0.6000000238
2748  21.799  -86.436  -15.829 0.5000000000
9182  21.879  -76.471  -17.100 0.8999999762
9167  21.118  -76.553  -16.243 0.8000000119
9168  20.075  -76.485  -15.721 0.6999999881
8388  22.056  -77.694  -18.656 0.6999999881
146279  22.153  -77.051  -17.386 0.8999999762
9156  19.395  -76.394  -15.045 0.6999999881
128675  21.276  -78.393  -20.087 0.8000000119
132489  21.721  -78.484  -19.249 0.8000000119
139550  20.754  -78.778  -20.844 0.8000000119
6279  20.496  -80.856  -22.519 0.6999999881
5592  21.101  -80.683  -21.082 0.6999999881
4958  20.244  -82.248  -23.218 0.8000000119
3781  20.465  -84.931  -24.062 0.6999999881
3270  20.860  -85.742  -23.483 0.6999999881
3268  21.819  -86.158  -22.493 0.6000000238
3748  22.470  -84.158  -17.893 0.6999999881
3733  22.926  -84.063  -17.264 0.6999999881
136606  22.161  -75.917  -17.826 0.8999999762
143915  21.271  -76.012  -16.980 0.8000000119
9169  19.061  -76.179  -15.599 0.6999999881
126946  21.688  -76.964  -20.127 0.8000000119
127585  22.163  -76.871  -19.070 0.8000000119
8424  20.910  -77.817  -20.801 0.6999999881
121787  19.672  -78.918  -23.286 0.6999999881
6954  20.296  -79.280  -21.953 0.6000000238
6953  20.568  -80.156  -21.869 0.8000000119
5602  20.096  -81.436  -23.746 0.8000000119
139179  20.039  -83.319  -24.270 0.8000000119
3277  20.864  -85.279  -24.307 0.6999999881
3777  22.089  -85.720  -22.990 0.8000000119
3269  21.331  -86.181  -22.998 0.6999999881
4346  22.636  -84.417  -23.111 0.8000000119
129176  23.270  -83.504  -19.624 0.6999999881
4324  22.896  -84.247  -20.416 0.6999999881
3771  22.466  -85.419  -22.071 0.6999999881
4269  23.315  -83.699  -17.992 0.6999999881
4287  22.834  -83.970  -18.750 0.6999999881
12006  13.744  -74.278  -22.848 0.6000000238
123610  14.637  -72.828  -21.541 0.6000000238
12974  13.215  -72.554  -21.105 0.6000000238
13966  12.522  -71.828  -21.255 0.6999999881
10070  21.712  -75.614  -17.563 0.8999999762
10056  20.335  -76.144  -16.707 0.6999999881
139349  20.271  -77.512  -22.004 0.6000000238
133835  19.724  -78.124  -23.306 0.6000000238
6305  19.775  -80.553  -24.542 0.6999999881
124814  20.105  -81.037  -25.241 0.6999999881
5609  19.895  -81.081  -25.232 0.6999999881
11015  18.257  -75.066  -20.155 0.6999999881
10116  17.865  -75.856  -20.395 0.6999999881
5626  20.222  -82.339  -25.523 0.8000000119
4967  20.005  -82.203  -24.637 0.8000000119
11988  17.671  -73.095  -21.542 0.6000000238
11016  17.691  -75.260  -20.968 0.6000000238
10137  17.314  -75.858  -21.463 0.6999999881
4358  20.347  -83.819  -25.304 0.6999999881
11030  17.371  -75.059  -22.009 0.5000000000
10138  16.858  -76.143  -22.128 0.6999999881
3780  22.157  -85.141  -23.738 0.8000000119
3281  21.257  -85.182  -24.391 0.8000000119
134143  17.457  -73.938  -22.431 0.5000000000
12005  17.613  -73.890  -23.757 0.5000000000
4323  23.385  -83.191  -20.617 0.6999999881
13014  17.868  -73.020  -24.176 0.5000000000
13030  17.687  -72.089  -24.368 0.6000000238
13031  17.553  -73.019  -24.488 0.5000000000
11081  16.539  -74.648  -24.645 0.6000000238
10193  16.089  -75.283  -24.698 0.6999999881
11065  14.108  -75.271  -24.193 0.6999999881
13032  17.005  -72.555  -24.533 0.5000000000
13033  16.193  -73.178  -24.509 0.6000000238
12043  15.005  -74.613  -24.577 0.6000000238
12995  14.506  -73.444  -22.421 0.6000000238
14012  16.961  -71.652  -24.272 0.6000000238
12025  15.354  -73.627  -24.280 0.6000000238
13016  15.062  -73.193  -23.362 0.6000000238
13998  16.332  -71.217  -23.787 0.5000000000
14013  16.278  -72.080  -24.214 0.5000000000
12994  15.224  -72.322  -21.813 0.6000000238
12973  14.082  -72.604  -20.976 0.6000000238
13948  12.713  -71.381  -20.535 0.6999999881
14898  11.654  -70.141  -20.625 0.6000000238
14913  10.541  -70.158  -22.094 0.6999999881
13999  15.843  -71.671  -23.595 0.6000000238
13984  15.529  -71.508  -22.632 0.6000000238
12972  14.819  -72.140  -20.951 0.6000000238
14895  14.079  -70.751  -20.133 0.6999999881
132924  12.227  -69.754  -19.863 0.5000000000
10071  20.896  -75.484  -17.374 0.8999999762
138691  21.111  -76.899  -21.136 0.6000000238
9228  21.755  -76.226  -20.489 0.6999999881
10072  19.708  -75.737  -17.370 0.8000000119
123140  18.060  -75.901  -16.602 0.6999999881
10073  18.700  -75.949  -17.801 0.6999999881
10086  19.239  -75.371  -18.077 0.8000000119
7668  19.338  -78.770  -24.678 0.6999999881
11001  18.648  -74.251  -19.255 0.8000000119
10098  18.372  -75.652  -19.549 0.6000000238
11987  18.181  -72.935  -20.559 0.6999999881
12971  18.545  -72.410  -21.343 0.6000000238
4357  22.328  -84.095  -25.274 0.8000000119
4361  21.467  -83.657  -25.862 0.8000000119
4353  22.538  -84.281  -24.311 0.8000000119
12992  18.252  -72.295  -22.326 0.5000000000
12993  17.789  -73.005  -22.986 0.5000000000
14943  18.512  -70.498  -23.328 0.5000000000
15855  18.132  -69.857  -23.315 0.6000000238
13013  18.024  -72.282  -24.224 0.6000000238
133260  17.841  -70.617  -23.695 0.6000000238
15856  17.347  -70.011  -23.423 0.6000000238
16715  9.685  -67.825  -20.447 0.5000000000
14946  15.830  -70.716  -23.110 0.5000000000
15817  10.520  -68.662  -20.717 0.5000000000
146083  10.186  -69.105  -21.174 0.6000000238
14929  15.628  -70.058  -22.331 0.6000000238
14909  15.308  -70.538  -21.382 0.6999999881
14910  14.767  -70.169  -20.654 0.6999999881
131653  13.147  -70.341  -19.880 0.6999999881
16744  16.263  -68.629  -22.226 0.6000000238
124547  13.416  -68.967  -20.046 0.6000000238
16726  15.463  -68.587  -21.854 0.6999999881
15827  14.687  -69.239  -20.830 0.6000000238
16711  14.206  -68.600  -20.644 0.5000000000
9215  22.222  -76.004  -19.468 0.6999999881
10085  22.080  -75.242  -18.263 0.6999999881
10972  21.380  -74.883  -17.926 0.6999999881
10973  20.348  -74.927  -17.808 0.8000000119
11948  20.154  -73.899  -18.734 0.6999999881
142301  18.803  -72.882  -19.964 0.6999999881
16684  8.894  -68.026  -19.144 0.5000000000
17745  19.566  -67.163  -22.550 0.5000000000
15843  18.492  -69.126  -22.902 0.6000000238
16717  8.611  -68.157  -20.271 0.5000000000
17746  18.574  -67.428  -22.401 0.5000000000
18744  19.888  -65.846  -22.334 0.5000000000
16742  18.095  -68.400  -22.650 0.6000000238
15845  16.666  -69.468  -22.806 0.6000000238
16713  12.562  -68.828  -19.818 0.5000000000
18745  19.037  -66.207  -22.117 0.5000000000
17747  17.632  -67.618  -22.250 0.6000000238
17748  16.717  -67.806  -22.057 0.6000000238
18746  18.110  -66.517  -21.941 0.6000000238
10115  21.968  -74.868  -20.163 0.6999999881
10998  21.626  -74.318  -19.544 0.6999999881
10999  20.888  -73.876  -19.160 0.6999999881
17734  15.698  -66.991  -21.508 0.5000000000
19750  20.264  -64.741  -21.876 0.5000000000
140646  14.594  -68.116  -21.188 0.5000000000
18727  18.540  -65.019  -21.803 0.5000000000
17732  17.094  -66.668  -21.813 0.5000000000
17733  16.321  -67.188  -21.751 0.5000000000
136045  14.994  -67.697  -21.423 0.5000000000
18729  15.700  -65.996  -21.274 0.5000000000
18710  15.351  -65.104  -20.790 0.5000000000
19717  18.693  -63.710  -20.571 0.5000000000
19737  16.888  -63.960  -20.880 0.5000000000
18730  15.122  -66.492  -21.157 0.5000000000
19735  18.860  -63.837  -21.521 0.5000000000
126141  16.986  -65.217  -21.399 0.5000000000
18728  16.305  -66.240  -21.504 0.5000000000
19734  19.601  -64.048  -21.575 0.5000000000
131032  17.709  -65.538  -21.666 0.5000000000
20685  18.024  -63.586  -20.409 0.5000000000
14847  9.718  -70.922  -18.190 0.6000000238
13919  8.691  -71.431  -19.076 0.6000000238
14846  10.257  -70.261  -17.959 0.5000000000
13898  9.739  -71.924  -17.842 0.6999999881
12930  8.650  -72.235  -18.454 0.6000000238
12942  8.141  -72.306  -19.100 0.6000000238
12932  6.726  -72.796  -18.286 0.6999999881
143444  10.112  -72.673  -16.635 0.6000000238
12913  8.619  -72.613  -17.778 0.6999999881
12931  7.824  -72.710  -18.192 0.6999999881
129763  7.253  -72.766  -19.040 0.6999999881
12900  6.628  -72.509  -16.869 0.8000000119
12896  10.316  -72.970  -15.918 0.5000000000
13897  10.318  -72.226  -17.214 0.5000000000
12914  7.122  -72.941  -17.451 0.8000000119
12898  8.828  -73.140  -16.465 0.6000000238
14832  6.030  -70.854  -16.079 0.6999999881
12874  11.225  -72.943  -15.447 0.5000000000
13881  11.027  -72.481  -16.473 0.5000000000
13883  6.352  -71.755  -16.403 0.6999999881
13884  5.781  -71.363  -16.756 0.6999999881
13882  6.946  -72.420  -16.043 0.6999999881
12876  9.523  -73.166  -15.471 0.6999999881
15758  5.623  -69.834  -16.564 0.6999999881
14820  6.652  -70.709  -15.394 0.6999999881
12875  10.415  -73.154  -15.116 0.6000000238
12877  8.609  -73.150  -15.700 0.8000000119
20613  6.131  -64.071  -12.512 0.6999999881
19626  6.269  -64.885  -12.269 0.8000000119
13807  12.781  -71.785  -12.405 0.4000000060
15747  5.833  -68.680  -16.165 0.6999999881
141362  12.381  -72.244  -13.085 0.5000000000
15757  6.259  -69.922  -15.593 0.6999999881
12832  11.078  -72.628  -13.924 0.6000000238
12833  10.181  -72.511  -14.026 0.6000000238
13867  7.356  -72.086  -15.329 0.6999999881
12853  8.951  -72.873  -14.824 0.8000000119
13846  8.582  -72.049  -14.418 0.8000000119
21498  9.584  -64.184  -7.613 0.5000000000
21508  10.050  -64.038  -8.360 0.5000000000
20554  9.742  -64.842  -8.539 0.5000000000
23409  7.622  -61.328  -13.874 0.5000000000
22494  7.778  -62.375  -14.488 0.6000000238
126858  8.145  -61.649  -14.611 0.6000000238
24314  7.027  -60.922  -12.803 0.6000000238
21535  7.918  -63.817  -10.972 0.6000000238
22495  7.098  -62.597  -13.702 0.6999999881
23410  7.056  -61.786  -13.541 0.6999999881
21579  6.971  -63.235  -13.592 0.6999999881
21566  4.955  -62.946  -12.445 0.6999999881
16636  6.240  -68.829  -14.265 0.6999999881
16608  6.727  -68.215  -12.535 0.6999999881
17609  6.870  -67.466  -12.308 0.8000000119
133213  11.917  -71.599  -12.554 0.5000000000
15746  6.381  -69.325  -15.023 0.6999999881
13822  11.508  -72.107  -13.272 0.6000000238
14809  6.900  -70.263  -14.701 0.8000000119
13845  9.358  -72.363  -14.220 0.6999999881
14791  7.968  -70.343  -13.840 0.8000000119
13847  7.829  -71.592  -14.674 0.8000000119
22406  8.535  -62.684  -7.504 0.5000000000
22418  9.805  -62.954  -8.097 0.6000000238
124785  11.259  -62.321  -8.526 0.5000000000
21506  11.019  -63.151  -9.043 0.6000000238
21517  10.692  -63.691  -9.471 0.6000000238
20568  9.764  -64.810  -9.324 0.6000000238
21532  10.675  -63.524  -10.207 0.6000000238
21533  9.925  -63.850  -10.590 0.5000000000
23408  8.770  -61.474  -14.953 0.5000000000
24353  8.304  -60.671  -13.973 0.5000000000
21606  8.766  -62.780  -15.255 0.6000000238
24313  7.731  -60.433  -12.841 0.6000000238
23367  7.217  -61.378  -11.909 0.6999999881
21534  8.995  -64.009  -10.885 0.6000000238
21593  8.812  -63.408  -15.166 0.6000000238
21595  7.690  -63.325  -14.439 0.6999999881
22477  6.334  -62.150  -13.137 0.6999999881
23398  6.529  -61.531  -12.819 0.6999999881
22455  6.007  -61.849  -11.539 0.8000000119
21551  7.398  -62.822  -11.319 0.6999999881
124587  8.427  -64.105  -15.021 0.6999999881
20626  7.774  -64.606  -14.090 0.6999999881
19639  8.382  -65.188  -14.161 0.6999999881
19625  7.010  -64.798  -12.529 0.8000000119
18613  8.201  -67.051  -13.161 0.8000000119
131704  7.301  -66.768  -12.401 0.8000000119
13808  11.056  -71.218  -12.931 0.5000000000
143144  10.208  -69.112  -12.986 0.6000000238
15722  7.081  -69.442  -13.294 0.8000000119
17633  7.357  -67.897  -12.466 0.8000000119
13823  10.594  -71.867  -13.484 0.6000000238
14771  10.684  -70.399  -12.754 0.6999999881
15721  7.948  -69.656  -13.467 0.8000000119
14789  9.208  -70.868  -13.671 0.6999999881
131853  8.641  -70.213  -13.676 0.6999999881
14790  8.390  -71.032  -14.067 0.8000000119
22419  8.825  -62.397  -7.899 0.4000000060
22428  11.439  -62.583  -9.437 0.4000000060
21531  11.080  -63.206  -9.746 0.5000000000
22439  10.301  -62.952  -11.019 0.5000000000
23426  9.157  -62.086  -15.460 0.5000000000
24330  9.078  -59.662  -13.399 0.6000000238
140076  8.851  -60.316  -12.256 0.6000000238
22452  9.114  -62.437  -11.530 0.6000000238
21592  9.665  -63.212  -14.711 0.6000000238
136384  7.986  -61.270  -11.904 0.6999999881
21550  8.492  -63.193  -11.351 0.6999999881
123020  8.986  -64.159  -14.851 0.6000000238
19640  7.814  -65.707  -12.958 0.8000000119
16620  9.986  -68.495  -13.420 0.6999999881
130663  8.926  -69.398  -13.565 0.6999999881
128933  8.484  -68.852  -13.362 0.8000000119
17631  8.981  -67.934  -13.849 0.8000000119
15720  9.440  -70.021  -13.432 0.6999999881
130651  9.904  -61.393  -8.151 0.4000000060
23319  8.212  -61.431  -8.248 0.4000000060
23321  6.533  -60.949  -8.150 0.4000000060
123845  11.710  -61.371  -8.438 0.5000000000
129076  10.996  -61.554  -8.040 0.4000000060
23350  10.897  -61.994  -10.944 0.5000000000
24292  10.619  -60.208  -11.862 0.5000000000
22451  9.937  -61.749  -11.473 0.5000000000
24310  10.870  -59.526  -12.591 0.5000000000
23366  8.874  -61.200  -11.802 0.6999999881
20641  8.603  -64.656  -14.789 0.6000000238
134962  8.699  -66.179  -13.901 0.8000000119
16607  10.541  -68.522  -12.596 0.6000000238
17608  10.214  -67.880  -13.282 0.6000000238
18591  10.459  -66.704  -13.045 0.6999999881
131621  10.039  -66.413  -13.710 0.6999999881
16621  9.312  -68.569  -13.652 0.6999999881
24223  4.692  -60.054  -8.015 0.3000000119
24241  11.338  -60.710  -8.133 0.4000000060
129007  10.392  -60.667  -8.151 0.3000000119
129006  9.136  -60.314  -8.545 0.4000000060
24242  8.153  -60.485  -8.622 0.4000000060
24243  6.286  -60.075  -8.422 0.4000000060
23334  12.355  -61.166  -9.508 0.4000000060
140791  5.994  -59.662  -8.235 0.3000000119
23349  11.700  -61.843  -10.078 0.4000000060
25280  10.078  -58.981  -13.024 0.5000000000
23364  11.249  -61.053  -11.120 0.4000000060
25302  10.513  -59.344  -13.550 0.6000000238
24275  12.011  -60.827  -10.573 0.4000000060
131535  10.750  -59.334  -13.189 0.4000000060
24291  11.513  -60.213  -11.557 0.5000000000
19652  8.704  -65.195  -14.345 0.6999999881
18611  9.356  -66.984  -14.023 0.6999999881
23303  4.887  -61.433  -7.919 0.4000000060
25208  6.802  -59.348  -8.405 0.4000000060
26188  6.325  -59.089  -8.044 0.3000000119
23316  12.393  -61.041  -8.802 0.3000000119
24290  12.379  -60.143  -11.113 0.4000000060
25301  12.540  -59.544  -13.559 0.4000000060
25261  11.951  -59.698  -12.056 0.4000000060
145605  9.731  -59.780  -8.487 0.3000000119
25206  8.917  -59.233  -8.761 0.3000000119
130808  8.209  -59.525  -8.739 0.4000000060
25207  7.659  -58.951  -8.623 0.3000000119
26187  7.315  -58.658  -8.388 0.3000000119
25204  11.600  -59.854  -8.206 0.3000000119
24256  12.955  -60.598  -9.222 0.3000000119
25260  12.883  -59.715  -11.615 0.3000000119
25241  13.152  -59.981  -10.698 0.3000000119
137656  13.699  -59.411  -12.137 0.3000000119
131793  8.284  -58.749  -8.728 0.3000000119
26186  8.137  -58.200  -8.652 0.3000000119
137790  9.700  -58.954  -8.607 0.3000000119
140595  8.699  -57.742  -8.681 0.3000000119
24273  13.434  -60.114  -9.764 0.3000000119
25259  14.241  -59.285  -11.176 0.3000000119
25209  5.409  -59.614  -8.025 0.3000000119
26184  10.828  -58.807  -8.304 0.3000000119
129002  10.698  -57.804  -8.307 0.3000000119
25239  14.520  -59.199  -10.249 0.3000000119
10178  16.874  -75.372  -23.758 0.6000000238
11064  16.676  -75.051  -24.461 0.6999999881
10159  15.538  -76.449  -23.831 0.6999999881
10180  15.114  -76.293  -24.501 0.6999999881
23365  10.494  -61.107  -11.465 0.4000000060
24293  9.669  -60.419  -11.932 0.6000000238
27130  6.923  -58.334  -7.857 0.3000000119
134995  21.150  -81.748  -18.894 0.6999999881
7603  19.902  -78.496  -15.109 0.6999999881
3759  22.209  -85.117  -18.854 0.6000000238
3758  22.509  -85.065  -19.781 0.6999999881
7660  20.172  -78.360  -21.937 0.6000000238
121634  19.200  -76.142  -17.057 0.6999999881
3789  20.870  -84.018  -25.639 0.8000000119
4338  22.985  -84.212  -21.304 0.6999999881
126915  23.011  -83.978  -22.164 0.8000000119
14911  12.081  -70.921  -21.148 0.6999999881
11063  17.222  -74.576  -24.121 0.5000000000
12026  14.563  -74.090  -23.769 0.6000000238
14914  9.461  -70.058  -21.843 0.6000000238
15826  15.244  -69.433  -21.567 0.6999999881
10986  18.969  -75.051  -18.739 0.8000000119
13983  18.690  -71.565  -22.828 0.5000000000
141247  18.545  -71.141  -23.382 0.6000000238
16743  17.186  -68.562  -22.480 0.6000000238
15736  6.734  -69.589  -13.830 0.8000000119
1055  23.330  -90.943  -16.782 0.4000000060
133057  24.067  -90.601  -16.307 0.4000000060
1074  23.287  -90.277  -18.382 0.3000000119
690  22.722  -91.206  -17.168 0.4000000060
1056  22.586  -91.135  -16.642 0.4000000060
1040  23.269  -90.502  -16.105 0.4000000060
1882  26.035  -88.751  -18.723 0.4000000060
126455  25.696  -89.343  -18.394 0.5000000000
1489  25.963  -89.579  -18.180 0.5000000000
134637  25.295  -88.448  -18.348 0.3000000119
1490  25.030  -89.990  -18.166 0.4000000060
1068  24.220  -90.689  -17.362 0.4000000060
1884  23.797  -89.252  -18.379 0.3000000119
1069  23.409  -90.713  -17.774 0.3000000119
689  23.380  -90.942  -17.233 0.3000000119
1492  23.088  -89.672  -18.776 0.3000000119
2310  25.873  -87.840  -18.814 0.4000000060
1892  26.460  -88.429  -19.013 0.5000000000
2769  25.327  -86.743  -18.648 0.3000000119
1868  24.470  -87.727  -18.004 0.3000000119
1870  22.960  -88.146  -17.897 0.4000000060
2302  23.593  -87.286  -17.536 0.3000000119
2291  22.405  -87.058  -16.557 0.4000000060
2304  22.273  -87.900  -17.294 0.4000000060
2292  21.459  -87.456  -16.475 0.4000000060
134523  25.822  -87.133  -19.576 0.4000000060
2777  25.579  -86.463  -20.542 0.4000000060
142720  25.458  -86.315  -19.262 0.4000000060
3241  25.417  -85.487  -19.445 0.4000000060
3770  25.690  -83.892  -21.677 0.5000000000
2770  24.791  -86.124  -17.998 0.4000000060
3746  25.179  -83.927  -18.562 0.4000000060
2303  22.879  -87.461  -17.231 0.4000000060
2746  23.576  -86.026  -16.959 0.5000000000
3747  24.935  -84.397  -17.983 0.4000000060
3205  23.000  -85.146  -16.267 0.4000000060
3708  20.936  -84.901  -15.905 0.6000000238
2735  21.133  -85.771  -15.513 0.4000000060
4336  25.470  -82.943  -21.561 0.6000000238
4944  25.031  -82.591  -21.599 0.6000000238
4914  25.190  -82.779  -20.084 0.6000000238
4931  25.176  -82.728  -20.748 0.6000000238
4932  24.449  -82.586  -20.144 0.6000000238
4946  23.888  -82.631  -20.828 0.6999999881
4268  23.771  -83.813  -17.592 0.5000000000
4307  23.971  -82.952  -19.289 0.6000000238
4337  23.502  -82.926  -21.697 0.6999999881
5608  25.220  -81.925  -24.748 0.6999999881
4973  24.513  -82.110  -25.124 0.6999999881
4956  24.711  -82.408  -22.612 0.6000000238
4965  24.575  -82.302  -23.776 0.6999999881
4356  23.112  -83.409  -25.028 0.6999999881
4359  22.676  -83.143  -25.898 0.6999999881
5625  20.674  -82.336  -25.773 0.6999999881
4957  23.885  -82.549  -22.822 0.6999999881
4352  23.267  -83.313  -23.746 0.6999999881
4345  23.312  -83.211  -22.680 0.6999999881
5628  24.714  -81.130  -26.327 0.5000000000
6324  23.709  -81.185  -26.050 0.6000000238
4966  23.924  -82.610  -24.334 0.6999999881
4978  23.283  -82.208  -26.058 0.6000000238
5624  21.749  -82.408  -26.037 0.6999999881
5614  21.911  -81.545  -25.324 0.6999999881
5615  20.762  -81.763  -25.569 0.6999999881
142247  22.631  -81.774  -25.892 0.6000000238
6313  22.914  -80.925  -24.629 0.6000000238
145511  20.583  -81.212  -25.338 0.6000000238
6303  21.554  -80.817  -24.658 0.6000000238
8473  19.636  -77.899  -24.814 0.5000000000
6868  19.315  -79.087  -15.698 0.6000000238
6899  19.577  -79.899  -17.016 0.6000000238
6304  20.041  -80.560  -25.389 0.6000000238
6985  19.690  -79.659  -25.268 0.6000000238
7676  19.538  -78.780  -25.326 0.5000000000
131766  17.935  -78.018  -14.374 0.6000000238
7589  18.781  -77.872  -14.482 0.6000000238
7604  19.061  -78.534  -14.938 0.6000000238
6978  20.719  -80.171  -24.962 0.6000000238
7680  19.675  -78.894  -25.417 0.5000000000
132145  19.410  -79.166  -25.296 0.5000000000
9149  16.222  -76.067  -13.974 0.6000000238
10027  17.586  -75.802  -14.581 0.6000000238
8331  17.378  -76.784  -13.845 0.6000000238
8353  17.372  -77.573  -13.933 0.6000000238
8352  18.291  -77.137  -14.131 0.6000000238
121598  18.208  -75.757  -15.682 0.6000000238
9157  18.435  -75.883  -14.887 0.6000000238
122834  21.753  -75.590  -20.815 0.6000000238
7675  20.304  -79.334  -25.282 0.6000000238
10043  16.782  -75.447  -15.422 0.6000000238
123075  16.213  -75.173  -17.701 0.6000000238
10058  17.294  -75.525  -16.136 0.6000000238
123535  17.174  -75.680  -17.902 0.6000000238
10074  17.621  -75.859  -17.204 0.6000000238
10099  18.074  -76.136  -19.597 0.5000000000
134532  18.068  -76.167  -18.065 0.6000000238
10087  18.421  -75.947  -18.749 0.5000000000
9150  15.439  -76.152  -13.908 0.6999999881
10029  15.637  -75.733  -14.641 0.6000000238
10059  16.186  -75.292  -16.127 0.6000000238
10089  16.758  -75.538  -18.590 0.6000000238
134138  17.518  -76.009  -20.136 0.6000000238
9200  13.152  -76.405  -18.810 0.6000000238
132294  15.395  -75.381  -15.636 0.6000000238
10076  15.887  -75.127  -16.957 0.6000000238
10100  16.333  -75.461  -19.409 0.5000000000
10967  15.272  -74.880  -17.465 0.6000000238
10102  14.486  -75.354  -19.734 0.6000000238
141308  13.733  -75.704  -19.231 0.6000000238
9216  13.055  -76.396  -19.704 0.6000000238
130515  14.553  -75.301  -16.125 0.6000000238
10117  17.261  -76.069  -21.097 0.6000000238
121722  15.115  -74.988  -19.051 0.6000000238
10101  15.453  -75.320  -19.833 0.5000000000
123277  15.165  -75.590  -20.604 0.6000000238
10120  14.111  -75.768  -20.650 0.5000000000
9229  13.431  -76.370  -21.415 0.5000000000
10158  16.429  -75.970  -23.260 0.6000000238
10139  15.857  -76.289  -22.706 0.6000000238
10119  14.606  -76.013  -21.493 0.6000000238
9248  13.976  -76.660  -22.531 0.6000000238
9270  13.022  -76.429  -22.893 0.6999999881
10140  12.234  -75.966  -21.157 0.6999999881
11031  11.970  -75.054  -21.335 0.6999999881
11032  10.901  -74.350  -21.505 0.6999999881
9268  14.842  -76.659  -23.186 0.6000000238
9289  13.784  -76.592  -23.933 0.6999999881
11047  13.402  -75.344  -23.355 0.6999999881
10160  12.950  -75.924  -23.090 0.6999999881
11048  12.597  -75.122  -21.984 0.6999999881
11049  11.764  -74.064  -21.671 0.6000000238
9267  20.088  -76.781  -24.041 0.5000000000
8459  19.989  -77.372  -23.234 0.5000000000
10155  21.251  -75.019  -23.703 0.5000000000
10156  20.367  -76.093  -24.922 0.5000000000
9266  20.739  -75.823  -23.128 0.6000000238
12038  22.419  -73.379  -24.971 0.6000000238
11062  21.528  -74.474  -24.613 0.6000000238
125540  21.482  -74.966  -22.183 0.6000000238
132417  21.800  -74.893  -21.093 0.6000000238
13012  22.712  -72.407  -24.456 0.5000000000
12004  22.162  -73.394  -22.634 0.6000000238
11014  21.705  -74.131  -20.362 0.6000000238
12989  22.234  -71.607  -22.747 0.6000000238
12990  21.773  -71.937  -22.142 0.5000000000
11972  21.490  -73.270  -20.596 0.6000000238
11961  21.288  -73.727  -19.873 0.6000000238
13979  22.249  -70.934  -22.734 0.5000000000
12952  20.750  -72.660  -20.538 0.6000000238
12970  19.534  -72.051  -21.365 0.5000000000
11974  19.800  -72.788  -19.948 0.6000000238
3732  23.464  -84.380  -16.878 0.6000000238
4915  23.735  -82.760  -20.062 0.6999999881
9247  20.570  -76.585  -22.280 0.5000000000
10118  16.063  -76.059  -21.599 0.6000000238
11066  13.462  -75.973  -23.989 0.6999999881
144485  21.305  -76.204  -21.263 0.6000000238
11973  20.755  -73.206  -19.834 0.6000000238
12953  19.985  -72.380  -20.681 0.6000000238
702  22.786  -90.977  -17.653 0.3000000119
1491  23.968  -89.971  -18.332 0.3000000119
1073  24.095  -90.396  -17.984 0.4000000060
1869  23.718  -88.337  -18.073 0.3000000119
124920  25.073  -87.249  -18.214 0.4000000060
2760  24.306  -86.646  -17.703 0.4000000060
3251  25.506  -85.365  -20.570 0.4000000060
140667  25.292  -84.657  -18.655 0.3000000119
3764  25.648  -84.128  -20.588 0.5000000000
4322  25.516  -83.103  -20.643 0.6000000238
3232  24.617  -85.075  -17.577 0.5000000000
144937  24.380  -83.261  -18.831 0.5000000000
3219  23.954  -84.992  -16.911 0.5000000000
4974  23.622  -82.497  -25.593 0.6999999881
10090  15.677  -75.007  -18.385 0.6000000238
11033  10.215  -74.284  -21.893 0.6000000238
12023  21.997  -73.564  -23.892 0.6000000238
13995  22.714  -71.481  -23.661 0.5000000000
11045  21.918  -74.155  -22.366 0.6000000238
11029  21.973  -74.081  -21.262 0.6000000238
140985  22.495  -72.173  -23.477 0.5000000000
131108  22.106  -72.641  -22.112 0.6000000238
14941  22.771  -70.705  -23.226 0.5000000000
13962  21.062  -71.673  -21.771 0.5000000000
12969  20.555  -72.108  -21.188 0.5000000000
142081  25.445  -89.363  -3.030 0.4000000060
2154  24.690  -88.123  -2.849 0.4000000060
1715  24.689  -88.728  -3.635 0.5000000000
578  23.950  -91.350  -1.064 0.5000000000
579  23.384  -91.614  -0.496 0.5000000000
566  21.995  -91.818  0.646 0.5000000000
877  24.659  -90.490  -1.755 0.5000000000
876  25.345  -90.144  -1.924 0.5000000000
2161  23.844  -87.542  -3.314 0.4000000060
2624  23.392  -85.926  -2.899 0.4000000060
2162  23.383  -86.575  -3.500 0.5000000000
127964  22.952  -88.122  -13.964 0.3000000119
1439  22.819  -88.838  -13.127 0.3000000119
1840  22.182  -87.914  -13.988 0.3000000119
134757  22.324  -88.946  -15.297 0.3000000119
135984  24.471  -91.050  -0.372 0.4000000060
125312  23.840  -91.500  -0.629 0.5000000000
322  22.793  -91.873  0.811 0.5000000000
126460  25.639  -89.988  -1.180 0.4000000060
891  25.508  -89.894  -2.527 0.4000000060
141970  24.145  -87.399  -1.716 0.3000000119
2139  25.302  -88.194  -0.876 0.3000000119
3119  23.751  -85.658  -4.807 0.4000000060
2615  23.546  -85.793  -1.960 0.3000000119
3103  23.620  -85.555  -3.390 0.4000000060
143662  23.529  -85.668  -4.132 0.5000000000
3094  24.146  -85.183  -2.928 0.3000000119
1438  24.422  -89.339  -13.352 0.3000000119
1023  23.144  -90.014  -13.171 0.3000000119
1839  23.711  -88.384  -14.175 0.3000000119
1850  23.950  -88.527  -14.963 0.3000000119
1462  23.180  -89.192  -15.460 0.3000000119
135260  25.306  -90.400  -0.358 0.3000000119
563  23.979  -91.479  0.306 0.4000000060
1254  26.030  -89.594  -0.176 0.3000000119
3068  23.762  -85.628  -1.409 0.3000000119
2645  25.629  -86.052  -4.874 0.4000000060
2660  25.115  -86.352  -5.364 0.4000000060
129525  25.037  -85.330  -3.637 0.4000000060
3084  24.523  -85.130  -2.052 0.3000000119
1009  26.132  -89.994  -12.371 0.4000000060
1021  24.772  -90.458  -12.675 0.4000000060
665  24.258  -91.506  -12.399 0.4000000060
141627  23.937  -91.853  -12.338 0.4000000060
660  23.531  -92.173  -12.208 0.4000000060
655  23.225  -92.326  -11.091 0.5000000000
1448  25.256  -88.954  -14.125 0.3000000119
1827  24.441  -88.791  -13.847 0.3000000119
1838  24.416  -88.638  -14.397 0.3000000119
1461  24.069  -89.569  -15.587 0.3000000119
688  24.043  -90.796  -16.788 0.3000000119
858  25.754  -90.171  0.517 0.3000000119
2643  27.628  -86.516  -4.568 0.3000000119
2644  26.639  -86.472  -4.909 0.3000000119
2190  26.519  -87.921  -5.476 0.4000000060
1741  26.333  -88.687  -5.733 0.4000000060
3083  25.174  -85.171  -1.468 0.3000000119
3101  26.089  -85.638  -3.218 0.3000000119
3093  25.906  -85.403  -2.241 0.3000000119
3102  25.062  -85.224  -2.830 0.3000000119
973  25.188  -91.159  -8.563 0.5000000000
629  26.002  -91.323  -7.584 0.5000000000
1811  27.258  -89.151  -11.206 0.3000000119
1417  26.423  -89.595  -11.570 0.3000000119
999  27.189  -89.742  -11.711 0.3000000119
1000  26.443  -89.985  -11.964 0.3000000119
1010  25.186  -90.997  -12.195 0.4000000060
988  23.160  -90.571  -10.207 0.5000000000
137715  23.644  -91.616  -9.711 0.5000000000
659  24.404  -91.368  -12.316 0.4000000060
1002  23.741  -91.816  -11.806 0.4000000060
136782  23.370  -91.238  -10.889 0.5000000000
146058  23.377  -91.688  -10.351 0.5000000000
1447  26.156  -89.676  -14.678 0.3000000119
1460  24.844  -88.955  -15.002 0.3000000119
136154  24.722  -90.110  -15.744 0.3000000119
1039  24.779  -90.516  -16.268 0.3000000119
1054  24.849  -90.580  -16.639 0.4000000060
2658  27.454  -87.117  -5.139 0.3000000119
1739  27.940  -89.104  -5.749 0.4000000060
3082  26.269  -85.327  -1.425 0.3000000119
3092  27.176  -85.820  -2.696 0.3000000119
3100  27.338  -86.101  -3.591 0.3000000119
1740  27.271  -89.567  -5.877 0.4000000060
123976  27.034  -85.619  -1.988 0.3000000119
943  26.594  -90.855  -6.752 0.4000000060
956  26.666  -90.988  -7.037 0.5000000000
1786  26.536  -89.362  -8.304 0.4000000060
1382  26.659  -90.536  -7.878 0.5000000000
2259  26.410  -87.115  -11.890 0.3000000119
1383  25.787  -90.256  -8.430 0.5000000000
1812  26.177  -88.660  -11.294 0.3000000119
1397  23.483  -89.541  -9.505 0.4000000060
1384  24.675  -89.930  -9.049 0.5000000000
1416  27.905  -89.543  -11.503 0.3000000119
1418  25.398  -90.037  -11.844 0.4000000060
131890  24.343  -89.770  -11.683 0.4000000060
1398  22.906  -89.200  -9.846 0.5000000000
986  24.110  -90.792  -9.356 0.5000000000
138757  27.142  -89.927  -12.175 0.3000000119
1419  24.045  -90.758  -11.639 0.5000000000
1409  23.104  -90.007  -10.785 0.5000000000
1435  26.930  -89.750  -13.877 0.3000000119
1032  26.739  -89.941  -15.071 0.4000000060
1459  27.052  -90.016  -15.641 0.3000000119
142363  25.751  -90.289  -15.882 0.4000000060
1053  25.747  -90.368  -16.570 0.4000000060
123120  18.989  -86.268  -18.862 0.5000000000
1479  25.532  -90.051  -17.869 0.3000000119
3064  27.970  -85.516  -0.636 0.3000000119
3091  28.117  -86.035  -2.105 0.3000000119
1752  28.908  -88.947  -6.594 0.3000000119
3081  27.536  -85.636  -1.384 0.3000000119
1770  28.522  -89.290  -7.374 0.3000000119
126347  27.326  -90.143  -7.740 0.5000000000
1771  27.810  -89.264  -7.957 0.3000000119
2267  26.714  -86.933  -12.491 0.3000000119
1787  25.177  -89.008  -8.747 0.5000000000
2250  26.842  -87.922  -11.324 0.3000000119
1799  23.053  -88.573  -9.542 0.4000000060
1788  23.957  -88.775  -9.128 0.4000000060
139276  25.320  -89.239  -11.548 0.4000000060
1813  24.072  -88.757  -11.554 0.4000000060
1806  22.915  -88.948  -10.623 0.4000000060
1800  22.656  -88.501  -10.028 0.4000000060
1008  27.829  -89.902  -12.374 0.3000000119
1007  28.545  -89.741  -12.526 0.3000000119
128068  23.436  -89.432  -11.309 0.4000000060
1399  22.813  -89.509  -10.164 0.5000000000
1037  27.651  -89.853  -14.607 0.3000000119
1458  27.901  -89.677  -15.468 0.4000000060
1473  26.523  -90.083  -16.561 0.4000000060
3246  19.309  -85.896  -19.251 0.5000000000
1478  25.994  -90.114  -17.370 0.4000000060
1477  26.873  -89.590  -17.492 0.5000000000
3236  19.231  -86.201  -18.165 0.5000000000
7590  17.090  -78.234  -14.343 0.5000000000
2230  25.586  -87.928  -8.475 0.3000000119
2229  26.766  -87.890  -8.217 0.3000000119
7605  17.600  -78.599  -14.982 0.5000000000
7591  16.303  -78.373  -14.227 0.6000000238
2712  26.467  -86.708  -13.396 0.3000000119
2705  25.889  -86.615  -12.636 0.3000000119
2266  27.478  -87.174  -13.227 0.3000000119
2260  25.851  -87.548  -11.464 0.3000000119
2702  24.853  -87.140  -11.450 0.3000000119
2231  24.364  -87.884  -8.734 0.4000000060
6217  20.108  -80.521  -17.435 0.5000000000
137316  13.993  -78.198  -13.143 0.5000000000
2252  24.018  -87.688  -11.304 0.3000000119
2253  23.368  -87.537  -10.842 0.3000000119
2238  22.685  -87.518  -9.950 0.3000000119
2697  22.842  -86.620  -9.875 0.3000000119
6232  19.797  -81.046  -17.945 0.5000000000
1434  29.631  -89.380  -12.741 0.3000000119
1446  28.414  -89.779  -13.524 0.3000000119
4916  19.935  -82.428  -19.456 0.5000000000
126018  28.537  -89.652  -14.558 0.3000000119
4309  18.444  -83.458  -19.564 0.5000000000
130786  28.781  -89.343  -15.321 0.4000000060
3761  19.367  -85.196  -19.547 0.6000000238
1856  29.167  -88.681  -16.847 0.4000000060
1476  28.010  -89.160  -17.293 0.5000000000
3760  20.338  -85.821  -19.434 0.5000000000
1867  27.607  -89.048  -18.192 0.4000000060
139155  26.177  -89.711  -17.911 0.4000000060
3235  20.097  -85.944  -18.153 0.6000000238
2782  27.681  -86.744  -20.988 0.3000000119
2326  27.486  -87.353  -20.676 0.4000000060
1891  26.946  -88.399  -19.269 0.4000000060
1488  26.694  -89.316  -18.256 0.3000000119
3220  20.307  -85.441  -17.460 0.6000000238
3222  18.746  -85.844  -17.106 0.5000000000
3250  27.620  -86.017  -21.441 0.3000000119
2783  26.945  -87.156  -21.407 0.5000000000
2327  26.529  -87.420  -20.867 0.4000000060
2320  26.473  -87.701  -19.720 0.4000000060
127409  19.796  -85.274  -16.650 0.6000000238
3257  27.293  -85.963  -22.172 0.3000000119
2787  26.915  -86.550  -21.965 0.5000000000
140498  26.144  -86.985  -21.808 0.4000000060
2328  25.889  -87.202  -20.900 0.4000000060
3265  26.816  -85.943  -22.666 0.4000000060
2791  25.802  -86.407  -22.267 0.5000000000
126450  25.483  -86.087  -21.518 0.4000000060
128039  25.572  -85.250  -21.664 0.5000000000
7569  16.614  -77.812  -13.773 0.6000000238
7570  15.819  -77.948  -13.600 0.6000000238
2724  26.510  -86.176  -14.836 0.3000000119
2713  25.419  -86.159  -13.361 0.3000000119
2714  24.999  -86.232  -12.534 0.3000000119
2707  24.510  -86.437  -11.816 0.3000000119
8334  15.314  -77.340  -13.428 0.6000000238
7571  14.846  -78.230  -13.399 0.6000000238
2711  27.121  -86.774  -14.321 0.3000000119
133639  23.321  -86.241  -10.954 0.3000000119
8336  13.529  -77.660  -13.382 0.6000000238
2722  29.053  -87.029  -14.517 0.3000000119
2703  23.826  -86.790  -11.205 0.3000000119
2700  23.108  -86.933  -10.456 0.3000000119
8354  12.801  -77.516  -13.789 0.6000000238
1445  29.277  -89.528  -13.796 0.3000000119
9160  12.806  -76.822  -15.913 0.6000000238
8363  12.384  -77.356  -15.306 0.6000000238
8371  11.482  -77.613  -16.062 0.6000000238
9172  10.979  -76.999  -16.449 0.5000000000
144945  28.967  -88.182  -18.500 0.4000000060
1890  27.678  -88.268  -19.423 0.4000000060
3774  27.033  -85.277  -23.343 0.4000000060
3775  26.206  -85.109  -23.345 0.5000000000
3189  26.675  -85.623  -15.283 0.3000000119
3179  25.790  -85.669  -14.928 0.3000000119
3168  25.266  -85.726  -14.157 0.3000000119
3169  24.581  -85.560  -13.334 0.3000000119
3162  24.085  -85.767  -12.366 0.3000000119
3163  23.247  -85.278  -11.970 0.3000000119
3157  23.041  -85.555  -11.149 0.3000000119
9130  16.579  -76.646  -13.690 0.5000000000
2733  27.299  -86.269  -15.018 0.3000000119
2723  27.990  -86.831  -14.632 0.3000000119
135213  14.779  -76.036  -14.262 0.5000000000
9132  14.817  -76.665  -13.623 0.6000000238
125917  23.029  -86.027  -10.457 0.3000000119
9151  14.080  -76.423  -14.001 0.6000000238
3178  28.334  -86.182  -14.889 0.3000000119
9153  12.879  -76.918  -14.661 0.6000000238
1865  29.873  -88.062  -17.286 0.3000000119
1855  30.262  -88.252  -16.406 0.3000000119
142913  11.772  -77.203  -16.463 0.6000000238
10078  10.195  -75.916  -17.433 0.6000000238
9158  14.101  -76.074  -14.792 0.6000000238
139484  13.956  -75.479  -16.481 0.5000000000
10077  13.588  -75.845  -17.157 0.6000000238
9170  13.007  -76.698  -16.988 0.6000000238
9185  11.564  -76.755  -17.048 0.6000000238
9186  10.544  -76.417  -16.936 0.6000000238
10093  10.358  -75.468  -18.136 0.6000000238
9203  10.999  -76.002  -17.642 0.6000000238
10107  8.747  -75.413  -19.128 0.5000000000
10030  14.743  -75.691  -15.180 0.5000000000
10061  14.302  -74.992  -17.137 0.5000000000
9183  13.183  -76.653  -17.912 0.5000000000
10092  11.273  -75.826  -18.710 0.6000000238
9251  8.291  -76.130  -21.291 0.5000000000
11051  9.923  -74.275  -22.733 0.6000000238
10144  8.869  -75.436  -21.808 0.6000000238
130409  8.403  -76.567  -22.451 0.5000000000
10163  8.810  -76.116  -22.908 0.6000000238
8460  7.887  -77.259  -23.346 0.6000000238
133174  13.811  -75.493  -18.172 0.5000000000
9218  11.901  -76.326  -19.761 0.5000000000
10104  10.985  -75.363  -19.653 0.5000000000
10105  10.334  -75.074  -18.981 0.6000000238
142347  11.584  -75.716  -20.381 0.6000000238
10121  10.601  -74.928  -20.388 0.5000000000
10123  8.771  -75.432  -20.751 0.5000000000
10142  10.241  -74.613  -21.151 0.6000000238
133775  13.036  -74.846  -22.485 0.6000000238
10143  9.634  -74.694  -21.819 0.6000000238
10195  8.834  -76.068  -24.069 0.5000000000
16649  3.065  -67.514  -16.013 0.5000000000
145546  14.333  -75.133  -18.863 0.5000000000
129376  12.549  -76.619  -19.352 0.5000000000
9232  12.234  -76.312  -20.543 0.6000000238
127671  2.066  -68.705  -13.517 0.5000000000
16624  1.883  -69.288  -12.849 0.6000000238
17653  2.823  -67.564  -15.005 0.6000000238
18631  3.654  -66.524  -15.744 0.6000000238
16638  2.174  -68.688  -14.295 0.5000000000
17680  4.275  -66.495  -17.343 0.5000000000
145145  3.525  -67.721  -17.782 0.5000000000
11087  7.228  -74.836  -24.112 0.5000000000
145553  7.652  -75.366  -24.299 0.5000000000
134674  6.634  -66.578  -12.325 0.6000000238
19627  5.278  -65.009  -12.281 0.6999999881
17611  5.805  -66.462  -12.527 0.6000000238
18595  4.370  -66.223  -12.476 0.6999999881
18576  3.539  -66.522  -11.795 0.6000000238
17613  2.428  -68.216  -11.739 0.6000000238
18615  4.527  -66.591  -13.267 0.6000000238
18596  3.987  -66.668  -13.118 0.6000000238
140429  5.625  -67.225  -13.001 0.6000000238
18614  4.998  -66.691  -13.382 0.6000000238
18616  4.067  -66.488  -14.300 0.6000000238
17612  3.368  -67.216  -12.408 0.5000000000
16594  2.104  -68.984  -11.159 0.6000000238
16623  6.068  -68.226  -13.731 0.6000000238
18630  4.494  -66.144  -15.135 0.6000000238
17654  2.662  -67.803  -14.014 0.5000000000
17637  2.398  -68.184  -12.886 0.6000000238
17652  5.311  -66.771  -15.475 0.6000000238
139433  4.018  -66.236  -15.189 0.6000000238
16648  5.620  -67.324  -16.269 0.6000000238
18644  4.890  -66.104  -15.872 0.6000000238
17679  4.872  -66.084  -17.195 0.6000000238
17692  4.743  -66.773  -17.681 0.5000000000
16687  4.036  -68.216  -18.957 0.5000000000
144448  4.349  -68.628  -19.093 0.5000000000
14881  4.092  -69.106  -20.526 0.5000000000
13936  4.374  -70.243  -20.964 0.5000000000
19629  3.982  -66.041  -12.218 0.6000000238
128456  3.251  -66.337  -11.036 0.6999999881
16637  5.792  -67.821  -14.883 0.5000000000
16662  5.542  -67.589  -17.107 0.6000000238
127152  5.415  -68.656  -17.306 0.6000000238
16686  4.494  -68.202  -18.659 0.5000000000
15783  4.709  -68.989  -18.703 0.6000000238
14864  4.811  -69.731  -18.928 0.5000000000
13920  5.035  -70.906  -18.665 0.6000000238
13935  5.022  -71.456  -19.669 0.6000000238
137219  10.508  -64.006  -13.130 0.4000000060
21567  4.350  -63.014  -11.935 0.6999999881
21519  3.783  -63.232  -10.017 0.5000000000
20574  3.560  -64.081  -9.393 0.5000000000
127419  10.567  -65.977  -12.997 0.6000000238
20623  10.079  -64.755  -13.626 0.5000000000
20591  3.657  -63.840  -10.401 0.6000000238
19576  3.317  -64.973  -9.636 0.5000000000
19623  11.112  -65.655  -12.179 0.5000000000
20614  5.023  -63.582  -12.586 0.6000000238
20603  3.748  -64.281  -11.314 0.8000000119
127395  5.320  -64.312  -12.445 0.6999999881
19613  3.698  -65.469  -11.597 0.8000000119
18560  2.985  -66.119  -10.071 0.6999999881
14848  5.152  -69.910  -17.793 0.6000000238
20573  3.851  -63.748  -9.332 0.5000000000
21577  9.768  -63.989  -13.946 0.5000000000
22467  4.635  -62.592  -11.726 0.6999999881
19544  2.583  -64.551  -7.825 0.5000000000
19612  11.693  -65.423  -11.680 0.4000000060
20601  11.417  -64.859  -11.992 0.4000000060
18575  11.674  -66.277  -11.567 0.4000000060
17590  11.313  -67.262  -11.677 0.5000000000
16606  11.199  -69.040  -11.817 0.4000000060
21518  4.262  -63.081  -9.843 0.5000000000
20556  3.982  -64.084  -8.495 0.5000000000
21564  11.160  -63.251  -12.877 0.3000000119
21576  10.451  -63.220  -13.668 0.3000000119
22441  4.568  -62.348  -10.906 0.6000000238
17589  12.089  -67.190  -11.073 0.4000000060
16593  11.769  -68.046  -11.150 0.4000000060
15703  11.410  -69.808  -11.758 0.4000000060
22440  5.473  -62.319  -10.909 0.6000000238
22456  5.278  -62.153  -11.560 0.6000000238
15694  11.822  -69.441  -11.277 0.4000000060
127762  5.627  -63.112  -10.429 0.5000000000
143054  4.403  -64.005  -9.002 0.5000000000
21562  13.190  -62.632  -12.216 0.3000000119
21575  11.255  -62.639  -13.591 0.3000000119
22490  11.372  -62.382  -14.459 0.3000000119
22507  10.274  -62.047  -15.530 0.4000000060
15693  12.555  -69.794  -10.940 0.3000000119
14760  12.038  -70.261  -11.469 0.4000000060
14759  12.876  -70.611  -11.329 0.4000000060
134019  11.902  -62.021  -15.162 0.4000000060
21552  6.420  -62.347  -11.258 0.6000000238
124889  5.802  -64.436  -9.532 0.4000000060
22506  11.297  -61.680  -15.661 0.4000000060
22450  14.095  -62.421  -12.150 0.3000000119
22464  13.601  -62.172  -12.847 0.3000000119
20589  6.257  -64.038  -10.192 0.5000000000
24371  10.371  -60.971  -15.620 0.4000000060
24352  9.180  -60.495  -14.423 0.4000000060
25281  9.451  -59.056  -12.979 0.5000000000
25336  10.756  -60.217  -15.124 0.4000000060
25320  10.278  -59.615  -14.155 0.4000000060
25333  14.303  -58.810  -16.131 0.3000000119
25299  14.006  -58.984  -14.676 0.3000000119
146180  13.512  -59.193  -15.412 0.3000000119
135264  12.582  -59.417  -14.626 0.3000000119
25300  13.443  -59.334  -14.129 0.3000000119
23301  6.990  -61.777  -7.612 0.4000000060
26282  14.393  -58.384  -15.712 0.3000000119
2696  23.052  -86.284  -9.455 0.3000000119
132428  11.061  -59.703  -14.508 0.3000000119
13900  5.441  -71.438  -17.555 0.6000000238
22409  5.312  -62.019  -7.338 0.4000000060
17607  10.626  -67.448  -12.550 0.5000000000
129003  11.571  -59.554  -14.114 0.3000000119
1881  26.471  -89.011  -18.636 0.3000000119
2319  27.202  -87.797  -20.002 0.4000000060
9202  11.924  -76.760  -18.144 0.5000000000
1707  25.373  -88.575  -2.052 0.4000000060
892  25.199  -90.170  -2.546 0.5000000000
565  22.916  -91.850  0.175 0.5000000000
2646  23.204  -86.040  -4.591 0.5000000000
1022  24.081  -90.466  -13.169 0.4000000060
1706  25.838  -89.076  -1.505 0.4000000060
3118  24.591  -85.678  -4.870 0.4000000060
2192  24.585  -86.583  -5.781 0.4000000060
1437  25.282  -89.544  -13.165 0.4000000060
675  23.439  -91.470  -13.089 0.4000000060
667  23.334  -92.091  -12.782 0.4000000060
544  23.725  -91.396  2.020 0.3000000119
3067  24.280  -85.352  -1.043 0.3000000119
127891  26.159  -85.938  -4.181 0.3000000119
2659  26.271  -86.959  -5.266 0.4000000060
2191  25.492  -87.381  -5.673 0.4000000060
1020  26.871  -89.865  -12.876 0.3000000119
1436  26.168  -89.599  -13.444 0.4000000060
129502  27.341  -87.947  -5.393 0.4000000060
1754  26.433  -89.601  -6.053 0.4000000060
987  23.160  -90.119  -9.836 0.5000000000
3762  18.539  -84.636  -19.630 0.5000000000
124202  28.608  -86.489  -3.863 0.3000000119
1753  28.345  -89.362  -6.261 0.4000000060
1351  27.842  -89.985  -6.382 0.4000000060
942  27.249  -90.576  -6.822 0.5000000000
2251  25.108  -88.102  -11.361 0.3000000119
1415  28.836  -89.228  -11.547 0.3000000119
1019  27.482  -89.872  -13.104 0.3000000119
1030  27.780  -89.836  -13.675 0.3000000119
131245  19.808  -86.128  -18.545 0.6000000238
2220  28.485  -88.678  -7.861 0.3000000119
1367  27.868  -90.119  -7.152 0.4000000060
141688  22.803  -87.879  -9.563 0.3000000119
4934  19.486  -82.941  -20.181 0.5000000000
1471  28.431  -89.180  -16.190 0.4000000060
2688  26.923  -86.807  -8.074 0.3000000119
2232  23.658  -86.991  -8.660 0.3000000119
2317  28.802  -87.358  -19.576 0.4000000060
1879  28.270  -88.472  -18.823 0.4000000060
1880  27.240  -88.813  -18.792 0.4000000060
141875  27.765  -85.129  -20.689 0.3000000119
10062  13.478  -76.165  -16.260 0.6000000238
2309  29.140  -87.688  -18.902 0.3000000119
3170  23.544  -85.062  -12.870 0.3000000119
3667  22.745  -84.836  -11.428 0.3000000119
3177  29.656  -85.717  -14.547 0.3000000119
10106  9.524  -75.038  -19.284 0.5000000000
10122  9.518  -74.934  -20.783 0.6000000238
19628  4.442  -65.292  -12.154 0.6999999881
19595  3.494  -65.170  -10.703 0.6999999881
20615  4.529  -64.204  -12.248 0.6999999881
21539  3.737  -63.020  -10.636 0.6000000238
22465  11.924  -62.624  -12.863 0.3000000119
122576  12.765  -62.349  -12.902 0.3000000119
4339  19.964  -83.896  -21.566 0.5000000000
130703  19.925  -82.998  -21.095 0.5000000000
9217  12.531  -76.502  -20.202 0.4000000060
9231  12.708  -76.447  -21.200 0.5000000000
11068  9.562  -74.706  -23.885 0.5000000000
12008  12.244  -73.479  -21.782 0.5000000000
12009  11.228  -73.066  -22.329 0.5000000000
11050  10.577  -73.667  -22.376 0.5000000000
12044  9.158  -74.519  -24.256 0.5000000000
11067  9.955  -73.767  -23.428 0.5000000000
11990  13.581  -73.094  -21.405 0.5000000000
12045  8.473  -74.232  -24.363 0.4000000060
12997  11.748  -72.496  -22.181 0.5000000000
12010  10.523  -73.033  -23.181 0.5000000000
12028  9.146  -73.585  -24.002 0.5000000000
12030  7.200  -73.537  -23.777 0.5000000000
13986  11.394  -71.685  -22.625 0.6000000238
13017  10.323  -72.431  -23.429 0.5000000000
13019  8.680  -72.826  -23.578 0.5000000000
123092  5.164  -71.884  -20.753 0.5000000000
14930  11.007  -70.872  -22.751 0.6000000238
13001  6.081  -72.828  -23.138 0.5000000000
12956  5.451  -72.247  -21.738 0.5000000000
14000  10.002  -71.876  -23.361 0.6000000238
13020  7.667  -72.924  -23.426 0.6000000238
13021  6.784  -73.109  -23.397 0.5000000000
13967  11.712  -71.230  -22.095 0.6000000238
14931  9.983  -70.710  -22.521 0.6000000238
14001  9.133  -72.070  -23.286 0.6000000238
12976  6.174  -72.685  -22.353 0.6000000238
14932  9.000  -70.817  -22.149 0.6000000238
136573  5.807  -72.835  -20.494 0.5000000000
12944  5.678  -72.640  -19.482 0.5000000000
13989  8.512  -71.719  -22.608 0.6000000238
122036  7.002  -72.748  -22.640 0.6000000238
17592  2.257  -68.270  -10.745 0.5000000000
18561  2.359  -66.977  -9.500 0.5000000000
17570  2.611  -67.243  -10.423 0.5000000000
145967  5.980  -72.650  -18.568 0.6000000238
13968  8.285  -71.208  -21.708 0.6000000238
12943  6.493  -73.074  -19.940 0.6000000238
13969  7.730  -72.200  -21.490 0.6000000238
13950  7.194  -72.884  -20.814 0.6000000238
13949  8.094  -71.608  -20.809 0.6000000238
23423  11.813  -61.064  -16.058 0.3000000119
22407  7.738  -62.333  -7.363 0.3000000119
3776  25.897  -83.640  -22.828 0.4000000060
4955  25.443  -82.727  -22.577 0.5000000000
3206  20.209  -85.035  -16.025 0.5000000000
3734  21.021  -84.959  -17.332 0.5000000000
4964  25.458  -82.316  -23.671 0.4000000060
3233  21.739  -85.793  -18.891 0.4000000060
5622  25.194  -81.148  -26.323 0.4000000060
4325  19.544  -83.735  -20.566 0.4000000060
3766  19.711  -84.830  -19.905 0.4000000060
3245  20.351  -86.049  -18.731 0.4000000060
3244  21.285  -86.097  -19.345 0.4000000060
6976  24.631  -79.349  -24.704 0.4000000060
6977  24.039  -79.701  -24.950 0.4000000060
131512  23.969  -80.170  -25.626 0.4000000060
4933  20.394  -82.441  -20.372 0.4000000060
6986  25.298  -79.522  -26.010 0.4000000060
6321  24.264  -80.313  -26.101 0.4000000060
6302  22.624  -80.344  -23.633 0.4000000060
6292  22.356  -80.148  -23.624 0.5000000000
14915  8.672  -70.129  -21.403 0.5000000000
15830  8.985  -69.310  -21.172 0.5000000000
14879  8.351  -70.267  -20.388 0.5000000000
15819  8.527  -68.628  -20.315 0.5000000000
15782  8.720  -69.073  -19.458 0.5000000000
13934  8.368  -71.490  -19.854 0.5000000000
14862  9.058  -70.303  -18.886 0.5000000000
18546  2.173  -66.607  -8.651 0.4000000060
19562  2.181  -65.659  -8.285 0.4000000060
14863  8.571  -70.195  -19.646 0.5000000000
141732  7.643  -72.588  -19.927 0.5000000000
5627  25.244  -80.576  -26.437 0.4000000060
586  23.399  -91.545  -0.793 0.4000000060
869  22.440  -91.271  -0.477 0.4000000060
129969  18.127  -89.954  -4.294 0.4000000060
879  22.704  -90.464  -1.140 0.4000000060
1313  18.596  -89.093  -4.164 0.4000000060
1285  22.010  -89.512  -1.456 0.4000000060
1744  19.236  -88.389  -5.372 0.4000000060
1731  19.425  -88.443  -4.482 0.4000000060
1312  19.177  -89.077  -3.391 0.4000000060
893  24.522  -90.335  -2.852 0.5000000000
878  23.815  -90.645  -1.655 0.5000000000
1295  23.686  -90.593  -3.581 0.4000000060
1284  22.850  -89.743  -1.819 0.4000000060
1718  20.366  -88.519  -3.578 0.4000000060
1309  24.896  -89.871  -3.748 0.5000000000
1324  24.105  -90.271  -4.353 0.5000000000
906  24.234  -90.549  -3.909 0.5000000000
1296  22.936  -89.739  -2.612 0.4000000060
1297  22.134  -89.068  -2.224 0.4000000060
1325  23.396  -90.725  -5.042 0.4000000060
907  23.342  -91.280  -4.497 0.4000000060
1338  20.789  -90.663  -6.435 0.4000000060
923  20.560  -91.024  -5.792 0.4000000060
1327  20.870  -90.138  -4.704 0.4000000060
1717  21.212  -88.843  -3.499 0.4000000060
1711  21.561  -88.737  -2.680 0.4000000060
134021  19.803  -88.848  -5.519 0.4000000060
1730  19.803  -88.576  -4.733 0.4000000060
1326  22.576  -91.152  -5.455 0.5000000000
921  22.992  -91.591  -5.044 0.4000000060
1310  22.745  -90.913  -3.880 0.4000000060
1710  22.180  -89.182  -3.030 0.4000000060
1742  21.939  -89.038  -6.067 0.5000000000
934  21.273  -91.461  -5.801 0.4000000060
909  21.439  -91.635  -5.275 0.4000000060
1311  21.821  -90.823  -4.296 0.4000000060
124751  22.276  -89.025  -7.527 0.3000000119
1370  22.347  -90.005  -8.094 0.3000000119
130765  23.219  -89.208  -7.284 0.4000000060
1773  22.086  -88.342  -7.109 0.3000000119
1756  23.525  -88.491  -6.886 0.4000000060
1772  22.642  -88.239  -7.083 0.4000000060
146104  22.783  -92.244  -8.265 0.3000000119
974  22.425  -91.224  -8.349 0.4000000060
142635  22.973  -89.889  -7.568 0.4000000060
1369  24.229  -89.780  -6.859 0.4000000060
633  23.362  -92.314  -7.913 0.4000000060
129503  23.871  -90.449  -7.245 0.4000000060
945  24.934  -91.080  -6.855 0.4000000060
1353  26.143  -90.304  -6.383 0.3000000119
1743  21.509  -89.096  -6.643 0.3000000119
143085  24.769  -88.334  -6.313 0.3000000119
128036  23.941  -87.828  -6.532 0.4000000060
640  23.170  -92.816  -8.409 0.4000000060
1755  24.523  -88.983  -6.565 0.3000000119
958  24.342  -91.492  -7.317 0.4000000060
630  25.773  -91.450  -7.377 0.4000000060
944  25.802  -90.990  -6.694 0.4000000060
2193  22.149  -87.930  -6.298 0.4000000060
2207  23.019  -87.431  -6.648 0.4000000060
385  22.348  -92.844  -9.009 0.4000000060
135928  25.501  -89.266  -6.260 0.3000000119
392  23.611  -93.073  -9.192 0.4000000060
384  23.179  -93.160  -9.012 0.4000000060
391  24.216  -92.794  -9.051 0.4000000060
382  24.614  -92.574  -8.406 0.4000000060
632  24.172  -92.287  -7.633 0.4000000060
134427  22.370  -87.930  -5.598 0.4000000060
145592  22.453  -87.194  -5.867 0.4000000060
2206  24.500  -87.287  -6.182 0.3000000119
2671  23.138  -86.706  -6.161 0.4000000060
2205  25.411  -88.331  -5.991 0.3000000119
400  23.034  -92.883  -10.239 0.4000000060
410  23.027  -92.492  -11.618 0.4000000060
649  23.388  -92.655  -9.861 0.4000000060
648  24.658  -92.079  -8.831 0.4000000060
639  25.335  -91.984  -7.999 0.4000000060
1716  23.597  -87.893  -4.108 0.4000000060
2662  23.364  -86.207  -5.420 0.3000000119
1727  23.465  -89.169  -4.728 0.4000000060
2173  23.033  -86.676  -4.478 0.4000000060
123934  22.798  -87.890  -4.857 0.4000000060
2174  22.661  -87.014  -5.266 0.4000000060
7674  21.407  -78.995  -24.134 0.4000000060
383  24.184  -92.866  -8.488 0.4000000060
375  24.613  -92.603  -7.963 0.4000000060
376  23.919  -92.808  -8.030 0.4000000060
552  23.827  -91.434  1.368 0.3000000119
564  23.313  -91.766  -0.002 0.5000000000
580  22.805  -91.750  -0.224 0.4000000060
622  25.575  -91.421  -6.984 0.4000000060
631  25.032  -91.891  -7.463 0.4000000060
641  22.069  -92.163  -8.730 0.3000000119
666  23.705  -91.965  -12.636 0.4000000060
674  24.041  -91.678  -12.898 0.4000000060
859  24.856  -90.765  0.415 0.3000000119
868  24.713  -90.754  -1.102 0.4000000060
908  22.431  -91.802  -4.845 0.4000000060
920  23.647  -91.067  -4.604 0.4000000060
922  22.068  -91.669  -5.409 0.4000000060
957  26.186  -91.263  -6.974 0.5000000000
959  23.379  -91.150  -7.668 0.4000000060
971  26.477  -91.007  -7.431 0.5000000000
972  26.037  -91.171  -7.960 0.5000000000
1001  25.209  -90.287  -12.577 0.3000000119
1011  22.256  -89.481  -12.860 0.3000000119
1018  27.980  -89.912  -12.998 0.3000000119
1031  27.355  -89.800  -14.281 0.3000000119
1038  26.430  -90.181  -15.803 0.3000000119
1067  25.182  -90.417  -17.291 0.3000000119
1070  22.839  -90.608  -18.255 0.3000000119
1072  24.810  -90.328  -17.783 0.4000000060
1270  25.929  -89.359  -0.958 0.3000000119
1282  25.671  -89.655  -1.808 0.4000000060
1283  23.707  -90.281  -2.407 0.5000000000
1294  25.152  -90.123  -3.194 0.5000000000
1328  20.266  -89.471  -5.220 0.4000000060
1329  18.189  -89.358  -4.930 0.4000000060
1337  21.684  -90.920  -6.127 0.4000000060
1350  28.421  -89.534  -6.811 0.3000000119
1352  27.066  -90.330  -6.336 0.4000000060
1354  25.205  -90.147  -6.551 0.3000000119
1368  27.102  -90.655  -7.251 0.5000000000
1423  29.388  -89.338  -11.982 0.3000000119
1424  28.350  -89.741  -11.911 0.3000000119
1444  30.268  -89.102  -13.535 0.3000000119
1472  27.413  -89.639  -16.464 0.4000000060
1709  25.664  -89.402  -2.242 0.4000000060
1712  20.869  -88.565  -2.832 0.4000000060
1713  20.000  -88.612  -3.038 0.4000000060
1719  19.662  -88.486  -3.786 0.4000000060
1720  19.060  -88.562  -4.118 0.4000000060
1726  24.312  -89.241  -4.150 0.5000000000
1728  22.586  -89.423  -5.480 0.5000000000
1729  20.409  -88.722  -4.213 0.4000000060
1738  28.710  -88.674  -6.016 0.3000000119
1757  21.816  -88.438  -6.898 0.3000000119
1789  23.297  -87.832  -9.058 0.3000000119
1810  28.226  -88.989  -11.137 0.3000000119
1814  23.305  -88.383  -11.051 0.4000000060
1828  23.466  -88.600  -13.660 0.3000000119
1829  22.496  -88.188  -13.474 0.3000000119
1851  22.912  -88.326  -14.600 0.3000000119
1866  28.787  -88.555  -17.936 0.4000000060
1883  24.759  -89.470  -18.325 0.4000000060
1889  28.410  -87.979  -19.410 0.4000000060
2208  22.414  -87.857  -6.701 0.3000000119
2237  22.947  -87.069  -9.285 0.3000000119
2244  22.873  -88.003  -10.443 0.3000000119
2276  28.645  -87.482  -13.903 0.3000000119
2318  28.062  -87.683  -19.996 0.4000000060
2325  28.345  -87.106  -20.266 0.4000000060
2632  23.275  -85.971  -3.820 0.5000000000
2647  22.932  -86.445  -5.079 0.4000000060
2661  24.170  -86.000  -5.456 0.4000000060
2663  22.782  -86.696  -5.696 0.4000000060
2670  23.853  -86.477  -5.987 0.3000000119
2672  22.619  -87.164  -6.264 0.4000000060
2691  23.372  -86.253  -8.866 0.3000000119
2706  25.447  -86.820  -11.904 0.3000000119
2708  23.692  -85.970  -11.569 0.3000000119
2725  26.009  -86.298  -14.156 0.3000000119
2747  22.682  -86.113  -16.232 0.4000000060
2761  23.051  -86.782  -16.869 0.4000000060
2784  25.681  -86.605  -21.692 0.4000000060
2790  26.219  -86.341  -22.508 0.5000000000
3085  23.869  -85.276  -1.965 0.3000000119
3095  23.676  -85.496  -2.600 0.3000000119
3110  25.063  -85.547  -4.365 0.4000000060
3111  24.167  -85.354  -4.059 0.4000000060
3150  22.957  -85.784  -9.961 0.3000000119
3190  26.204  -84.905  -15.410 0.3000000119
3191  21.406  -85.165  -15.779 0.6000000238
3192  20.568  -85.322  -15.683 0.6000000238
3207  19.367  -85.405  -16.033 0.6000000238
3218  24.263  -85.722  -17.415 0.5000000000
3221  19.537  -85.693  -17.393 0.5000000000
3231  25.123  -85.501  -18.426 0.3000000119
3234  20.959  -85.704  -18.323 0.6000000238
3243  22.015  -85.952  -19.621 0.4000000060
3258  25.552  -86.052  -22.253 0.5000000000
3259  21.931  -86.164  -21.466 0.6000000238
3261  20.900  -86.067  -22.455 0.6000000238
3266  26.355  -85.773  -22.952 0.4000000060
3267  25.839  -85.912  -22.715 0.5000000000
3275  21.578  -85.628  -23.528 0.8000000119
3276  21.122  -85.720  -23.708 0.6999999881
3718  22.512  -84.531  -16.539 0.6999999881
3731  24.267  -84.272  -17.397 0.5000000000
3749  21.693  -84.878  -18.022 0.6000000238
3757  25.495  -84.345  -19.446 0.4000000060
3763  27.668  -85.192  -21.494 0.3000000119
3765  22.498  -85.404  -20.903 0.6999999881
3772  20.105  -84.820  -20.827 0.6000000238
3784  21.872  -84.894  -24.489 0.8000000119
3785  20.991  -84.809  -24.996 0.8000000119
3788  21.522  -84.440  -25.292 0.8000000119
4285  24.981  -83.414  -18.882 0.5000000000
4286  23.948  -83.428  -18.371 0.6000000238
4305  25.400  -83.374  -19.675 0.6000000238
4306  24.742  -82.889  -19.410 0.5000000000
4308  18.995  -83.673  -19.838 0.4000000060
4354  20.158  -84.038  -24.603 0.6999999881
4360  22.019  -83.718  -25.772 0.8000000119
4896  20.434  -82.057  -18.777 0.6999999881
4945  24.549  -82.541  -20.978 0.6000000238
4975  20.118  -83.081  -25.042 0.6999999881
4977  24.290  -81.658  -26.070 0.5000000000
4979  21.917  -83.136  -26.188 0.8000000119
4980  21.130  -83.122  -26.127 0.8000000119
4981  20.512  -83.088  -25.756 0.6999999881
4982  23.969  -81.465  -26.119 0.6000000238
5532  20.491  -81.120  -17.875 0.5000000000
5561  21.497  -81.354  -19.591 0.6000000238
5562  20.907  -82.121  -19.542 0.6999999881
5593  20.957  -81.342  -21.264 0.6000000238
5616  20.201  -81.652  -25.458 0.8000000119
5623  22.969  -81.975  -26.161 0.6000000238
6314  19.790  -80.365  -25.430 0.6000000238
6320  24.966  -79.953  -26.329 0.4000000060
6322  23.387  -81.022  -25.691 0.4000000060
6323  24.528  -80.703  -26.312 0.4000000060
6869  18.300  -78.898  -15.572 0.6000000238
6884  20.718  -79.456  -16.365 0.6999999881
6885  19.908  -79.552  -16.303 0.6999999881
6898  20.951  -79.874  -16.922 0.6999999881
6941  20.995  -79.789  -20.880 0.6999999881
6968  21.655  -79.527  -23.807 0.4000000060
6969  19.839  -79.865  -23.420 0.6999999881
6979  19.492  -79.710  -25.136 0.5000000000
6984  24.882  -79.377  -25.521 0.4000000060
6987  24.638  -79.664  -25.885 0.4000000060
7588  19.565  -77.878  -14.678 0.6000000238
7592  15.548  -78.605  -14.040 0.6000000238
7615  21.185  -78.650  -15.938 0.6999999881
7623  21.665  -78.475  -16.723 0.6999999881
7632  21.904  -78.320  -17.399 0.8000000119
8332  16.843  -77.247  -13.618 0.5000000000
8333  16.176  -77.278  -13.472 0.6000000238
8335  14.420  -77.505  -13.372 0.6000000238
8350  19.910  -77.314  -14.713 0.6999999881
8355  12.309  -77.747  -14.485 0.6000000238
8361  21.185  -77.023  -15.714 0.6999999881
8362  20.503  -77.126  -15.114 0.6999999881
8364  11.897  -77.875  -15.351 0.6000000238
8370  12.149  -77.366  -16.016 0.6000000238
8378  21.966  -77.460  -16.899 0.8000000119
8403  21.631  -77.718  -19.683 0.8000000119
9131  15.769  -76.666  -13.582 0.6999999881
9133  14.026  -76.971  -13.609 0.6000000238
9146  19.732  -76.780  -14.780 0.6999999881
9147  17.969  -76.279  -14.338 0.6000000238
9148  17.090  -76.119  -14.117 0.6000000238
9152  13.429  -76.909  -13.907 0.6000000238
9155  20.644  -76.797  -15.534 0.6999999881
9159  13.466  -76.338  -15.301 0.6000000238
9171  12.407  -77.044  -16.665 0.6000000238
9173  10.126  -76.948  -16.507 0.5000000000
9184  12.543  -76.959  -17.599 0.6000000238
9198  22.295  -75.505  -18.811 0.6999999881
9199  22.334  -75.985  -18.507 0.8999999762
9201  12.607  -76.814  -18.503 0.5000000000
9230  13.031  -76.419  -20.560 0.5000000000
9249  13.111  -76.634  -22.305 0.5000000000
9250  12.798  -76.382  -22.007 0.6999999881
9269  13.390  -76.765  -23.261 0.6000000238
9271  8.870  -76.115  -23.597 0.6000000238
9272  8.427  -76.790  -23.197 0.6000000238
9288  14.539  -76.677  -24.091 0.6000000238
9290  13.360  -76.348  -23.744 0.6999999881
9291  8.364  -76.588  -23.611 0.6000000238
10028  16.733  -75.636  -14.646 0.6000000238
10042  17.555  -75.554  -15.128 0.6000000238
10044  16.139  -75.464  -15.263 0.6000000238
10045  14.036  -75.786  -15.686 0.5000000000
10057  18.788  -76.139  -16.523 0.6999999881
10060  15.193  -75.057  -16.565 0.6000000238
10075  16.701  -75.410  -16.998 0.6000000238
10088  17.800  -76.124  -18.801 0.6000000238
10091  14.677  -74.900  -18.176 0.6000000238
10094  9.464  -75.770  -17.699 0.6000000238
10103  13.621  -75.922  -20.094 0.6000000238
10136  21.273  -75.684  -21.763 0.6000000238
10141  11.237  -75.006  -20.855 0.6000000238
10157  17.049  -75.666  -22.615 0.6999999881
10161  12.648  -75.980  -22.130 0.6999999881
10162  9.342  -75.219  -22.993 0.6000000238
10179  16.070  -75.840  -24.354 0.6999999881
10181  14.160  -76.130  -24.498 0.6999999881
10182  9.244  -75.598  -23.958 0.5000000000
10194  15.303  -75.710  -24.741 0.6999999881
10983  21.579  -74.524  -18.682 0.6999999881
10984  20.764  -74.338  -18.395 0.6999999881
10985  19.810  -74.491  -18.347 0.8000000119
11000  19.368  -73.923  -18.844 0.6999999881
11046  17.333  -74.821  -23.166 0.5000000000
11069  7.361  -74.179  -24.142 0.5000000000
11080  17.012  -74.411  -24.509 0.5000000000
11082  15.697  -74.899  -24.780 0.6999999881
11083  14.808  -75.405  -24.728 0.6999999881
11084  9.052  -75.374  -24.241 0.5000000000
11085  8.618  -74.980  -24.447 0.5000000000
11086  7.872  -74.775  -24.456 0.5000000000
11915  10.966  -73.095  -14.921 0.6000000238
11922  9.122  -73.219  -15.994 0.6999999881
11962  19.996  -73.364  -19.213 0.6000000238
11963  19.069  -73.324  -19.389 0.6000000238
11975  18.329  -73.579  -19.865 0.6999999881
11976  17.700  -73.851  -20.641 0.6999999881
11986  22.059  -73.251  -21.568 0.6000000238
11989  14.036  -73.356  -21.689 0.5000000000
12003  22.321  -72.772  -23.077 0.6000000238
12007  13.214  -73.784  -21.938 0.6000000238
12022  22.327  -73.008  -24.261 0.5000000000
12024  17.407  -73.794  -24.368 0.5000000000
12027  9.596  -73.991  -23.979 0.5000000000
12029  8.130  -73.496  -23.974 0.5000000000
12031  6.365  -73.244  -23.381 0.5000000000
12039  21.920  -73.900  -24.942 0.6000000238
12040  17.058  -73.912  -24.619 0.6000000238
12041  16.407  -74.049  -24.697 0.6000000238
12042  15.731  -74.109  -24.622 0.6000000238
12046  7.764  -74.019  -24.255 0.4000000060
12831  11.963  -72.629  -13.828 0.5000000000
12850  11.532  -72.970  -14.628 0.6000000238
12851  10.669  -72.939  -14.549 0.6000000238
12852  9.820  -72.954  -14.641 0.8000000119
12878  7.714  -72.877  -15.810 0.6999999881
12897  9.539  -73.031  -16.303 0.6000000238
12899  7.418  -72.994  -16.594 0.6999999881
12915  6.137  -72.482  -17.726 0.6999999881
12929  9.143  -72.272  -17.975 0.6000000238
12933  5.444  -72.144  -18.538 0.6000000238
12954  19.131  -72.522  -20.613 0.6000000238
12955  6.285  -72.959  -21.074 0.6000000238
12968  21.483  -72.469  -21.326 0.5000000000
12975  6.965  -72.757  -21.734 0.6000000238
12996  12.681  -72.872  -21.601 0.6000000238
12998  10.995  -72.337  -22.918 0.5000000000
12999  8.351  -72.353  -23.150 0.6000000238
13000  7.736  -72.466  -22.852 0.6000000238
13015  15.651  -72.609  -24.015 0.6000000238
13018  9.576  -72.668  -23.586 0.6000000238
13824  9.713  -71.704  -13.712 0.6999999881
13825  9.021  -71.610  -13.960 0.6999999881
13866  8.130  -72.535  -15.075 0.8000000119
13868  6.728  -71.493  -15.663 0.6999999881
13899  5.995  -71.947  -17.029 0.8000000119
13918  9.182  -71.562  -18.420 0.6000000238
13946  14.135  -71.701  -20.428 0.6999999881
13947  13.326  -71.975  -20.595 0.6999999881
13963  20.242  -71.522  -21.835 0.5000000000
13964  15.306  -71.483  -21.456 0.6999999881
13965  14.861  -71.177  -20.651 0.6000000238
13985  12.132  -72.017  -21.991 0.6999999881
13987  10.734  -71.672  -23.150 0.6000000238
13988  9.490  -71.379  -22.840 0.6000000238
13990  7.741  -72.172  -22.199 0.6000000238
13996  18.095  -71.418  -23.913 0.6000000238
13997  17.521  -71.250  -24.056 0.6000000238
14769  12.379  -71.075  -11.905 0.4000000060
14770  11.458  -70.578  -12.234 0.4000000060
14788  10.102  -70.818  -13.272 0.6999999881
14808  7.612  -70.727  -14.361 0.8000000119
14819  7.173  -71.128  -15.005 0.8000000119
14833  5.513  -70.748  -16.876 0.6999999881
14861  9.649  -69.965  -18.435 0.5000000000
14865  4.360  -68.966  -19.598 0.5000000000
14880  4.615  -69.965  -19.837 0.5000000000
14896  13.306  -71.191  -20.110 0.6999999881
14897  12.499  -70.665  -20.187 0.6999999881
14899  8.368  -70.387  -21.061 0.5000000000
14912  11.312  -70.411  -21.926 0.6000000238
14928  15.998  -69.970  -22.855 0.6000000238
14942  18.741  -69.740  -23.040 0.5000000000
14944  17.212  -70.625  -23.758 0.6000000238
14945  16.522  -70.412  -23.415 0.6000000238
14957  16.883  -70.986  -23.919 0.6000000238
15704  10.762  -69.605  -12.418 0.6000000238
15705  9.664  -69.197  -13.382 0.6999999881
15719  10.122  -69.834  -13.027 0.6999999881
15735  7.327  -70.067  -13.847 0.8000000119
15767  5.062  -68.579  -18.162 0.6000000238
15784  3.421  -68.669  -18.950 0.5000000000
15799  8.379  -69.182  -20.079 0.5000000000
15815  13.924  -69.697  -20.177 0.6000000238
15816  12.984  -69.610  -19.804 0.6000000238
15818  8.716  -68.585  -20.612 0.5000000000
15828  10.783  -69.586  -21.371 0.6000000238
15829  9.907  -69.467  -21.498 0.6000000238
15844  17.685  -69.246  -22.979 0.6000000238
15846  15.821  -69.339  -22.310 0.6000000238
16609  2.006  -69.086  -12.032 0.6000000238
16622  6.574  -68.895  -13.104 0.6999999881
16647  5.953  -68.398  -15.382 0.5000000000
16650  2.383  -68.630  -15.257 0.5000000000
16663  3.415  -67.474  -17.095 0.5000000000
16674  5.110  -67.505  -17.950 0.5000000000
16675  4.432  -67.583  -18.292 0.5000000000
16676  3.673  -67.997  -18.341 0.5000000000
16685  8.520  -68.358  -19.876 0.5000000000
16698  8.814  -67.613  -19.819 0.5000000000
16699  4.056  -68.509  -19.405 0.5000000000
16716  8.881  -67.944  -20.431 0.5000000000
16727  14.870  -68.552  -21.337 0.6000000238
16728  9.432  -68.667  -20.891 0.5000000000
16741  18.959  -68.265  -22.650 0.5000000000
17571  2.238  -67.947  -10.006 0.5000000000
17591  2.945  -67.344  -11.377 0.6000000238
17610  6.298  -67.373  -12.570 0.6000000238
17630  9.678  -67.820  -13.799 0.6999999881
17632  8.261  -68.132  -13.158 0.8000000119
17634  6.100  -67.994  -12.981 0.6999999881
17635  5.498  -67.281  -13.996 0.6000000238
17636  3.372  -67.162  -13.592 0.6000000238
17668  5.199  -66.236  -16.571 0.6000000238
17669  3.724  -66.671  -16.647 0.6000000238
17691  5.237  -66.724  -17.257 0.6000000238
17693  4.080  -67.183  -17.915 0.5000000000
17700  9.272  -67.221  -19.143 0.5000000000
17749  15.869  -67.870  -21.828 0.5000000000
18545  2.572  -65.833  -9.057 0.4000000060
18559  12.442  -66.358  -10.909 0.4000000060
18590  10.893  -66.538  -12.270 0.5000000000
18592  6.944  -65.685  -12.288 0.8000000119
18593  6.108  -65.687  -12.303 0.6999999881
18594  5.078  -65.943  -12.406 0.6000000238
18610  10.129  -67.209  -13.565 0.6000000238
18612  8.790  -67.265  -13.784 0.8000000119
18629  4.920  -66.450  -14.806 0.6000000238
18645  4.431  -66.035  -15.914 0.6000000238
18659  4.821  -65.921  -16.551 0.6000000238
18660  4.362  -66.122  -16.661 0.6000000238
18726  19.421  -64.767  -21.931 0.5000000000
19561  2.686  -64.751  -8.485 0.4000000060
19624  10.692  -64.981  -12.828 0.6000000238
19637  10.034  -65.541  -13.673 0.5000000000
19638  9.315  -65.896  -14.022 0.6999999881
19736  17.863  -63.977  -21.329 0.5000000000
19738  16.174  -64.980  -21.106 0.5000000000
20553  10.271  -64.260  -9.074 0.6000000238
20557  3.213  -64.249  -8.518 0.5000000000
20567  10.259  -64.208  -9.803 0.6000000238
20572  4.762  -63.866  -9.356 0.5000000000
20588  7.357  -64.406  -10.401 0.6000000238
20590  5.192  -63.469  -9.873 0.5000000000
20602  4.092  -63.603  -11.741 0.8000000119
20616  4.110  -64.734  -11.866 0.8000000119
20624  9.272  -64.938  -14.238 0.6000000238
20625  8.281  -64.647  -14.760 0.6999999881
20627  6.872  -63.925  -13.260 0.6999999881
20642  7.986  -64.094  -14.863 0.6999999881
20706  19.067  -63.713  -21.225 0.5000000000
20707  18.151  -63.479  -20.930 0.5000000000
20708  17.398  -63.501  -20.751 0.5000000000
21507  10.579  -63.690  -8.915 0.6000000238
21509  9.368  -63.318  -7.768 0.5000000000
21536  6.636  -63.286  -10.834 0.5000000000
21537  4.722  -62.628  -10.307 0.5000000000
21538  4.066  -62.710  -10.433 0.6000000238
21549  9.399  -63.359  -11.164 0.6000000238
21553  3.962  -62.777  -11.204 0.6000000238
21554  3.710  -63.346  -11.096 0.8000000119
21563  12.502  -62.800  -12.333 0.3000000119
21565  5.855  -63.161  -12.992 0.6999999881
21578  7.563  -63.907  -14.224 0.6999999881
21580  5.715  -62.546  -12.805 0.6999999881
21594  8.294  -63.284  -15.016 0.6000000238
22417  10.554  -63.113  -8.536 0.5000000000
22420  7.909  -61.978  -7.793 0.4000000060
22438  11.128  -62.792  -10.293 0.5000000000
22453  7.947  -62.122  -11.608 0.6999999881
22454  6.868  -61.915  -11.588 0.6999999881
22463  14.366  -61.891  -12.973 0.3000000119
22466  5.367  -62.357  -12.250 0.6999999881
22473  13.955  -61.875  -13.496 0.3000000119
22476  10.599  -62.653  -14.391 0.3000000119
22478  5.931  -62.044  -12.632 0.6999999881
22491  10.118  -62.532  -15.169 0.4000000060
22492  9.389  -62.579  -15.335 0.6000000238
22493  8.476  -62.360  -15.137 0.6000000238
23317  10.396  -62.300  -8.181 0.4000000060
23318  9.307  -61.990  -8.116 0.4000000060
23320  7.298  -60.649  -8.430 0.4000000060
23322  5.448  -60.686  -8.277 0.5000000000
23323  4.699  -60.668  -8.141 0.3000000119
23335  11.986  -61.845  -8.979 0.4000000060
23368  6.499  -61.440  -11.948 0.8000000119
23369  5.949  -61.706  -12.152 0.6000000238
23383  6.877  -61.152  -12.329 0.6000000238
23384  6.583  -61.387  -12.414 0.8000000119
23397  7.081  -61.085  -13.219 0.5000000000
23424  10.851  -61.362  -15.739 0.4000000060
23425  9.545  -61.268  -15.299 0.4000000060
24244  5.315  -60.103  -8.327 0.3000000119
24274  12.777  -60.537  -10.108 0.3000000119
24294  8.147  -60.600  -12.344 0.6000000238
24295  7.402  -60.856  -12.394 0.6000000238
24311  9.917  -59.358  -12.618 0.6000000238
24312  9.163  -59.583  -12.666 0.6000000238
24331  8.351  -60.132  -13.147 0.5000000000
24332  7.593  -60.659  -13.254 0.5000000000
24351  9.962  -60.377  -14.792 0.4000000060
24370  11.350  -60.659  -15.886 0.3000000119
25205  10.618  -59.792  -8.269 0.3000000119
25221  14.000  -59.584  -9.562 0.3000000119
25240  13.853  -59.668  -10.408 0.3000000119
25278  13.389  -59.478  -13.114 0.3000000119
25279  11.670  -59.560  -12.970 0.5000000000
25303  9.803  -59.129  -13.289 0.4000000060
25319  11.608  -59.619  -14.942 0.3000000119
25321  9.643  -59.698  -13.958 0.4000000060
25335  11.560  -59.964  -15.379 0.3000000119
26185  8.785  -58.388  -8.779 0.3000000119
27129  7.728  -57.873  -8.376 0.3000000119
121785  18.412  -76.115  -17.334 0.6000000238
121845  8.155  -73.141  -16.348 0.6000000238
122137  8.177  -73.012  -17.140 0.8000000119
122744  11.104  -68.164  -11.756 0.5000000000
124158  19.531  -76.267  -16.311 0.6999999881
124249  22.249  -76.754  -17.986 0.8999999762
124283  21.654  -80.435  -18.627 0.6999999881
124394  20.147  -84.143  -23.685 0.6999999881
124957  3.415  -66.811  -14.673 0.6000000238
125092  24.179  -82.503  -21.701 0.6999999881
125620  4.552  -63.423  -12.244 0.6999999881
125735  9.111  -75.179  -19.956 0.5000000000
126587  20.587  -84.570  -24.907 0.6999999881
126745  22.498  -82.623  -26.093 0.6999999881
127092  16.448  -75.788  -20.496 0.6000000238
127191  24.983  -79.287  -25.225 0.4000000060
127319  13.574  -76.489  -14.501 0.6000000238
127344  12.643  -59.586  -12.510 0.4000000060
127600  25.694  -85.221  -22.665 0.5000000000
127633  12.067  -76.606  -18.966 0.5000000000
129105  15.405  -72.352  -23.061 0.6000000238
129211  17.417  -74.111  -21.411 0.6000000238
129307  7.045  -72.863  -23.143 0.5000000000
129776  25.413  -89.910  -15.473 0.3000000119
129858  6.308  -62.679  -13.241 0.6999999881
129935  9.486  -75.284  -18.537 0.5000000000
129959  19.346  -79.257  -24.594 0.6999999881
129992  22.166  -75.025  -19.186 0.6999999881
130667  9.948  -61.682  -15.556 0.5000000000
131010  27.037  -89.973  -15.141 0.4000000060
131146  18.896  -76.507  -14.579 0.6000000238
131495  20.435  -84.998  -16.737 0.5000000000
131514  7.344  -68.881  -12.811 0.8000000119
131772  21.325  -86.200  -21.448 0.6000000238
131824  20.637  -77.692  -15.182 0.6999999881
132031  12.109  -64.846  -11.536 0.4000000060
132085  9.320  -72.706  -17.199 0.6000000238
132671  10.927  -62.263  -15.233 0.4000000060
132936  8.520  -60.059  -12.767 0.6000000238
133152  21.777  -74.124  -23.385 0.6000000238
133434  21.121  -81.016  -17.966 0.6000000238
133965  18.206  -72.238  -23.559 0.6000000238
134032  7.351  -59.769  -8.609 0.4000000060
134087  8.933  -59.484  -12.971 0.6000000238
134148  6.339  -72.835  -19.001 0.6999999881
134678  8.555  -69.386  -20.690 0.5000000000
135097  14.257  -67.741  -20.868 0.5000000000
135360  23.617  -87.008  -6.348 0.3000000119
135796  22.075  -75.535  -20.032 0.6000000238
136520  8.894  -61.123  -8.363 0.4000000060
136788  9.879  -73.250  -23.669 0.5000000000
137334  11.342  -69.326  -20.502 0.5000000000
137409  10.008  -74.857  -19.810 0.5000000000
137645  19.012  -79.424  -16.544 0.6000000238
137759  16.936  -73.368  -24.668 0.6000000238
137818  18.282  -71.710  -23.683 0.6000000238
137867  21.309  -90.111  -6.464 0.5000000000
138853  21.705  -80.716  -19.196 0.8000000119
139074  3.406  -64.460  -7.576 0.5000000000
139730  7.379  -61.368  -8.086 0.4000000060
139837  18.344  -78.453  -14.805 0.6000000238
140110  24.531  -83.705  -18.138 0.5000000000
140145  27.641  -89.883  -11.906 0.3000000119
140251  23.513  -83.469  -18.778 0.6999999881
140270  17.448  -75.981  -19.361 0.6000000238
140738  24.448  -88.677  -18.228 0.3000000119
140847  8.174  -75.883  -24.252 0.5000000000
141064  20.191  -64.342  -21.479 0.5000000000
141205  25.325  -83.699  -19.071 0.4000000060
141317  15.048  -72.917  -22.282 0.6000000238
141340  25.910  -86.444  -13.392 0.3000000119
141427  12.659  -74.339  -21.894 0.6000000238
141511  15.072  -76.310  -22.295 0.6000000238
141552  22.171  -85.021  -16.010 0.5000000000
141757  26.256  -91.226  -7.208 0.5000000000
141862  25.930  -88.992  -5.984 0.3000000119
141882  4.603  -66.479  -14.309 0.6000000238
141942  19.961  -88.419  -4.125 0.4000000060
142239  13.499  -76.118  -20.680 0.5000000000
142361  12.604  -72.358  -21.471 0.6000000238
142685  14.056  -76.810  -23.484 0.6999999881
143168  23.636  -89.256  -13.312 0.3000000119
143433  23.696  -93.023  -8.559 0.4000000060
143504  11.623  -68.717  -11.319 0.4000000060
143563  18.489  -63.952  -20.143 0.5000000000
143708  13.555  -59.592  -11.182 0.3000000119
143908  21.724  -81.973  -25.745 0.6999999881
144311  27.153  -88.740  -5.552 0.4000000060
144370  21.687  -86.062  -22.936 0.6999999881
144550  18.657  -79.154  -16.133 0.6000000238
144806  19.162  -85.538  -16.621 0.6000000238
145478  8.492  -61.786  -11.688 0.6999999881
145571  9.641  -62.113  -15.493 0.5000000000
145704  10.322  -71.291  -22.986 0.6000000238
145912  8.338  -76.351  -23.920 0.5000000000
146417  22.203  -72.199  -22.646 0.6000000238
146561  25.025  -81.612  -25.760 0.6000000238
146686  25.421  -89.252  -14.737 0.3000000119
146793  25.245  -85.343  -14.633 0.3000000119
146951  15.531  -70.829  -22.185 0.6000000238
