#!ascii label  , from subject sub-v1s22x0050509_ses-1 vox2ras=TkReg
620
84045  21.828  -11.280  -16.002 0.0000000000
93715  27.596  -1.962  -18.413 0.0000000000
103460  23.584  8.291  -21.875 0.0000000000
97443  19.709  2.400  -19.209 0.0000000000
79987  23.335  -15.772  -14.991 0.0000000000
155129  26.175  -11.789  -13.493 0.0000000000
87871  25.007  -7.147  -17.447 0.0000000000
92744  22.048  -2.417  -20.230 0.0000000000
98401  25.220  3.710  -20.792 0.0000000000
104492  27.008  9.171  -20.513 0.0000000000
107082  23.985  12.567  -21.505 0.0000000000
82066  22.948  -13.755  -16.136 0.0000000000
80986  24.659  -13.863  -14.827 0.0000000000
150527  24.408  -11.683  -16.545 0.0000000000
90831  21.018  -4.473  -17.445 0.0000000000
92715  19.671  -1.956  -17.485 0.0000000000
100399  21.192  5.631  -20.663 0.0000000000
98404  22.534  3.268  -20.232 0.0000000000
100416  24.637  5.860  -21.330 0.0000000000
151722  26.879  6.542  -20.942 0.0000000000
102471  26.458  8.391  -22.489 0.0000000000
107911  20.414  14.011  -18.542 0.0000000000
107068  20.887  12.586  -19.627 0.0000000000
109594  23.557  16.238  -20.745 0.0000000000
89913  26.165  -5.129  -18.465 0.0000000000
87844  27.269  -7.079  -15.844 0.0000000000
90809  27.802  -4.072  -15.704 0.0000000000
102442  19.633  7.544  -20.774 0.0000000000
143448  27.745  0.901  -17.384 0.0000000000
85828  20.233  -9.240  -15.597 0.0000000000
85842  23.428  -9.302  -17.140 0.0000000000
87874  21.977  -7.203  -17.248 0.0000000000
90842  23.725  -4.401  -18.906 0.0000000000
93751  25.652  -1.509  -20.482 0.0000000000
143336  21.510  0.195  -19.575 0.0000000000
143315  24.288  1.048  -22.644 0.0000000000
163806  26.865  0.491  -20.131 0.0000000000
98378  26.750  3.687  -19.207 0.0000000000
105399  20.019  10.170  -20.494 0.0000000000
143386  22.891  10.499  -22.296 0.0000000000
151028  23.328  16.685  -23.659 0.0000000000
107101  21.957  12.994  -25.061 0.0000000000
105440  25.177  10.769  -24.925 0.0000000000
153958  26.783  12.710  -22.861 0.0000000000
85840  25.820  -10.130  -16.427 0.0000000000
84029  20.333  -11.189  -14.993 0.0000000000
155781  20.319  -12.013  -14.988 0.0000000000
83115  22.090  -12.070  -16.052 0.0000000000
83113  23.676  -12.797  -16.445 0.0000000000
84044  22.643  -11.556  -16.379 0.0000000000
101394  22.355  6.835  -21.290 0.0000000000
101378  22.780  6.115  -20.922 0.0000000000
102459  23.871  7.424  -21.613 0.0000000000
102457  25.579  7.146  -22.308 0.0000000000
102473  24.987  7.738  -22.726 0.0000000000
110423  21.987  16.612  -19.536 0.0000000000
156745  22.458  15.315  -19.725 0.0000000000
111231  22.189  17.667  -20.490 0.0000000000
91793  27.380  -3.477  -18.540 0.0000000000
90821  27.453  -5.057  -16.784 0.0000000000
91776  27.646  -3.405  -16.990 0.0000000000
146317  18.396  6.377  -20.210 0.0000000000
101367  18.006  7.118  -20.127 0.0000000000
172724  21.729  -15.376  -15.226 0.0000000000
78977  22.370  -16.850  -14.884 0.0000000000
78960  23.470  -16.824  -13.857 0.0000000000
79970  24.443  -15.641  -13.753 0.0000000000
83061  25.718  -12.473  -13.810 0.0000000000
82018  25.748  -13.365  -12.642 0.0000000000
86851  21.225  -8.391  -16.474 0.0000000000
88884  20.551  -6.772  -16.605 0.0000000000
91794  21.386  -3.915  -19.034 0.0000000000
89918  22.179  -4.934  -18.312 0.0000000000
90851  23.104  -4.027  -19.370 0.0000000000
91803  24.639  -3.829  -19.416 0.0000000000
153353  24.213  -2.208  -20.294 0.0000000000
163936  20.130  0.214  -18.698 0.0000000000
163794  19.914  1.499  -19.158 0.0000000000
98402  24.323  3.547  -20.812 0.0000000000
96536  23.566  1.383  -20.933 0.0000000000
96535  25.121  1.863  -21.222 0.0000000000
95638  25.984  0.792  -22.625 0.0000000000
163773  25.955  1.895  -20.620 0.0000000000
96528  26.646  2.048  -20.003 0.0000000000
98384  26.501  3.745  -19.969 0.0000000000
149296  27.154  7.738  -20.786 0.0000000000
102412  26.622  6.856  -19.506 0.0000000000
107076  22.560  12.406  -20.357 0.0000000000
106262  20.507  10.932  -20.302 0.0000000000
157270  22.702  10.803  -20.501 0.0000000000
104493  21.944  9.681  -21.474 0.0000000000
143604  23.608  11.283  -21.951 0.0000000000
106305  24.001  11.528  -26.461 0.0000000000
107099  25.551  11.910  -25.758 0.0000000000
106282  26.246  11.506  -23.851 0.0000000000
85855  24.366  -8.791  -17.218 0.0000000000
85841  24.429  -9.705  -17.153 0.0000000000
86847  26.056  -8.812  -16.931 0.0000000000
88849  27.639  -6.799  -14.324 0.0000000000
86819  26.991  -8.400  -14.990 0.0000000000
81006  21.884  -14.708  -15.465 0.0000000000
80005  23.276  -15.146  -15.445 0.0000000000
79986  24.078  -15.377  -14.629 0.0000000000
82065  24.199  -13.992  -15.788 0.0000000000
82064  24.622  -13.231  -15.482 0.0000000000
84026  25.434  -11.759  -15.421 0.0000000000
156793  19.554  -4.908  -16.298 0.0000000000
171749  20.525  -3.112  -17.434 0.0000000000
92734  20.919  -2.700  -19.432 0.0000000000
99356  20.163  4.349  -19.521 0.0000000000
97457  21.046  2.576  -19.672 0.0000000000
99376  21.707  4.224  -20.242 0.0000000000
159883  23.812  4.482  -20.668 0.0000000000
99374  24.750  4.356  -20.882 0.0000000000
100394  26.267  5.204  -20.467 0.0000000000
100415  25.363  5.715  -21.378 0.0000000000
102456  26.588  7.601  -22.044 0.0000000000
143790  27.173  9.184  -22.143 0.0000000000
107053  19.771  12.565  -17.516 0.0000000000
153020  20.970  13.400  -19.392 0.0000000000
107931  22.736  13.983  -20.456 0.0000000000
108772  24.013  14.688  -21.772 0.0000000000
88896  26.038  -6.194  -17.699 0.0000000000
87856  26.498  -7.419  -16.873 0.0000000000
88881  27.078  -6.269  -17.093 0.0000000000
146135  27.910  -5.833  -15.301 0.0000000000
99350  19.243  3.922  -18.566 0.0000000000
99357  19.596  5.153  -19.554 0.0000000000
149655  20.372  6.126  -20.819 0.0000000000
103462  21.708  8.297  -21.465 0.0000000000
80970  24.870  -14.711  -13.367 0.0000000000
143447  27.608  -0.459  -17.894 0.0000000000
93703  27.706  -1.541  -16.836 0.0000000000
84924  21.385  -10.515  -15.923 0.0000000000
84923  22.309  -10.651  -16.348 0.0000000000
85844  21.542  -9.251  -16.391 0.0000000000
86850  22.308  -8.703  -16.983 0.0000000000
87872  23.478  -7.458  -17.480 0.0000000000
88900  21.043  -6.281  -17.108 0.0000000000
88911  23.162  -6.015  -17.927 0.0000000000
88910  24.099  -5.694  -17.996 0.0000000000
89915  25.468  -5.001  -18.545 0.0000000000
91801  26.135  -3.726  -19.353 0.0000000000
165969  26.603  -1.668  -19.830 0.0000000000
94714  20.203  -1.070  -18.546 0.0000000000
143325  21.746  -0.734  -20.782 0.0000000000
143580  22.244  1.384  -20.036 0.0000000000
143321  22.219  0.200  -21.161 0.0000000000
163764  22.658  -0.802  -21.206 0.0000000000
143475  25.076  -0.628  -21.850 0.0000000000
151976  26.512  -0.511  -21.736 0.0000000000
143492  27.111  -0.804  -19.802 0.0000000000
143305  27.453  0.537  -18.938 0.0000000000
97432  27.046  2.217  -18.253 0.0000000000
100380  26.676  5.187  -19.936 0.0000000000
103446  19.861  8.541  -20.794 0.0000000000
104509  21.714  8.976  -21.842 0.0000000000
104519  23.016  10.023  -22.378 0.0000000000
111241  23.275  17.016  -22.703 0.0000000000
109602  23.847  14.924  -22.573 0.0000000000
109617  23.299  14.836  -24.762 0.0000000000
107942  21.770  13.048  -23.312 0.0000000000
143541  22.134  11.906  -24.870 0.0000000000
143571  23.495  10.809  -25.234 0.0000000000
104528  24.865  9.394  -23.587 0.0000000000
104527  25.520  9.412  -23.508 0.0000000000
105418  27.070  10.516  -22.595 0.0000000000
158325  27.045  10.733  -21.305 0.0000000000
153873  23.996  -11.117  -16.957 0.0000000000
84920  25.161  -10.681  -16.611 0.0000000000
84889  25.852  -10.938  -14.939 0.0000000000
86834  26.817  -8.488  -15.924 0.0000000000
85815  26.632  -9.588  -15.083 0.0000000000
84028  21.061  -11.155  -15.625 0.0000000000
156015  20.871  -11.880  -15.431 0.0000000000
83093  21.445  -12.436  -15.723 0.0000000000
156704  21.464  -11.761  -15.755 0.0000000000
102460  22.673  7.720  -21.560 0.0000000000
101393  23.303  6.809  -21.301 0.0000000000
150831  24.362  7.775  -22.060 0.0000000000
103459  24.336  8.372  -22.235 0.0000000000
110432  22.211  17.194  -19.890 0.0000000000
92723  27.393  -2.640  -18.749 0.0000000000
91787  27.670  -3.629  -17.888 0.0000000000
92703  27.800  -2.960  -17.577 0.0000000000
79988  22.732  -16.260  -15.083 0.0000000000
148742  22.035  -16.076  -15.079 0.0000000000
78976  23.090  -16.779  -14.687 0.0000000000
78959  23.713  -16.113  -14.246 0.0000000000
164582  24.020  -16.375  -13.604 0.0000000000
147175  26.651  -11.142  -13.248 0.0000000000
87858  20.023  -7.282  -16.188 0.0000000000
91806  21.550  -3.513  -19.410 0.0000000000
90852  22.163  -3.989  -19.232 0.0000000000
91805  22.599  -3.610  -19.704 0.0000000000
91813  23.365  -3.279  -19.882 0.0000000000
92743  23.178  -2.507  -20.282 0.0000000000
165774  19.321  1.314  -18.725 0.0000000000
97453  24.969  2.812  -20.977 0.0000000000
166867  24.375  2.676  -20.845 0.0000000000
97452  25.541  2.671  -20.711 0.0000000000
97451  26.304  2.924  -20.290 0.0000000000
98400  25.940  3.786  -20.392 0.0000000000
103433  26.852  8.380  -20.164 0.0000000000
107075  23.677  12.048  -20.760 0.0000000000
106260  23.279  11.305  -20.534 0.0000000000
107081  24.170  11.510  -21.228 0.0000000000
106258  23.932  10.866  -21.245 0.0000000000
164881  24.059  12.038  -21.939 0.0000000000
107961  25.035  12.667  -25.765 0.0000000000
107952  25.069  13.541  -24.965 0.0000000000
107100  25.735  12.734  -24.816 0.0000000000
144161  24.301  -7.888  -17.373 0.0000000000
86864  25.302  -8.132  -17.185 0.0000000000
88848  28.122  -6.675  -13.482 0.0000000000
87821  27.777  -7.597  -13.558 0.0000000000
146010  21.364  -13.218  -15.629 0.0000000000
81007  21.075  -13.980  -15.346 0.0000000000
82067  22.067  -13.881  -15.742 0.0000000000
81005  22.891  -14.585  -15.780 0.0000000000
81004  23.699  -14.661  -15.622 0.0000000000
153087  23.546  -14.163  -16.017 0.0000000000
83112  24.292  -12.426  -16.362 0.0000000000
82084  24.267  -13.177  -16.151 0.0000000000
83091  24.639  -12.709  -15.902 0.0000000000
83090  25.023  -12.551  -15.386 0.0000000000
84027  24.871  -12.113  -16.027 0.0000000000
92704  19.212  -2.394  -16.880 0.0000000000
91778  19.877  -3.245  -16.880 0.0000000000
91788  20.235  -2.639  -17.494 0.0000000000
149276  20.975  -3.060  -17.982 0.0000000000
92724  20.492  -2.450  -18.414 0.0000000000
155888  21.001  5.043  -20.281 0.0000000000
99377  20.824  4.326  -19.917 0.0000000000
170504  23.380  5.696  -20.802 0.0000000000
100398  22.967  5.247  -20.610 0.0000000000
100397  24.015  5.361  -20.829 0.0000000000
171865  24.427  4.819  -20.838 0.0000000000
100396  24.949  5.107  -21.148 0.0000000000
102472  25.676  7.811  -22.621 0.0000000000
103458  27.128  8.437  -21.772 0.0000000000
108749  20.671  14.764  -18.787 0.0000000000
107922  20.296  13.114  -18.688 0.0000000000
107921  21.135  14.182  -19.312 0.0000000000
109595  23.174  15.771  -20.058 0.0000000000
108763  22.915  14.871  -20.342 0.0000000000
108762  23.570  14.364  -21.123 0.0000000000
147917  23.637  15.300  -20.945 0.0000000000
88907  26.063  -5.489  -18.159 0.0000000000
165871  26.251  -5.901  -17.771 0.0000000000
89903  26.396  -5.507  -17.979 0.0000000000
166081  27.698  -4.729  -16.079 0.0000000000
89879  27.702  -5.483  -16.057 0.0000000000
90793  27.981  -4.902  -15.227 0.0000000000
98371  18.164  3.166  -17.806 0.0000000000
99341  18.958  3.901  -18.217 0.0000000000
161092  19.702  4.184  -19.009 0.0000000000
161304  19.416  4.729  -18.904 0.0000000000
100401  18.635  6.449  -20.554 0.0000000000
101380  19.425  6.637  -20.766 0.0000000000
154021  20.567  6.953  -20.918 0.0000000000
102441  20.761  7.876  -20.981 0.0000000000
80987  24.606  -14.750  -14.320 0.0000000000
80969  24.978  -13.824  -13.877 0.0000000000
80955  25.679  -13.943  -12.182 0.0000000000
143433  27.629  0.295  -17.740 0.0000000000
84906  20.080  -9.805  -15.316 0.0000000000
85827  20.862  -9.728  -15.869 0.0000000000
152785  21.728  -9.967  -16.218 0.0000000000
86865  21.687  -7.790  -16.908 0.0000000000
87873  22.563  -7.753  -17.302 0.0000000000
90822  20.368  -5.002  -16.799 0.0000000000
89892  20.405  -5.958  -16.731 0.0000000000
89906  21.062  -5.389  -17.353 0.0000000000
160026  22.676  -4.413  -18.869 0.0000000000
89904  22.274  -5.810  -17.842 0.0000000000
89917  23.201  -5.161  -18.386 0.0000000000
89916  24.460  -5.003  -18.494 0.0000000000
88909  25.160  -5.530  -18.045 0.0000000000
90841  24.794  -4.531  -18.951 0.0000000000
92732  24.757  -3.112  -19.602 0.0000000000
91802  25.325  -3.798  -19.413 0.0000000000
92731  25.546  -2.669  -19.635 0.0000000000
92730  26.383  -2.580  -19.529 0.0000000000
92740  26.053  -1.770  -19.958 0.0000000000
143337  20.965  0.090  -18.979 0.0000000000
143478  20.441  -0.450  -18.754 0.0000000000
143331  20.976  -0.593  -19.338 0.0000000000
149334  20.702  -1.182  -19.320 0.0000000000
143507  21.641  -0.360  -20.272 0.0000000000
97456  21.985  2.360  -19.873 0.0000000000
97442  21.504  1.775  -19.688 0.0000000000
143503  23.411  1.098  -22.080 0.0000000000
143332  22.681  0.504  -21.378 0.0000000000
143317  22.780  0.429  -21.702 0.0000000000
163781  23.016  -0.001  -21.811 0.0000000000
163792  24.059  0.123  -22.266 0.0000000000
143466  23.837  -0.788  -21.418 0.0000000000
163775  25.243  0.422  -22.580 0.0000000000
143494  26.259  0.292  -21.021 0.0000000000
143458  26.376  -0.097  -22.170 0.0000000000
143309  26.547  -0.431  -21.532 0.0000000000
149111  26.569  -0.606  -20.691 0.0000000000
143434  26.770  -0.209  -20.421 0.0000000000
163785  27.218  0.113  -19.632 0.0000000000
143310  27.083  1.124  -19.586 0.0000000000
97441  26.636  2.921  -19.665 0.0000000000
97440  26.845  2.090  -19.127 0.0000000000
97433  26.802  2.904  -18.733 0.0000000000
167952  27.011  2.928  -18.005 0.0000000000
98377  27.057  3.612  -18.370 0.0000000000
171974  26.291  5.597  -20.782 0.0000000000
101366  26.645  5.841  -20.476 0.0000000000
107069  20.012  12.285  -19.085 0.0000000000
106251  19.362  11.627  -19.089 0.0000000000
105387  19.552  10.964  -19.964 0.0000000000
105400  19.128  10.211  -20.143 0.0000000000
104482  18.811  9.424  -20.190 0.0000000000
103447  18.967  8.843  -20.572 0.0000000000
104496  19.470  9.441  -20.581 0.0000000000
143389  22.446  10.196  -22.115 0.0000000000
104494  21.503  9.234  -21.364 0.0000000000
143546  22.465  9.915  -22.215 0.0000000000
104520  22.497  9.644  -22.214 0.0000000000
111248  22.988  17.501  -23.765 0.0000000000
110445  23.533  16.234  -22.914 0.0000000000
109611  23.571  15.403  -23.348 0.0000000000
155174  22.421  13.750  -25.284 0.0000000000
108790  23.242  14.308  -25.330 0.0000000000
108784  22.692  13.898  -24.708 0.0000000000
155192  23.165  13.769  -23.764 0.0000000000
107948  21.672  13.493  -24.399 0.0000000000
107093  21.113  12.658  -24.253 0.0000000000
107102  21.506  12.610  -24.652 0.0000000000
106295  24.959  11.214  -26.313 0.0000000000
106296  24.032  10.837  -26.266 0.0000000000
105441  24.545  10.540  -25.376 0.0000000000
143617  24.358  10.379  -24.237 0.0000000000
174250  25.063  10.209  -24.670 0.0000000000
104533  25.126  9.719  -24.230 0.0000000000
105431  25.653  10.132  -24.097 0.0000000000
160832  26.845  12.193  -23.333 0.0000000000
105430  26.449  10.729  -23.426 0.0000000000
106274  27.081  11.371  -22.947 0.0000000000
106268  27.209  11.005  -22.178 0.0000000000
154070  26.897  12.025  -22.399 0.0000000000
85843  22.533  -9.795  -16.693 0.0000000000
174305  22.892  -10.439  -16.677 0.0000000000
84922  23.588  -10.268  -16.982 0.0000000000
153397  25.241  -10.005  -16.982 0.0000000000
84921  24.515  -10.480  -17.005 0.0000000000
84904  25.600  -10.865  -15.912 0.0000000000
85826  26.168  -10.203  -15.597 0.0000000000
86846  26.467  -8.312  -16.558 0.0000000000
87845  26.823  -7.689  -16.267 0.0000000000
86809  27.379  -8.429  -14.065 0.0000000000
85814  27.075  -9.065  -14.582 0.0000000000
85802  27.440  -9.177  -13.667 0.0000000000
85803  26.849  -9.693  -14.084 0.0000000000
83092  22.265  -13.002  -16.080 0.0000000000
82086  23.111  -13.132  -16.353 0.0000000000
83114  22.902  -12.424  -16.391 0.0000000000
84043  23.602  -11.883  -16.609 0.0000000000
101379  21.535  6.328  -21.025 0.0000000000
164419  22.069  5.660  -20.746 0.0000000000
101392  24.280  6.616  -21.476 0.0000000000
101391  25.302  6.354  -21.798 0.0000000000
102458  24.753  7.098  -22.134 0.0000000000
103490  25.414  8.500  -23.057 0.0000000000
110424  20.838  16.184  -19.013 0.0000000000
109589  21.424  15.276  -19.225 0.0000000000
174248  21.249  14.697  -19.254 0.0000000000
109588  22.275  15.968  -19.516 0.0000000000
149138  22.938  16.567  -19.945 0.0000000000
110438  23.036  17.127  -20.709 0.0000000000
90838  27.133  -4.310  -18.385 0.0000000000
89912  26.696  -5.008  -18.169 0.0000000000
90829  27.348  -4.568  -17.582 0.0000000000
173982  27.577  -3.946  -17.279 0.0000000000
161444  27.602  -4.141  -16.635 0.0000000000
102443  18.537  7.228  -20.580 0.0000000000
79989  21.176  -15.713  -14.859 0.0000000000
79990  20.415  -15.183  -14.607 0.0000000000
78978  21.448  -16.550  -14.679 0.0000000000
78945  23.845  -16.911  -13.107 0.0000000000
78944  24.452  -16.324  -13.008 0.0000000000
82045  25.340  -13.093  -14.178 0.0000000000
82031  25.557  -13.211  -13.380 0.0000000000
86835  20.133  -8.667  -15.699 0.0000000000
85845  20.692  -8.893  -16.003 0.0000000000
86852  20.367  -8.098  -16.067 0.0000000000
87857  20.842  -7.563  -16.503 0.0000000000
88883  21.294  -7.028  -16.931 0.0000000000
157754  21.338  -3.865  -18.226 0.0000000000
90830  21.590  -4.656  -17.958 0.0000000000
90843  21.837  -4.314  -18.687 0.0000000000
166909  24.112  -4.037  -19.304 0.0000000000
173383  24.070  -3.710  -19.495 0.0000000000
91812  24.081  -3.346  -19.678 0.0000000000
93752  24.924  -1.785  -20.340 0.0000000000
143472  20.075  0.780  -18.923 0.0000000000
163793  20.827  0.871  -19.244 0.0000000000
152757  23.565  2.869  -20.626 0.0000000000
97455  22.926  2.003  -20.463 0.0000000000
97454  23.940  1.925  -20.822 0.0000000000
97476  24.288  1.569  -21.775 0.0000000000
143994  24.646  1.493  -22.714 0.0000000000
143800  25.326  1.407  -23.043 0.0000000000
96551  25.577  1.255  -23.026 0.0000000000
96534  25.327  1.462  -21.806 0.0000000000
163790  25.740  1.002  -21.044 0.0000000000
102428  26.953  7.047  -20.596 0.0000000000
158001  26.767  6.438  -20.312 0.0000000000
153022  26.731  7.615  -19.886 0.0000000000
165725  26.549  7.579  -19.006 0.0000000000
106250  20.816  11.746  -20.030 0.0000000000
106249  22.002  11.746  -20.248 0.0000000000
106261  21.655  10.862  -20.394 0.0000000000
105397  22.122  10.292  -20.662 0.0000000000
105398  21.210  10.004  -20.641 0.0000000000
105395  23.434  10.572  -21.106 0.0000000000
143578  22.572  10.653  -22.229 0.0000000000
107954  22.844  13.083  -25.803 0.0000000000
107111  22.952  12.317  -26.064 0.0000000000
107110  23.903  12.530  -26.215 0.0000000000
107109  24.856  11.912  -26.279 0.0000000000
106294  25.475  11.356  -25.306 0.0000000000
107092  26.033  12.116  -24.421 0.0000000000
86848  25.258  -9.195  -17.070 0.0000000000
171037  25.852  -9.541  -16.787 0.0000000000
161421  27.376  -7.157  -15.067 0.0000000000
86833  27.046  -7.743  -15.442 0.0000000000
87835  27.296  -7.664  -14.545 0.0000000000
80988  21.062  -14.900  -15.119 0.0000000000
80006  22.572  -15.453  -15.370 0.0000000000
167730  23.752  -15.133  -15.174 0.0000000000
81003  24.229  -14.677  -15.125 0.0000000000
82085  23.680  -13.547  -16.243 0.0000000000
82063  24.998  -13.079  -14.803 0.0000000000
83071  25.423  -12.466  -14.689 0.0000000000
83992  25.785  -11.734  -14.388 0.0000000000
170161  20.632  -4.324  -17.021 0.0000000000
163960  20.087  -4.191  -16.717 0.0000000000
91777  20.741  -3.699  -17.364 0.0000000000
91795  20.900  -3.405  -18.926 0.0000000000
167264  21.311  -2.356  -20.003 0.0000000000
98385  19.945  3.376  -19.269 0.0000000000
159924  20.350  2.723  -19.481 0.0000000000
98406  20.613  3.461  -19.629 0.0000000000
98405  21.444  3.377  -19.892 0.0000000000
160731  21.935  5.025  -20.473 0.0000000000
99375  22.712  4.318  -20.433 0.0000000000
98403  23.381  3.704  -20.535 0.0000000000
99373  25.604  4.604  -20.698 0.0000000000
100395  25.772  5.360  -20.980 0.0000000000
101377  26.179  5.995  -21.200 0.0000000000
101390  26.379  6.766  -21.650 0.0000000000
102440  27.075  7.230  -21.250 0.0000000000
173361  27.158  7.888  -21.395 0.0000000000
103444  27.265  8.451  -21.025 0.0000000000
104507  27.329  9.211  -21.416 0.0000000000
108753  22.036  14.553  -19.693 0.0000000000
107920  21.949  13.505  -19.963 0.0000000000
107067  21.649  12.750  -19.933 0.0000000000
153737  22.852  13.086  -20.534 0.0000000000
107930  23.557  13.299  -21.046 0.0000000000
107936  24.025  13.679  -21.755 0.0000000000
156037  25.535  -6.227  -17.709 0.0000000000
87870  25.758  -7.099  -17.385 0.0000000000
87869  26.182  -7.024  -17.264 0.0000000000
88882  26.507  -6.539  -17.310 0.0000000000
87855  26.959  -6.919  -16.648 0.0000000000
89902  27.044  -5.572  -17.526 0.0000000000
145691  27.508  -6.317  -16.181 0.0000000000
88864  27.645  -6.542  -15.235 0.0000000000
98386  19.206  3.151  -18.833 0.0000000000
100381  20.026  5.209  -20.116 0.0000000000
100382  19.012  5.787  -20.306 0.0000000000
100400  19.491  5.913  -20.627 0.0000000000
165647  20.367  5.598  -20.520 0.0000000000
101395  21.613  7.298  -21.253 0.0000000000
164367  25.330  -13.941  -12.981 0.0000000000
163779  27.554  -1.124  -18.427 0.0000000000
93704  27.716  -2.227  -17.591 0.0000000000
163761  27.650  -1.360  -17.724 0.0000000000
84905  20.616  -10.443  -15.449 0.0000000000
86849  23.394  -8.367  -17.315 0.0000000000
169773  24.244  -7.120  -17.545 0.0000000000
88885  19.859  -6.493  -16.286 0.0000000000
88899  21.754  -6.523  -17.383 0.0000000000
89905  21.706  -5.323  -17.794 0.0000000000
144130  22.682  -6.783  -17.536 0.0000000000
88898  23.725  -6.567  -17.676 0.0000000000
88897  24.700  -6.332  -17.694 0.0000000000
88908  25.849  -5.511  -18.161 0.0000000000
89914  25.950  -5.079  -18.548 0.0000000000
90850  24.939  -4.293  -19.198 0.0000000000
90849  25.770  -4.454  -19.147 0.0000000000
90848  26.149  -4.539  -19.046 0.0000000000
90847  26.742  -4.091  -18.964 0.0000000000
91800  26.913  -3.184  -19.120 0.0000000000
173470  27.342  -1.980  -19.037 0.0000000000
93716  19.256  -1.335  -17.419 0.0000000000
93727  19.963  -1.593  -18.085 0.0000000000
93726  20.409  -1.871  -19.051 0.0000000000
93739  20.872  -1.813  -19.792 0.0000000000
93754  21.478  -1.643  -20.271 0.0000000000
143505  20.639  1.819  -19.461 0.0000000000
143334  21.682  0.909  -19.666 0.0000000000
96537  22.851  1.082  -20.804 0.0000000000
143335  22.255  0.575  -20.601 0.0000000000
143328  21.942  0.139  -20.422 0.0000000000
143568  21.843  -0.133  -20.940 0.0000000000
143587  22.383  -1.632  -20.584 0.0000000000
93753  23.520  -1.614  -20.727 0.0000000000
163782  24.674  -1.458  -20.970 0.0000000000
163803  25.645  -1.146  -21.370 0.0000000000
163757  25.959  0.796  -22.664 0.0000000000
143454  26.223  -0.375  -22.175 0.0000000000
163776  26.250  -0.790  -21.528 0.0000000000
93750  26.302  -1.055  -20.710 0.0000000000
93738  27.104  -1.579  -19.561 0.0000000000
93725  27.413  -1.343  -19.060 0.0000000000
143461  27.518  -0.425  -18.930 0.0000000000
163760  27.552  0.155  -18.341 0.0000000000
143300  27.513  0.814  -18.157 0.0000000000
143302  27.266  1.377  -18.671 0.0000000000
163729  27.467  1.578  -17.817 0.0000000000
99372  26.353  4.519  -20.177 0.0000000000
101357  26.724  5.918  -19.581 0.0000000000
99349  26.986  4.371  -18.748 0.0000000000
169713  20.049  11.549  -19.756 0.0000000000
150709  18.772  8.092  -20.578 0.0000000000
104495  20.523  9.324  -20.792 0.0000000000
103445  21.037  8.692  -21.092 0.0000000000
103461  22.353  8.904  -22.092 0.0000000000
103477  23.608  9.223  -22.210 0.0000000000
111237  22.484  17.748  -21.321 0.0000000000
165280  22.977  17.203  -21.793 0.0000000000
111236  22.710  17.664  -22.412 0.0000000000
110437  23.398  16.562  -21.757 0.0000000000
109603  23.785  15.652  -21.902 0.0000000000
159111  23.908  14.030  -22.649 0.0000000000
110452  23.328  15.815  -24.448 0.0000000000
108779  23.453  14.565  -23.677 0.0000000000
107935  23.890  13.024  -22.402 0.0000000000
107086  22.214  12.079  -22.659 0.0000000000
163801  21.230  11.470  -23.595 0.0000000000
143390  22.405  11.477  -24.529 0.0000000000
106306  23.172  11.507  -26.073 0.0000000000
143387  22.775  10.931  -23.472 0.0000000000
143385  23.876  10.469  -22.841 0.0000000000
174141  24.186  9.770  -22.599 0.0000000000
103476  24.731  8.656  -22.818 0.0000000000
104518  26.419  9.145  -22.845 0.0000000000
166312  25.729  10.936  -24.288 0.0000000000
104526  26.400  9.930  -23.114 0.0000000000
104517  27.032  9.791  -22.445 0.0000000000
105408  27.425  10.061  -21.886 0.0000000000
158981  27.243  9.960  -20.972 0.0000000000
160622  26.329  12.947  -21.847 0.0000000000
148535  26.566  11.628  -21.374 0.0000000000
106257  26.459  11.566  -20.606 0.0000000000
105386  26.608  10.755  -20.284 0.0000000000
160394  23.184  -10.994  -16.661 0.0000000000
153910  24.613  -11.073  -16.727 0.0000000000
84042  25.067  -11.393  -16.259 0.0000000000
84007  26.248  -11.051  -14.033 0.0000000000
86863  26.094  -7.842  -17.032 0.0000000000
85839  26.473  -9.335  -16.215 0.0000000000
86820  26.865  -9.019  -15.437 0.0000000000
146074  26.384  -10.297  -14.550 0.0000000000
92684  27.683  -2.506  -16.629 0.0000000000
91765  27.693  -3.316  -16.123 0.0000000000
88895  26.640  -5.985  -17.578 0.0000000000
89891  27.431  -5.815  -16.770 0.0000000000
89924  26.001  -4.838  -18.809 0.0000000000
90839  26.401  -4.733  -18.703 0.0000000000
90840  25.572  -4.657  -18.918 0.0000000000
91804  23.544  -3.694  -19.597 0.0000000000
91814  22.605  -3.048  -20.035 0.0000000000
92714  27.773  -2.868  -18.159 0.0000000000
92729  27.016  -2.291  -19.321 0.0000000000
92733  21.789  -3.022  -19.853 0.0000000000
92741  24.988  -2.251  -19.813 0.0000000000
92742  24.438  -2.594  -19.863 0.0000000000
93749  26.725  -1.164  -20.130 0.0000000000
93755  21.138  -0.989  -20.070 0.0000000000
96552  25.060  1.936  -22.759 0.0000000000
97475  24.696  1.916  -21.186 0.0000000000
100417  23.755  6.098  -21.034 0.0000000000
103434  18.470  8.609  -20.052 0.0000000000
104508  22.094  9.434  -22.061 0.0000000000
105396  22.698  10.347  -21.077 0.0000000000
106259  23.952  11.003  -20.775 0.0000000000
106283  21.311  12.364  -24.455 0.0000000000
106297  22.995  11.258  -25.670 0.0000000000
106298  22.042  12.287  -24.941 0.0000000000
106307  22.358  12.304  -25.417 0.0000000000
109622  22.850  15.102  -25.757 0.0000000000
143388  21.520  11.134  -22.698 0.0000000000
143471  26.522  1.157  -20.354 0.0000000000
143488  21.117  11.998  -24.174 0.0000000000
143582  21.315  -0.339  -19.600 0.0000000000
143583  22.223  -0.067  -21.333 0.0000000000
143590  19.570  -0.092  -18.217 0.0000000000
143912  22.256  9.822  -22.075 0.0000000000
143925  23.374  0.661  -22.214 0.0000000000
147186  24.956  10.765  -26.046 0.0000000000
149147  21.504  -5.890  -17.529 0.0000000000
153654  20.683  11.992  -23.309 0.0000000000
154010  27.945  -6.144  -14.666 0.0000000000
154956  25.311  -4.279  -19.232 0.0000000000
162065  23.446  10.773  -20.722 0.0000000000
166904  23.906  -2.867  -19.946 0.0000000000
171879  19.050  2.384  -18.816 0.0000000000
172017  24.982  -13.439  -14.392 0.0000000000
172385  22.552  11.750  -25.511 0.0000000000
173612  23.601  13.518  -23.072 0.0000000000
174391  19.940  -0.613  -18.367 0.0000000000
