#!ascii label  , from subject sub-v1s22x0050496_ses-1 vox2ras=TkReg
1704
93934  -45.171  29.757  34.960 0.0000000000
107511  -41.084  50.518  36.500 0.0000000000
99906  -50.936  38.264  37.972 0.0000000000
100669  -49.212  39.156  23.899 0.0000000000
109178  -46.157  53.749  37.210 0.0000000000
103102  -47.586  43.496  32.381 0.0000000000
104496  -49.190  45.651  30.427 0.0000000000
101267  -42.049  40.176  26.837 0.0000000000
89514  -47.924  23.278  45.928 0.0000000000
93906  -42.049  28.722  37.974 0.0000000000
111738  -37.407  58.486  31.938 0.0000000000
111775  -43.003  59.121  28.101 0.0000000000
110756  -47.951  57.038  27.942 0.0000000000
96618  -54.701  32.250  35.717 0.0000000000
100554  -44.808  39.678  36.979 0.0000000000
124322  -51.867  37.875  31.053 0.0000000000
141256  -50.786  34.441  28.877 0.0000000000
99318  -43.498  37.821  28.371 0.0000000000
97982  -36.853  35.674  28.245 0.0000000000
132451  -45.361  32.645  34.492 0.0000000000
126732  -48.246  53.628  35.965 0.0000000000
106915  -49.423  48.947  35.365 0.0000000000
106301  -47.685  48.789  33.334 0.0000000000
104486  -45.839  45.297  31.838 0.0000000000
90293  -44.150  24.459  41.948 0.0000000000
91759  -41.204  26.229  40.969 0.0000000000
111223  -35.101  57.645  34.128 0.0000000000
111288  -45.705  58.704  28.510 0.0000000000
96589  -51.142  33.469  37.776 0.0000000000
97247  -53.772  34.638  36.983 0.0000000000
137021  -38.715  48.963  37.248 0.0000000000
103768  -42.776  44.354  36.777 0.0000000000
101245  -49.781  41.357  27.735 0.0000000000
99982  -47.874  39.175  30.438 0.0000000000
100006  -50.841  37.493  26.097 0.0000000000
97989  -53.612  34.535  27.763 0.0000000000
98028  -50.476  35.570  24.562 0.0000000000
98617  -48.152  37.022  28.083 0.0000000000
98678  -45.421  36.360  23.885 0.0000000000
99331  -39.053  37.452  26.440 0.0000000000
108120  -43.779  52.008  36.510 0.0000000000
105095  -44.765  46.370  36.476 0.0000000000
105702  -47.806  47.643  36.161 0.0000000000
103841  -50.787  45.076  31.137 0.0000000000
102471  -48.816  42.428  26.893 0.0000000000
100660  -45.164  38.984  25.320 0.0000000000
101801  -45.992  41.895  28.739 0.0000000000
101789  -43.032  41.617  30.101 0.0000000000
90297  -48.504  24.650  42.677 0.0000000000
120590  -43.927  24.321  38.898 0.0000000000
94546  -44.429  29.692  36.362 0.0000000000
140875  -33.540  52.279  38.169 0.0000000000
108678  -35.620  52.935  34.865 0.0000000000
109213  -38.416  53.653  33.599 0.0000000000
109752  -41.171  54.944  33.125 0.0000000000
110248  -44.236  56.105  34.032 0.0000000000
121116  -47.345  57.001  33.127 0.0000000000
109754  -48.979  54.814  32.600 0.0000000000
142615  -49.388  53.654  28.734 0.0000000000
97227  -43.545  34.564  37.779 0.0000000000
97256  -48.184  34.022  35.657 0.0000000000
95273  -49.562  31.270  33.815 0.0000000000
101159  -49.796  40.887  37.324 0.0000000000
101769  -45.174  41.661  34.323 0.0000000000
99953  -48.510  38.461  33.695 0.0000000000
99934  -52.352  39.349  34.137 0.0000000000
97933  -53.107  34.779  32.836 0.0000000000
96020  -54.408  32.275  31.004 0.0000000000
96652  -49.122  32.528  32.514 0.0000000000
97952  -48.142  35.551  31.823 0.0000000000
99272  -45.133  37.559  31.603 0.0000000000
99267  -40.736  37.464  31.598 0.0000000000
98674  -42.199  36.466  24.727 0.0000000000
98616  -39.961  36.311  28.273 0.0000000000
97297  -37.989  34.556  31.912 0.0000000000
138069  -42.370  27.008  35.422 0.0000000000
93922  -42.735  28.982  35.109 0.0000000000
95271  -45.328  30.804  34.436 0.0000000000
109729  -47.379  53.483  34.672 0.0000000000
107520  -47.947  51.261  35.724 0.0000000000
107527  -46.452  50.858  34.609 0.0000000000
138334  -46.294  49.333  32.792 0.0000000000
98530  -51.017  36.191  36.878 0.0000000000
106886  -39.728  50.226  36.877 0.0000000000
101279  -50.058  40.414  25.502 0.0000000000
100640  -49.767  39.569  26.642 0.0000000000
100025  -50.548  38.206  24.654 0.0000000000
140690  -51.442  36.531  24.947 0.0000000000
99377  -49.639  37.589  23.423 0.0000000000
98680  -47.476  36.628  24.056 0.0000000000
99375  -47.235  37.390  23.494 0.0000000000
124195  -45.199  53.368  36.861 0.0000000000
106889  -45.914  49.276  36.720 0.0000000000
107513  -46.947  50.374  37.112 0.0000000000
105740  -50.081  47.081  32.434 0.0000000000
105130  -50.242  46.866  33.108 0.0000000000
104498  -50.879  45.581  30.808 0.0000000000
103171  -50.462  43.547  28.252 0.0000000000
103152  -48.878  44.196  28.842 0.0000000000
101802  -47.101  42.339  28.305 0.0000000000
102426  -46.980  43.235  29.627 0.0000000000
102412  -44.816  43.001  31.121 0.0000000000
91051  -42.381  25.409  40.314 0.0000000000
90325  -44.664  24.646  40.395 0.0000000000
91076  -42.249  25.229  38.683 0.0000000000
91086  -42.260  25.796  37.292 0.0000000000
121719  -42.644  28.994  37.379 0.0000000000
111230  -36.338  57.885  32.574 0.0000000000
109733  -34.800  55.216  33.819 0.0000000000
145663  -36.113  55.223  33.059 0.0000000000
109200  -37.077  53.278  34.151 0.0000000000
131136  -37.729  56.207  32.183 0.0000000000
111766  -41.693  58.487  29.233 0.0000000000
110723  -40.651  56.501  31.602 0.0000000000
110713  -42.016  56.226  32.059 0.0000000000
110246  -42.681  55.404  33.409 0.0000000000
110735  -43.518  56.595  30.525 0.0000000000
111290  -47.049  58.083  28.510 0.0000000000
111253  -45.807  57.199  31.147 0.0000000000
111255  -47.312  57.071  30.401 0.0000000000
110707  -48.836  56.133  32.795 0.0000000000
110738  -48.722  56.021  30.946 0.0000000000
109775  -48.774  54.502  29.892 0.0000000000
134281  -48.498  55.370  28.341 0.0000000000
96543  -45.772  33.933  41.051 0.0000000000
97181  -42.189  34.865  40.269 0.0000000000
145720  -44.048  35.452  39.557 0.0000000000
97213  -42.148  34.339  38.390 0.0000000000
121982  -46.063  35.659  38.781 0.0000000000
96591  -53.236  32.438  37.115 0.0000000000
97244  -49.522  34.635  36.455 0.0000000000
97246  -51.116  34.031  35.554 0.0000000000
95953  -49.356  32.591  34.538 0.0000000000
95967  -51.665  32.672  33.844 0.0000000000
100527  -44.918  39.625  38.216 0.0000000000
101141  -47.435  40.194  38.800 0.0000000000
100543  -47.118  39.267  37.292 0.0000000000
103789  -46.496  44.651  34.449 0.0000000000
103778  -45.473  44.341  35.383 0.0000000000
102395  -46.053  42.739  33.322 0.0000000000
99290  -49.374  37.713  30.421 0.0000000000
99962  -47.630  38.728  32.174 0.0000000000
99256  -50.451  37.969  32.002 0.0000000000
100586  -51.490  40.075  33.874 0.0000000000
99966  -52.247  38.646  32.178 0.0000000000
98554  -52.305  36.952  33.586 0.0000000000
98587  -52.548  37.200  31.072 0.0000000000
96685  -52.788  33.397  27.114 0.0000000000
96681  -53.975  33.327  28.907 0.0000000000
124842  -52.377  33.308  29.472 0.0000000000
96007  -51.514  32.468  31.605 0.0000000000
97308  -50.514  34.083  30.509 0.0000000000
97298  -48.515  34.701  32.048 0.0000000000
97966  -49.408  35.350  30.033 0.0000000000
99321  -46.232  37.508  27.955 0.0000000000
99307  -46.374  37.514  29.686 0.0000000000
99305  -44.617  37.635  30.007 0.0000000000
99270  -43.218  37.827  31.487 0.0000000000
99303  -42.513  37.902  29.811 0.0000000000
100648  -43.559  39.367  26.159 0.0000000000
100021  -43.601  38.058  24.421 0.0000000000
100657  -42.188  38.618  25.345 0.0000000000
99329  -37.618  36.564  27.122 0.0000000000
98010  -38.770  35.743  26.446 0.0000000000
97984  -38.169  35.191  27.765 0.0000000000
145941  -39.004  36.312  29.928 0.0000000000
97964  -37.764  35.214  29.740 0.0000000000
97296  -37.058  33.941  31.512 0.0000000000
89607  -45.216  23.319  37.406 0.0000000000
96625  -44.995  33.523  34.801 0.0000000000
109180  -47.692  53.884  37.135 0.0000000000
107497  -48.563  50.828  37.579 0.0000000000
107521  -49.230  50.708  36.642 0.0000000000
106914  -49.172  49.156  35.142 0.0000000000
105142  -48.358  47.247  32.106 0.0000000000
103839  -47.179  45.018  31.049 0.0000000000
105141  -46.733  46.626  32.226 0.0000000000
89545  -46.313  24.074  44.786 0.0000000000
89558  -44.382  23.796  43.844 0.0000000000
93277  -41.185  28.165  38.997 0.0000000000
113213  -39.270  61.485  32.630 0.0000000000
111287  -44.578  58.748  28.233 0.0000000000
133066  -46.787  57.288  26.344 0.0000000000
110278  -47.933  55.809  26.654 0.0000000000
97201  -49.182  34.388  39.308 0.0000000000
95926  -54.542  32.109  38.510 0.0000000000
97235  -55.401  33.009  36.814 0.0000000000
102365  -43.139  42.663  36.629 0.0000000000
101792  -49.077  42.193  29.806 0.0000000000
101784  -47.431  41.256  30.920 0.0000000000
101234  -48.167  40.253  29.236 0.0000000000
99998  -49.182  38.262  28.426 0.0000000000
99324  -50.691  37.033  28.341 0.0000000000
127971  -52.628  36.304  28.975 0.0000000000
98651  -52.235  36.339  26.324 0.0000000000
97349  -52.315  34.597  25.421 0.0000000000
98002  -50.710  34.626  26.503 0.0000000000
98607  -49.214  36.115  28.585 0.0000000000
98649  -48.581  36.473  26.318 0.0000000000
136579  -46.735  36.915  26.324 0.0000000000
99348  -44.871  36.982  26.332 0.0000000000
100004  -40.485  38.847  26.583 0.0000000000
101129  -52.452  41.032  38.745 0.0000000000
133045  -42.442  51.066  36.523 0.0000000000
106270  -43.044  48.393  36.510 0.0000000000
145282  -44.649  48.889  36.567 0.0000000000
105097  -46.365  46.814  36.178 0.0000000000
104456  -47.834  45.808  34.408 0.0000000000
106282  -49.347  48.561  36.072 0.0000000000
104457  -48.885  46.312  34.003 0.0000000000
103824  -49.135  44.797  32.255 0.0000000000
103153  -50.464  43.500  29.080 0.0000000000
102482  -50.400  42.239  27.063 0.0000000000
101271  -48.898  41.121  25.759 0.0000000000
100661  -47.040  39.464  25.127 0.0000000000
101275  -46.937  40.082  26.134 0.0000000000
101254  -45.313  40.437  27.726 0.0000000000
101242  -43.910  40.599  28.293 0.0000000000
103134  -46.484  43.564  30.423 0.0000000000
101800  -44.508  41.673  29.367 0.0000000000
90295  -46.461  24.447  42.637 0.0000000000
90327  -46.157  24.915  40.920 0.0000000000
90353  -45.489  24.272  38.666 0.0000000000
137880  -43.407  23.695  37.444 0.0000000000
91099  -42.446  25.612  36.588 0.0000000000
121725  -44.689  29.463  35.871 0.0000000000
107482  -34.773  50.067  38.282 0.0000000000
108665  -34.268  52.752  35.970 0.0000000000
107505  -36.029  50.786  36.837 0.0000000000
108113  -37.059  51.140  36.422 0.0000000000
108128  -38.474  51.695  35.713 0.0000000000
125254  -39.777  52.031  35.495 0.0000000000
111740  -39.014  58.578  31.196 0.0000000000
110255  -39.099  55.534  32.418 0.0000000000
109739  -39.811  54.157  33.286 0.0000000000
108672  -41.269  52.567  35.559 0.0000000000
109193  -42.819  53.515  35.557 0.0000000000
109721  -43.973  54.482  35.871 0.0000000000
133449  -45.181  55.706  35.824 0.0000000000
111239  -44.948  56.969  31.405 0.0000000000
144760  -45.736  56.903  33.813 0.0000000000
110232  -45.939  55.843  36.062 0.0000000000
110241  -47.371  55.736  35.260 0.0000000000
109731  -48.664  55.091  34.143 0.0000000000
109761  -48.539  54.508  32.031 0.0000000000
109774  -48.583  54.393  30.156 0.0000000000
122364  -48.626  54.066  26.436 0.0000000000
95242  -41.348  31.347  38.311 0.0000000000
95933  -43.359  32.202  37.489 0.0000000000
97891  -47.246  35.438  37.509 0.0000000000
135938  -45.358  34.116  36.880 0.0000000000
142426  -44.647  31.621  36.836 0.0000000000
120867  -46.425  31.378  36.106 0.0000000000
121546  -47.101  30.587  35.276 0.0000000000
140943  -47.991  30.596  34.210 0.0000000000
101736  -52.602  41.600  36.964 0.0000000000
140221  -44.121  45.326  36.500 0.0000000000
103063  -44.525  43.251  35.751 0.0000000000
101190  -44.702  40.560  35.713 0.0000000000
101222  -46.505  40.572  32.113 0.0000000000
100597  -46.429  39.463  33.635 0.0000000000
100568  -46.739  39.193  35.540 0.0000000000
100570  -48.839  39.374  35.476 0.0000000000
101193  -51.502  40.915  35.301 0.0000000000
100573  -52.202  39.787  35.872 0.0000000000
137485  -51.774  36.379  35.145 0.0000000000
97272  -53.570  34.657  35.069 0.0000000000
97274  -54.648  33.589  34.450 0.0000000000
97956  -53.287  35.128  30.477 0.0000000000
96653  -54.595  33.210  32.016 0.0000000000
95981  -53.748  32.182  33.321 0.0000000000
95290  -52.103  31.585  32.753 0.0000000000
95288  -50.211  31.587  33.059 0.0000000000
95280  -47.341  31.190  33.546 0.0000000000
146296  -47.576  32.711  33.178 0.0000000000
97278  -46.614  34.184  33.723 0.0000000000
97929  -45.819  35.707  33.945 0.0000000000
125389  -48.140  36.686  29.559 0.0000000000
98585  -46.971  36.725  31.358 0.0000000000
98564  -44.580  36.721  33.899 0.0000000000
98562  -42.772  36.939  33.774 0.0000000000
98560  -41.027  36.190  33.478 0.0000000000
127264  -44.913  37.396  23.751 0.0000000000
138870  -43.763  36.216  24.003 0.0000000000
99346  -42.776  36.821  26.426 0.0000000000
99345  -40.161  37.035  25.381 0.0000000000
98628  -40.825  36.119  26.202 0.0000000000
99317  -42.019  37.424  27.973 0.0000000000
99284  -40.970  37.330  29.781 0.0000000000
141475  -39.039  36.181  31.563 0.0000000000
93923  -43.839  29.281  35.487 0.0000000000
93304  -42.651  28.269  35.602 0.0000000000
93933  -44.379  29.696  34.931 0.0000000000
94563  -44.861  30.120  34.656 0.0000000000
108685  -46.850  52.671  34.806 0.0000000000
108135  -46.346  51.745  34.767 0.0000000000
97881  -50.632  35.881  38.429 0.0000000000
99216  -50.525  37.465  37.757 0.0000000000
140138  -41.203  49.800  36.514 0.0000000000
135599  -40.802  49.118  36.639 0.0000000000
106888  -41.660  49.226  36.513 0.0000000000
101282  -49.635  39.580  24.571 0.0000000000
141341  -50.195  39.608  25.005 0.0000000000
100670  -49.800  39.089  24.153 0.0000000000
100034  -50.354  38.021  23.865 0.0000000000
99376  -48.947  38.063  23.229 0.0000000000
143775  -48.093  37.656  23.412 0.0000000000
140116  -47.998  37.949  23.381 0.0000000000
108660  -45.937  52.688  37.006 0.0000000000
108122  -46.382  51.017  36.842 0.0000000000
108661  -46.734  51.966  37.254 0.0000000000
105150  -49.742  46.474  31.254 0.0000000000
105151  -50.355  46.350  31.422 0.0000000000
104497  -50.322  45.729  30.409 0.0000000000
104502  -49.803  45.355  29.719 0.0000000000
103864  -49.229  44.760  29.302 0.0000000000
103151  -47.822  43.825  29.107 0.0000000000
103863  -48.178  44.457  29.527 0.0000000000
90250  -47.809  24.377  45.135 0.0000000000
92565  -41.495  27.536  38.673 0.0000000000
91065  -42.316  25.407  39.542 0.0000000000
131188  -41.827  27.687  38.090 0.0000000000
92571  -42.121  27.525  37.554 0.0000000000
93286  -42.187  28.222  37.732 0.0000000000
111231  -36.965  57.758  32.062 0.0000000000
138145  -35.642  56.500  32.946 0.0000000000
134210  -37.139  56.905  32.063 0.0000000000
109747  -36.771  55.212  32.809 0.0000000000
111235  -37.806  57.660  31.730 0.0000000000
112265  -43.328  60.208  27.893 0.0000000000
111774  -42.303  59.162  28.497 0.0000000000
111767  -42.336  58.307  28.691 0.0000000000
111249  -41.374  57.217  30.196 0.0000000000
111250  -42.193  56.884  29.819 0.0000000000
110734  -42.599  56.518  30.493 0.0000000000
110743  -43.063  56.823  29.691 0.0000000000
111291  -47.567  57.678  28.239 0.0000000000
111274  -47.458  57.329  29.312 0.0000000000
110744  -48.053  56.883  29.009 0.0000000000
110737  -47.990  56.660  30.091 0.0000000000
110745  -48.549  55.924  29.790 0.0000000000
110757  -48.330  56.107  28.675 0.0000000000
95891  -48.612  32.295  40.985 0.0000000000
96545  -47.446  33.448  40.672 0.0000000000
97183  -45.153  34.669  40.611 0.0000000000
97185  -46.845  34.709  40.261 0.0000000000
97860  -44.641  35.574  39.286 0.0000000000
96604  -53.238  32.657  36.132 0.0000000000
96603  -51.918  33.465  36.370 0.0000000000
96616  -52.118  33.430  35.393 0.0000000000
126766  -51.413  33.765  34.992 0.0000000000
143852  -53.766  32.475  34.437 0.0000000000
101155  -43.400  40.471  37.564 0.0000000000
139082  -44.624  39.702  37.628 0.0000000000
100528  -45.792  39.464  38.201 0.0000000000
100555  -45.569  39.409  36.785 0.0000000000
103801  -46.785  44.319  33.761 0.0000000000
103089  -46.405  43.553  33.528 0.0000000000
103101  -46.705  43.097  32.789 0.0000000000
99291  -51.149  37.448  30.410 0.0000000000
99275  -49.805  37.629  31.246 0.0000000000
99257  -51.155  37.792  31.248 0.0000000000
99965  -51.771  38.581  32.022 0.0000000000
99975  -52.150  38.205  31.469 0.0000000000
99258  -52.577  37.923  31.637 0.0000000000
99277  -52.436  37.631  31.148 0.0000000000
97326  -52.022  33.540  27.583 0.0000000000
126935  -52.599  33.407  28.462 0.0000000000
97318  -51.505  33.891  28.628 0.0000000000
96673  -51.452  33.525  30.186 0.0000000000
97317  -50.913  34.194  29.619 0.0000000000
97307  -49.812  34.647  30.532 0.0000000000
97316  -50.192  34.823  29.557 0.0000000000
136001  -44.233  37.783  28.032 0.0000000000
128387  -45.192  37.511  29.328 0.0000000000
99319  -44.261  37.731  29.063 0.0000000000
99287  -43.211  37.905  30.396 0.0000000000
127701  -42.662  37.766  28.729 0.0000000000
101268  -43.069  39.865  26.884 0.0000000000
100647  -42.622  39.371  26.146 0.0000000000
100646  -41.700  39.355  26.127 0.0000000000
97996  -37.098  35.820  27.703 0.0000000000
97997  -37.708  35.396  27.477 0.0000000000
97983  -37.477  35.307  28.204 0.0000000000
97973  -38.008  35.244  28.607 0.0000000000
97315  -37.260  35.038  29.267 0.0000000000
97314  -36.634  34.972  29.496 0.0000000000
89620  -43.550  23.407  36.639 0.0000000000
95269  -43.132  31.385  34.905 0.0000000000
95962  -44.386  32.686  34.951 0.0000000000
109196  -48.252  53.473  36.616 0.0000000000
108662  -48.745  52.220  37.096 0.0000000000
108675  -48.607  52.603  36.855 0.0000000000
106913  -47.878  49.599  34.985 0.0000000000
106927  -48.339  48.889  34.238 0.0000000000
106323  -49.167  48.058  32.835 0.0000000000
106322  -48.062  48.346  32.883 0.0000000000
124622  -47.459  47.252  32.329 0.0000000000
129282  -47.300  47.983  32.519 0.0000000000
139156  -46.484  48.107  32.519 0.0000000000
123710  -43.978  23.462  44.239 0.0000000000
133226  -41.348  26.825  39.708 0.0000000000
92558  -40.899  27.763  39.607 0.0000000000
112690  -38.564  60.916  32.723 0.0000000000
111320  -46.698  58.728  26.418 0.0000000000
110291  -46.604  56.255  26.279 0.0000000000
110781  -45.769  56.744  26.380 0.0000000000
97233  -53.858  34.288  37.945 0.0000000000
96582  -54.593  32.530  38.819 0.0000000000
97220  -54.593  33.362  38.322 0.0000000000
95937  -54.892  32.214  37.307 0.0000000000
97248  -54.686  33.917  36.550 0.0000000000
135270  -37.962  48.946  37.477 0.0000000000
103054  -42.599  43.339  36.955 0.0000000000
101804  -49.704  42.238  28.840 0.0000000000
101803  -48.631  41.263  29.223 0.0000000000
101244  -48.852  40.712  28.476 0.0000000000
100005  -49.850  38.523  26.665 0.0000000000
99997  -49.236  38.710  27.461 0.0000000000
99338  -49.846  37.732  27.623 0.0000000000
99323  -49.897  37.444  28.868 0.0000000000
99339  -50.772  37.220  27.220 0.0000000000
99325  -51.486  36.660  27.872 0.0000000000
99340  -51.548  36.788  26.773 0.0000000000
98029  -50.955  35.755  24.216 0.0000000000
98667  -52.034  35.749  24.995 0.0000000000
98020  -51.171  35.196  24.782 0.0000000000
97340  -51.422  34.128  26.138 0.0000000000
98019  -50.276  35.349  25.203 0.0000000000
98011  -50.151  35.323  26.053 0.0000000000
98650  -49.340  35.933  25.521 0.0000000000
122603  -46.858  36.482  24.529 0.0000000000
98665  -47.656  36.491  24.981 0.0000000000
98647  -45.978  36.524  25.368 0.0000000000
99349  -45.726  36.964  26.296 0.0000000000
98646  -45.011  36.483  25.283 0.0000000000
132179  -43.341  51.102  36.496 0.0000000000
128385  -43.417  49.347  36.426 0.0000000000
128446  -44.022  50.228  36.436 0.0000000000
106272  -47.228  48.806  36.779 0.0000000000
132528  -46.262  48.662  36.712 0.0000000000
105098  -46.847  47.507  36.420 0.0000000000
105106  -46.841  46.450  35.655 0.0000000000
104450  -47.410  46.120  35.087 0.0000000000
106893  -49.431  49.716  36.748 0.0000000000
106892  -48.861  49.521  37.190 0.0000000000
106283  -49.473  48.812  35.629 0.0000000000
104483  -50.509  45.926  32.155 0.0000000000
105129  -49.959  46.747  33.595 0.0000000000
104482  -49.845  45.604  32.609 0.0000000000
103840  -49.688  44.494  31.551 0.0000000000
103136  -49.489  43.414  30.548 0.0000000000
103137  -50.428  43.966  29.997 0.0000000000
102472  -49.790  43.021  27.123 0.0000000000
103179  -50.666  43.052  27.804 0.0000000000
102481  -49.996  42.282  26.670 0.0000000000
101834  -49.781  41.551  26.049 0.0000000000
101833  -48.922  41.778  26.345 0.0000000000
142800  -47.765  40.974  26.427 0.0000000000
101826  -48.026  41.729  26.863 0.0000000000
101825  -46.622  41.556  27.958 0.0000000000
101812  -45.661  41.131  28.215 0.0000000000
101253  -44.412  40.295  27.671 0.0000000000
104487  -46.639  45.462  31.582 0.0000000000
103850  -46.823  44.345  30.719 0.0000000000
103119  -46.003  44.031  31.104 0.0000000000
102423  -43.491  42.301  30.647 0.0000000000
102424  -44.423  42.480  30.573 0.0000000000
90277  -45.626  24.156  43.691 0.0000000000
120968  -46.176  24.287  43.377 0.0000000000
120987  -44.962  24.496  41.905 0.0000000000
90338  -43.529  24.538  39.379 0.0000000000
90326  -45.507  24.815  40.459 0.0000000000
90340  -45.334  24.721  39.842 0.0000000000
91052  -46.074  25.036  40.091 0.0000000000
90352  -44.652  24.196  38.795 0.0000000000
89596  -44.883  23.697  38.161 0.0000000000
89605  -42.943  24.076  37.860 0.0000000000
93292  -42.616  28.229  37.134 0.0000000000
91822  -42.368  26.412  36.695 0.0000000000
92577  -42.454  27.376  36.793 0.0000000000
93298  -42.799  28.215  36.467 0.0000000000
93916  -43.871  29.274  36.281 0.0000000000
108645  -33.753  52.687  38.820 0.0000000000
108099  -34.205  51.318  40.213 0.0000000000
108101  -33.860  51.350  39.211 0.0000000000
106863  -34.501  49.868  38.989 0.0000000000
108104  -33.748  51.352  38.287 0.0000000000
111215  -34.776  56.937  34.923 0.0000000000
110236  -34.284  55.644  34.904 0.0000000000
109199  -35.166  53.689  34.545 0.0000000000
109198  -34.288  54.173  35.092 0.0000000000
108666  -35.157  52.488  35.534 0.0000000000
108107  -34.851  50.971  37.054 0.0000000000
108125  -35.686  51.843  35.869 0.0000000000
107506  -37.000  50.560  36.991 0.0000000000
108126  -36.628  51.717  35.764 0.0000000000
109201  -37.944  53.258  34.129 0.0000000000
108669  -38.010  52.262  35.187 0.0000000000
108681  -38.374  52.748  34.553 0.0000000000
108129  -39.197  51.705  35.730 0.0000000000
137142  -39.153  52.848  34.350 0.0000000000
111237  -39.210  57.572  31.280 0.0000000000
111247  -39.766  58.003  30.775 0.0000000000
110257  -40.985  55.520  32.566 0.0000000000
109751  -40.371  54.817  32.923 0.0000000000
122803  -40.806  54.204  33.560 0.0000000000
109204  -40.713  53.448  34.190 0.0000000000
108684  -41.237  53.167  34.748 0.0000000000
109192  -41.963  53.300  35.132 0.0000000000
109216  -41.655  53.854  34.271 0.0000000000
110247  -43.428  55.842  33.393 0.0000000000
109727  -43.226  54.729  34.558 0.0000000000
110238  -44.012  55.468  34.737 0.0000000000
110231  -44.634  55.059  36.090 0.0000000000
143162  -44.534  55.475  35.459 0.0000000000
111271  -44.794  57.791  29.185 0.0000000000
111252  -45.096  57.325  30.313 0.0000000000
111241  -46.682  57.189  31.838 0.0000000000
111240  -45.700  57.146  32.172 0.0000000000
110704  -46.502  57.055  33.554 0.0000000000
110240  -45.669  56.108  35.176 0.0000000000
110696  -46.354  56.612  34.400 0.0000000000
110233  -46.747  55.710  36.045 0.0000000000
110697  -47.355  56.268  34.563 0.0000000000
110259  -49.028  55.435  33.068 0.0000000000
110249  -48.699  55.486  33.693 0.0000000000
109745  -48.874  54.915  33.487 0.0000000000
109744  -48.393  54.664  34.177 0.0000000000
123786  -48.311  54.491  32.852 0.0000000000
109236  -49.132  53.967  29.251 0.0000000000
109235  -48.879  53.876  29.440 0.0000000000
109242  -48.839  53.219  29.192 0.0000000000
133367  -49.355  53.352  29.054 0.0000000000
110293  -48.426  54.843  26.757 0.0000000000
95235  -40.088  31.987  38.898 0.0000000000
97226  -42.785  34.237  37.966 0.0000000000
95922  -41.807  32.954  38.122 0.0000000000
96586  -43.233  33.692  37.658 0.0000000000
95932  -42.503  32.369  37.796 0.0000000000
133516  -43.914  33.841  37.438 0.0000000000
96579  -50.941  33.160  38.551 0.0000000000
97880  -48.455  35.335  38.433 0.0000000000
140670  -48.801  35.166  37.802 0.0000000000
97243  -48.457  34.726  36.327 0.0000000000
97901  -47.798  35.165  36.912 0.0000000000
139617  -46.157  34.183  36.629 0.0000000000
96599  -45.313  32.821  36.794 0.0000000000
96600  -46.050  33.222  36.580 0.0000000000
95942  -45.248  31.797  36.666 0.0000000000
95943  -46.727  32.386  36.092 0.0000000000
95966  -49.956  31.931  34.001 0.0000000000
95952  -48.460  31.901  34.959 0.0000000000
95263  -48.485  30.962  34.656 0.0000000000
94555  -47.782  30.637  34.754 0.0000000000
95272  -48.991  30.854  34.217 0.0000000000
101158  -48.806  40.305  37.710 0.0000000000
140070  -51.514  42.145  37.387 0.0000000000
105688  -43.870  47.812  36.505 0.0000000000
105094  -43.766  46.811  36.548 0.0000000000
104439  -44.593  45.465  36.401 0.0000000000
102378  -45.187  42.736  34.614 0.0000000000
103064  -45.069  43.460  35.298 0.0000000000
102377  -44.668  42.586  35.258 0.0000000000
136318  -44.495  41.579  35.361 0.0000000000
101763  -44.984  40.920  34.903 0.0000000000
101228  -47.520  40.487  30.511 0.0000000000
101783  -46.817  41.220  31.635 0.0000000000
127783  -47.429  39.687  30.869 0.0000000000
99952  -47.568  38.657  33.217 0.0000000000
99951  -46.831  39.114  33.219 0.0000000000
99939  -47.003  38.883  33.928 0.0000000000
100582  -46.515  39.293  34.496 0.0000000000
100583  -47.337  38.915  34.816 0.0000000000
100569  -47.848  39.096  35.598 0.0000000000
100584  -49.173  39.168  34.759 0.0000000000
100587  -52.087  40.217  34.102 0.0000000000
100572  -50.924  40.389  34.747 0.0000000000
100588  -52.254  40.168  34.487 0.0000000000
128313  -52.338  40.558  35.490 0.0000000000
129857  -52.357  39.850  34.988 0.0000000000
99227  -51.577  37.530  35.186 0.0000000000
99943  -52.037  38.290  34.525 0.0000000000
97932  -52.613  35.782  33.188 0.0000000000
97921  -52.758  35.340  34.238 0.0000000000
97922  -53.241  34.807  33.670 0.0000000000
137016  -54.489  34.041  35.004 0.0000000000
97280  -54.222  34.082  33.570 0.0000000000
97988  -53.057  35.474  28.337 0.0000000000
140614  -52.684  36.308  29.938 0.0000000000
97978  -53.518  34.825  28.761 0.0000000000
130643  -54.301  32.835  29.719 0.0000000000
97309  -54.620  33.418  30.158 0.0000000000
96668  -54.824  32.667  31.147 0.0000000000
96654  -54.674  32.904  32.923 0.0000000000
145127  -54.299  32.143  31.965 0.0000000000
95284  -52.966  31.675  32.864 0.0000000000
95994  -53.120  31.667  32.246 0.0000000000
140986  -50.663  32.541  31.944 0.0000000000
95992  -51.188  31.878  32.528 0.0000000000
95991  -50.071  32.125  32.531 0.0000000000
124636  -48.142  30.982  33.323 0.0000000000
95990  -48.589  31.522  32.980 0.0000000000
95978  -47.819  31.783  33.142 0.0000000000
95989  -48.233  32.564  32.845 0.0000000000
97288  -47.861  34.434  32.685 0.0000000000
97931  -47.398  35.091  32.982 0.0000000000
97930  -46.688  35.186  33.493 0.0000000000
97941  -47.050  35.929  32.850 0.0000000000
143036  -48.748  36.478  28.119 0.0000000000
98606  -48.459  36.644  28.853 0.0000000000
98605  -47.687  37.224  29.017 0.0000000000
99289  -45.756  37.520  30.923 0.0000000000
137622  -46.518  37.186  30.905 0.0000000000
99273  -46.097  37.171  31.702 0.0000000000
139899  -45.614  36.885  32.951 0.0000000000
99254  -45.260  37.268  32.434 0.0000000000
98563  -43.673  36.898  33.935 0.0000000000
99239  -43.398  37.382  33.182 0.0000000000
99269  -42.356  37.836  31.825 0.0000000000
121106  -41.912  37.603  32.482 0.0000000000
99250  -41.333  37.295  32.687 0.0000000000
97940  -40.444  36.032  33.182 0.0000000000
98572  -40.161  36.547  32.589 0.0000000000
123512  -46.070  38.937  24.965 0.0000000000
100023  -45.491  38.260  24.178 0.0000000000
100029  -42.598  37.088  24.229 0.0000000000
100030  -43.244  37.164  23.974 0.0000000000
98675  -42.798  36.393  24.407 0.0000000000
98644  -42.985  36.392  25.213 0.0000000000
98661  -42.276  36.399  24.757 0.0000000000
100003  -39.883  38.209  26.464 0.0000000000
100010  -39.734  37.522  25.857 0.0000000000
98626  -39.778  35.739  27.253 0.0000000000
98641  -40.174  35.940  25.879 0.0000000000
98627  -40.154  35.834  26.570 0.0000000000
99332  -41.473  36.832  27.187 0.0000000000
99316  -40.626  36.380  27.462 0.0000000000
99301  -40.799  36.903  28.700 0.0000000000
98604  -40.165  36.764  29.376 0.0000000000
98583  -38.519  35.832  30.615 0.0000000000
98593  -39.420  36.617  30.873 0.0000000000
136577  -38.566  35.473  31.756 0.0000000000
97938  -38.873  35.088  32.401 0.0000000000
91112  -42.539  25.429  35.858 0.0000000000
124170  -42.563  25.287  35.034 0.0000000000
92587  -42.073  27.366  34.131 0.0000000000
108686  -47.808  53.144  35.347 0.0000000000
108674  -48.334  52.909  36.142 0.0000000000
108130  -47.515  52.061  35.452 0.0000000000
107519  -46.969  51.210  35.208 0.0000000000
106912  -46.812  50.037  34.285 0.0000000000
146306  -46.925  49.208  33.089 0.0000000000
106925  -46.492  49.742  33.294 0.0000000000
97894  -51.387  35.462  37.576 0.0000000000
97902  -51.643  35.637  36.575 0.0000000000
133625  -39.926  49.456  36.862 0.0000000000
106267  -40.014  48.469  36.802 0.0000000000
104436  -42.204  46.149  36.650 0.0000000000
101259  -50.218  41.627  26.664 0.0000000000
101258  -50.052  40.848  26.992 0.0000000000
101272  -50.216  40.563  26.123 0.0000000000
100665  -50.408  38.979  25.010 0.0000000000
134258  -50.577  38.153  25.307 0.0000000000
99358  -50.904  37.387  25.219 0.0000000000
130015  -50.818  37.247  24.398 0.0000000000
135137  -50.601  37.035  23.831 0.0000000000
98682  -50.218  36.107  24.021 0.0000000000
98666  -48.647  36.298  24.671 0.0000000000
98681  -48.552  36.717  23.955 0.0000000000
132422  -47.714  37.135  23.630 0.0000000000
138047  -45.906  36.702  23.615 0.0000000000
108121  -44.901  52.132  36.528 0.0000000000
107512  -45.198  50.847  36.513 0.0000000000
106890  -46.893  49.534  36.907 0.0000000000
122557  -49.938  47.860  34.035 0.0000000000
106292  -49.555  48.305  34.839 0.0000000000
105719  -50.096  47.346  33.227 0.0000000000
104484  -50.610  46.095  31.709 0.0000000000
103842  -50.912  45.468  30.829 0.0000000000
103138  -50.702  44.648  29.896 0.0000000000
104503  -50.631  45.250  29.956 0.0000000000
103170  -49.887  43.966  28.198 0.0000000000
102455  -48.400  42.904  27.735 0.0000000000
101813  -47.638  42.059  27.478 0.0000000000
103169  -48.618  43.561  28.378 0.0000000000
102439  -47.519  43.113  28.676 0.0000000000
123599  -46.579  42.534  29.223 0.0000000000
103118  -45.168  43.756  31.418 0.0000000000
90278  -48.052  24.545  43.497 0.0000000000
90323  -42.967  24.795  40.795 0.0000000000
90313  -44.400  24.607  41.216 0.0000000000
90337  -43.106  24.860  39.998 0.0000000000
123827  -42.755  24.765  39.094 0.0000000000
90350  -42.608  24.608  38.285 0.0000000000
122792  -42.013  25.920  38.096 0.0000000000
93911  -43.494  29.581  36.837 0.0000000000
109177  -33.862  53.826  37.891 0.0000000000
111227  -35.422  57.685  33.522 0.0000000000
110700  -34.625  56.578  33.830 0.0000000000
110251  -35.045  55.996  33.392 0.0000000000
110244  -35.544  55.263  33.335 0.0000000000
109210  -35.673  54.096  33.889 0.0000000000
108679  -36.598  52.769  34.694 0.0000000000
109211  -36.608  53.878  33.672 0.0000000000
109736  -37.164  54.430  33.196 0.0000000000
109737  -38.089  54.271  33.166 0.0000000000
112251  -41.692  59.396  29.264 0.0000000000
111248  -40.569  57.573  30.534 0.0000000000
110732  -40.949  56.870  30.942 0.0000000000
110724  -41.419  56.450  31.473 0.0000000000
141184  -41.795  55.876  32.472 0.0000000000
109740  -41.890  54.719  33.600 0.0000000000
110258  -42.750  55.996  32.704 0.0000000000
110714  -43.507  56.401  32.201 0.0000000000
111289  -46.380  58.405  28.620 0.0000000000
111272  -45.788  57.870  29.476 0.0000000000
111273  -46.638  57.549  29.630 0.0000000000
111254  -46.613  57.227  30.790 0.0000000000
110717  -47.270  57.090  32.502 0.0000000000
110706  -48.157  56.580  33.289 0.0000000000
110728  -48.163  56.688  31.673 0.0000000000
110729  -48.871  56.098  32.001 0.0000000000
110264  -49.192  55.187  31.458 0.0000000000
109762  -49.019  54.738  31.774 0.0000000000
110267  -49.088  55.106  30.504 0.0000000000
129727  -48.775  54.990  29.365 0.0000000000
131973  -48.920  54.487  28.536 0.0000000000
95884  -49.053  31.661  41.607 0.0000000000
95889  -46.848  32.751  41.069 0.0000000000
96536  -46.165  33.095  41.169 0.0000000000
97176  -44.366  34.433  40.864 0.0000000000
97212  -41.492  34.429  38.912 0.0000000000
97858  -42.952  35.333  38.834 0.0000000000
97876  -44.378  35.523  38.374 0.0000000000
120443  -45.043  35.448  37.772 0.0000000000
96590  -52.287  32.802  37.532 0.0000000000
97231  -50.381  34.276  37.194 0.0000000000
96602  -51.213  33.719  37.006 0.0000000000
97245  -50.677  34.226  36.299 0.0000000000
97257  -49.124  34.363  35.590 0.0000000000
140097  -48.058  32.957  35.396 0.0000000000
96614  -49.675  33.864  34.904 0.0000000000
96627  -50.234  33.211  34.331 0.0000000000
125574  -50.739  32.619  33.868 0.0000000000
101139  -45.438  39.843  38.910 0.0000000000
100529  -46.761  39.510  38.129 0.0000000000
100544  -48.148  39.561  37.118 0.0000000000
104448  -45.686  45.267  35.648 0.0000000000
103788  -45.947  44.318  34.798 0.0000000000
103088  -45.769  43.209  34.033 0.0000000000
102402  -45.803  41.956  33.229 0.0000000000
99983  -48.500  38.486  30.109 0.0000000000
99973  -47.636  38.948  31.243 0.0000000000
99274  -48.830  37.959  31.077 0.0000000000
99255  -49.232  37.889  31.945 0.0000000000
133334  -49.351  38.427  33.394 0.0000000000
99942  -49.400  38.813  34.066 0.0000000000
99954  -50.499  39.121  33.452 0.0000000000
100598  -51.636  39.574  33.147 0.0000000000
99956  -52.431  39.076  33.092 0.0000000000
99232  -52.318  38.321  33.699 0.0000000000
99242  -52.501  38.178  32.742 0.0000000000
98567  -52.549  37.070  32.556 0.0000000000
97943  -52.627  35.907  32.205 0.0000000000
96690  -53.332  33.668  26.981 0.0000000000
97327  -53.855  33.878  28.303 0.0000000000
96686  -53.314  33.340  28.189 0.0000000000
96675  -53.427  33.098  29.260 0.0000000000
96019  -53.804  32.490  30.402 0.0000000000
96008  -52.571  32.431  31.096 0.0000000000
96666  -51.722  32.988  30.885 0.0000000000
96665  -50.794  33.323  31.200 0.0000000000
97300  -49.910  33.967  31.254 0.0000000000
96664  -49.172  33.723  31.906 0.0000000000
97299  -49.216  34.595  31.338 0.0000000000
97954  -49.192  35.148  30.794 0.0000000000
97953  -48.669  35.330  31.336 0.0000000000
121517  -46.780  37.504  28.886 0.0000000000
127478  -45.893  37.473  28.945 0.0000000000
99306  -45.555  37.565  30.108 0.0000000000
99288  -44.885  37.700  30.831 0.0000000000
99271  -44.242  37.746  31.543 0.0000000000
120979  -44.004  37.783  30.714 0.0000000000
99286  -42.320  37.952  30.925 0.0000000000
142894  -41.695  37.871  30.876 0.0000000000
100649  -44.507  39.477  26.179 0.0000000000
100659  -44.066  38.838  25.251 0.0000000000
100658  -43.132  38.697  25.366 0.0000000000
100020  -42.741  37.880  24.597 0.0000000000
100019  -41.854  37.501  24.689 0.0000000000
99330  -38.136  36.940  26.795 0.0000000000
98639  -38.757  36.455  26.269 0.0000000000
98625  -38.050  36.029  26.608 0.0000000000
97999  -39.024  35.404  27.028 0.0000000000
98615  -39.249  35.524  27.875 0.0000000000
98603  -39.275  36.154  28.980 0.0000000000
98602  -38.658  35.358  28.249 0.0000000000
98592  -38.470  35.670  29.275 0.0000000000
97951  -37.803  35.058  31.003 0.0000000000
97950  -37.276  34.477  31.125 0.0000000000
97963  -37.279  34.685  30.204 0.0000000000
97306  -36.655  34.444  30.397 0.0000000000
90363  -45.799  23.862  37.995 0.0000000000
109179  -47.025  53.732  37.294 0.0000000000
131580  -47.635  52.146  37.488 0.0000000000
108652  -48.404  52.287  37.339 0.0000000000
107515  -49.241  51.089  37.052 0.0000000000
107522  -49.438  50.086  36.436 0.0000000000
125781  -48.811  51.288  36.409 0.0000000000
144748  -48.965  49.732  35.503 0.0000000000
106291  -49.497  48.412  34.407 0.0000000000
106303  -49.786  47.966  33.477 0.0000000000
105739  -49.303  47.472  32.252 0.0000000000
104489  -48.712  46.140  31.137 0.0000000000
104495  -48.090  45.369  30.700 0.0000000000
105149  -47.766  46.566  31.843 0.0000000000
105148  -46.934  46.049  31.840 0.0000000000
104481  -46.207  45.966  32.090 0.0000000000
105737  -46.536  47.364  32.438 0.0000000000
90249  -46.952  24.025  45.198 0.0000000000
89528  -46.245  23.618  45.180 0.0000000000
90260  -45.177  23.898  44.093 0.0000000000
146025  -43.917  24.279  42.520 0.0000000000
89557  -43.456  23.711  43.603 0.0000000000
90292  -43.399  24.411  42.086 0.0000000000
90312  -43.569  24.573  41.348 0.0000000000
91773  -41.766  26.160  39.804 0.0000000000
111730  -36.186  58.791  33.714 0.0000000000
112210  -36.728  59.254  33.104 0.0000000000
112215  -37.448  59.754  32.635 0.0000000000
112226  -37.720  59.329  31.929 0.0000000000
111286  -43.204  58.322  28.427 0.0000000000
112286  -46.509  59.915  26.463 0.0000000000
111811  -47.148  58.825  26.772 0.0000000000
111299  -47.477  57.890  27.271 0.0000000000
110767  -47.680  56.933  27.022 0.0000000000
110768  -48.209  56.149  27.579 0.0000000000
110782  -47.284  56.681  26.488 0.0000000000
110292  -47.352  55.819  26.325 0.0000000000
95925  -54.089  31.852  38.958 0.0000000000
95935  -53.245  31.994  38.353 0.0000000000
143564  -53.303  32.134  37.827 0.0000000000
95944  -54.394  32.085  36.904 0.0000000000
95946  -55.236  32.149  36.432 0.0000000000
101748  -42.930  41.682  36.833 0.0000000000
101174  -43.557  40.875  36.707 0.0000000000
103120  -48.046  43.115  31.716 0.0000000000
102414  -47.574  42.132  31.471 0.0000000000
102427  -48.237  42.065  30.641 0.0000000000
101233  -47.929  40.608  29.816 0.0000000000
100624  -48.188  39.413  29.563 0.0000000000
100639  -49.052  39.567  27.543 0.0000000000
138131  -48.656  38.976  28.100 0.0000000000
99990  -48.562  38.821  28.979 0.0000000000
99991  -49.203  37.956  29.467 0.0000000000
99309  -50.067  37.446  29.875 0.0000000000
99292  -51.910  37.321  30.266 0.0000000000
99293  -52.273  37.218  30.519 0.0000000000
98619  -52.195  36.452  28.513 0.0000000000
98620  -52.651  35.923  27.876 0.0000000000
98003  -53.312  35.195  27.229 0.0000000000
143953  -52.056  36.259  25.565 0.0000000000
137896  -52.608  35.708  25.827 0.0000000000
98013  -53.205  34.968  26.257 0.0000000000
96689  -52.805  33.778  26.457 0.0000000000
97331  -51.262  34.020  26.997 0.0000000000
97987  -50.556  34.788  27.524 0.0000000000
97986  -49.909  35.513  28.083 0.0000000000
98001  -50.050  35.421  27.066 0.0000000000
98632  -49.411  36.014  26.648 0.0000000000
98631  -48.662  36.523  27.317 0.0000000000
124285  -48.413  36.397  25.454 0.0000000000
98648  -47.677  36.641  25.908 0.0000000000
98630  -47.758  37.010  27.043 0.0000000000
99337  -46.214  37.359  27.019 0.0000000000
99336  -45.469  37.433  27.187 0.0000000000
99335  -44.558  37.440  27.222 0.0000000000
100636  -41.224  40.005  26.813 0.0000000000
100635  -40.665  39.667  26.947 0.0000000000
100634  -40.199  38.996  27.363 0.0000000000
122554  -39.506  38.268  27.195 0.0000000000
99995  -38.659  37.818  27.598 0.0000000000
99315  -37.580  37.201  27.583 0.0000000000
98614  -37.030  36.618  27.693 0.0000000000
98613  -36.729  36.210  28.027 0.0000000000
134708  -41.611  51.140  36.489 0.0000000000
128386  -42.507  49.291  36.439 0.0000000000
128447  -42.926  50.190  36.382 0.0000000000
106271  -43.954  48.663  36.474 0.0000000000
132764  -44.678  47.333  36.529 0.0000000000
126755  -45.043  49.597  36.599 0.0000000000
105689  -45.571  47.871  36.630 0.0000000000
105096  -45.596  46.548  36.308 0.0000000000
104449  -46.464  45.692  35.338 0.0000000000
104455  -46.873  45.386  34.708 0.0000000000
103802  -47.597  44.728  33.326 0.0000000000
106875  -48.503  50.046  37.453 0.0000000000
106273  -48.249  48.874  36.862 0.0000000000
105692  -48.578  48.347  36.402 0.0000000000
105712  -49.761  47.805  34.507 0.0000000000
105108  -49.210  47.445  35.089 0.0000000000
105116  -48.545  46.599  34.794 0.0000000000
104467  -48.191  45.526  33.644 0.0000000000
103803  -48.581  45.216  32.893 0.0000000000
103103  -48.513  43.986  31.937 0.0000000000
103121  -49.021  43.670  31.263 0.0000000000
102429  -49.775  43.102  29.850 0.0000000000
101815  -50.337  42.405  27.902 0.0000000000
102441  -50.518  43.454  28.354 0.0000000000
102458  -50.719  43.011  27.872 0.0000000000
101827  -50.428  42.044  27.203 0.0000000000
101835  -50.142  41.680  26.469 0.0000000000
101841  -49.652  41.000  25.576 0.0000000000
100663  -49.096  39.748  24.571 0.0000000000
100668  -47.619  39.104  24.298 0.0000000000
100662  -48.192  39.714  24.768 0.0000000000
139802  -46.166  39.988  26.492 0.0000000000
101256  -47.131  41.262  27.234 0.0000000000
101269  -45.768  40.231  27.027 0.0000000000
132817  -45.425  39.679  26.350 0.0000000000
100638  -44.909  39.929  27.041 0.0000000000
101252  -43.516  40.308  27.527 0.0000000000
135121  -42.734  40.374  27.376 0.0000000000
103851  -47.667  44.695  30.314 0.0000000000
137642  -45.708  42.301  29.485 0.0000000000
103133  -45.624  43.274  30.781 0.0000000000
123496  -45.252  42.647  30.433 0.0000000000
129158  -45.208  41.950  29.201 0.0000000000
124766  -47.010  24.324  44.650 0.0000000000
121437  -47.033  24.410  43.652 0.0000000000
90296  -47.495  24.570  42.505 0.0000000000
90314  -45.257  24.719  41.113 0.0000000000
120872  -46.744  24.718  41.736 0.0000000000
90315  -47.476  24.833  41.595 0.0000000000
91066  -46.772  25.214  39.690 0.0000000000
91077  -46.921  25.060  38.940 0.0000000000
89606  -44.243  23.422  37.456 0.0000000000
90375  -42.583  24.712  36.544 0.0000000000
90362  -42.593  24.513  37.504 0.0000000000
91831  -42.481  26.103  36.109 0.0000000000
92582  -42.472  26.796  36.071 0.0000000000
93299  -43.268  28.764  36.050 0.0000000000
123070  -44.763  29.524  35.305 0.0000000000
109176  -33.559  53.378  37.283 0.0000000000
109724  -34.336  55.049  34.570 0.0000000000
133670  -33.763  54.188  35.852 0.0000000000
142839  -33.609  51.965  37.555 0.0000000000
108106  -33.994  51.427  37.330 0.0000000000
107491  -35.321  50.346  37.571 0.0000000000
106872  -36.410  49.326  37.943 0.0000000000
145746  -37.048  49.720  37.560 0.0000000000
107493  -37.450  50.205  37.308 0.0000000000
107494  -38.356  50.209  37.224 0.0000000000
108668  -37.092  52.256  35.230 0.0000000000
108114  -38.101  51.227  36.368 0.0000000000
107508  -38.635  50.793  36.785 0.0000000000
107509  -39.430  50.840  36.659 0.0000000000
108116  -39.832  51.439  36.155 0.0000000000
141645  -40.595  51.441  36.261 0.0000000000
111739  -38.138  58.585  31.584 0.0000000000
110721  -38.582  57.166  31.583 0.0000000000
110710  -38.645  56.306  31.963 0.0000000000
109749  -38.609  54.852  32.759 0.0000000000
129326  -39.997  56.503  31.694 0.0000000000
109750  -39.474  54.789  32.785 0.0000000000
109214  -39.270  53.488  33.712 0.0000000000
109203  -39.919  53.121  34.235 0.0000000000
124737  -40.392  52.376  35.315 0.0000000000
138102  -41.278  51.826  36.264 0.0000000000
134433  -41.884  52.334  36.209 0.0000000000
108657  -42.584  52.434  36.356 0.0000000000
108658  -43.391  52.620  36.429 0.0000000000
109726  -42.410  54.423  34.182 0.0000000000
109728  -43.389  54.184  35.302 0.0000000000
109185  -43.903  53.441  36.429 0.0000000000
109186  -44.719  53.903  36.695 0.0000000000
109715  -45.064  54.696  36.655 0.0000000000
109187  -45.484  54.301  36.960 0.0000000000
111270  -43.686  57.535  28.978 0.0000000000
110726  -44.007  56.595  31.427 0.0000000000
110715  -44.667  56.766  32.455 0.0000000000
110703  -44.907  56.680  33.506 0.0000000000
110695  -45.263  56.462  34.356 0.0000000000
110224  -45.457  55.349  36.472 0.0000000000
109716  -46.268  54.656  37.127 0.0000000000
109717  -46.940  54.918  36.938 0.0000000000
109718  -47.611  54.769  36.504 0.0000000000
109722  -48.000  54.817  35.759 0.0000000000
110698  -48.169  56.170  33.905 0.0000000000
110242  -48.179  55.530  34.520 0.0000000000
109207  -48.117  54.100  35.414 0.0000000000
139619  -47.989  54.158  34.643 0.0000000000
109767  -48.635  54.485  31.133 0.0000000000
110279  -48.503  55.154  27.522 0.0000000000
109782  -49.103  54.141  27.649 0.0000000000
93898  -40.317  29.247  39.611 0.0000000000
95921  -41.112  32.953  38.479 0.0000000000
133768  -40.618  31.431  38.661 0.0000000000
93276  -40.657  28.414  39.610 0.0000000000
93904  -41.307  29.744  38.541 0.0000000000
94534  -41.775  30.433  38.086 0.0000000000
94535  -42.022  29.451  37.965 0.0000000000
97862  -48.037  35.430  39.139 0.0000000000
97878  -46.695  35.654  38.166 0.0000000000
141782  -45.648  35.318  37.401 0.0000000000
97892  -48.651  35.065  37.072 0.0000000000
97900  -46.903  35.098  36.879 0.0000000000
97228  -44.461  34.430  37.375 0.0000000000
96588  -44.590  33.429  37.164 0.0000000000
95934  -44.071  31.929  37.160 0.0000000000
121250  -43.364  30.814  37.266 0.0000000000
95250  -44.232  31.042  36.892 0.0000000000
94541  -44.012  30.202  36.822 0.0000000000
126259  -45.411  30.374  36.276 0.0000000000
95951  -47.568  32.075  35.526 0.0000000000
95261  -47.024  31.238  35.676 0.0000000000
94548  -45.847  30.273  35.882 0.0000000000
93925  -45.679  30.027  35.557 0.0000000000
122176  -47.056  30.355  34.929 0.0000000000
94565  -46.491  30.353  34.786 0.0000000000
102345  -52.013  42.662  38.487 0.0000000000
135180  -52.541  41.975  37.570 0.0000000000
100546  -52.397  40.523  37.436 0.0000000000
105686  -42.395  47.663  36.570 0.0000000000
104438  -43.502  45.157  36.572 0.0000000000
103771  -44.957  44.783  36.055 0.0000000000
103770  -44.300  43.982  36.223 0.0000000000
103055  -43.419  43.633  36.575 0.0000000000
103056  -43.901  42.980  36.190 0.0000000000
101749  -44.133  41.212  36.005 0.0000000000
101176  -45.079  39.804  36.216 0.0000000000
102413  -46.817  41.839  32.044 0.0000000000
101779  -46.370  41.273  32.324 0.0000000000
101217  -45.824  40.744  33.286 0.0000000000
100612  -47.175  39.454  31.698 0.0000000000
127070  -46.498  39.656  32.873 0.0000000000
101212  -45.653  40.452  33.865 0.0000000000
101204  -45.493  40.222  34.596 0.0000000000
101191  -45.296  40.014  35.386 0.0000000000
100567  -45.820  39.480  35.920 0.0000000000
100556  -46.440  39.210  36.567 0.0000000000
100558  -48.480  39.507  36.227 0.0000000000
100559  -49.455  40.030  35.939 0.0000000000
100585  -50.225  39.602  34.338 0.0000000000
101192  -50.490  40.565  35.572 0.0000000000
101179  -51.244  41.288  36.028 0.0000000000
101750  -51.971  41.392  35.810 0.0000000000
100561  -52.481  40.558  36.450 0.0000000000
100560  -51.965  39.810  36.945 0.0000000000
99223  -51.087  37.831  36.077 0.0000000000
98537  -51.224  36.548  36.017 0.0000000000
97908  -51.813  35.751  35.814 0.0000000000
98542  -52.016  37.312  34.425 0.0000000000
97909  -52.502  35.435  35.254 0.0000000000
97259  -53.603  34.727  35.975 0.0000000000
97260  -54.614  34.009  35.698 0.0000000000
97261  -54.953  33.306  35.442 0.0000000000
96631  -54.869  32.759  35.066 0.0000000000
98598  -52.464  36.760  30.461 0.0000000000
97967  -52.669  36.201  30.438 0.0000000000
137067  -53.385  34.721  31.092 0.0000000000
97319  -54.126  33.904  29.343 0.0000000000
97301  -54.117  34.097  30.673 0.0000000000
97289  -54.111  33.945  32.545 0.0000000000
96639  -54.635  33.479  33.178 0.0000000000
96640  -54.739  33.094  33.975 0.0000000000
95970  -54.328  32.461  34.410 0.0000000000
95969  -53.794  32.391  33.984 0.0000000000
95979  -52.035  31.912  33.386 0.0000000000
129005  -51.443  31.694  33.113 0.0000000000
95993  -52.367  31.786  31.989 0.0000000000
95289  -51.071  31.664  33.022 0.0000000000
121855  -50.341  31.647  33.321 0.0000000000
94575  -48.403  30.699  33.752 0.0000000000
94574  -47.728  30.689  33.853 0.0000000000
94573  -46.958  30.685  34.106 0.0000000000
95279  -46.416  31.457  33.902 0.0000000000
134443  -46.084  32.495  33.973 0.0000000000
96650  -47.751  33.496  32.971 0.0000000000
96638  -47.089  33.391  33.388 0.0000000000
96637  -46.411  33.299  33.831 0.0000000000
97271  -45.992  34.081  34.235 0.0000000000
97270  -45.497  34.609  34.463 0.0000000000
97975  -49.698  35.534  29.105 0.0000000000
97974  -48.815  36.069  29.582 0.0000000000
98586  -48.045  36.066  31.164 0.0000000000
98596  -47.573  36.954  29.917 0.0000000000
131989  -47.437  36.662  30.728 0.0000000000
98576  -47.525  36.147  31.930 0.0000000000
121100  -46.249  36.504  32.933 0.0000000000
98565  -45.514  36.474  33.578 0.0000000000
97918  -44.447  35.576  34.665 0.0000000000
98552  -44.080  36.314  34.422 0.0000000000
98551  -43.133  36.375  34.375 0.0000000000
99251  -42.808  37.651  32.446 0.0000000000
136352  -42.094  36.931  33.591 0.0000000000
100038  -46.978  37.687  23.585 0.0000000000
99374  -45.893  37.511  23.647 0.0000000000
99369  -45.297  36.798  23.566 0.0000000000
100031  -44.072  37.281  23.848 0.0000000000
99368  -44.494  36.777  23.661 0.0000000000
98662  -44.648  36.218  24.158 0.0000000000
98645  -43.939  36.331  24.788 0.0000000000
99347  -43.892  36.724  26.138 0.0000000000
99334  -43.651  37.413  27.338 0.0000000000
100645  -40.988  39.107  26.267 0.0000000000
99344  -39.489  36.742  25.795 0.0000000000
98658  -40.079  36.306  25.510 0.0000000000
98642  -41.338  36.331  25.391 0.0000000000
98629  -41.770  36.586  26.259 0.0000000000
144977  -42.145  37.177  27.102 0.0000000000
99333  -42.805  37.442  27.683 0.0000000000
99302  -41.748  37.428  29.085 0.0000000000
122374  -41.734  37.758  30.213 0.0000000000
99285  -41.155  37.648  30.757 0.0000000000
133830  -39.630  36.640  29.948 0.0000000000
98594  -40.275  37.151  30.541 0.0000000000
99266  -40.019  37.084  31.433 0.0000000000
89529  -47.575  23.811  45.512 0.0000000000
89530  -48.288  23.920  45.662 0.0000000000
89544  -45.640  23.740  44.705 0.0000000000
89595  -43.842  23.893  38.210 0.0000000000
89604  -42.838  23.916  37.043 0.0000000000
90261  -45.818  24.046  44.334 0.0000000000
90275  -43.330  24.119  42.806 0.0000000000
90276  -44.090  24.059  43.129 0.0000000000
90294  -45.504  24.301  42.754 0.0000000000
90324  -43.756  24.631  40.624 0.0000000000
90339  -44.464  24.483  39.521 0.0000000000
90341  -46.024  24.775  39.288 0.0000000000
90351  -43.184  24.354  38.614 0.0000000000
90354  -46.352  24.508  38.490 0.0000000000
91050  -41.764  25.872  40.630 0.0000000000
91797  -41.517  26.822  39.121 0.0000000000
91798  -41.838  26.056  38.929 0.0000000000
92549  -40.495  27.692  40.194 0.0000000000
92550  -41.031  27.179  39.959 0.0000000000
92559  -41.221  27.392  39.338 0.0000000000
92566  -41.749  26.882  38.253 0.0000000000
93285  -41.702  28.198  38.312 0.0000000000
93899  -40.958  29.060  39.085 0.0000000000
93905  -41.547  28.873  38.483 0.0000000000
93915  -43.112  28.911  36.685 0.0000000000
93917  -45.251  29.822  36.030 0.0000000000
93924  -45.258  29.723  35.469 0.0000000000
93926  -45.740  29.990  35.110 0.0000000000
94533  -40.921  30.653  38.595 0.0000000000
94540  -42.730  30.075  37.471 0.0000000000
94547  -44.780  30.293  36.514 0.0000000000
94549  -46.441  30.695  35.755 0.0000000000
94554  -46.333  30.282  35.313 0.0000000000
94564  -45.646  30.183  34.775 0.0000000000
94566  -47.361  30.570  34.486 0.0000000000
94567  -48.498  30.701  34.255 0.0000000000
94568  -49.029  30.755  33.818 0.0000000000
95212  -49.538  31.346  42.125 0.0000000000
95248  -43.031  31.622  37.539 0.0000000000
95249  -43.631  31.507  37.278 0.0000000000
95255  -45.056  30.986  36.613 0.0000000000
95256  -45.834  30.984  36.315 0.0000000000
95262  -47.802  31.044  35.213 0.0000000000
95274  -50.757  31.956  33.457 0.0000000000
95281  -48.824  30.958  33.342 0.0000000000
95282  -49.486  31.185  33.444 0.0000000000
95283  -52.324  31.628  33.060 0.0000000000
95287  -49.342  31.431  32.969 0.0000000000
95890  -47.676  32.494  41.022 0.0000000000
95920  -40.397  32.818  38.868 0.0000000000
95931  -41.654  32.168  38.183 0.0000000000
95936  -54.131  31.974  37.960 0.0000000000
95938  -55.300  32.165  36.740 0.0000000000
95945  -55.066  32.019  36.438 0.0000000000
95954  -54.872  32.293  35.607 0.0000000000
95965  -49.148  31.327  34.378 0.0000000000
95968  -52.908  32.652  34.027 0.0000000000
95971  -54.600  32.588  34.669 0.0000000000
95977  -46.941  32.313  33.488 0.0000000000
95980  -53.019  32.054  33.341 0.0000000000
95982  -54.377  32.613  33.712 0.0000000000
95995  -53.717  31.888  32.462 0.0000000000
95996  -54.233  32.360  32.699 0.0000000000
96006  -49.917  33.037  31.876 0.0000000000
96009  -53.482  32.026  31.454 0.0000000000
96010  -54.048  31.950  31.735 0.0000000000
96011  -54.575  32.352  31.347 0.0000000000
96021  -54.829  32.490  30.816 0.0000000000
96542  -45.011  33.935  41.149 0.0000000000
96544  -46.648  33.871  40.777 0.0000000000
96577  -41.565  33.698  38.457 0.0000000000
96578  -50.013  33.815  38.907 0.0000000000
96585  -42.391  33.493  37.938 0.0000000000
96587  -43.838  32.913  37.375 0.0000000000
96592  -54.886  32.562  37.964 0.0000000000
96593  -55.325  32.434  37.098 0.0000000000
96598  -44.630  32.397  37.005 0.0000000000
96601  -46.734  33.680  36.330 0.0000000000
96605  -54.415  32.200  36.131 0.0000000000
96606  -55.415  32.435  36.627 0.0000000000
96612  -47.399  33.298  35.811 0.0000000000
96613  -48.789  33.402  35.123 0.0000000000
96615  -50.629  34.001  34.894 0.0000000000
96617  -53.503  32.682  35.112 0.0000000000
96619  -55.210  32.528  36.017 0.0000000000
96626  -45.729  33.352  34.327 0.0000000000
96628  -51.167  33.413  34.397 0.0000000000
96629  -52.118  33.291  34.635 0.0000000000
96630  -54.380  32.436  34.855 0.0000000000
96651  -48.431  33.579  32.466 0.0000000000
96667  -54.710  33.248  30.958 0.0000000000
96674  -52.576  32.925  30.206 0.0000000000
96676  -54.652  33.003  29.818 0.0000000000
96680  -51.725  33.665  29.278 0.0000000000
96687  -53.536  33.552  28.053 0.0000000000
96691  -53.247  33.428  27.538 0.0000000000
97182  -43.618  34.815  40.521 0.0000000000
97184  -46.084  34.817  40.340 0.0000000000
97214  -42.825  34.840  38.327 0.0000000000
97215  -48.718  35.085  39.039 0.0000000000
97216  -49.314  34.730  38.484 0.0000000000
97217  -50.244  34.130  38.103 0.0000000000
97219  -53.924  33.644  38.874 0.0000000000
97229  -45.110  35.012  37.252 0.0000000000
97230  -49.505  34.753  37.522 0.0000000000
97232  -52.596  34.662  38.230 0.0000000000
97234  -54.844  33.524  37.471 0.0000000000
97240  -45.989  34.942  36.890 0.0000000000
97241  -46.661  34.572  36.605 0.0000000000
97242  -47.451  34.501  36.322 0.0000000000
97249  -55.250  33.143  36.225 0.0000000000
97258  -50.116  34.319  35.582 0.0000000000
97273  -53.855  34.421  34.351 0.0000000000
97279  -47.265  34.306  33.227 0.0000000000
97310  -54.881  32.769  30.485 0.0000000000
97324  -37.034  35.251  28.723 0.0000000000
97325  -51.023  34.205  28.008 0.0000000000
97332  -52.067  33.646  26.644 0.0000000000
97333  -53.685  33.799  27.519 0.0000000000
97341  -52.190  34.073  25.933 0.0000000000
97342  -52.841  34.432  25.927 0.0000000000
97348  -51.674  34.569  25.407 0.0000000000
97847  -43.482  35.329  39.783 0.0000000000
97848  -44.376  35.214  40.146 0.0000000000
97849  -45.309  35.345  39.929 0.0000000000
97859  -43.705  35.549  39.024 0.0000000000
97861  -45.477  35.583  39.251 0.0000000000
97875  -43.570  35.236  38.279 0.0000000000
97877  -45.227  35.650  38.540 0.0000000000
97879  -47.614  35.575  38.343 0.0000000000
97888  -44.316  35.109  37.731 0.0000000000
97889  -45.821  35.629  37.944 0.0000000000
97890  -46.370  35.411  37.397 0.0000000000
97893  -50.586  36.434  37.607 0.0000000000
97895  -52.634  35.047  37.264 0.0000000000
97903  -52.588  35.261  36.291 0.0000000000
97917  -43.596  35.713  34.745 0.0000000000
97920  -46.039  34.866  34.103 0.0000000000
97942  -47.787  35.347  32.419 0.0000000000
97944  -53.085  34.756  31.873 0.0000000000
97955  -52.630  35.858  31.217 0.0000000000
97965  -48.696  35.721  30.537 0.0000000000
97968  -53.333  35.316  29.705 0.0000000000
97976  -50.385  34.918  28.534 0.0000000000
97977  -52.956  35.958  29.272 0.0000000000
97985  -38.643  35.269  27.523 0.0000000000
97998  -38.205  35.370  27.003 0.0000000000
98000  -39.525  35.727  26.456 0.0000000000
98004  -53.574  34.371  26.956 0.0000000000
98012  -50.855  34.709  25.628 0.0000000000
98021  -51.951  35.091  24.933 0.0000000000
98022  -52.646  35.062  25.398 0.0000000000
98030  -51.385  35.781  24.488 0.0000000000
98529  -50.653  37.096  36.830 0.0000000000
98543  -52.208  36.258  34.486 0.0000000000
98553  -44.986  36.104  34.284 0.0000000000
98561  -41.572  36.572  33.548 0.0000000000
98566  -46.308  36.026  33.426 0.0000000000
98573  -40.992  36.753  33.052 0.0000000000
98574  -46.025  36.922  32.446 0.0000000000
98575  -46.685  36.579  32.204 0.0000000000
98577  -52.651  37.040  31.878 0.0000000000
98584  -39.627  36.698  31.883 0.0000000000
98595  -46.953  37.296  30.296 0.0000000000
98597  -48.133  36.389  30.272 0.0000000000
98601  -36.605  36.147  28.601 0.0000000000
98608  -52.203  36.771  29.656 0.0000000000
98618  -49.385  36.074  27.628 0.0000000000
98624  -37.526  35.868  27.137 0.0000000000
98633  -52.222  36.360  27.339 0.0000000000
98634  -52.823  35.792  26.750 0.0000000000
98640  -39.405  35.999  25.899 0.0000000000
98643  -42.161  36.396  25.426 0.0000000000
98659  -40.734  36.306  25.495 0.0000000000
98660  -41.505  36.436  25.034 0.0000000000
98663  -45.419  36.303  24.527 0.0000000000
98664  -46.110  36.348  24.508 0.0000000000
98676  -43.248  36.252  24.095 0.0000000000
98677  -44.527  36.420  23.863 0.0000000000
98679  -46.345  36.487  23.876 0.0000000000
98683  -50.848  36.308  24.029 0.0000000000
98689  -46.702  36.903  23.599 0.0000000000
98690  -48.735  37.361  23.553 0.0000000000
98691  -49.509  36.788  23.741 0.0000000000
98692  -50.276  36.928  23.666 0.0000000000
99222  -50.820  38.079  37.047 0.0000000000
99237  -41.691  37.169  33.153 0.0000000000
99238  -42.408  37.352  33.158 0.0000000000
99240  -44.355  37.398  32.830 0.0000000000
99241  -44.946  37.052  33.253 0.0000000000
99248  -40.209  37.108  32.027 0.0000000000
99249  -40.772  37.195  32.402 0.0000000000
99252  -43.740  37.675  32.310 0.0000000000
99253  -44.543  37.579  32.156 0.0000000000
99268  -41.630  37.790  31.567 0.0000000000
99276  -52.155  37.802  30.998 0.0000000000
99304  -43.339  37.938  29.395 0.0000000000
99308  -47.117  37.423  29.577 0.0000000000
99310  -50.935  37.160  29.467 0.0000000000
99311  -51.650  36.821  29.074 0.0000000000
99320  -45.133  37.603  28.264 0.0000000000
99322  -47.267  37.367  28.058 0.0000000000
99350  -51.518  36.796  25.828 0.0000000000
99357  -41.561  36.661  24.795 0.0000000000
99359  -51.152  36.418  24.247 0.0000000000
99365  -42.364  36.612  24.474 0.0000000000
99366  -42.979  36.460  24.065 0.0000000000
99367  -43.739  36.455  23.881 0.0000000000
99370  -46.268  37.076  23.473 0.0000000000
99378  -50.158  37.591  23.535 0.0000000000
99919  -51.419  38.949  37.555 0.0000000000
99926  -51.506  38.863  36.414 0.0000000000
99932  -48.270  38.853  34.936 0.0000000000
99933  -51.884  38.811  35.265 0.0000000000
99940  -47.832  38.612  34.192 0.0000000000
99941  -48.624  38.693  34.385 0.0000000000
99955  -51.198  38.911  32.646 0.0000000000
99963  -48.566  38.282  32.720 0.0000000000
99964  -49.841  38.233  32.747 0.0000000000
99974  -48.289  38.351  31.688 0.0000000000
99976  -52.421  38.127  31.643 0.0000000000
100012  -41.257  38.390  25.433 0.0000000000
100013  -50.317  38.584  25.811 0.0000000000
100022  -44.516  38.194  24.287 0.0000000000
100024  -46.660  38.504  24.148 0.0000000000
100032  -47.757  38.485  23.725 0.0000000000
100033  -49.987  38.605  23.769 0.0000000000
100039  -48.692  38.577  23.478 0.0000000000
100040  -49.810  38.144  23.365 0.0000000000
100541  -45.291  39.464  37.546 0.0000000000
100542  -46.123  39.245  37.437 0.0000000000
100557  -47.460  39.201  36.382 0.0000000000
100571  -49.834  39.863  35.149 0.0000000000
100581  -45.916  39.612  35.002 0.0000000000
100596  -45.938  39.805  34.128 0.0000000000
100599  -52.054  39.757  33.338 0.0000000000
100600  -52.200  39.740  33.596 0.0000000000
100605  -46.663  39.879  32.148 0.0000000000
100606  -47.004  39.219  32.528 0.0000000000
100607  -52.024  39.281  32.661 0.0000000000
100608  -52.229  39.220  32.829 0.0000000000
100618  -47.766  39.901  30.058 0.0000000000
100629  -48.489  39.680  28.484 0.0000000000
100637  -43.989  39.852  26.946 0.0000000000
100650  -46.116  39.498  25.800 0.0000000000
100651  -50.159  39.442  26.020 0.0000000000
100652  -50.202  39.695  25.470 0.0000000000
100664  -50.045  39.680  24.848 0.0000000000
100671  -50.202  38.938  24.464 0.0000000000
100674  -49.432  38.603  23.522 0.0000000000
101140  -46.434  39.902  38.896 0.0000000000
101144  -52.519  41.276  37.739 0.0000000000
101156  -44.109  40.082  37.233 0.0000000000
101157  -47.814  39.774  38.008 0.0000000000
101161  -52.716  41.084  36.894 0.0000000000
101175  -44.390  40.294  36.472 0.0000000000
101177  -49.125  40.109  36.808 0.0000000000
101178  -50.127  40.734  36.417 0.0000000000
101180  -52.542  41.151  36.297 0.0000000000
101194  -52.015  41.007  35.220 0.0000000000
101195  -52.200  41.148  35.643 0.0000000000
101205  -51.817  40.592  34.668 0.0000000000
101206  -52.091  40.654  34.923 0.0000000000
101213  -46.056  40.098  33.288 0.0000000000
101218  -46.147  40.680  32.753 0.0000000000
101223  -46.987  40.344  31.363 0.0000000000
101255  -46.201  40.829  27.554 0.0000000000
101257  -49.205  40.395  27.801 0.0000000000
101270  -46.633  40.571  26.840 0.0000000000
101276  -47.954  40.297  25.600 0.0000000000
101277  -48.974  40.431  25.213 0.0000000000
101278  -49.795  40.351  25.189 0.0000000000
101722  -51.470  42.519  38.127 0.0000000000
101723  -52.341  42.317  37.979 0.0000000000
101724  -52.494  41.886  38.335 0.0000000000
101732  -42.937  41.029  37.237 0.0000000000
101733  -50.578  41.747  37.763 0.0000000000
101734  -51.911  41.929  36.692 0.0000000000
101735  -52.371  42.036  37.216 0.0000000000
101751  -52.271  41.563  36.438 0.0000000000
101768  -44.788  41.914  34.830 0.0000000000
101774  -45.552  41.306  33.656 0.0000000000
101778  -45.947  41.328  32.948 0.0000000000
101791  -48.014  41.298  30.117 0.0000000000
101814  -49.513  41.577  28.448 0.0000000000
101816  -50.510  42.701  27.495 0.0000000000
101836  -50.179  41.228  26.091 0.0000000000
101842  -50.062  41.136  25.787 0.0000000000
102356  -52.071  42.417  37.623 0.0000000000
102366  -44.165  42.288  35.730 0.0000000000
102394  -45.534  42.310  33.839 0.0000000000
102403  -46.336  42.120  32.638 0.0000000000
102404  -47.201  42.617  32.187 0.0000000000
102411  -43.953  42.811  31.301 0.0000000000
102415  -48.526  42.843  31.017 0.0000000000
102425  -46.073  42.753  30.074 0.0000000000
102428  -49.028  42.687  30.415 0.0000000000
102438  -44.921  42.228  29.809 0.0000000000
102440  -49.996  42.830  29.216 0.0000000000
102456  -49.492  43.382  27.768 0.0000000000
102457  -50.509  42.997  28.463 0.0000000000
102473  -50.470  42.771  27.317 0.0000000000
103075  -45.595  43.688  34.764 0.0000000000
103076  -46.152  43.957  34.248 0.0000000000
103090  -47.119  43.934  33.034 0.0000000000
103122  -50.106  44.276  30.799 0.0000000000
103135  -47.320  44.006  29.964 0.0000000000
103154  -50.614  44.092  29.160 0.0000000000
103178  -50.366  43.289  27.665 0.0000000000
103769  -43.662  44.399  36.533 0.0000000000
103777  -44.885  43.980  35.762 0.0000000000
103779  -46.126  44.938  35.060 0.0000000000
103790  -47.259  45.049  34.065 0.0000000000
103823  -48.008  44.368  32.607 0.0000000000
103825  -50.303  45.304  31.845 0.0000000000
103837  -45.506  44.563  31.629 0.0000000000
103838  -46.339  44.768  31.357 0.0000000000
103852  -48.643  45.048  29.971 0.0000000000
103853  -50.868  44.910  30.455 0.0000000000
103854  -50.869  45.128  30.314 0.0000000000
103865  -50.104  44.910  29.209 0.0000000000
103866  -50.555  44.541  29.505 0.0000000000
103871  -49.815  44.497  28.766 0.0000000000
103872  -50.364  44.262  28.744 0.0000000000
103873  -50.573  43.946  28.773 0.0000000000
104437  -42.516  45.322  36.671 0.0000000000
104440  -45.270  45.725  36.198 0.0000000000
104441  -45.991  46.097  35.867 0.0000000000
104468  -49.412  45.971  33.314 0.0000000000
104469  -50.172  46.317  32.882 0.0000000000
104488  -47.514  45.734  31.382 0.0000000000
104490  -50.795  45.687  31.350 0.0000000000
104491  -50.893  45.783  31.109 0.0000000000
105107  -47.992  46.981  35.548 0.0000000000
105117  -49.618  47.098  34.347 0.0000000000
105118  -49.998  47.386  33.775 0.0000000000
105131  -50.258  46.659  32.471 0.0000000000
105143  -48.964  46.936  31.608 0.0000000000
105144  -50.328  46.385  32.440 0.0000000000
105152  -50.775  46.012  31.257 0.0000000000
105156  -49.824  46.134  30.791 0.0000000000
105157  -50.575  46.113  30.981 0.0000000000
105687  -43.159  47.505  36.560 0.0000000000
105690  -46.554  48.035  36.655 0.0000000000
105691  -47.499  48.203  36.583 0.0000000000
105703  -48.917  47.861  35.824 0.0000000000
105704  -49.488  48.191  35.306 0.0000000000
105738  -48.307  47.816  32.465 0.0000000000
105744  -49.850  46.841  31.775 0.0000000000
105745  -50.363  46.444  31.846 0.0000000000
106264  -38.297  48.124  37.376 0.0000000000
106268  -41.385  48.577  36.587 0.0000000000
106269  -42.081  48.483  36.534 0.0000000000
106274  -49.191  48.992  36.693 0.0000000000
106275  -49.487  49.129  36.261 0.0000000000
106302  -48.838  48.446  33.476 0.0000000000
106321  -46.982  48.705  32.733 0.0000000000
106324  -49.827  47.610  32.870 0.0000000000
106853  -34.572  49.700  39.710 0.0000000000
106871  -35.613  49.711  38.081 0.0000000000
106873  -37.756  49.681  37.453 0.0000000000
106874  -39.104  49.741  37.165 0.0000000000
106876  -49.067  50.250  37.310 0.0000000000
106877  -49.398  50.493  36.954 0.0000000000
106887  -40.513  50.001  36.672 0.0000000000
106891  -47.961  49.477  37.212 0.0000000000
106902  -48.631  50.438  35.771 0.0000000000
106903  -49.427  49.794  35.892 0.0000000000
106904  -49.538  49.467  36.025 0.0000000000
106926  -47.285  49.344  33.801 0.0000000000
107473  -33.914  50.925  38.879 0.0000000000
107474  -34.155  50.534  39.423 0.0000000000
107481  -34.156  50.541  38.605 0.0000000000
107490  -34.319  50.692  37.806 0.0000000000
107492  -36.454  50.129  37.498 0.0000000000
107495  -39.067  50.387  37.001 0.0000000000
107496  -47.555  51.165  37.533 0.0000000000
107498  -49.108  50.854  37.270 0.0000000000
107507  -37.802  50.700  36.888 0.0000000000
107510  -40.313  50.805  36.540 0.0000000000
107514  -47.778  50.226  37.444 0.0000000000
107528  -47.275  50.477  35.191 0.0000000000
108108  -48.305  51.601  37.580 0.0000000000
108109  -48.898  51.521  37.257 0.0000000000
108111  -34.458  51.583  36.704 0.0000000000
108112  -35.320  51.408  36.454 0.0000000000
108115  -38.958  51.290  36.299 0.0000000000
108117  -40.970  51.175  36.413 0.0000000000
108118  -42.095  51.816  36.493 0.0000000000
108119  -42.896  51.841  36.554 0.0000000000
108123  -49.076  51.697  36.963 0.0000000000
108127  -37.566  51.672  35.746 0.0000000000
108131  -48.542  52.053  36.318 0.0000000000
108641  -34.003  52.195  39.632 0.0000000000
108644  -33.669  51.963  38.839 0.0000000000
108648  -33.505  52.649  37.422 0.0000000000
108649  -33.825  52.261  36.742 0.0000000000
108650  -46.866  52.901  37.359 0.0000000000
108651  -47.715  53.033  37.320 0.0000000000
108655  -33.553  52.985  36.836 0.0000000000
108656  -34.729  52.031  36.172 0.0000000000
108659  -44.254  52.990  36.640 0.0000000000
108667  -36.134  52.306  35.298 0.0000000000
108670  -38.971  52.242  35.091 0.0000000000
108671  -40.550  51.919  35.855 0.0000000000
108673  -42.260  52.869  35.885 0.0000000000
108680  -37.527  52.744  34.640 0.0000000000
108682  -39.790  52.548  34.833 0.0000000000
108683  -40.566  52.831  34.767 0.0000000000
109172  -33.567  53.060  38.056 0.0000000000
109181  -48.277  53.113  37.061 0.0000000000
109182  -33.655  53.691  36.518 0.0000000000
109183  -33.762  53.026  36.357 0.0000000000
109184  -43.071  53.112  36.149 0.0000000000
109188  -47.992  54.053  36.859 0.0000000000
109190  -33.954  53.506  35.817 0.0000000000
109191  -34.705  53.254  35.296 0.0000000000
109194  -43.596  53.811  35.984 0.0000000000
109195  -48.075  54.222  36.284 0.0000000000
109202  -38.634  53.191  34.049 0.0000000000
109205  -42.594  53.942  34.771 0.0000000000
109212  -37.557  53.755  33.612 0.0000000000
109215  -40.091  53.652  33.754 0.0000000000
109709  -47.018  54.384  37.148 0.0000000000
109710  -47.473  54.451  36.946 0.0000000000
109714  -44.347  54.257  36.361 0.0000000000
109725  -34.877  54.486  34.219 0.0000000000
109730  -48.244  54.852  34.870 0.0000000000
109734  -35.360  54.716  33.677 0.0000000000
109735  -36.164  54.660  33.337 0.0000000000
109738  -38.945  54.116  33.115 0.0000000000
109741  -42.723  54.926  33.906 0.0000000000
109748  -37.732  54.968  32.779 0.0000000000
109768  -49.037  54.732  30.879 0.0000000000
109798  -47.961  54.955  26.332 0.0000000000
110225  -46.254  55.369  36.718 0.0000000000
110226  -47.005  55.300  36.510 0.0000000000
110230  -43.957  54.928  35.357 0.0000000000
110234  -47.504  55.332  35.935 0.0000000000
110237  -43.412  55.392  33.956 0.0000000000
110239  -44.803  55.931  34.981 0.0000000000
110243  -34.427  55.811  34.078 0.0000000000
110245  -41.883  55.435  32.985 0.0000000000
110252  -36.007  55.819  32.866 0.0000000000
110253  -36.890  56.050  32.432 0.0000000000
110254  -38.230  55.576  32.437 0.0000000000
110256  -39.996  55.473  32.461 0.0000000000
110262  -49.144  55.344  32.306 0.0000000000
110689  -34.533  56.279  35.315 0.0000000000
110691  -46.558  56.088  35.273 0.0000000000
110694  -34.483  56.377  34.475 0.0000000000
110701  -35.165  56.876  33.320 0.0000000000
110702  -43.919  56.316  33.066 0.0000000000
110705  -47.334  56.734  33.833 0.0000000000
110709  -37.970  56.842  31.834 0.0000000000
110711  -39.577  56.115  32.029 0.0000000000
110712  -40.402  56.067  32.103 0.0000000000
110716  -46.525  57.193  32.764 0.0000000000
110718  -48.119  56.784  32.529 0.0000000000
110722  -39.332  56.778  31.573 0.0000000000
110725  -43.085  56.371  31.323 0.0000000000
110727  -47.554  57.039  32.027 0.0000000000
110733  -41.765  56.637  30.650 0.0000000000
110736  -44.340  56.850  30.688 0.0000000000
111216  -35.434  57.436  35.261 0.0000000000
111222  -34.691  57.068  34.229 0.0000000000
111226  -34.874  57.208  33.799 0.0000000000
111229  -35.885  57.949  33.049 0.0000000000
111236  -38.549  57.914  31.453 0.0000000000
111238  -40.052  57.095  31.203 0.0000000000
111242  -47.370  57.026  31.328 0.0000000000
111251  -44.054  57.060  29.833 0.0000000000
111268  -41.827  57.655  29.429 0.0000000000
111269  -42.674  57.467  29.100 0.0000000000
111321  -47.196  57.813  26.661 0.0000000000
111729  -35.620  58.262  34.033 0.0000000000
111732  -35.841  58.265  33.495 0.0000000000
111733  -36.218  58.514  33.050 0.0000000000
111734  -36.756  58.542  32.476 0.0000000000
111751  -41.102  58.006  29.870 0.0000000000
111776  -43.798  59.243  27.904 0.0000000000
111778  -46.327  59.267  27.687 0.0000000000
111779  -46.788  58.774  27.809 0.0000000000
111793  -46.884  59.437  26.941 0.0000000000
111794  -47.213  58.527  27.470 0.0000000000
111810  -46.733  59.443  26.531 0.0000000000
112205  -36.768  59.360  33.962 0.0000000000
112216  -38.176  60.235  32.124 0.0000000000
112252  -42.531  60.213  28.572 0.0000000000
112674  -37.890  60.437  33.020 0.0000000000
120677  -46.823  36.524  25.281 0.0000000000
120965  -45.844  24.611  41.838 0.0000000000
121083  -42.578  27.572  35.926 0.0000000000
121129  -47.006  35.574  39.166 0.0000000000
121141  -42.090  26.659  37.429 0.0000000000
121248  -46.313  24.252  44.151 0.0000000000
121299  -46.050  50.075  36.743 0.0000000000
122295  -43.906  24.583  39.997 0.0000000000
122765  -40.577  29.959  39.099 0.0000000000
123095  -43.594  41.916  36.274 0.0000000000
123263  -42.451  26.175  35.361 0.0000000000
124840  -44.237  44.846  36.412 0.0000000000
124887  -46.116  35.424  39.578 0.0000000000
124946  -42.259  25.085  37.882 0.0000000000
125362  -40.825  32.137  38.535 0.0000000000
125562  -36.159  51.373  36.265 0.0000000000
125974  -48.461  39.186  23.979 0.0000000000
126027  -36.111  53.398  34.248 0.0000000000
126239  -48.148  38.587  30.884 0.0000000000
126373  -48.095  35.387  37.636 0.0000000000
126727  -45.676  54.975  36.904 0.0000000000
126756  -45.358  48.717  36.663 0.0000000000
126768  -46.134  30.710  34.351 0.0000000000
127680  -36.322  56.621  32.520 0.0000000000
128142  -45.339  40.868  34.265 0.0000000000
128384  -44.188  49.340  36.482 0.0000000000
128448  -41.918  50.163  36.410 0.0000000000
128917  -50.244  37.493  30.636 0.0000000000
129389  -45.965  57.450  30.308 0.0000000000
130348  -44.222  51.253  36.453 0.0000000000
130625  -45.967  32.063  36.493 0.0000000000
130753  -47.123  47.065  36.024 0.0000000000
131456  -47.290  34.306  40.385 0.0000000000
131737  -44.012  45.846  36.559 0.0000000000
132467  -45.207  24.477  39.240 0.0000000000
132477  -41.280  37.543  32.183 0.0000000000
133088  -52.445  36.617  29.886 0.0000000000
133615  -46.024  47.296  36.479 0.0000000000
133666  -35.037  57.430  34.608 0.0000000000
134057  -42.217  56.369  31.316 0.0000000000
134284  -37.172  59.116  32.393 0.0000000000
134335  -42.199  34.979  38.844 0.0000000000
135145  -45.326  47.066  36.478 0.0000000000
135556  -47.884  55.241  35.238 0.0000000000
135695  -41.203  56.151  32.080 0.0000000000
136507  -46.862  37.335  27.291 0.0000000000
137145  -44.692  48.196  36.584 0.0000000000
137176  -35.831  57.263  32.792 0.0000000000
137188  -54.089  33.924  31.515 0.0000000000
137462  -43.093  36.286  24.258 0.0000000000
137466  -50.288  37.860  26.646 0.0000000000
137530  -41.334  37.040  28.100 0.0000000000
137533  -45.665  57.100  33.107 0.0000000000
137873  -42.324  31.258  37.781 0.0000000000
137899  -52.677  37.962  32.091 0.0000000000
138082  -46.349  40.167  32.619 0.0000000000
138581  -54.691  32.601  30.350 0.0000000000
138609  -52.891  33.347  27.652 0.0000000000
138855  -45.752  31.321  34.248 0.0000000000
138880  -44.886  24.076  43.345 0.0000000000
139064  -38.403  49.570  37.346 0.0000000000
139307  -52.433  38.491  32.254 0.0000000000
139372  -54.536  32.573  31.923 0.0000000000
139574  -36.518  57.266  32.345 0.0000000000
139813  -42.420  25.123  37.159 0.0000000000
139911  -46.261  37.451  30.380 0.0000000000
140802  -45.411  34.059  34.573 0.0000000000
140818  -54.626  33.565  33.806 0.0000000000
140844  -48.719  56.010  33.370 0.0000000000
141384  -45.797  51.721  36.718 0.0000000000
141626  -44.590  24.276  42.597 0.0000000000
141676  -40.840  48.295  36.672 0.0000000000
142201  -53.311  34.186  26.442 0.0000000000
142380  -49.689  35.789  24.674 0.0000000000
142423  -37.478  55.593  32.506 0.0000000000
142501  -53.956  34.362  30.033 0.0000000000
142761  -47.903  56.727  30.923 0.0000000000
143216  -43.168  35.414  39.273 0.0000000000
143656  -47.054  56.518  26.291 0.0000000000
143659  -46.978  36.954  30.822 0.0000000000
143721  -43.449  30.133  37.100 0.0000000000
143732  -47.504  36.405  31.304 0.0000000000
144053  -43.880  37.758  29.931 0.0000000000
144156  -49.336  36.267  24.231 0.0000000000
144223  -50.353  34.480  30.089 0.0000000000
144429  -45.492  42.462  29.954 0.0000000000
144718  -40.722  36.140  25.696 0.0000000000
144955  -45.768  37.505  29.506 0.0000000000
145301  -44.203  37.151  33.475 0.0000000000
145737  -39.377  48.990  37.011 0.0000000000
145896  -42.696  56.316  31.987 0.0000000000
145987  -51.590  36.076  24.543 0.0000000000
146168  -44.442  36.564  25.656 0.0000000000
146251  -43.053  32.931  37.634 0.0000000000
146323  -46.593  54.191  37.223 0.0000000000
