#!ascii label  , from subject sub-v1s22x0050496_ses-1 vox2ras=TkReg
1300
98594  35.226  29.256  28.879 0.0000000000
101312  44.963  34.531  36.535 0.0000000000
96446  47.901  26.644  38.655 0.0000000000
97895  32.407  28.649  33.021 0.0000000000
98517  36.571  29.643  36.403 0.0000000000
101894  41.950  34.781  31.371 0.0000000000
103640  45.508  39.557  39.791 0.0000000000
106372  42.691  43.416  36.659 0.0000000000
146560  47.832  25.665  45.942 0.0000000000
143927  45.501  22.076  42.517 0.0000000000
98569  41.555  29.506  31.490 0.0000000000
97207  42.438  26.859  32.239 0.0000000000
97876  46.545  28.396  33.613 0.0000000000
145648  43.794  29.212  40.636 0.0000000000
107637  46.517  45.039  30.614 0.0000000000
103081  43.055  37.282  33.237 0.0000000000
96416  41.584  26.656  40.753 0.0000000000
98573  33.521  29.183  30.870 0.0000000000
97882  34.183  27.921  34.456 0.0000000000
98564  35.867  28.647  32.227 0.0000000000
100259  38.892  32.023  30.496 0.0000000000
99734  35.663  31.610  31.930 0.0000000000
105075  39.991  40.308  37.921 0.0000000000
94392  47.758  22.988  48.975 0.0000000000
93039  48.299  21.428  44.922 0.0000000000
123015  45.199  21.407  47.200 0.0000000000
104498  45.969  39.188  27.814 0.0000000000
99716  43.092  31.579  34.617 0.0000000000
97910  46.013  28.066  31.142 0.0000000000
99713  46.911  31.495  34.660 0.0000000000
100709  40.132  33.851  39.256 0.0000000000
99679  41.993  31.273  37.866 0.0000000000
99100  40.045  30.353  41.162 0.0000000000
97077  41.833  28.140  44.674 0.0000000000
102424  42.762  37.533  37.367 0.0000000000
104402  41.964  39.552  34.343 0.0000000000
131740  41.507  35.302  35.653 0.0000000000
100233  41.303  33.067  34.034 0.0000000000
95768  45.981  25.254  35.986 0.0000000000
97168  42.319  27.239  36.955 0.0000000000
124087  44.131  26.197  40.017 0.0000000000
97814  33.929  28.438  38.993 0.0000000000
97109  36.330  27.539  40.629 0.0000000000
101890  45.683  35.382  31.052 0.0000000000
103730  42.855  38.131  31.169 0.0000000000
103045  45.846  37.782  38.322 0.0000000000
101299  48.601  33.719  37.102 0.0000000000
139684  38.647  44.905  35.289 0.0000000000
130014  42.358  45.824  36.139 0.0000000000
105084  43.453  40.927  38.207 0.0000000000
97082  48.109  27.201  43.327 0.0000000000
95694  46.097  25.593  43.548 0.0000000000
142989  49.228  22.639  43.531 0.0000000000
92263  47.464  19.808  41.546 0.0000000000
98591  38.802  28.965  28.193 0.0000000000
97927  39.039  27.793  29.522 0.0000000000
96526  42.336  26.474  28.343 0.0000000000
122206  46.173  25.086  31.746 0.0000000000
96478  47.477  25.624  36.125 0.0000000000
99708  46.030  30.850  35.767 0.0000000000
131940  43.972  28.950  36.847 0.0000000000
97805  46.984  28.393  39.848 0.0000000000
97085  44.978  27.843  43.940 0.0000000000
95672  44.777  25.889  46.869 0.0000000000
105845  43.644  41.003  30.009 0.0000000000
123375  46.557  40.307  30.964 0.0000000000
105149  45.900  40.952  32.970 0.0000000000
103087  46.084  37.428  32.460 0.0000000000
101335  43.345  34.397  32.180 0.0000000000
100257  41.126  32.321  30.764 0.0000000000
97890  39.698  28.612  34.352 0.0000000000
97808  39.302  28.305  38.977 0.0000000000
95720  38.495  25.522  41.819 0.0000000000
94432  43.158  24.124  43.309 0.0000000000
98595  34.602  29.227  29.350 0.0000000000
145065  34.652  27.850  31.682 0.0000000000
97917  35.937  27.841  30.513 0.0000000000
99756  37.267  30.980  30.337 0.0000000000
99745  36.891  31.543  31.092 0.0000000000
99758  35.505  30.885  30.584 0.0000000000
99748  34.214  30.772  31.262 0.0000000000
93734  47.891  22.271  50.212 0.0000000000
93009  47.483  21.841  48.119 0.0000000000
143594  46.378  20.805  49.367 0.0000000000
95092  35.700  24.545  40.420 0.0000000000
100218  44.206  32.803  35.304 0.0000000000
99160  45.023  30.904  34.269 0.0000000000
100217  45.521  32.652  35.430 0.0000000000
100703  38.410  33.566  40.517 0.0000000000
99668  39.532  32.105  39.500 0.0000000000
101836  43.654  36.020  37.313 0.0000000000
136561  41.893  36.370  36.856 0.0000000000
101322  43.092  34.219  36.004 0.0000000000
100756  42.326  33.691  35.516 0.0000000000
95751  46.918  25.546  37.881 0.0000000000
96459  44.778  26.158  37.485 0.0000000000
96434  46.037  26.020  39.165 0.0000000000
97193  31.498  27.746  34.323 0.0000000000
96493  32.751  26.693  34.110 0.0000000000
97867  34.845  28.940  35.217 0.0000000000
97855  34.207  28.753  36.417 0.0000000000
97842  35.211  29.121  37.671 0.0000000000
97129  35.180  28.151  39.919 0.0000000000
97829  36.317  28.997  38.702 0.0000000000
134702  43.465  34.789  31.500 0.0000000000
146976  44.231  37.294  30.763 0.0000000000
102477  42.115  36.267  31.207 0.0000000000
98551  32.388  29.752  33.232 0.0000000000
98552  32.055  30.067  34.080 0.0000000000
123060  47.124  39.291  39.386 0.0000000000
136665  47.962  37.846  39.337 0.0000000000
103014  47.437  38.482  40.056 0.0000000000
104345  42.120  39.507  39.079 0.0000000000
105073  42.285  40.899  38.550 0.0000000000
104343  44.554  40.329  38.850 0.0000000000
103676  44.543  39.269  38.332 0.0000000000
96371  48.408  26.655  44.022 0.0000000000
95692  48.645  25.800  43.689 0.0000000000
95054  49.160  24.336  44.265 0.0000000000
93050  45.351  21.091  44.808 0.0000000000
92238  47.889  20.485  43.396 0.0000000000
124004  45.750  20.051  42.445 0.0000000000
98588  41.121  29.100  28.974 0.0000000000
124328  40.738  27.838  28.117 0.0000000000
97925  42.482  28.223  29.290 0.0000000000
97898  47.752  28.146  32.191 0.0000000000
96516  47.070  26.790  30.688 0.0000000000
124157  47.141  26.550  32.296 0.0000000000
95779  47.563  24.333  34.214 0.0000000000
97186  46.453  26.796  33.764 0.0000000000
101301  46.957  33.956  38.018 0.0000000000
100205  48.036  32.210  36.389 0.0000000000
138614  44.991  32.791  37.154 0.0000000000
98493  42.670  30.115  38.695 0.0000000000
99135  43.122  30.324  36.875 0.0000000000
98491  43.928  29.265  38.633 0.0000000000
97824  45.747  28.245  38.440 0.0000000000
97792  45.135  28.872  40.387 0.0000000000
143563  45.667  28.524  41.838 0.0000000000
122759  44.628  28.704  41.809 0.0000000000
128414  41.263  26.728  45.820 0.0000000000
96360  42.900  27.166  45.671 0.0000000000
144161  45.425  42.619  30.825 0.0000000000
105189  45.881  40.994  30.131 0.0000000000
134278  46.713  42.778  30.950 0.0000000000
106942  43.387  45.012  37.424 0.0000000000
137952  44.616  45.396  36.129 0.0000000000
106382  43.325  43.227  34.857 0.0000000000
103714  42.335  38.181  33.682 0.0000000000
105151  43.791  40.248  33.578 0.0000000000
103712  44.389  38.697  33.259 0.0000000000
103720  46.431  38.380  32.802 0.0000000000
128372  44.107  37.648  33.019 0.0000000000
146468  44.611  36.050  32.494 0.0000000000
102459  43.451  36.043  33.073 0.0000000000
99172  41.337  30.864  33.054 0.0000000000
100249  41.292  32.500  32.412 0.0000000000
99177  40.851  30.741  31.606 0.0000000000
99195  40.169  30.798  29.904 0.0000000000
141992  41.032  27.538  31.729 0.0000000000
97902  39.691  28.472  32.675 0.0000000000
97200  40.866  27.869  33.394 0.0000000000
97124  41.843  27.194  39.206 0.0000000000
140866  40.943  27.792  37.675 0.0000000000
97105  40.464  27.572  39.860 0.0000000000
97107  38.803  27.461  40.468 0.0000000000
96394  39.929  26.348  41.455 0.0000000000
94429  45.700  23.593  43.742 0.0000000000
95696  44.048  24.951  43.189 0.0000000000
93775  44.122  22.953  43.214 0.0000000000
97905  32.843  28.148  32.233 0.0000000000
97202  33.153  26.922  33.642 0.0000000000
97210  34.020  27.628  32.060 0.0000000000
97893  34.782  28.327  33.658 0.0000000000
98536  36.429  29.700  34.554 0.0000000000
100788  40.546  33.252  30.538 0.0000000000
99178  33.350  30.662  31.746 0.0000000000
95658  47.315  24.666  47.572 0.0000000000
144271  48.819  23.205  45.685 0.0000000000
93754  48.127  22.690  47.134 0.0000000000
93032  46.726  21.301  46.459 0.0000000000
99175  42.100  30.140  32.800 0.0000000000
137700  42.937  28.464  31.332 0.0000000000
98545  44.013  29.710  33.302 0.0000000000
98557  46.888  29.289  32.663 0.0000000000
98542  47.726  29.888  33.881 0.0000000000
101284  42.401  34.359  38.306 0.0000000000
100197  42.879  32.913  37.397 0.0000000000
100180  41.046  32.668  37.995 0.0000000000
99117  41.444  30.710  39.343 0.0000000000
98470  41.736  29.942  40.784 0.0000000000
97774  43.012  28.597  42.569 0.0000000000
98451  41.153  29.439  42.423 0.0000000000
97755  40.336  28.333  44.327 0.0000000000
96362  39.886  26.765  45.904 0.0000000000
107608  45.397  44.820  31.474 0.0000000000
131334  42.436  40.725  36.314 0.0000000000
105801  42.542  41.282  35.070 0.0000000000
104394  41.570  39.229  35.828 0.0000000000
103067  41.222  37.584  35.126 0.0000000000
130506  41.696  35.863  34.788 0.0000000000
101871  41.788  34.942  34.308 0.0000000000
100221  41.279  33.818  34.677 0.0000000000
143516  41.727  32.497  34.435 0.0000000000
124813  44.187  26.199  34.036 0.0000000000
97187  42.204  27.490  35.046 0.0000000000
138801  43.807  26.508  36.189 0.0000000000
96451  42.941  26.982  38.191 0.0000000000
96415  42.621  26.409  40.831 0.0000000000
92293  47.051  20.218  39.011 0.0000000000
125664  44.400  21.309  40.446 0.0000000000
97148  32.433  27.135  38.015 0.0000000000
97180  33.213  27.098  35.427 0.0000000000
97160  32.912  27.913  37.500 0.0000000000
97132  32.707  27.160  39.048 0.0000000000
145294  33.982  27.336  40.278 0.0000000000
96399  35.673  26.451  41.140 0.0000000000
96398  36.384  26.044  41.335 0.0000000000
103113  46.088  36.560  29.414 0.0000000000
103752  44.258  38.102  29.491 0.0000000000
101834  46.055  35.908  37.274 0.0000000000
100744  47.646  33.816  35.968 0.0000000000
101833  47.921  35.490  37.687 0.0000000000
101263  47.976  35.333  38.804 0.0000000000
101281  46.255  34.594  38.808 0.0000000000
101809  43.675  35.229  39.682 0.0000000000
101803  42.178  35.253  39.879 0.0000000000
107583  39.876  45.012  35.822 0.0000000000
107560  41.381  45.163  37.175 0.0000000000
106364  42.088  43.484  37.244 0.0000000000
105779  42.745  41.743  37.799 0.0000000000
103677  43.618  39.443  37.652 0.0000000000
103046  44.697  38.051  37.937 0.0000000000
97093  48.031  27.782  41.389 0.0000000000
96381  46.612  26.491  42.172 0.0000000000
96375  48.158  26.834  42.885 0.0000000000
94422  47.560  23.987  44.161 0.0000000000
93781  47.943  21.878  42.520 0.0000000000
93768  49.490  22.487  43.870 0.0000000000
93059  49.067  20.870  42.263 0.0000000000
93072  47.585  20.547  40.770 0.0000000000
147234  37.359  29.328  28.431 0.0000000000
97929  37.024  27.443  29.230 0.0000000000
97950  38.110  27.526  28.143 0.0000000000
97224  40.478  27.194  29.661 0.0000000000
96510  42.749  25.865  30.619 0.0000000000
97228  44.086  26.756  28.468 0.0000000000
123990  44.533  25.402  29.888 0.0000000000
96506  44.023  25.731  31.921 0.0000000000
95786  45.852  24.334  33.546 0.0000000000
95767  47.113  25.018  36.241 0.0000000000
143987  47.819  26.011  37.696 0.0000000000
100215  48.360  32.325  35.683 0.0000000000
99150  47.662  30.949  34.987 0.0000000000
147930  46.449  29.833  34.794 0.0000000000
99699  43.725  31.297  36.553 0.0000000000
99152  44.078  29.944  35.804 0.0000000000
97877  45.412  28.508  34.675 0.0000000000
97851  45.627  27.677  36.449 0.0000000000
97143  46.776  27.641  38.120 0.0000000000
97122  47.887  27.311  39.798 0.0000000000
97781  47.573  28.203  41.527 0.0000000000
97089  46.973  28.068  43.021 0.0000000000
97072  46.460  27.325  44.992 0.0000000000
97752  43.285  28.260  44.419 0.0000000000
96359  44.726  27.092  45.757 0.0000000000
95671  46.156  26.052  47.164 0.0000000000
95036  46.303  24.896  48.124 0.0000000000
105205  45.006  39.801  28.953 0.0000000000
145829  46.367  39.884  28.904 0.0000000000
103751  47.395  38.052  29.650 0.0000000000
105815  43.432  41.469  34.063 0.0000000000
106392  47.389  42.796  33.303 0.0000000000
105165  46.551  40.885  32.547 0.0000000000
124153  47.468  38.498  31.669 0.0000000000
103093  47.983  36.351  30.999 0.0000000000
102474  46.011  35.595  31.347 0.0000000000
101882  44.454  35.076  31.761 0.0000000000
101893  42.984  34.106  31.848 0.0000000000
101336  41.572  34.153  33.601 0.0000000000
100777  41.652  33.011  32.098 0.0000000000
130845  41.306  33.338  30.730 0.0000000000
100266  40.629  32.556  30.501 0.0000000000
99197  38.854  30.565  29.440 0.0000000000
97915  37.682  28.628  31.126 0.0000000000
98547  37.975  29.443  33.833 0.0000000000
98526  38.060  29.474  35.590 0.0000000000
97179  40.891  28.236  35.481 0.0000000000
97853  39.733  28.566  37.075 0.0000000000
98494  38.193  29.172  37.970 0.0000000000
97810  37.566  28.376  39.514 0.0000000000
96420  37.547  26.851  41.167 0.0000000000
96382  45.160  26.184  42.066 0.0000000000
96391  43.486  26.157  41.334 0.0000000000
95716  42.131  25.683  42.006 0.0000000000
93797  42.591  22.283  41.903 0.0000000000
95705  41.014  24.735  42.451 0.0000000000
92200  43.491  20.823  48.914 0.0000000000
93036  42.865  21.446  46.721 0.0000000000
97931  35.257  28.024  30.126 0.0000000000
97942  35.073  28.634  29.191 0.0000000000
99199  36.448  30.408  29.518 0.0000000000
99757  36.287  30.937  30.451 0.0000000000
99200  35.514  30.535  29.725 0.0000000000
99212  34.910  30.017  29.303 0.0000000000
134028  47.834  21.417  49.808 0.0000000000
138199  44.891  33.328  35.750 0.0000000000
100230  44.884  32.205  34.875 0.0000000000
101853  44.306  35.250  36.858 0.0000000000
101854  43.336  35.293  36.890 0.0000000000
101313  43.729  34.664  36.565 0.0000000000
100755  43.620  33.504  35.641 0.0000000000
96447  46.991  26.019  38.550 0.0000000000
96448  46.040  25.685  38.460 0.0000000000
96433  47.133  26.490  39.420 0.0000000000
97883  31.919  28.165  33.681 0.0000000000
97192  32.177  27.228  33.993 0.0000000000
97203  32.651  27.233  33.499 0.0000000000
98518  35.532  29.416  35.981 0.0000000000
98508  34.985  29.173  36.759 0.0000000000
98507  35.841  29.446  37.037 0.0000000000
98497  36.066  29.333  37.930 0.0000000000
102476  43.056  35.843  30.979 0.0000000000
133889  42.478  35.156  31.318 0.0000000000
99173  32.567  30.711  33.433 0.0000000000
139526  32.113  29.168  33.654 0.0000000000
98538  31.149  29.160  33.946 0.0000000000
142574  46.471  39.897  39.850 0.0000000000
103649  47.162  39.293  39.794 0.0000000000
103015  46.149  38.694  40.258 0.0000000000
103650  43.740  39.447  39.456 0.0000000000
104344  43.268  40.143  39.109 0.0000000000
144837  44.889  39.956  39.398 0.0000000000
104342  45.728  40.119  39.366 0.0000000000
96356  48.062  26.450  45.053 0.0000000000
96370  48.762  26.072  44.324 0.0000000000
95684  48.329  25.919  45.300 0.0000000000
92240  45.148  20.677  43.716 0.0000000000
98579  41.224  29.470  30.336 0.0000000000
97926  41.723  28.746  29.640 0.0000000000
97912  42.072  28.697  30.705 0.0000000000
97888  47.582  28.642  32.835 0.0000000000
97206  47.743  27.510  31.737 0.0000000000
97196  47.653  27.754  32.324 0.0000000000
97197  46.769  26.461  33.048 0.0000000000
101302  45.408  34.115  38.014 0.0000000000
100195  46.093  33.122  37.232 0.0000000000
100735  44.798  33.529  37.526 0.0000000000
98479  42.820  29.794  39.570 0.0000000000
98492  43.350  29.632  38.837 0.0000000000
98478  43.609  29.412  39.641 0.0000000000
97807  44.952  28.843  39.711 0.0000000000
98467  44.199  29.154  40.157 0.0000000000
97793  44.290  29.033  41.000 0.0000000000
97784  43.612  28.816  41.806 0.0000000000
96348  41.254  26.082  46.392 0.0000000000
106998  45.926  45.020  30.584 0.0000000000
106419  44.990  43.209  31.126 0.0000000000
106418  46.164  43.682  30.494 0.0000000000
146772  46.319  43.045  30.549 0.0000000000
106409  47.166  43.781  30.953 0.0000000000
106955  43.500  44.543  37.065 0.0000000000
106954  44.247  44.913  36.516 0.0000000000
105794  42.674  42.565  35.542 0.0000000000
103082  42.191  37.320  33.873 0.0000000000
103713  43.216  38.416  33.322 0.0000000000
103080  44.102  36.526  32.861 0.0000000000
99176  41.261  30.285  32.174 0.0000000000
99732  40.900  31.088  32.351 0.0000000000
99182  40.993  30.176  31.189 0.0000000000
99194  40.618  30.270  30.341 0.0000000000
97208  41.768  27.143  31.702 0.0000000000
129142  41.238  27.569  32.598 0.0000000000
145010  41.900  27.323  32.661 0.0000000000
97104  41.284  27.239  40.030 0.0000000000
97125  41.027  27.549  39.199 0.0000000000
96417  40.486  26.983  40.717 0.0000000000
96393  41.012  26.203  41.458 0.0000000000
93774  45.237  22.778  43.253 0.0000000000
93783  44.617  22.305  42.690 0.0000000000
98574  33.044  28.901  31.598 0.0000000000
97211  33.427  27.646  32.307 0.0000000000
97920  33.525  28.136  31.514 0.0000000000
144952  35.125  28.180  32.151 0.0000000000
98550  35.347  28.572  32.953 0.0000000000
98537  35.681  29.192  33.896 0.0000000000
98549  36.618  29.588  33.587 0.0000000000
100783  39.782  33.212  30.691 0.0000000000
132507  39.083  32.740  30.862 0.0000000000
100261  36.465  31.954  31.797 0.0000000000
100260  37.463  32.349  31.614 0.0000000000
99186  33.592  30.164  30.956 0.0000000000
99187  33.032  29.825  31.531 0.0000000000
95026  47.382  23.907  48.368 0.0000000000
94410  47.747  23.634  47.405 0.0000000000
125934  47.875  22.924  48.101 0.0000000000
93021  46.022  21.366  47.896 0.0000000000
93020  46.867  21.385  47.523 0.0000000000
125332  46.163  21.278  47.097 0.0000000000
93033  45.728  21.308  46.554 0.0000000000
93034  44.757  21.451  46.270 0.0000000000
104499  44.761  38.949  27.742 0.0000000000
103779  44.355  38.719  26.946 0.0000000000
99162  42.692  31.074  34.128 0.0000000000
98546  42.973  29.798  33.207 0.0000000000
99170  43.341  30.368  33.746 0.0000000000
99159  46.542  31.017  34.227 0.0000000000
99168  46.030  30.399  33.809 0.0000000000
98543  47.216  29.870  33.473 0.0000000000
99167  47.461  30.554  33.958 0.0000000000
101285  41.556  34.276  38.551 0.0000000000
100721  41.853  33.691  37.931 0.0000000000
100181  40.423  32.974  38.446 0.0000000000
99660  39.881  31.280  39.851 0.0000000000
99118  40.651  30.986  39.588 0.0000000000
99109  41.174  30.404  40.165 0.0000000000
99099  40.898  30.184  41.032 0.0000000000
98461  41.437  29.736  41.634 0.0000000000
98462  40.526  29.910  41.919 0.0000000000
97766  39.682  28.880  43.744 0.0000000000
97079  39.785  27.996  44.683 0.0000000000
97064  40.050  27.398  45.312 0.0000000000
97065  38.872  27.642  45.293 0.0000000000
103678  42.564  38.969  37.009 0.0000000000
104384  42.268  39.703  36.490 0.0000000000
137835  41.687  38.467  36.428 0.0000000000
101856  41.496  36.084  36.229 0.0000000000
102437  41.458  36.921  36.509 0.0000000000
102447  41.269  36.814  35.755 0.0000000000
102454  41.391  36.718  34.973 0.0000000000
101863  41.480  36.007  35.413 0.0000000000
130903  41.369  35.105  35.030 0.0000000000
101323  41.306  34.510  35.096 0.0000000000
100232  42.457  32.314  34.817 0.0000000000
100220  41.694  33.126  34.972 0.0000000000
99717  42.153  31.810  34.319 0.0000000000
99171  42.342  30.617  33.495 0.0000000000
96490  44.463  26.086  34.857 0.0000000000
96481  43.705  26.560  35.428 0.0000000000
96480  44.668  25.895  35.721 0.0000000000
96449  44.378  26.401  38.772 0.0000000000
129913  44.266  26.451  38.149 0.0000000000
96436  43.745  26.489  39.306 0.0000000000
122584  42.811  26.839  39.108 0.0000000000
123765  43.150  26.482  39.985 0.0000000000
96462  32.198  25.861  37.193 0.0000000000
97161  32.500  26.816  36.835 0.0000000000
97190  33.537  27.064  33.893 0.0000000000
141851  33.098  26.646  34.335 0.0000000000
97869  33.710  27.704  35.164 0.0000000000
97843  34.330  28.901  37.374 0.0000000000
97844  33.508  28.467  36.969 0.0000000000
97832  33.662  28.545  38.004 0.0000000000
97147  33.150  27.906  38.562 0.0000000000
97131  33.519  27.725  39.503 0.0000000000
97130  34.311  28.066  39.782 0.0000000000
97795  36.043  28.130  40.051 0.0000000000
97110  35.522  27.610  40.488 0.0000000000
125367  35.818  27.120  40.948 0.0000000000
96421  36.565  26.805  41.149 0.0000000000
101901  46.529  35.148  30.687 0.0000000000
103103  45.912  36.209  30.145 0.0000000000
103096  43.678  37.076  31.206 0.0000000000
103741  44.306  37.812  30.204 0.0000000000
103105  43.622  38.037  30.739 0.0000000000
122264  42.927  38.680  30.503 0.0000000000
102421  46.377  36.710  37.817 0.0000000000
132787  47.073  35.880  37.567 0.0000000000
102420  47.473  36.442  38.088 0.0000000000
101819  48.204  36.049  38.679 0.0000000000
101264  47.071  35.047  39.434 0.0000000000
101800  44.820  35.089  39.995 0.0000000000
101810  42.794  35.233  39.464 0.0000000000
107595  39.036  44.697  34.802 0.0000000000
137669  39.036  45.110  35.869 0.0000000000
107561  40.246  44.761  36.839 0.0000000000
106944  41.694  44.545  37.323 0.0000000000
105072  43.133  40.852  38.587 0.0000000000
105775  42.754  41.404  38.229 0.0000000000
105085  43.207  41.281  37.856 0.0000000000
104372  42.966  40.761  37.187 0.0000000000
104371  43.604  40.570  37.898 0.0000000000
103675  45.666  39.115  38.734 0.0000000000
102422  44.996  36.783  37.521 0.0000000000
96379  48.062  27.306  42.505 0.0000000000
96380  48.084  27.028  42.229 0.0000000000
95059  48.731  24.961  43.797 0.0000000000
95060  47.720  24.993  43.680 0.0000000000
94428  46.676  23.581  43.961 0.0000000000
93772  47.919  22.914  43.750 0.0000000000
93030  48.646  21.939  45.575 0.0000000000
93765  49.240  22.674  44.910 0.0000000000
93038  49.068  21.810  44.411 0.0000000000
92249  48.326  20.070  42.085 0.0000000000
92248  48.838  20.464  42.613 0.0000000000
92261  48.745  20.450  41.943 0.0000000000
92274  48.302  20.336  41.325 0.0000000000
92262  48.241  20.033  41.275 0.0000000000
92275  47.356  19.913  40.287 0.0000000000
91451  47.098  19.579  39.990 0.0000000000
98592  37.770  28.595  27.986 0.0000000000
97951  37.492  27.780  28.055 0.0000000000
98605  38.285  27.952  27.904 0.0000000000
97236  41.330  27.313  28.067 0.0000000000
97237  40.482  27.479  28.463 0.0000000000
96527  41.566  26.623  28.520 0.0000000000
97223  41.463  26.559  29.555 0.0000000000
122121  42.422  25.873  29.684 0.0000000000
132580  44.716  28.143  31.236 0.0000000000
97222  44.218  27.386  29.533 0.0000000000
97924  45.199  27.502  30.318 0.0000000000
95798  46.430  25.570  30.729 0.0000000000
95804  45.648  25.673  29.838 0.0000000000
95799  45.500  25.395  30.705 0.0000000000
95793  44.523  25.408  30.978 0.0000000000
95792  45.202  25.339  31.814 0.0000000000
96505  44.972  25.268  32.763 0.0000000000
123303  46.026  24.517  32.856 0.0000000000
96488  47.728  24.777  34.951 0.0000000000
124783  47.541  24.482  34.663 0.0000000000
125939  47.400  25.352  36.077 0.0000000000
95766  47.421  25.500  36.971 0.0000000000
96467  47.635  25.730  36.988 0.0000000000
101310  48.278  34.173  36.400 0.0000000000
100753  48.316  33.144  35.731 0.0000000000
100752  48.862  33.084  35.925 0.0000000000
99697  46.847  31.590  36.110 0.0000000000
99696  48.128  31.847  35.831 0.0000000000
99707  47.154  31.091  35.547 0.0000000000
99151  47.068  30.505  35.135 0.0000000000
100209  42.609  32.186  37.222 0.0000000000
100208  43.302  32.147  36.965 0.0000000000
99700  42.833  31.533  36.954 0.0000000000
98514  43.600  29.787  36.405 0.0000000000
98513  44.034  29.273  35.864 0.0000000000
97863  44.594  28.898  35.301 0.0000000000
97852  44.525  28.543  36.077 0.0000000000
97862  45.098  27.981  35.350 0.0000000000
129839  44.795  28.391  36.922 0.0000000000
97806  45.930  28.561  39.315 0.0000000000
97823  47.076  28.098  38.953 0.0000000000
97142  47.865  27.282  38.650 0.0000000000
97123  47.784  27.612  39.399 0.0000000000
97789  47.752  27.837  40.287 0.0000000000
97790  47.295  28.315  40.751 0.0000000000
97760  45.597  28.112  43.178 0.0000000000
97772  46.201  28.264  42.454 0.0000000000
97084  46.153  27.776  43.775 0.0000000000
146176  46.622  27.502  44.266 0.0000000000
97073  45.520  27.598  44.694 0.0000000000
97763  42.314  28.588  43.300 0.0000000000
97762  43.351  28.360  43.501 0.0000000000
97753  42.559  28.421  44.181 0.0000000000
96347  43.832  26.743  45.958 0.0000000000
97060  43.836  27.438  45.447 0.0000000000
96346  44.745  26.521  46.319 0.0000000000
96358  45.611  27.007  46.228 0.0000000000
96345  45.570  26.393  46.755 0.0000000000
95660  45.859  25.427  47.630 0.0000000000
105835  43.012  41.653  30.581 0.0000000000
105836  41.928  41.771  30.305 0.0000000000
133348  42.509  41.160  29.842 0.0000000000
105197  44.244  40.258  29.593 0.0000000000
105188  46.046  40.972  30.064 0.0000000000
133559  45.975  40.548  29.574 0.0000000000
105196  46.265  40.119  29.735 0.0000000000
123674  46.858  39.261  29.430 0.0000000000
104459  47.026  39.402  30.759 0.0000000000
105129  42.301  40.340  34.644 0.0000000000
105800  42.933  41.958  34.668 0.0000000000
105128  42.855  40.936  34.387 0.0000000000
105150  44.896  40.479  33.388 0.0000000000
143509  44.095  41.066  33.611 0.0000000000
105814  45.277  41.444  33.489 0.0000000000
105148  46.886  41.418  33.094 0.0000000000
105821  47.321  41.717  32.926 0.0000000000
104414  46.323  40.317  32.663 0.0000000000
103719  47.169  38.648  32.422 0.0000000000
129890  47.074  37.737  32.360 0.0000000000
126354  47.525  37.534  31.806 0.0000000000
145104  47.345  37.255  31.902 0.0000000000
102473  47.236  35.328  31.150 0.0000000000
103086  46.706  36.669  31.796 0.0000000000
102466  44.194  35.494  32.386 0.0000000000
102465  45.065  35.608  32.044 0.0000000000
101883  43.939  34.692  31.965 0.0000000000
101346  43.613  34.437  31.975 0.0000000000
146890  43.103  34.139  32.023 0.0000000000
122655  41.253  33.694  33.871 0.0000000000
99725  41.067  31.904  32.120 0.0000000000
100256  41.485  32.737  31.244 0.0000000000
100782  41.783  33.370  31.485 0.0000000000
136162  41.144  32.867  30.584 0.0000000000
99207  39.982  30.057  28.963 0.0000000000
99196  39.715  30.699  29.576 0.0000000000
99208  39.363  29.960  28.761 0.0000000000
99209  38.312  29.670  28.712 0.0000000000
97928  37.989  27.732  29.318 0.0000000000
123283  37.618  28.161  30.108 0.0000000000
133071  38.528  28.401  30.669 0.0000000000
97891  39.310  28.698  33.530 0.0000000000
97892  38.913  29.028  32.679 0.0000000000
97880  38.760  28.984  34.339 0.0000000000
98534  37.991  29.500  34.733 0.0000000000
125368  38.582  29.190  35.145 0.0000000000
97177  42.427  27.303  35.995 0.0000000000
97188  41.480  27.921  34.794 0.0000000000
97169  41.688  27.608  36.589 0.0000000000
97146  39.991  28.078  38.676 0.0000000000
97826  39.478  28.414  38.080 0.0000000000
97841  38.884  28.804  37.554 0.0000000000
97827  38.732  28.660  38.413 0.0000000000
97828  37.970  28.828  38.703 0.0000000000
97809  38.504  28.393  39.238 0.0000000000
96395  38.953  26.325  41.511 0.0000000000
96419  38.446  26.907  41.100 0.0000000000
96396  38.032  26.208  41.493 0.0000000000
95721  37.608  25.362  41.600 0.0000000000
125625  38.196  24.731  41.782 0.0000000000
96389  45.987  26.449  41.161 0.0000000000
95700  45.666  25.938  42.930 0.0000000000
95063  43.793  24.286  43.457 0.0000000000
95702  43.580  25.367  42.634 0.0000000000
95066  43.251  24.738  43.107 0.0000000000
95715  43.086  25.795  42.059 0.0000000000
95703  42.697  25.207  42.596 0.0000000000
93090  43.517  21.243  40.035 0.0000000000
93064  43.463  22.093  41.991 0.0000000000
93075  43.338  21.686  41.176 0.0000000000
98581  34.054  29.172  30.050 0.0000000000
97919  34.237  27.881  31.335 0.0000000000
97918  34.768  27.797  30.806 0.0000000000
97904  35.422  27.977  31.314 0.0000000000
98572  36.316  28.462  31.402 0.0000000000
99755  38.342  31.140  30.161 0.0000000000
99744  37.859  31.760  30.805 0.0000000000
99746  36.021  31.270  31.267 0.0000000000
99747  35.147  31.080  31.255 0.0000000000
99184  34.659  30.575  30.213 0.0000000000
99185  34.109  30.446  30.373 0.0000000000
94393  47.565  23.062  49.776 0.0000000000
93752  47.871  22.318  48.625 0.0000000000
124166  47.768  21.818  49.186 0.0000000000
93002  47.120  21.254  49.227 0.0000000000
93011  45.942  21.194  48.768 0.0000000000
100231  43.623  32.226  34.931 0.0000000000
99161  43.743  30.931  34.268 0.0000000000
99715  44.281  31.570  34.590 0.0000000000
99714  45.598  31.539  34.595 0.0000000000
100229  46.233  32.096  34.910 0.0000000000
100710  39.464  33.595  39.566 0.0000000000
100182  39.939  33.235  39.018 0.0000000000
99669  38.884  32.494  39.902 0.0000000000
99101  39.237  30.572  41.302 0.0000000000
101837  42.656  36.603  37.334 0.0000000000
102436  41.991  37.131  37.070 0.0000000000
101855  42.521  35.735  36.949 0.0000000000
144446  41.914  34.588  35.743 0.0000000000
100219  42.886  32.891  35.278 0.0000000000
96468  46.050  25.397  36.947 0.0000000000
96469  44.779  25.943  36.561 0.0000000000
96458  46.053  25.499  37.771 0.0000000000
123479  45.226  26.126  38.993 0.0000000000
96435  45.122  26.128  39.695 0.0000000000
97868  34.200  28.464  35.527 0.0000000000
98519  34.732  29.020  35.972 0.0000000000
97831  34.554  28.800  38.323 0.0000000000
97813  34.839  28.550  39.190 0.0000000000
97830  35.452  28.914  38.528 0.0000000000
97812  35.740  28.573  39.323 0.0000000000
97811  36.620  28.525  39.437 0.0000000000
101891  44.684  35.193  31.327 0.0000000000
103095  44.554  35.950  30.869 0.0000000000
102475  43.965  35.356  31.116 0.0000000000
103097  42.408  37.386  31.230 0.0000000000
146885  32.260  30.931  34.154 0.0000000000
99164  31.038  29.866  34.463 0.0000000000
97884  30.895  28.695  34.198 0.0000000000
103035  46.974  38.982  38.861 0.0000000000
103044  47.051  37.552  38.536 0.0000000000
103034  47.652  38.297  38.969 0.0000000000
103013  47.891  37.722  39.978 0.0000000000
104357  41.637  40.003  38.697 0.0000000000
105074  41.209  40.575  38.263 0.0000000000
104356  42.541  40.370  38.825 0.0000000000
104355  43.801  40.576  38.725 0.0000000000
104370  44.306  40.269  38.498 0.0000000000
103663  45.336  40.181  39.099 0.0000000000
103662  46.401  39.776  39.391 0.0000000000
96374  48.243  26.637  43.491 0.0000000000
96373  48.831  26.032  43.885 0.0000000000
95689  49.029  25.473  44.014 0.0000000000
94426  49.367  23.256  43.867 0.0000000000
93040  47.256  21.299  45.331 0.0000000000
93048  48.121  20.945  44.226 0.0000000000
92239  46.354  20.776  44.110 0.0000000000
92250  46.740  20.382  42.893 0.0000000000
98589  40.404  29.250  28.601 0.0000000000
98603  40.161  28.484  28.224 0.0000000000
98602  41.001  28.465  28.251 0.0000000000
97947  41.558  27.690  28.031 0.0000000000
134192  43.173  27.096  28.091 0.0000000000
97899  46.628  28.746  31.904 0.0000000000
97216  46.363  27.186  30.488 0.0000000000
97909  47.454  27.857  31.453 0.0000000000
95797  47.172  26.168  30.920 0.0000000000
127432  46.804  25.505  31.781 0.0000000000
95127  47.171  24.109  33.567 0.0000000000
96498  47.216  25.178  33.417 0.0000000000
96489  47.460  25.207  34.258 0.0000000000
96479  47.301  25.648  35.127 0.0000000000
101300  48.308  33.889  37.621 0.0000000000
100733  48.591  33.203  37.074 0.0000000000
100194  47.754  32.746  37.006 0.0000000000
100206  46.115  32.323  36.676 0.0000000000
99698  45.230  31.429  36.372 0.0000000000
99128  42.271  30.648  38.170 0.0000000000
99136  42.525  30.945  37.242 0.0000000000
99127  42.857  30.070  37.802 0.0000000000
125573  43.458  29.530  38.084 0.0000000000
98502  43.997  29.122  37.920 0.0000000000
97839  44.737  28.561  37.766 0.0000000000
97825  44.714  28.770  38.779 0.0000000000
141595  45.898  28.797  39.944 0.0000000000
97791  46.209  28.689  40.507 0.0000000000
97783  45.365  28.757  41.120 0.0000000000
97761  44.449  28.194  43.310 0.0000000000
143155  42.380  27.735  45.213 0.0000000000
97076  42.842  28.136  44.868 0.0000000000
97062  42.006  27.165  45.572 0.0000000000
141083  42.914  26.411  46.311 0.0000000000
106420  43.610  42.517  31.204 0.0000000000
105834  44.460  41.842  30.775 0.0000000000
105844  45.002  40.960  30.194 0.0000000000
105833  45.798  42.096  30.573 0.0000000000
128307  46.071  41.998  30.509 0.0000000000
125566  46.429  41.362  31.223 0.0000000000
139304  43.611  46.353  37.017 0.0000000000
108212  43.531  46.253  36.494 0.0000000000
108205  44.250  46.209  36.823 0.0000000000
106964  44.353  44.382  35.707 0.0000000000
103704  41.749  38.741  34.230 0.0000000000
105152  42.734  40.097  33.858 0.0000000000
104418  42.475  39.114  33.697 0.0000000000
104417  43.476  39.390  33.472 0.0000000000
104416  44.659  39.584  33.379 0.0000000000
104415  45.656  39.843  33.106 0.0000000000
103711  45.543  38.970  33.120 0.0000000000
103079  45.247  38.031  32.888 0.0000000000
145266  45.745  36.427  32.013 0.0000000000
103088  44.995  36.808  32.567 0.0000000000
101876  43.419  35.115  32.596 0.0000000000
99724  41.133  31.616  33.119 0.0000000000
128155  41.204  32.386  33.197 0.0000000000
99733  40.899  31.503  31.135 0.0000000000
99743  40.528  31.782  30.473 0.0000000000
99183  40.610  30.896  30.761 0.0000000000
98580  40.486  29.849  29.471 0.0000000000
97913  40.369  27.682  31.059 0.0000000000
97903  39.199  28.697  31.784 0.0000000000
125686  39.887  28.215  31.813 0.0000000000
134618  40.124  28.306  33.469 0.0000000000
97157  42.268  27.251  37.800 0.0000000000
147844  41.162  27.818  37.022 0.0000000000
97145  41.510  27.479  38.323 0.0000000000
147472  40.404  27.817  39.162 0.0000000000
97126  39.830  27.901  39.473 0.0000000000
97127  39.078  27.945  39.740 0.0000000000
97106  39.690  27.526  40.247 0.0000000000
96418  39.387  26.957  40.947 0.0000000000
95719  39.407  25.653  41.886 0.0000000000
95062  45.434  24.592  43.702 0.0000000000
95695  44.979  25.162  43.267 0.0000000000
144530  44.494  24.543  43.484 0.0000000000
94430  44.551  23.705  43.583 0.0000000000
94431  43.598  23.620  43.344 0.0000000000
123321  32.569  27.816  32.980 0.0000000000
97212  33.052  27.415  32.876 0.0000000000
97201  33.663  27.429  33.003 0.0000000000
135917  34.117  27.582  33.503 0.0000000000
97894  34.471  27.848  32.666 0.0000000000
97881  35.005  28.812  34.440 0.0000000000
123548  35.594  29.401  34.931 0.0000000000
98528  36.353  29.660  35.482 0.0000000000
129942  40.810  34.019  30.678 0.0000000000
101348  41.358  34.550  31.186 0.0000000000
101349  39.842  33.969  30.927 0.0000000000
100250  38.361  32.865  31.674 0.0000000000
99735  34.803  31.436  32.006 0.0000000000
99736  33.923  31.318  32.198 0.0000000000
99179  32.778  30.487  32.425 0.0000000000
98565  32.664  29.299  32.262 0.0000000000
104358  40.600  39.667  38.475 0.0000000000
103651  42.630  38.990  39.461 0.0000000000
95669  47.445  25.391  46.680 0.0000000000
95053  48.317  25.107  45.772 0.0000000000
95045  47.838  24.348  46.636 0.0000000000
94413  48.312  23.350  46.520 0.0000000000
93761  48.161  22.040  46.676 0.0000000000
93755  47.886  22.218  47.670 0.0000000000
93019  47.485  21.684  47.109 0.0000000000
93031  47.759  21.610  46.060 0.0000000000
145002  46.487  21.267  45.726 0.0000000000
93042  44.606  21.315  45.404 0.0000000000
98561  41.866  29.617  32.220 0.0000000000
98568  42.291  29.048  31.786 0.0000000000
97901  42.941  28.743  32.144 0.0000000000
98559  43.617  29.134  32.603 0.0000000000
97900  44.884  28.644  32.105 0.0000000000
99169  44.533  30.322  33.778 0.0000000000
98544  45.484  29.682  33.280 0.0000000000
98558  45.663  29.187  32.537 0.0000000000
98556  47.793  28.989  33.215 0.0000000000
97875  47.495  29.497  33.508 0.0000000000
101283  43.247  34.247  38.129 0.0000000000
100736  43.567  33.600  37.638 0.0000000000
100720  42.650  33.685  37.787 0.0000000000
100198  42.131  32.595  37.482 0.0000000000
99680  41.411  31.853  38.070 0.0000000000
99681  40.637  32.225  38.512 0.0000000000
99666  40.973  31.413  38.824 0.0000000000
99129  41.679  31.049  38.541 0.0000000000
99116  42.164  30.423  39.071 0.0000000000
99108  41.998  30.140  39.921 0.0000000000
98469  42.566  29.659  40.502 0.0000000000
98459  43.238  29.277  41.077 0.0000000000
98460  42.272  29.502  41.351 0.0000000000
97775  42.306  28.828  42.553 0.0000000000
147004  41.711  28.677  43.475 0.0000000000
97765  40.413  28.729  43.799 0.0000000000
97754  41.053  28.408  44.189 0.0000000000
97063  41.292  27.428  45.225 0.0000000000
96361  40.575  26.923  45.677 0.0000000000
95676  40.466  25.626  46.806 0.0000000000
107621  46.099  45.229  30.702 0.0000000000
133518  42.456  41.579  35.985 0.0000000000
105112  42.217  40.575  35.454 0.0000000000
105130  41.787  39.783  35.175 0.0000000000
104403  41.389  39.061  34.966 0.0000000000
103055  41.629  37.599  36.650 0.0000000000
103693  41.282  38.408  35.595 0.0000000000
103705  41.323  38.369  34.804 0.0000000000
103074  41.633  37.928  34.305 0.0000000000
135418  41.578  37.233  34.492 0.0000000000
102453  41.990  36.560  34.306 0.0000000000
101870  42.332  35.669  33.941 0.0000000000
101329  41.301  34.314  34.513 0.0000000000
100757  41.462  33.918  35.237 0.0000000000
99723  41.789  31.364  33.726 0.0000000000
137714  43.242  26.653  33.721 0.0000000000
97198  42.416  27.126  33.340 0.0000000000
96491  43.456  26.653  34.626 0.0000000000
96482  42.926  27.053  35.229 0.0000000000
96471  43.044  26.900  36.551 0.0000000000
96470  43.792  26.540  36.978 0.0000000000
96461  42.978  26.926  37.370 0.0000000000
97144  42.265  27.171  38.527 0.0000000000
96437  42.205  26.799  39.996 0.0000000000
93073  46.488  21.090  40.824 0.0000000000
93062  45.296  21.674  41.925 0.0000000000
93089  45.856  20.835  39.602 0.0000000000
96452  32.201  26.285  38.481 0.0000000000
96483  32.903  26.534  35.067 0.0000000000
97856  33.557  28.152  35.969 0.0000000000
97171  32.960  27.628  36.407 0.0000000000
97172  32.630  26.649  35.895 0.0000000000
96438  33.201  26.903  39.842 0.0000000000
97111  34.746  27.598  40.346 0.0000000000
96422  35.085  27.071  40.849 0.0000000000
95083  35.915  25.630  41.129 0.0000000000
103104  45.023  36.878  30.420 0.0000000000
103114  45.208  37.372  29.583 0.0000000000
101895  40.799  35.473  31.452 0.0000000000
146586  41.328  35.971  31.421 0.0000000000
100745  45.687  33.815  36.226 0.0000000000
101311  46.625  34.450  36.486 0.0000000000
101851  47.471  35.134  36.994 0.0000000000
101850  48.434  34.535  37.139 0.0000000000
102419  48.041  36.206  38.321 0.0000000000
101832  48.241  35.289  37.960 0.0000000000
101279  48.303  34.681  37.745 0.0000000000
101280  47.697  34.496  38.398 0.0000000000
136216  43.832  34.598  38.497 0.0000000000
101266  43.113  34.960  38.771 0.0000000000
101267  42.165  34.984  38.946 0.0000000000
138968  40.600  34.416  39.657 0.0000000000
107582  41.151  44.832  36.124 0.0000000000
107572  39.691  45.052  36.333 0.0000000000
107571  41.001  44.968  36.727 0.0000000000
107570  42.001  46.073  37.168 0.0000000000
107559  42.396  45.606  37.469 0.0000000000
132482  42.774  44.189  37.359 0.0000000000
105086  41.936  41.454  38.202 0.0000000000
105780  42.217  42.070  37.634 0.0000000000
106363  42.181  42.859  37.149 0.0000000000
105788  42.503  42.420  36.932 0.0000000000
105100  42.705  41.578  37.188 0.0000000000
128121  43.078  39.953  37.194 0.0000000000
143781  42.921  38.401  37.339 0.0000000000
103047  43.713  38.315  37.598 0.0000000000
102423  43.677  37.186  37.478 0.0000000000
101835  44.881  35.811  37.146 0.0000000000
96432  47.897  27.092  39.799 0.0000000000
96411  47.315  26.773  40.478 0.0000000000
96388  47.576  26.924  41.448 0.0000000000
96376  47.206  26.379  42.885 0.0000000000
95693  47.770  26.017  43.339 0.0000000000
133411  46.470  25.098  43.803 0.0000000000
95061  46.426  24.264  44.068 0.0000000000
93773  46.514  22.830  43.487 0.0000000000
93782  46.507  22.033  42.603 0.0000000000
94419  49.191  23.669  44.924 0.0000000000
94421  49.526  23.287  44.174 0.0000000000
93771  49.281  22.072  43.322 0.0000000000
93047  48.852  21.082  43.840 0.0000000000
93055  49.237  21.115  42.748 0.0000000000
93780  49.044  21.656  42.751 0.0000000000
93060  48.771  20.993  41.846 0.0000000000
93061  47.874  21.188  41.548 0.0000000000
138467  46.432  21.456  41.765 0.0000000000
93088  47.209  20.226  39.782 0.0000000000
138438  36.030  29.012  28.679 0.0000000000
97941  36.485  28.021  28.761 0.0000000000
97952  37.001  27.878  28.222 0.0000000000
97939  37.621  27.472  28.497 0.0000000000
97232  38.343  27.529  28.483 0.0000000000
97948  39.749  27.875  28.323 0.0000000000
97231  39.140  27.608  28.639 0.0000000000
129998  39.698  27.430  29.176 0.0000000000
96511  41.968  26.425  30.595 0.0000000000
139717  42.361  26.494  31.372 0.0000000000
127886  43.189  28.123  30.057 0.0000000000
140872  43.318  27.499  28.906 0.0000000000
96531  43.570  26.830  28.155 0.0000000000
97221  45.229  26.620  29.491 0.0000000000
96524  44.634  26.237  28.811 0.0000000000
95810  43.802  25.951  28.503 0.0000000000
95800  43.348  25.433  29.763 0.0000000000
96509  43.640  25.511  30.762 0.0000000000
96501  43.159  26.478  32.682 0.0000000000
96500  44.088  26.176  33.118 0.0000000000
134761  45.231  25.198  34.241 0.0000000000
95776  45.680  25.155  35.064 0.0000000000
95785  46.866  23.911  33.678 0.0000000000
95775  47.106  24.434  35.044 0.0000000000
95759  46.961  25.326  37.232 0.0000000000
95758  47.527  25.666  37.457 0.0000000000
100754  46.434  33.154  35.800 0.0000000000
100216  46.996  32.499  35.523 0.0000000000
100228  47.479  32.063  35.157 0.0000000000
100204  48.732  32.401  36.097 0.0000000000
99695  48.317  31.999  35.709 0.0000000000
99149  47.652  31.344  34.960 0.0000000000
99158  47.487  30.518  34.469 0.0000000000
98532  47.795  29.959  34.132 0.0000000000
98533  46.871  29.469  34.191 0.0000000000
100196  43.934  32.869  37.241 0.0000000000
100207  44.449  32.150  36.805 0.0000000000
99143  43.082  30.930  36.687 0.0000000000
99142  43.650  30.516  36.365 0.0000000000
99141  44.525  30.617  36.046 0.0000000000
143722  45.252  29.958  35.398 0.0000000000
98525  45.218  29.241  34.913 0.0000000000
97176  45.825  27.433  34.598 0.0000000000
97167  46.300  26.817  35.577 0.0000000000
97838  45.614  27.974  37.519 0.0000000000
97156  46.610  27.337  37.313 0.0000000000
97166  47.295  26.528  36.884 0.0000000000
97155  47.672  26.963  37.889 0.0000000000
97154  47.983  26.758  38.327 0.0000000000
97103  47.849  27.561  40.612 0.0000000000
97780  47.967  27.932  41.158 0.0000000000
97094  48.183  27.888  41.912 0.0000000000
146840  46.659  28.350  41.855 0.0000000000
97771  47.520  28.138  42.264 0.0000000000
97088  47.959  27.762  42.694 0.0000000000
139488  47.539  27.230  44.164 0.0000000000
96372  47.299  26.891  44.970 0.0000000000
96357  47.060  26.656  45.718 0.0000000000
123768  43.970  28.455  42.562 0.0000000000
97751  44.019  28.130  44.194 0.0000000000
97075  43.722  27.974  44.952 0.0000000000
97074  44.526  27.813  44.664 0.0000000000
97058  45.551  27.351  45.582 0.0000000000
96344  46.372  26.592  46.470 0.0000000000
95670  46.747  25.952  46.820 0.0000000000
95659  46.714  25.374  47.521 0.0000000000
95035  46.965  24.749  48.147 0.0000000000
95027  46.755  24.406  48.681 0.0000000000
94404  47.137  23.741  49.201 0.0000000000
133294  45.170  39.291  28.340 0.0000000000
127672  45.521  40.374  29.626 0.0000000000
104485  46.159  39.686  28.495 0.0000000000
104484  46.736  39.262  27.996 0.0000000000
103764  47.158  38.778  28.433 0.0000000000
103750  47.556  37.436  28.948 0.0000000000
134786  47.809  36.896  29.824 0.0000000000
107607  46.385  44.723  32.247 0.0000000000
107606  47.047  44.370  32.569 0.0000000000
147049  43.313  40.762  33.871 0.0000000000
106971  47.198  43.758  33.748 0.0000000000
106408  47.233  43.489  32.088 0.0000000000
106406  47.196  42.679  32.079 0.0000000000
138088  46.828  41.223  32.231 0.0000000000
105178  46.842  40.489  32.026 0.0000000000
104429  46.426  39.243  32.791 0.0000000000
104428  46.784  39.774  32.386 0.0000000000
104444  47.190  39.533  31.891 0.0000000000
103739  47.934  37.104  30.646 0.0000000000
103102  48.290  35.845  30.299 0.0000000000
102472  47.875  35.391  30.938 0.0000000000
101881  45.072  35.350  31.441 0.0000000000
101892  44.083  34.826  31.688 0.0000000000
131553  42.903  35.600  33.237 0.0000000000
101877  42.662  34.721  33.165 0.0000000000
143704  42.608  33.940  32.512 0.0000000000
100771  41.255  33.025  33.189 0.0000000000
100770  41.629  33.457  32.859 0.0000000000
101340  42.473  33.604  32.053 0.0000000000
101347  42.220  33.780  31.580 0.0000000000
143710  41.552  33.783  31.046 0.0000000000
100258  39.913  32.500  30.398 0.0000000000
99753  40.105  31.687  30.206 0.0000000000
99754  39.435  31.427  30.069 0.0000000000
99198  37.623  30.257  29.402 0.0000000000
99210  36.587  29.549  28.742 0.0000000000
137620  36.443  27.774  29.718 0.0000000000
97916  36.785  28.129  30.424 0.0000000000
98563  36.839  29.263  32.471 0.0000000000
144962  38.368  29.066  31.846 0.0000000000
98562  37.944  29.350  32.805 0.0000000000
98535  37.245  29.865  34.186 0.0000000000
98527  37.206  29.757  35.216 0.0000000000
98516  37.434  29.622  36.173 0.0000000000
126859  41.948  27.514  34.168 0.0000000000
97189  40.669  28.262  34.385 0.0000000000
97878  40.064  28.555  35.296 0.0000000000
97159  40.574  28.141  37.042 0.0000000000
97864  40.321  28.427  36.242 0.0000000000
97865  39.543  28.819  36.069 0.0000000000
97866  38.786  29.152  35.846 0.0000000000
130418  37.752  29.542  36.843 0.0000000000
98505  37.521  29.488  37.539 0.0000000000
98495  37.555  29.250  38.249 0.0000000000
97794  36.879  28.031  40.152 0.0000000000
97128  38.251  27.931  39.985 0.0000000000
97108  37.961  27.439  40.666 0.0000000000
127633  37.142  27.438  40.720 0.0000000000
96397  37.137  26.097  41.409 0.0000000000
96412  46.046  26.316  40.058 0.0000000000
96413  44.934  26.154  40.461 0.0000000000
95701  44.551  25.568  42.635 0.0000000000
95714  44.040  25.971  42.047 0.0000000000
143657  44.122  26.196  40.732 0.0000000000
133484  42.649  26.094  41.550 0.0000000000
96392  41.932  26.197  41.406 0.0000000000
93063  44.305  21.892  42.026 0.0000000000
93784  43.762  22.464  42.636 0.0000000000
94437  42.842  23.648  43.052 0.0000000000
93076  42.475  21.718  40.942 0.0000000000
93785  42.594  22.992  42.609 0.0000000000
124110  42.092  23.614  42.696 0.0000000000
95704  41.826  25.004  42.515 0.0000000000
95717  41.200  25.489  42.078 0.0000000000
95718  40.318  25.649  41.905 0.0000000000
95706  39.809  25.065  42.242 0.0000000000
93003  45.363  20.779  49.326 0.0000000000
93012  44.173  21.261  48.510 0.0000000000
93013  43.234  21.387  48.101 0.0000000000
93023  43.475  21.558  47.232 0.0000000000
91450  47.176  19.634  39.187 0.0000000000
92199  44.366  20.811  49.204 0.0000000000
92236  49.169  20.775  42.965 0.0000000000
92237  48.732  20.659  43.365 0.0000000000
92260  49.060  20.685  42.429 0.0000000000
93001  48.053  21.686  49.942 0.0000000000
93010  46.968  21.417  48.467 0.0000000000
93022  44.209  21.517  47.715 0.0000000000
93024  42.753  21.417  47.460 0.0000000000
93041  45.700  21.272  45.781 0.0000000000
93046  49.246  21.519  43.400 0.0000000000
93049  46.320  21.149  45.079 0.0000000000
93074  45.203  21.391  40.940 0.0000000000
93750  47.957  22.257  49.456 0.0000000000
93760  48.584  22.542  46.112 0.0000000000
94427  49.039  23.774  43.889 0.0000000000
94436  43.313  23.055  42.943 0.0000000000
95044  48.527  24.016  45.783 0.0000000000
95052  48.894  24.528  45.062 0.0000000000
95058  49.014  24.722  44.019 0.0000000000
95067  42.453  24.403  42.918 0.0000000000
95122  47.374  23.958  33.883 0.0000000000
95683  48.821  25.322  44.691 0.0000000000
95691  48.927  25.522  43.900 0.0000000000
95757  47.739  26.000  37.949 0.0000000000
95765  47.698  25.819  37.372 0.0000000000
95774  47.577  24.794  35.225 0.0000000000
95780  47.344  23.997  34.109 0.0000000000
95781  46.534  24.054  34.217 0.0000000000
95784  47.304  24.404  33.530 0.0000000000
95790  47.022  24.980  32.727 0.0000000000
95791  46.650  24.613  32.848 0.0000000000
95805  44.912  25.747  29.074 0.0000000000
95806  44.013  25.617  29.073 0.0000000000
95809  44.386  25.970  28.598 0.0000000000
95811  43.255  26.418  28.275 0.0000000000
96343  47.418  26.157  46.052 0.0000000000
96349  40.357  26.321  46.260 0.0000000000
96387  48.113  27.549  41.770 0.0000000000
96390  44.577  26.197  41.297 0.0000000000
96410  47.779  27.380  40.951 0.0000000000
96414  43.491  26.314  40.600 0.0000000000
96450  43.604  26.654  38.546 0.0000000000
96456  47.897  26.494  38.150 0.0000000000
96457  47.814  26.237  37.715 0.0000000000
96460  43.688  26.651  37.774 0.0000000000
96492  42.670  27.102  34.373 0.0000000000
96499  44.812  25.495  33.547 0.0000000000
96504  47.214  26.263  31.760 0.0000000000
96517  46.453  26.040  30.200 0.0000000000
96518  45.588  26.030  29.439 0.0000000000
96519  40.837  26.981  28.754 0.0000000000
96525  44.085  26.505  28.361 0.0000000000
96532  42.654  26.952  27.919 0.0000000000
96533  41.774  26.865  27.927 0.0000000000
96534  41.209  27.042  28.305 0.0000000000
97057  46.347  27.126  45.832 0.0000000000
97059  44.624  27.539  45.216 0.0000000000
97061  43.145  27.787  45.238 0.0000000000
97078  40.734  27.896  44.661 0.0000000000
97083  47.412  27.618  43.528 0.0000000000
97141  48.151  27.001  38.910 0.0000000000
97158  41.631  27.531  37.396 0.0000000000
97170  41.044  28.021  36.367 0.0000000000
97178  41.639  27.786  35.714 0.0000000000
97191  33.416  26.955  34.644 0.0000000000
97199  41.591  27.552  33.385 0.0000000000
97209  40.454  27.919  32.442 0.0000000000
97215  47.570  27.158  31.399 0.0000000000
97217  39.836  27.589  30.042 0.0000000000
97229  42.322  27.440  27.982 0.0000000000
97230  39.991  27.429  28.789 0.0000000000
97238  38.596  27.627  28.357 0.0000000000
97756  39.700  28.538  44.244 0.0000000000
97764  41.217  28.718  43.612 0.0000000000
97773  45.052  28.443  42.538 0.0000000000
97776  41.618  28.887  42.935 0.0000000000
97782  46.455  28.535  41.255 0.0000000000
97785  42.713  29.020  41.897 0.0000000000
97840  40.225  28.113  37.827 0.0000000000
97854  38.908  28.972  36.680 0.0000000000
97879  39.244  28.887  35.182 0.0000000000
97889  47.024  27.770  32.940 0.0000000000
97908  47.774  27.712  31.718 0.0000000000
97911  43.977  28.014  30.705 0.0000000000
97914  39.507  28.112  30.868 0.0000000000
97930  35.841  28.150  29.544 0.0000000000
97932  34.565  28.494  29.931 0.0000000000
97933  34.059  28.379  30.682 0.0000000000
97937  42.616  27.631  28.400 0.0000000000
97938  41.851  28.234  28.435 0.0000000000
97940  37.147  27.571  28.507 0.0000000000
97949  38.738  27.745  28.252 0.0000000000
98443  40.829  29.095  43.129 0.0000000000
98450  41.922  29.266  42.139 0.0000000000
98468  43.368  29.402  40.267 0.0000000000
98477  44.132  29.192  39.343 0.0000000000
98496  36.884  29.416  38.140 0.0000000000
98503  43.417  29.611  37.288 0.0000000000
98504  38.276  29.300  37.193 0.0000000000
98506  36.677  29.584  37.350 0.0000000000
98515  38.230  29.389  36.393 0.0000000000
98524  47.506  30.335  34.494 0.0000000000
98548  37.307  29.616  33.373 0.0000000000
98560  42.615  29.388  32.522 0.0000000000
98570  37.592  29.125  31.967 0.0000000000
98571  37.044  28.711  31.521 0.0000000000
98590  39.726  29.264  28.363 0.0000000000
98593  36.895  28.525  28.187 0.0000000000
98604  39.232  28.311  28.149 0.0000000000
99110  40.342  30.625  40.364 0.0000000000
99111  39.564  30.883  40.587 0.0000000000
99201  34.255  30.000  29.801 0.0000000000
99202  33.858  29.878  30.321 0.0000000000
99211  35.667  29.816  28.970 0.0000000000
99667  40.235  31.744  39.155 0.0000000000
99690  41.639  32.421  37.711 0.0000000000
99705  47.949  31.857  35.396 0.0000000000
99706  47.887  31.623  35.326 0.0000000000
99718  41.454  32.173  33.818 0.0000000000
100165  38.312  32.826  40.389 0.0000000000
100170  39.994  32.566  38.960 0.0000000000
100171  39.381  32.914  39.409 0.0000000000
100193  48.629  32.723  36.640 0.0000000000
100199  41.573  33.043  37.691 0.0000000000
100711  38.828  33.286  39.890 0.0000000000
100722  40.434  33.522  38.733 0.0000000000
100734  47.434  33.408  37.467 0.0000000000
100737  42.165  33.200  37.598 0.0000000000
100743  48.799  33.008  36.592 0.0000000000
101265  44.170  35.028  39.057 0.0000000000
101286  40.782  34.094  38.883 0.0000000000
101309  48.668  33.699  36.326 0.0000000000
101314  42.696  34.946  36.493 0.0000000000
101315  41.926  35.399  36.339 0.0000000000
101321  44.290  34.000  36.127 0.0000000000
101852  45.700  35.206  36.820 0.0000000000
102409  48.034  37.112  38.865 0.0000000000
102410  47.768  37.100  38.665 0.0000000000
102460  42.629  36.467  33.531 0.0000000000
102483  48.251  35.062  30.467 0.0000000000
102484  45.406  35.464  30.901 0.0000000000
103024  47.605  38.646  39.571 0.0000000000
103048  42.209  37.963  36.989 0.0000000000
103056  41.287  37.641  36.109 0.0000000000
103094  47.526  36.478  31.421 0.0000000000
103639  47.018  39.352  40.086 0.0000000000
103729  47.740  37.514  31.325 0.0000000000
103740  47.409  38.344  30.639 0.0000000000
104354  44.589  40.548  39.164 0.0000000000
104393  41.913  39.984  35.888 0.0000000000
104472  45.999  40.287  29.038 0.0000000000
105070  43.805  40.620  38.589 0.0000000000
105071  43.468  40.797  38.440 0.0000000000
105774  43.236  41.207  38.224 0.0000000000
105812  47.199  42.086  33.534 0.0000000000
105813  46.739  41.860  33.686 0.0000000000
105825  47.046  41.862  32.010 0.0000000000
106375  43.210  43.697  35.865 0.0000000000
106395  43.566  42.356  34.278 0.0000000000
106417  46.814  43.922  30.392 0.0000000000
106943  42.773  44.807  37.576 0.0000000000
106984  47.266  43.859  32.592 0.0000000000
106996  47.169  44.331  31.406 0.0000000000
106997  46.890  44.593  30.642 0.0000000000
107012  46.588  44.582  30.554 0.0000000000
107557  43.863  46.173  37.172 0.0000000000
107558  43.405  45.658  37.388 0.0000000000
107569  44.215  45.681  37.053 0.0000000000
107596  38.359  44.938  34.807 0.0000000000
107605  47.083  44.438  31.875 0.0000000000
107620  46.786  45.057  31.122 0.0000000000
108200  43.089  46.177  37.216 0.0000000000
122122  41.183  27.085  30.716 0.0000000000
122541  39.364  27.704  28.546 0.0000000000
122634  41.923  27.196  27.817 0.0000000000
123066  41.825  46.032  36.792 0.0000000000
123154  46.214  26.418  30.076 0.0000000000
123767  39.783  44.486  34.482 0.0000000000
124287  43.110  22.582  42.458 0.0000000000
124537  40.675  27.803  38.475 0.0000000000
125054  47.517  19.762  40.774 0.0000000000
125216  41.015  33.500  38.205 0.0000000000
125331  46.396  20.768  40.037 0.0000000000
125356  45.051  21.368  48.176 0.0000000000
126137  41.771  28.546  43.966 0.0000000000
126311  42.029  38.372  31.187 0.0000000000
127115  46.641  39.739  39.814 0.0000000000
127323  46.963  25.433  32.757 0.0000000000
128455  37.207  29.660  36.883 0.0000000000
129999  43.036  26.206  31.616 0.0000000000
131200  46.345  38.649  27.484 0.0000000000
132343  37.157  28.953  38.806 0.0000000000
134036  42.101  26.165  28.961 0.0000000000
135691  44.939  21.152  48.821 0.0000000000
136793  45.101  26.129  38.268 0.0000000000
136896  44.047  21.672  41.390 0.0000000000
137969  41.333  27.870  34.016 0.0000000000
138052  45.580  45.049  30.969 0.0000000000
138086  42.154  31.837  37.472 0.0000000000
138119  35.671  28.666  28.867 0.0000000000
138411  43.722  28.468  31.800 0.0000000000
138464  46.018  33.685  37.582 0.0000000000
138818  43.154  26.897  35.880 0.0000000000
138886  47.131  20.969  44.458 0.0000000000
139008  47.489  28.650  32.233 0.0000000000
139045  44.630  29.296  32.782 0.0000000000
139868  45.535  25.869  47.187 0.0000000000
139915  48.553  33.595  35.967 0.0000000000
140635  38.618  29.116  33.465 0.0000000000
141081  42.725  46.309  36.864 0.0000000000
141798  42.978  25.758  28.889 0.0000000000
142548  47.446  30.985  34.379 0.0000000000
142638  44.511  26.283  39.390 0.0000000000
142961  37.564  27.866  40.228 0.0000000000
143245  47.665  25.073  35.445 0.0000000000
144147  41.374  34.707  39.330 0.0000000000
144723  36.895  29.707  35.832 0.0000000000
144755  46.693  39.471  28.529 0.0000000000
144843  34.548  27.195  40.566 0.0000000000
144969  44.285  21.549  46.930 0.0000000000
144989  46.464  19.364  40.131 0.0000000000
145257  41.878  35.871  36.636 0.0000000000
145580  41.572  25.891  41.733 0.0000000000
145890  48.221  35.315  38.228 0.0000000000
146094  36.099  29.107  33.053 0.0000000000
146435  35.385  27.752  30.747 0.0000000000
146834  44.502  29.437  35.496 0.0000000000
147918  38.344  32.386  31.081 0.0000000000
148076  40.516  25.117  42.273 0.0000000000
