#!ascii label  , from subject sub-v1s22x0050496_ses-1 vox2ras=TkReg
1158
48761  5.959  -30.340  76.650 0.0000000000
46975  -1.527  -31.531  64.761 0.0000000000
44152  -0.093  -34.551  82.369 0.0000000000
50770  -3.844  -27.696  78.258 0.0000000000
127645  -2.052  -22.390  72.109 0.0000000000
46819  3.471  -31.645  81.565 0.0000000000
49764  -0.579  -28.590  82.278 0.0000000000
45997  8.794  -32.573  73.670 0.0000000000
44168  5.813  -33.460  79.412 0.0000000000
41160  3.039  -36.196  80.951 0.0000000000
56783  -1.828  -20.427  81.387 0.0000000000
53338  -1.474  -24.581  76.137 0.0000000000
124628  0.710  -20.262  76.729 0.0000000000
43262  -2.963  -35.921  78.051 0.0000000000
45985  -1.443  -32.299  74.771 0.0000000000
46832  -1.424  -30.593  81.161 0.0000000000
53279  -1.983  -24.552  82.765 0.0000000000
48834  -3.203  -29.262  71.412 0.0000000000
51719  -2.139  -26.786  68.910 0.0000000000
51746  2.184  -26.200  67.103 0.0000000000
56951  -3.168  -20.593  67.220 0.0000000000
47786  4.552  -31.044  79.540 0.0000000000
48737  2.494  -29.610  80.405 0.0000000000
47828  7.956  -30.601  75.386 0.0000000000
124062  6.738  -32.324  76.057 0.0000000000
47783  6.400  -31.714  78.719 0.0000000000
45939  5.407  -32.867  80.548 0.0000000000
123468  -0.332  -20.344  79.024 0.0000000000
44162  -1.135  -35.199  80.948 0.0000000000
45060  -0.573  -33.320  79.795 0.0000000000
45941  -0.174  -32.006  81.396 0.0000000000
124935  -0.296  -24.916  80.924 0.0000000000
51617  -1.622  -26.949  82.228 0.0000000000
43233  1.316  -35.261  82.093 0.0000000000
40126  0.790  -37.358  80.163 0.0000000000
42174  -0.762  -36.363  81.246 0.0000000000
41165  -2.547  -36.994  80.372 0.0000000000
47824  -2.783  -29.464  77.014 0.0000000000
46901  -1.853  -30.937  72.331 0.0000000000
49823  -3.893  -28.041  74.626 0.0000000000
54220  -1.035  -22.966  74.365 0.0000000000
51691  -1.790  -26.585  72.351 0.0000000000
52537  0.545  -25.519  71.325 0.0000000000
50863  0.467  -27.118  67.951 0.0000000000
54272  0.989  -23.552  69.499 0.0000000000
45038  2.213  -32.988  82.135 0.0000000000
46809  -0.458  -31.002  83.002 0.0000000000
48722  1.574  -30.179  81.769 0.0000000000
50753  1.140  -28.110  80.369 0.0000000000
43302  9.676  -35.193  71.788 0.0000000000
42249  8.476  -36.669  72.286 0.0000000000
43286  7.922  -34.209  73.420 0.0000000000
43271  6.139  -33.781  76.100 0.0000000000
43249  4.901  -34.912  80.554 0.0000000000
44155  3.678  -34.268  81.875 0.0000000000
54177  -3.041  -23.541  80.419 0.0000000000
52494  -3.087  -26.006  76.917 0.0000000000
55938  -2.796  -21.871  78.718 0.0000000000
55961  -2.378  -21.121  76.207 0.0000000000
56867  -2.895  -20.262  74.312 0.0000000000
48797  6.857  -29.522  74.256 0.0000000000
40154  13.201  -37.540  72.687 0.0000000000
44184  13.219  -33.685  75.508 0.0000000000
45108  10.634  -33.388  71.225 0.0000000000
46900  8.717  -31.209  72.995 0.0000000000
42206  -3.309  -36.574  76.851 0.0000000000
136235  -2.798  -34.891  74.550 0.0000000000
45076  -2.174  -34.808  77.284 0.0000000000
46856  -0.896  -31.393  77.755 0.0000000000
48745  -3.188  -28.682  79.238 0.0000000000
47760  -1.538  -29.537  82.521 0.0000000000
127995  -2.875  -27.416  81.482 0.0000000000
131809  -3.647  -25.941  81.292 0.0000000000
55921  -1.872  -22.031  82.826 0.0000000000
45103  -3.230  -33.479  72.438 0.0000000000
126405  -2.783  -31.915  70.230 0.0000000000
123197  -3.053  -30.475  68.960 0.0000000000
51682  -3.638  -26.531  73.697 0.0000000000
50833  -3.501  -27.469  70.633 0.0000000000
124074  -3.587  -28.671  66.974 0.0000000000
50900  -2.953  -27.523  65.583 0.0000000000
50914  -0.581  -28.196  64.861 0.0000000000
57844  1.403  -19.986  74.464 0.0000000000
58779  -2.006  -18.788  72.094 0.0000000000
58826  -1.387  -19.070  69.823 0.0000000000
126432  -3.205  -21.083  69.996 0.0000000000
54293  0.255  -22.493  67.645 0.0000000000
48751  5.009  -30.603  78.167 0.0000000000
48753  3.521  -29.535  78.578 0.0000000000
48763  4.392  -29.801  77.200 0.0000000000
47821  6.716  -30.356  76.117 0.0000000000
47808  6.420  -31.359  77.083 0.0000000000
47796  6.226  -31.399  78.195 0.0000000000
47784  6.302  -31.627  79.044 0.0000000000
45206  -1.216  -33.238  62.707 0.0000000000
46988  -1.816  -31.458  63.717 0.0000000000
44158  -0.732  -35.097  81.777 0.0000000000
45054  0.150  -33.446  80.952 0.0000000000
135213  0.217  -33.315  81.640 0.0000000000
40184  10.010  -38.381  70.888 0.0000000000
43235  0.116  -34.946  82.543 0.0000000000
43239  0.227  -35.822  81.844 0.0000000000
43241  -0.697  -35.274  81.995 0.0000000000
43245  -1.171  -35.698  81.340 0.0000000000
48766  -3.686  -28.220  78.024 0.0000000000
48790  -3.278  -28.921  75.558 0.0000000000
49808  -3.963  -27.948  76.886 0.0000000000
55063  -1.342  -22.709  72.852 0.0000000000
53393  -0.149  -24.585  72.693 0.0000000000
54256  -0.299  -23.406  71.513 0.0000000000
53408  0.854  -24.806  70.724 0.0000000000
55074  -0.767  -22.845  70.943 0.0000000000
45927  2.898  -32.217  81.818 0.0000000000
47755  1.632  -30.989  81.940 0.0000000000
47761  2.758  -31.224  81.523 0.0000000000
50752  1.876  -28.522  80.084 0.0000000000
51638  0.171  -25.730  79.240 0.0000000000
130305  8.782  -33.906  72.834 0.0000000000
43293  8.245  -34.798  73.095 0.0000000000
44189  7.811  -33.483  74.176 0.0000000000
44171  6.311  -33.170  77.448 0.0000000000
44178  6.583  -33.012  75.886 0.0000000000
43259  6.149  -33.323  77.599 0.0000000000
43247  5.708  -33.841  79.877 0.0000000000
46817  4.491  -32.531  81.352 0.0000000000
45048  4.652  -33.517  81.358 0.0000000000
45932  3.797  -32.983  81.764 0.0000000000
44148  3.219  -33.791  81.966 0.0000000000
55931  -2.939  -21.113  80.998 0.0000000000
55011  -3.007  -22.645  79.922 0.0000000000
143164  -3.020  -21.118  80.172 0.0000000000
56830  -0.572  -20.049  77.801 0.0000000000
56813  -1.728  -20.197  78.082 0.0000000000
57820  -1.433  -19.802  76.793 0.0000000000
56858  -2.499  -20.352  75.327 0.0000000000
57833  -1.558  -19.581  75.891 0.0000000000
45100  11.851  -33.731  71.942 0.0000000000
43263  -3.205  -36.096  77.895 0.0000000000
43272  -2.873  -35.554  77.046 0.0000000000
44174  -2.714  -35.510  77.833 0.0000000000
46831  -0.987  -31.269  80.741 0.0000000000
122628  -0.720  -32.646  79.354 0.0000000000
47787  -1.415  -30.489  79.450 0.0000000000
47800  -2.084  -29.786  78.866 0.0000000000
47789  -2.242  -29.119  79.961 0.0000000000
48718  -0.533  -29.921  82.595 0.0000000000
46810  -0.906  -30.708  82.915 0.0000000000
49760  -1.162  -28.551  82.583 0.0000000000
52451  -1.740  -25.209  82.660 0.0000000000
50745  -2.266  -27.197  82.081 0.0000000000
51621  -2.902  -26.364  82.014 0.0000000000
144253  -3.385  -26.910  81.415 0.0000000000
53283  -3.059  -24.847  82.107 0.0000000000
131631  -2.916  -24.064  81.865 0.0000000000
54147  -2.358  -23.252  82.472 0.0000000000
42250  8.421  -36.303  72.240 0.0000000000
41223  8.023  -36.558  71.237 0.0000000000
41166  3.280  -36.135  80.240 0.0000000000
40140  2.103  -37.064  79.354 0.0000000000
40135  2.196  -37.054  79.712 0.0000000000
40132  -0.231  -37.787  80.148 0.0000000000
39124  0.544  -38.032  79.456 0.0000000000
43252  -2.313  -36.471  79.750 0.0000000000
42194  -3.084  -36.774  78.126 0.0000000000
45089  -2.255  -33.951  74.922 0.0000000000
146605  -3.353  -34.307  73.159 0.0000000000
45987  -2.611  -33.380  73.445 0.0000000000
48821  -2.874  -29.378  71.996 0.0000000000
46917  -2.301  -31.020  71.316 0.0000000000
47876  -2.753  -30.101  70.799 0.0000000000
46935  -2.783  -31.229  69.589 0.0000000000
134007  -3.174  -29.607  70.222 0.0000000000
52493  -2.495  -25.564  76.575 0.0000000000
141983  -4.053  -26.388  75.220 0.0000000000
52510  -2.627  -25.926  74.800 0.0000000000
125370  -2.299  -26.834  70.864 0.0000000000
51710  -3.056  -26.938  70.889 0.0000000000
51721  -3.180  -27.097  69.945 0.0000000000
49877  -3.829  -28.188  68.261 0.0000000000
50867  -3.801  -27.372  67.396 0.0000000000
49915  -3.365  -28.130  65.689 0.0000000000
51748  -2.409  -26.651  67.206 0.0000000000
122512  1.042  -27.058  67.333 0.0000000000
50880  -0.019  -27.234  66.312 0.0000000000
123396  0.610  -27.544  65.794 0.0000000000
57874  1.489  -19.275  72.797 0.0000000000
57861  -0.212  -19.169  73.364 0.0000000000
58777  -0.239  -18.704  71.861 0.0000000000
58874  -2.284  -18.966  66.642 0.0000000000
58844  -2.357  -19.357  68.484 0.0000000000
57914  -3.165  -19.593  69.597 0.0000000000
56032  -3.221  -20.961  68.657 0.0000000000
55114  -1.350  -22.083  68.557 0.0000000000
55127  -2.138  -21.890  67.319 0.0000000000
47772  3.923  -31.001  81.033 0.0000000000
47773  3.327  -30.724  81.137 0.0000000000
48736  3.225  -30.028  80.311 0.0000000000
46868  8.400  -32.084  75.083 0.0000000000
139598  8.231  -32.529  75.078 0.0000000000
46862  7.327  -31.634  75.703 0.0000000000
46845  6.516  -31.877  77.590 0.0000000000
45945  6.326  -32.329  79.222 0.0000000000
45055  5.709  -33.077  80.159 0.0000000000
46828  6.168  -32.111  79.648 0.0000000000
46830  5.353  -31.983  80.222 0.0000000000
57777  0.560  -20.136  81.949 0.0000000000
56792  -1.174  -20.158  80.373 0.0000000000
56791  0.774  -20.208  80.266 0.0000000000
143120  1.134  -20.410  78.768 0.0000000000
56827  2.189  -20.441  77.762 0.0000000000
43256  -2.012  -35.933  79.490 0.0000000000
44169  -1.683  -35.244  79.218 0.0000000000
44165  -0.943  -34.516  79.891 0.0000000000
45943  -0.257  -32.302  80.649 0.0000000000
46825  -1.021  -31.156  81.303 0.0000000000
51622  -0.676  -26.774  81.726 0.0000000000
50748  -0.987  -27.023  82.181 0.0000000000
51623  -0.797  -25.885  81.892 0.0000000000
53282  -0.582  -24.502  83.014 0.0000000000
53277  -0.708  -24.103  83.429 0.0000000000
54132  -0.183  -22.970  83.475 0.0000000000
127931  2.174  -35.986  81.475 0.0000000000
41161  2.334  -36.710  80.524 0.0000000000
127220  1.178  -36.511  81.316 0.0000000000
41157  0.264  -36.805  80.904 0.0000000000
41159  -0.915  -36.947  80.794 0.0000000000
40134  -1.656  -37.925  80.483 0.0000000000
42178  -2.040  -36.602  80.708 0.0000000000
42182  -2.127  -36.440  80.516 0.0000000000
47830  -1.257  -30.674  75.250 0.0000000000
46886  -1.404  -30.884  73.807 0.0000000000
47839  -1.803  -30.031  74.150 0.0000000000
48812  -2.946  -28.968  73.640 0.0000000000
48813  -3.234  -28.668  72.997 0.0000000000
131073  -0.982  -23.706  75.005 0.0000000000
52509  -1.483  -25.719  74.517 0.0000000000
52508  -0.839  -25.120  73.985 0.0000000000
51690  -0.695  -26.382  72.326 0.0000000000
138356  -0.227  -26.976  70.859 0.0000000000
50855  -1.158  -27.031  68.382 0.0000000000
51708  0.383  -26.859  70.307 0.0000000000
51717  1.237  -26.287  69.031 0.0000000000
52560  1.612  -25.633  68.523 0.0000000000
57966  -3.027  -19.760  65.747 0.0000000000
55139  -2.101  -21.779  66.462 0.0000000000
56063  -2.816  -21.362  64.960 0.0000000000
45044  0.824  -33.623  82.176 0.0000000000
135993  0.354  -32.213  82.042 0.0000000000
45930  0.713  -31.898  82.053 0.0000000000
47756  0.760  -30.825  82.433 0.0000000000
49763  0.215  -29.200  81.971 0.0000000000
48733  2.152  -29.777  80.870 0.0000000000
49773  1.023  -28.859  81.074 0.0000000000
50746  0.166  -28.278  81.429 0.0000000000
51630  0.107  -26.592  80.023 0.0000000000
42247  10.846  -36.827  71.966 0.0000000000
41220  9.768  -37.621  71.934 0.0000000000
131269  9.543  -36.095  71.751 0.0000000000
45088  7.660  -33.020  74.835 0.0000000000
43279  7.031  -33.702  74.342 0.0000000000
42211  6.203  -33.950  74.521 0.0000000000
42187  4.056  -35.407  79.907 0.0000000000
42175  4.049  -35.629  81.085 0.0000000000
44159  5.270  -33.744  80.737 0.0000000000
44161  4.462  -34.780  81.454 0.0000000000
42170  3.508  -35.398  81.578 0.0000000000
44156  2.953  -34.513  81.875 0.0000000000
44150  1.381  -34.263  82.256 0.0000000000
140289  -4.142  -25.774  79.209 0.0000000000
51647  -3.749  -26.950  77.936 0.0000000000
145128  -3.711  -25.479  78.232 0.0000000000
53326  -2.490  -24.251  78.062 0.0000000000
131036  -1.923  -24.067  77.486 0.0000000000
56814  -2.178  -20.831  78.838 0.0000000000
147058  -2.477  -21.057  77.563 0.0000000000
55032  -1.644  -22.879  76.298 0.0000000000
55040  -2.102  -21.889  75.791 0.0000000000
55976  -2.954  -20.973  73.971 0.0000000000
55984  -3.038  -21.264  73.216 0.0000000000
48786  6.722  -29.695  75.213 0.0000000000
41208  12.178  -37.752  72.905 0.0000000000
44176  14.594  -33.351  75.917 0.0000000000
45072  13.979  -32.482  76.491 0.0000000000
43268  13.544  -34.283  75.157 0.0000000000
42209  13.289  -34.739  74.480 0.0000000000
42233  13.091  -35.779  73.428 0.0000000000
41202  11.932  -37.155  72.832 0.0000000000
45101  10.460  -34.094  71.631 0.0000000000
46010  9.430  -33.019  71.923 0.0000000000
46899  9.415  -32.208  71.798 0.0000000000
46884  8.931  -31.858  73.406 0.0000000000
47836  8.213  -30.576  74.629 0.0000000000
48785  7.365  -29.825  74.936 0.0000000000
45090  -2.299  -34.615  75.722 0.0000000000
45965  -1.658  -33.490  75.961 0.0000000000
45067  -1.863  -34.610  78.030 0.0000000000
45958  -0.850  -33.354  77.700 0.0000000000
46863  -0.710  -31.946  76.262 0.0000000000
138220  -1.599  -30.565  76.852 0.0000000000
47812  -2.999  -29.312  78.179 0.0000000000
49785  -3.792  -27.823  78.911 0.0000000000
45935  -0.186  -31.572  82.539 0.0000000000
46821  -1.414  -30.565  82.220 0.0000000000
47769  -1.525  -30.130  81.717 0.0000000000
50740  -1.743  -28.153  82.495 0.0000000000
48726  -2.025  -28.663  82.152 0.0000000000
126257  -1.918  -29.198  80.733 0.0000000000
123380  -2.591  -28.480  80.458 0.0000000000
50755  -3.817  -27.288  80.230 0.0000000000
51631  -4.098  -26.634  80.069 0.0000000000
52460  -3.310  -25.152  80.936 0.0000000000
55007  -2.922  -22.649  81.436 0.0000000000
56778  -2.151  -20.924  81.885 0.0000000000
54995  -0.352  -22.235  83.393 0.0000000000
56773  -0.585  -20.960  82.731 0.0000000000
57770  0.229  -20.215  82.422 0.0000000000
128264  1.499  -37.398  78.267 0.0000000000
40137  1.130  -37.646  79.748 0.0000000000
46888  -2.024  -32.173  72.394 0.0000000000
146961  -3.089  -32.928  71.382 0.0000000000
46950  -2.340  -30.949  67.303 0.0000000000
51663  -4.087  -26.904  75.843 0.0000000000
51671  -4.113  -26.836  74.301 0.0000000000
50816  -3.596  -27.568  72.655 0.0000000000
51681  -3.137  -26.435  73.348 0.0000000000
51703  -3.478  -27.358  72.073 0.0000000000
48847  -3.633  -28.624  70.652 0.0000000000
48853  -3.530  -28.854  69.678 0.0000000000
47907  -3.216  -29.522  67.372 0.0000000000
47919  -2.750  -29.892  66.576 0.0000000000
47931  -2.975  -29.511  64.865 0.0000000000
50881  -1.928  -26.980  66.526 0.0000000000
50915  -1.738  -28.138  64.892 0.0000000000
56844  1.669  -20.377  76.381 0.0000000000
139812  3.126  -20.337  75.053 0.0000000000
142695  0.428  -19.938  75.444 0.0000000000
57847  -1.665  -19.249  74.407 0.0000000000
57864  -2.756  -19.672  73.629 0.0000000000
56883  -3.266  -20.517  72.268 0.0000000000
138590  -2.577  -18.859  70.962 0.0000000000
56904  -3.502  -20.321  70.457 0.0000000000
56008  -3.041  -21.305  70.701 0.0000000000
55102  -1.352  -22.114  69.555 0.0000000000
138996  0.426  -22.806  68.918 0.0000000000
53429  1.921  -24.356  67.741 0.0000000000
54303  1.798  -23.351  66.413 0.0000000000
48762  5.093  -30.326  77.329 0.0000000000
129759  5.116  -30.080  76.726 0.0000000000
47809  6.273  -30.975  77.053 0.0000000000
47810  5.775  -30.828  77.625 0.0000000000
46075  -1.239  -32.590  65.260 0.0000000000
46089  -1.237  -32.333  64.176 0.0000000000
46104  -1.547  -32.232  63.036 0.0000000000
44157  -0.456  -34.821  82.206 0.0000000000
135713  -0.377  -34.490  81.915 0.0000000000
45050  0.026  -33.927  81.898 0.0000000000
137645  11.079  -38.227  72.064 0.0000000000
125598  10.596  -38.377  71.606 0.0000000000
41219  10.435  -38.017  72.070 0.0000000000
137153  -0.352  -34.967  82.390 0.0000000000
49802  -3.818  -28.033  77.755 0.0000000000
48779  -3.750  -28.336  77.121 0.0000000000
55064  -2.219  -22.034  72.967 0.0000000000
54242  -0.727  -23.313  72.821 0.0000000000
138150  -0.986  -23.003  72.085 0.0000000000
55075  -1.431  -22.543  71.392 0.0000000000
46812  3.253  -31.839  81.650 0.0000000000
46813  2.496  -31.383  81.619 0.0000000000
45097  8.955  -33.160  72.890 0.0000000000
45093  8.317  -33.294  73.820 0.0000000000
131353  6.204  -33.076  78.175 0.0000000000
44172  5.945  -33.339  78.612 0.0000000000
43260  5.657  -33.619  78.222 0.0000000000
43253  5.670  -33.775  79.194 0.0000000000
43254  5.467  -34.289  79.706 0.0000000000
46818  4.165  -31.816  81.565 0.0000000000
45937  4.024  -32.792  81.667 0.0000000000
46811  3.723  -32.338  81.686 0.0000000000
45933  3.204  -32.975  81.967 0.0000000000
56784  -2.510  -20.704  81.110 0.0000000000
55932  -3.049  -21.352  80.594 0.0000000000
124777  -2.360  -20.555  80.668 0.0000000000
57819  -0.412  -20.006  77.018 0.0000000000
57805  -1.314  -19.919  77.600 0.0000000000
125696  -0.774  -19.731  76.325 0.0000000000
43265  -2.981  -35.736  77.647 0.0000000000
46837  -0.953  -31.351  79.961 0.0000000000
46838  -1.427  -30.506  80.563 0.0000000000
47788  -1.875  -29.631  79.920 0.0000000000
47778  -1.606  -29.830  80.667 0.0000000000
49759  -0.920  -28.995  82.488 0.0000000000
49765  -0.937  -28.167  82.527 0.0000000000
52452  -2.349  -25.469  82.492 0.0000000000
52453  -2.881  -25.588  82.264 0.0000000000
53280  -2.633  -24.745  82.426 0.0000000000
54148  -2.707  -23.978  82.171 0.0000000000
54138  -1.682  -23.661  83.051 0.0000000000
41167  2.724  -36.621  80.164 0.0000000000
123617  2.779  -36.493  80.485 0.0000000000
39126  -0.588  -38.430  79.845 0.0000000000
39125  -0.121  -38.178  79.732 0.0000000000
43257  -2.496  -36.284  78.763 0.0000000000
42188  -2.605  -36.877  79.096 0.0000000000
43258  -2.895  -36.504  78.299 0.0000000000
45975  -1.817  -33.315  75.187 0.0000000000
45986  -2.097  -33.107  74.171 0.0000000000
47865  -2.609  -30.104  71.328 0.0000000000
48846  -3.400  -29.191  70.971 0.0000000000
52492  -1.875  -25.259  76.202 0.0000000000
52501  -2.575  -25.819  75.655 0.0000000000
124964  -1.871  -27.135  69.980 0.0000000000
51709  -2.814  -26.876  70.175 0.0000000000
51720  -2.864  -26.769  69.368 0.0000000000
138351  -3.293  -27.098  68.977 0.0000000000
51732  -3.015  -26.613  68.477 0.0000000000
50866  -3.202  -26.724  67.493 0.0000000000
51731  -2.277  -26.547  68.002 0.0000000000
51747  1.596  -26.608  67.570 0.0000000000
50879  0.921  -27.269  66.562 0.0000000000
50878  1.776  -27.044  66.754 0.0000000000
57859  2.360  -19.629  73.199 0.0000000000
57875  0.493  -18.917  72.492 0.0000000000
57889  1.448  -18.955  71.960 0.0000000000
57935  -2.693  -19.408  67.048 0.0000000000
58860  -2.226  -19.167  67.528 0.0000000000
57936  -3.074  -19.839  67.587 0.0000000000
57925  -3.136  -19.772  68.561 0.0000000000
147749  -3.142  -21.050  67.931 0.0000000000
56031  -2.802  -21.498  68.128 0.0000000000
56045  -2.932  -21.396  67.415 0.0000000000
47777  4.200  -31.081  80.387 0.0000000000
48735  3.695  -30.572  80.631 0.0000000000
48742  3.825  -30.433  79.940 0.0000000000
48764  3.641  -29.399  77.738 0.0000000000
46869  8.012  -31.474  75.444 0.0000000000
47819  7.530  -31.029  75.700 0.0000000000
46846  6.455  -31.793  78.079 0.0000000000
46854  6.526  -31.708  77.115 0.0000000000
45944  6.434  -32.418  78.559 0.0000000000
46835  6.470  -31.948  79.056 0.0000000000
46836  6.374  -31.924  79.411 0.0000000000
47785  5.532  -31.425  79.278 0.0000000000
47775  6.077  -31.885  79.709 0.0000000000
47776  5.026  -31.685  79.964 0.0000000000
47771  4.653  -31.667  80.721 0.0000000000
57785  1.101  -20.066  81.218 0.0000000000
56800  2.531  -20.294  79.445 0.0000000000
56809  1.913  -20.383  78.620 0.0000000000
56810  1.265  -20.406  78.072 0.0000000000
123834  2.884  -20.473  78.376 0.0000000000
44166  -1.410  -35.460  80.324 0.0000000000
51626  -0.389  -26.309  81.036 0.0000000000
52454  -0.576  -24.869  82.352 0.0000000000
53276  -0.107  -23.896  83.358 0.0000000000
122387  0.654  -23.479  83.163 0.0000000000
43238  1.920  -35.387  81.766 0.0000000000
42169  1.170  -35.814  81.817 0.0000000000
42173  -0.136  -36.380  81.371 0.0000000000
42172  0.554  -36.339  81.494 0.0000000000
41158  -0.391  -36.797  80.907 0.0000000000
40128  -0.362  -37.220  80.543 0.0000000000
41163  -1.559  -37.133  80.726 0.0000000000
42177  -1.408  -36.298  81.051 0.0000000000
127836  -1.758  -36.098  80.901 0.0000000000
43246  -1.629  -35.921  80.875 0.0000000000
43251  -1.938  -36.113  80.370 0.0000000000
47823  -1.905  -30.166  76.148 0.0000000000
47831  -1.837  -29.970  75.108 0.0000000000
47832  -2.698  -29.420  75.919 0.0000000000
48802  -3.641  -28.480  75.117 0.0000000000
48801  -3.107  -28.902  74.549 0.0000000000
130219  -3.444  -28.481  74.148 0.0000000000
53364  -1.023  -24.808  74.800 0.0000000000
54219  -0.714  -24.004  74.075 0.0000000000
52530  0.285  -25.096  72.017 0.0000000000
52531  -0.184  -25.532  72.556 0.0000000000
52538  0.140  -25.977  71.898 0.0000000000
51699  -0.417  -26.665  71.522 0.0000000000
51698  0.324  -26.380  71.143 0.0000000000
54266  0.731  -23.757  70.328 0.0000000000
129169  1.162  -25.359  70.118 0.0000000000
53413  1.210  -24.483  69.906 0.0000000000
52553  1.400  -25.292  69.331 0.0000000000
53418  1.353  -24.292  69.187 0.0000000000
58890  -2.304  -18.963  65.843 0.0000000000
57979  -3.076  -19.932  64.919 0.0000000000
56064  -2.987  -20.888  65.620 0.0000000000
134095  -3.143  -20.656  64.634 0.0000000000
45039  1.234  -32.854  82.097 0.0000000000
45934  0.473  -32.600  81.947 0.0000000000
47762  1.954  -30.810  81.668 0.0000000000
47763  1.241  -30.461  82.147 0.0000000000
48723  0.842  -29.801  82.130 0.0000000000
48729  1.152  -29.490  81.602 0.0000000000
48732  2.878  -30.208  80.799 0.0000000000
48727  2.532  -30.389  81.169 0.0000000000
49776  1.397  -28.755  80.708 0.0000000000
50749  0.649  -28.175  80.784 0.0000000000
50750  -0.224  -27.534  81.296 0.0000000000
50754  0.280  -27.473  80.582 0.0000000000
43301  10.743  -35.759  71.772 0.0000000000
42222  8.099  -35.213  72.763 0.0000000000
45972  7.587  -32.474  75.209 0.0000000000
45081  6.900  -32.650  75.416 0.0000000000
43270  6.310  -33.443  76.530 0.0000000000
127739  6.517  -33.425  75.401 0.0000000000
43280  6.404  -33.789  74.936 0.0000000000
42210  7.041  -34.083  73.740 0.0000000000
42201  5.937  -34.016  75.732 0.0000000000
42202  5.224  -33.897  76.348 0.0000000000
43255  5.060  -34.845  80.018 0.0000000000
42179  4.666  -35.136  80.483 0.0000000000
42180  4.043  -35.603  80.720 0.0000000000
43250  4.529  -35.316  80.922 0.0000000000
45051  5.706  -32.975  80.203 0.0000000000
45056  5.575  -33.604  80.316 0.0000000000
45052  5.432  -33.301  80.554 0.0000000000
45049  4.266  -33.655  81.665 0.0000000000
44153  4.574  -34.036  81.492 0.0000000000
44154  4.198  -34.173  81.755 0.0000000000
43244  4.053  -35.391  81.432 0.0000000000
43236  3.944  -34.836  81.740 0.0000000000
134922  3.394  -34.877  81.783 0.0000000000
45042  2.550  -33.540  82.076 0.0000000000
44149  2.343  -34.086  82.038 0.0000000000
45043  1.785  -33.579  82.160 0.0000000000
52463  -3.948  -25.221  79.488 0.0000000000
52473  -3.962  -25.404  78.712 0.0000000000
53311  -3.577  -24.612  79.152 0.0000000000
55015  -2.855  -22.755  79.121 0.0000000000
54185  -2.794  -23.773  78.723 0.0000000000
54196  -2.253  -23.381  77.938 0.0000000000
56803  -1.037  -20.267  79.544 0.0000000000
142604  -2.071  -20.783  79.483 0.0000000000
128890  -1.567  -20.533  79.092 0.0000000000
133019  -2.433  -20.680  76.967 0.0000000000
56831  -2.220  -20.442  77.684 0.0000000000
55953  -2.416  -21.493  77.131 0.0000000000
55033  -2.160  -22.101  76.702 0.0000000000
57848  -2.567  -19.753  74.799 0.0000000000
55968  -2.696  -20.775  74.563 0.0000000000
56868  -3.182  -20.507  73.777 0.0000000000
48798  5.957  -29.529  74.547 0.0000000000
133042  6.108  -29.414  73.795 0.0000000000
40159  13.727  -37.359  71.971 0.0000000000
126383  13.486  -37.940  71.023 0.0000000000
40160  13.218  -37.861  72.393 0.0000000000
40161  12.582  -38.067  72.791 0.0000000000
134316  13.098  -33.000  75.687 0.0000000000
128483  13.427  -32.289  76.087 0.0000000000
45073  13.493  -32.804  76.048 0.0000000000
45080  13.680  -33.361  75.931 0.0000000000
43269  13.113  -34.231  75.197 0.0000000000
42200  13.802  -34.711  74.593 0.0000000000
43277  12.885  -34.979  75.074 0.0000000000
43291  12.919  -35.501  73.754 0.0000000000
42234  12.547  -36.338  73.215 0.0000000000
43292  12.293  -35.538  72.982 0.0000000000
142008  11.216  -33.819  71.583 0.0000000000
45102  9.401  -33.724  72.070 0.0000000000
45109  9.932  -33.466  71.460 0.0000000000
46916  9.736  -31.822  70.937 0.0000000000
143953  9.099  -31.793  72.563 0.0000000000
46885  8.641  -31.228  74.030 0.0000000000
48808  7.301  -29.509  73.547 0.0000000000
48796  7.668  -30.015  74.211 0.0000000000
147360  7.287  -29.676  74.256 0.0000000000
139011  -3.361  -36.494  76.071 0.0000000000
43273  -3.130  -35.979  76.560 0.0000000000
44179  -2.593  -35.299  77.287 0.0000000000
44186  -2.494  -35.146  76.483 0.0000000000
45083  -2.252  -34.788  76.597 0.0000000000
45082  -2.069  -34.128  75.830 0.0000000000
45075  -1.840  -34.162  76.614 0.0000000000
45061  -1.360  -34.359  79.002 0.0000000000
144880  -0.981  -33.566  79.231 0.0000000000
46847  -0.908  -31.571  78.772 0.0000000000
45952  -0.639  -32.728  78.369 0.0000000000
45951  -0.563  -32.088  77.895 0.0000000000
45964  -0.867  -33.139  76.731 0.0000000000
46855  -0.482  -32.125  77.119 0.0000000000
137691  -0.920  -31.274  76.906 0.0000000000
147672  -1.403  -30.750  77.496 0.0000000000
47801  -2.875  -29.148  79.203 0.0000000000
48754  -3.459  -28.625  78.481 0.0000000000
48755  -3.647  -28.193  78.651 0.0000000000
45931  -0.031  -31.518  82.604 0.0000000000
46814  -0.509  -31.050  82.939 0.0000000000
47759  -1.317  -29.814  82.611 0.0000000000
46816  -1.289  -30.330  82.663 0.0000000000
47764  -1.524  -29.945  82.261 0.0000000000
50742  -1.363  -27.755  82.460 0.0000000000
50743  -1.717  -27.783  82.404 0.0000000000
49767  -1.974  -28.033  82.428 0.0000000000
130867  -2.355  -27.712  81.965 0.0000000000
48730  -2.014  -28.964  81.623 0.0000000000
49771  -2.347  -28.204  81.625 0.0000000000
49774  -2.729  -27.911  80.985 0.0000000000
51625  -3.749  -26.669  81.123 0.0000000000
50751  -3.524  -27.232  80.921 0.0000000000
51627  -3.973  -26.924  80.507 0.0000000000
135889  -4.018  -27.182  79.842 0.0000000000
52461  -3.838  -25.920  80.542 0.0000000000
136314  -2.707  -23.175  82.026 0.0000000000
54157  -2.854  -23.295  81.697 0.0000000000
55005  -2.816  -22.489  81.864 0.0000000000
55926  -2.779  -21.923  81.964 0.0000000000
55925  -2.391  -21.657  82.253 0.0000000000
41211  8.940  -37.111  72.080 0.0000000000
41221  9.266  -37.680  71.713 0.0000000000
40142  2.020  -36.940  78.716 0.0000000000
41162  1.474  -37.117  80.304 0.0000000000
40129  1.749  -37.191  80.128 0.0000000000
40130  0.814  -37.637  79.903 0.0000000000
126248  -3.084  -33.865  73.144 0.0000000000
45098  -3.540  -34.147  72.707 0.0000000000
44207  -3.747  -34.237  72.208 0.0000000000
141686  -3.629  -33.854  71.809 0.0000000000
46887  -1.624  -31.514  73.019 0.0000000000
46928  -2.569  -31.461  70.666 0.0000000000
128666  -2.599  -32.123  71.273 0.0000000000
46027  -2.919  -32.678  70.888 0.0000000000
46028  -3.180  -33.252  70.783 0.0000000000
46032  -2.885  -32.344  69.589 0.0000000000
46943  -2.862  -31.519  68.882 0.0000000000
46951  -2.552  -31.803  68.153 0.0000000000
46050  -2.220  -32.250  67.495 0.0000000000
122239  -2.889  -30.556  68.080 0.0000000000
51646  -3.506  -26.395  77.289 0.0000000000
51655  -3.667  -27.095  76.842 0.0000000000
51662  -3.607  -26.555  76.259 0.0000000000
132204  -3.930  -26.287  74.277 0.0000000000
51670  -4.102  -26.319  74.571 0.0000000000
51683  -3.772  -26.905  73.554 0.0000000000
50807  -3.789  -27.490  73.560 0.0000000000
52521  -1.226  -26.072  73.610 0.0000000000
51669  -2.320  -26.227  73.967 0.0000000000
51680  -2.020  -26.528  73.163 0.0000000000
141709  -3.398  -27.318  71.322 0.0000000000
50823  -3.672  -27.761  71.285 0.0000000000
49847  -3.741  -28.152  71.287 0.0000000000
49858  -3.800  -28.005  70.618 0.0000000000
49869  -3.709  -28.271  69.974 0.0000000000
49889  -3.907  -28.061  67.491 0.0000000000
48872  -3.623  -28.774  67.840 0.0000000000
139882  -3.253  -29.189  66.533 0.0000000000
47930  -2.679  -29.951  65.482 0.0000000000
47920  -3.027  -29.286  65.772 0.0000000000
140573  -3.130  -27.841  65.420 0.0000000000
49927  -2.799  -28.638  64.499 0.0000000000
50854  -0.086  -27.317  68.732 0.0000000000
50865  -1.452  -26.753  67.445 0.0000000000
129536  -0.384  -27.115  67.764 0.0000000000
50898  -0.288  -27.660  65.610 0.0000000000
128436  -1.141  -27.811  65.406 0.0000000000
49943  -0.954  -28.737  63.426 0.0000000000
147207  2.754  -20.178  74.614 0.0000000000
56866  2.167  -20.267  74.993 0.0000000000
57831  1.240  -20.207  75.202 0.0000000000
145215  0.695  -19.911  74.800 0.0000000000
123837  -0.105  -19.556  74.894 0.0000000000
57846  -0.631  -19.321  74.266 0.0000000000
57877  -1.543  -19.018  72.652 0.0000000000
57863  -1.935  -19.234  73.553 0.0000000000
57878  -2.339  -19.253  72.638 0.0000000000
57879  -2.924  -19.894  72.778 0.0000000000
145027  -2.632  -19.334  72.127 0.0000000000
124298  -1.156  -19.033  69.048 0.0000000000
58825  -0.513  -18.944  69.553 0.0000000000
58811  -0.689  -18.931  70.403 0.0000000000
58794  -0.940  -18.749  71.279 0.0000000000
58812  -1.658  -18.881  70.699 0.0000000000
139779  -3.545  -19.993  69.949 0.0000000000
127390  -3.228  -19.525  70.563 0.0000000000
56009  -3.454  -21.000  70.785 0.0000000000
55090  -2.297  -21.577  69.995 0.0000000000
55089  -1.443  -22.223  70.525 0.0000000000
55125  -0.342  -22.299  68.204 0.0000000000
147147  0.560  -22.726  68.241 0.0000000000
54280  1.524  -23.733  68.051 0.0000000000
54292  1.058  -22.976  67.873 0.0000000000
47798  4.994  -30.933  78.860 0.0000000000
48752  4.149  -30.340  78.907 0.0000000000
129336  4.251  -29.984  77.959 0.0000000000
48777  3.761  -29.346  76.905 0.0000000000
47820  7.277  -30.472  75.780 0.0000000000
47807  6.819  -31.261  76.224 0.0000000000
133328  6.659  -30.828  76.341 0.0000000000
47795  6.303  -31.485  77.881 0.0000000000
47797  5.777  -31.175  78.533 0.0000000000
46105  -2.265  -31.396  62.907 0.0000000000
46989  -2.633  -30.801  63.232 0.0000000000
126559  -0.520  -34.572  80.689 0.0000000000
133770  -0.352  -34.510  81.448 0.0000000000
45938  -0.261  -31.804  82.028 0.0000000000
133419  1.028  -35.022  82.381 0.0000000000
43234  0.546  -35.312  82.292 0.0000000000
43240  -0.210  -35.256  82.284 0.0000000000
129635  -0.343  -35.925  81.962 0.0000000000
134390  -0.986  -35.779  81.503 0.0000000000
48765  -3.483  -28.753  77.603 0.0000000000
48778  -3.399  -28.879  76.607 0.0000000000
48791  -3.785  -28.519  76.102 0.0000000000
49816  -4.067  -28.061  75.500 0.0000000000
55051  -1.432  -22.415  73.682 0.0000000000
54227  -0.846  -23.181  73.525 0.0000000000
54241  -0.308  -23.723  72.396 0.0000000000
53404  0.157  -24.244  71.897 0.0000000000
53403  0.486  -24.728  71.416 0.0000000000
54255  0.356  -23.980  71.094 0.0000000000
54267  0.007  -23.212  70.655 0.0000000000
45928  2.672  -32.482  81.927 0.0000000000
45929  1.701  -32.158  81.974 0.0000000000
46806  2.161  -31.647  81.801 0.0000000000
142679  2.223  -29.088  80.038 0.0000000000
135259  1.538  -27.899  79.802 0.0000000000
50760  0.800  -27.405  79.894 0.0000000000
141530  0.483  -26.731  79.355 0.0000000000
44206  9.532  -34.416  71.908 0.0000000000
44200  8.797  -34.709  72.546 0.0000000000
44195  8.172  -34.180  73.377 0.0000000000
45074  6.514  -32.565  77.222 0.0000000000
133826  6.554  -32.756  76.514 0.0000000000
142936  6.420  -33.161  76.857 0.0000000000
43248  5.315  -34.489  80.178 0.0000000000
45940  5.073  -32.642  80.846 0.0000000000
45936  4.853  -33.029  81.141 0.0000000000
134393  4.339  -33.191  81.538 0.0000000000
142503  4.018  -33.289  81.736 0.0000000000
45040  3.902  -33.622  81.819 0.0000000000
45041  3.560  -33.280  81.855 0.0000000000
134693  3.005  -33.164  82.009 0.0000000000
55009  -3.056  -22.369  80.755 0.0000000000
54186  -3.052  -23.690  79.588 0.0000000000
55935  -3.095  -21.626  80.072 0.0000000000
55937  -2.744  -21.337  79.415 0.0000000000
136777  -0.231  -20.231  78.255 0.0000000000
56812  -1.049  -20.143  78.453 0.0000000000
57806  -1.896  -19.972  77.268 0.0000000000
130315  -2.178  -20.132  76.956 0.0000000000
56845  -2.300  -20.226  76.300 0.0000000000
57821  -2.020  -19.855  76.505 0.0000000000
57834  -2.187  -19.759  75.666 0.0000000000
134470  -2.108  -19.375  75.103 0.0000000000
41199  13.840  -36.724  72.576 0.0000000000
45086  12.855  -33.539  75.282 0.0000000000
44203  12.059  -34.638  72.551 0.0000000000
45107  11.337  -33.226  71.208 0.0000000000
47853  8.422  -30.484  72.512 0.0000000000
43266  -3.170  -35.985  77.423 0.0000000000
44173  -2.411  -35.162  77.697 0.0000000000
45946  -0.544  -32.096  80.172 0.0000000000
47799  -1.436  -30.615  78.332 0.0000000000
47757  0.081  -30.657  82.776 0.0000000000
47758  -0.819  -30.430  82.822 0.0000000000
48719  -0.953  -29.478  82.603 0.0000000000
48720  -1.427  -28.983  82.556 0.0000000000
135660  -1.604  -25.923  82.359 0.0000000000
129984  -2.009  -27.150  82.188 0.0000000000
51618  -2.028  -26.210  82.365 0.0000000000
51619  -2.440  -26.357  82.230 0.0000000000
143450  -2.858  -26.969  81.744 0.0000000000
52456  -3.280  -25.703  81.908 0.0000000000
53285  -3.249  -25.010  81.680 0.0000000000
54997  -1.847  -22.802  82.940 0.0000000000
41212  8.541  -36.815  72.241 0.0000000000
41213  7.786  -36.710  71.964 0.0000000000
41174  3.071  -35.993  79.530 0.0000000000
41172  2.571  -36.701  79.733 0.0000000000
40141  1.793  -37.285  79.320 0.0000000000
40131  0.338  -37.721  79.952 0.0000000000
42183  -2.621  -36.945  79.907 0.0000000000
41170  -2.930  -37.581  79.838 0.0000000000
42184  -2.772  -37.359  79.372 0.0000000000
42199  -3.258  -36.559  77.605 0.0000000000
123908  -2.535  -34.481  74.703 0.0000000000
44196  -3.043  -34.465  73.762 0.0000000000
45094  -2.632  -33.904  73.967 0.0000000000
45999  -2.716  -33.080  72.776 0.0000000000
47846  -2.445  -29.702  72.742 0.0000000000
47854  -2.309  -30.391  71.817 0.0000000000
134392  -2.447  -30.935  70.985 0.0000000000
124045  -2.677  -30.751  70.199 0.0000000000
47883  -2.933  -30.328  69.671 0.0000000000
52502  -3.295  -26.149  75.867 0.0000000000
52511  -3.750  -26.085  74.769 0.0000000000
51701  -2.558  -26.712  71.624 0.0000000000
50834  -3.586  -27.642  69.685 0.0000000000
50856  -3.662  -27.629  68.662 0.0000000000
122998  -3.943  -27.648  67.962 0.0000000000
48884  -3.391  -28.654  66.117 0.0000000000
49904  -3.707  -27.875  66.593 0.0000000000
50883  -3.488  -27.158  66.786 0.0000000000
123049  -2.820  -27.148  66.009 0.0000000000
123853  0.277  -27.125  67.132 0.0000000000
123134  0.268  -27.942  65.197 0.0000000000
126804  1.476  -19.631  73.648 0.0000000000
57845  0.474  -19.612  74.066 0.0000000000
57860  0.751  -19.275  73.265 0.0000000000
57876  -0.607  -18.906  72.585 0.0000000000
58778  -1.252  -18.713  72.021 0.0000000000
58843  -1.496  -19.020  68.195 0.0000000000
58827  -1.949  -19.204  69.166 0.0000000000
141118  -2.683  -19.357  69.469 0.0000000000
57913  -2.856  -19.536  68.815 0.0000000000
56923  -3.436  -20.263  69.211 0.0000000000
56019  -2.829  -21.331  69.051 0.0000000000
55103  -2.118  -21.802  68.913 0.0000000000
140551  -2.496  -21.644  68.478 0.0000000000
55115  -2.206  -21.883  68.049 0.0000000000
55137  -0.621  -22.208  67.361 0.0000000000
47766  3.805  -31.217  81.217 0.0000000000
47767  3.011  -30.989  81.404 0.0000000000
48731  3.451  -30.511  80.828 0.0000000000
48744  2.740  -29.379  79.792 0.0000000000
48743  3.376  -29.742  79.457 0.0000000000
45984  8.508  -32.646  74.700 0.0000000000
45973  7.874  -32.096  75.332 0.0000000000
45963  7.031  -32.030  75.762 0.0000000000
46853  6.711  -31.847  76.493 0.0000000000
45957  6.611  -32.178  76.852 0.0000000000
45950  6.496  -32.338  77.873 0.0000000000
45065  6.410  -32.620  78.177 0.0000000000
45058  6.286  -32.677  78.890 0.0000000000
45059  5.938  -33.143  79.447 0.0000000000
138035  5.882  -32.516  79.867 0.0000000000
45942  5.798  -32.464  80.012 0.0000000000
46829  5.962  -32.047  79.865 0.0000000000
46822  5.521  -32.470  80.318 0.0000000000
46823  4.851  -32.145  80.957 0.0000000000
46824  4.287  -31.746  81.278 0.0000000000
57778  -0.317  -20.159  81.606 0.0000000000
56793  -1.694  -20.217  80.857 0.0000000000
57787  -0.862  -20.028  80.895 0.0000000000
57791  -0.346  -20.237  80.104 0.0000000000
56790  1.767  -20.113  80.385 0.0000000000
56801  1.450  -20.307  79.443 0.0000000000
56802  0.529  -20.372  79.332 0.0000000000
56811  0.465  -20.376  78.493 0.0000000000
56829  0.389  -20.288  77.648 0.0000000000
56828  1.450  -20.391  77.235 0.0000000000
44170  -2.392  -35.687  78.500 0.0000000000
45057  -0.187  -33.691  80.304 0.0000000000
50747  -0.659  -27.500  82.020 0.0000000000
50741  -0.859  -27.858  82.411 0.0000000000
51620  -0.986  -26.520  82.151 0.0000000000
140479  -1.266  -26.179  82.238 0.0000000000
52455  -0.987  -25.456  82.426 0.0000000000
52450  -1.146  -24.978  82.774 0.0000000000
53278  -1.265  -24.319  83.188 0.0000000000
54137  -0.919  -23.660  83.560 0.0000000000
54136  -0.418  -23.536  83.516 0.0000000000
146072  2.598  -36.274  81.073 0.0000000000
41155  1.849  -36.646  80.954 0.0000000000
41156  0.949  -36.944  80.645 0.0000000000
40127  0.239  -37.268  80.331 0.0000000000
40133  -0.920  -37.756  80.433 0.0000000000
46870  -1.015  -31.563  75.403 0.0000000000
46877  -1.180  -31.270  74.532 0.0000000000
47845  -1.836  -30.361  73.205 0.0000000000
48789  -2.558  -29.416  74.851 0.0000000000
48800  -2.468  -29.491  73.821 0.0000000000
48822  -3.451  -28.628  72.044 0.0000000000
144014  -1.174  -24.459  75.469 0.0000000000
52500  -1.577  -25.347  75.451 0.0000000000
53377  -0.515  -24.572  73.437 0.0000000000
52520  -0.552  -25.335  73.226 0.0000000000
51679  -1.228  -26.384  72.920 0.0000000000
51700  -1.494  -26.747  71.635 0.0000000000
124821  -1.131  -27.135  70.902 0.0000000000
50844  -0.969  -27.315  69.309 0.0000000000
50843  -0.105  -27.325  69.615 0.0000000000
51718  0.642  -26.952  69.399 0.0000000000
52546  0.844  -25.926  70.632 0.0000000000
52554  1.065  -26.184  69.855 0.0000000000
50853  0.865  -26.941  68.595 0.0000000000
51730  1.412  -26.388  68.276 0.0000000000
52574  1.877  -25.865  67.821 0.0000000000
57952  -2.720  -19.322  66.193 0.0000000000
56961  -3.103  -20.384  66.184 0.0000000000
56057  -2.938  -21.142  66.583 0.0000000000
56056  -2.553  -21.429  66.029 0.0000000000
55155  -2.722  -21.852  64.268 0.0000000000
45045  0.343  -33.536  82.042 0.0000000000
46808  0.209  -31.204  82.680 0.0000000000
46807  1.161  -31.330  82.128 0.0000000000
48717  0.387  -30.239  82.495 0.0000000000
48724  -0.142  -29.433  82.289 0.0000000000
47768  2.221  -30.613  81.447 0.0000000000
48728  1.786  -29.860  81.308 0.0000000000
49775  1.922  -29.175  80.532 0.0000000000
49772  1.583  -29.271  80.987 0.0000000000
49768  1.305  -29.265  81.214 0.0000000000
49769  0.656  -28.876  81.408 0.0000000000
49770  -0.227  -28.315  81.882 0.0000000000
41210  10.406  -37.579  72.077 0.0000000000
137373  9.687  -37.079  71.919 0.0000000000
42248  9.132  -36.441  72.226 0.0000000000
144587  9.100  -35.363  72.251 0.0000000000
42235  8.372  -35.779  72.456 0.0000000000
42236  8.293  -35.872  72.374 0.0000000000
42237  7.906  -35.667  72.457 0.0000000000
45087  8.191  -32.949  74.821 0.0000000000
140270  7.643  -33.293  74.498 0.0000000000
44185  7.089  -33.175  74.863 0.0000000000
43278  7.491  -33.644  74.054 0.0000000000
42224  6.957  -34.444  73.234 0.0000000000
137776  5.550  -34.074  75.441 0.0000000000
42193  3.524  -35.191  79.078 0.0000000000
42181  3.366  -36.052  80.773 0.0000000000
44163  5.758  -33.581  79.971 0.0000000000
44164  5.521  -34.064  80.253 0.0000000000
43242  5.117  -34.489  80.623 0.0000000000
45053  5.020  -33.750  81.036 0.0000000000
44160  4.884  -34.357  81.106 0.0000000000
43243  4.748  -34.989  81.001 0.0000000000
146132  4.431  -35.323  81.192 0.0000000000
42176  3.572  -35.805  81.204 0.0000000000
42171  3.057  -35.875  81.361 0.0000000000
43237  2.756  -35.267  81.694 0.0000000000
43232  1.959  -34.795  81.910 0.0000000000
44151  0.470  -34.392  82.368 0.0000000000
130468  -3.940  -27.104  78.813 0.0000000000
52474  -4.050  -26.216  78.698 0.0000000000
52482  -3.837  -25.942  78.106 0.0000000000
141420  -3.410  -25.643  77.770 0.0000000000
53327  -3.316  -24.913  78.340 0.0000000000
142609  -2.619  -25.043  77.491 0.0000000000
54204  -1.557  -23.812  76.706 0.0000000000
56805  -2.593  -20.903  79.990 0.0000000000
55947  -2.480  -21.182  78.322 0.0000000000
136308  -2.511  -21.736  77.910 0.0000000000
55025  -2.297  -22.380  77.527 0.0000000000
54205  -1.888  -23.092  77.167 0.0000000000
54212  -1.313  -23.625  75.844 0.0000000000
55039  -1.406  -22.638  75.267 0.0000000000
136424  -2.357  -21.120  75.315 0.0000000000
55046  -2.157  -21.521  74.787 0.0000000000
55045  -1.533  -22.195  74.429 0.0000000000
55052  -2.178  -21.688  73.871 0.0000000000
138397  -3.046  -21.581  72.202 0.0000000000
48774  6.502  -29.894  75.919 0.0000000000
48775  5.509  -29.859  76.178 0.0000000000
48787  5.803  -29.654  75.449 0.0000000000
48799  4.924  -29.515  74.734 0.0000000000
40162  11.791  -38.268  72.428 0.0000000000
45071  14.271  -32.964  76.285 0.0000000000
42221  13.969  -35.368  73.908 0.0000000000
41191  13.705  -36.134  73.182 0.0000000000
134602  12.974  -34.831  75.003 0.0000000000
41192  13.239  -36.234  73.205 0.0000000000
41201  12.707  -36.942  73.136 0.0000000000
42246  11.722  -36.246  72.482 0.0000000000
44204  11.395  -34.437  71.886 0.0000000000
44205  10.667  -34.874  71.725 0.0000000000
46019  11.406  -32.468  70.907 0.0000000000
46020  10.792  -32.879  70.831 0.0000000000
46026  10.546  -32.097  70.685 0.0000000000
46021  10.016  -32.795  71.045 0.0000000000
137977  9.122  -32.433  72.716 0.0000000000
46875  8.753  -31.975  74.375 0.0000000000
46876  8.469  -31.291  74.942 0.0000000000
47844  8.242  -30.544  73.603 0.0000000000
47837  7.833  -30.138  75.065 0.0000000000
47829  7.605  -30.137  75.459 0.0000000000
48773  7.168  -30.005  75.600 0.0000000000
43281  -2.795  -35.520  76.073 0.0000000000
44190  -2.547  -35.011  75.457 0.0000000000
45974  -1.219  -32.611  75.696 0.0000000000
127898  -2.124  -35.155  78.288 0.0000000000
45066  -1.126  -33.709  78.511 0.0000000000
130348  -1.519  -34.000  77.486 0.0000000000
47822  -1.068  -30.974  76.089 0.0000000000
145068  -2.171  -30.096  76.910 0.0000000000
47811  -2.142  -30.093  77.651 0.0000000000
49794  -3.793  -27.929  78.396 0.0000000000
45046  0.355  -32.692  81.941 0.0000000000
46815  -1.058  -30.925  82.552 0.0000000000
46820  -1.074  -31.068  81.934 0.0000000000
46826  -1.430  -30.598  81.614 0.0000000000
46827  -1.507  -29.978  81.144 0.0000000000
49766  -1.396  -27.987  82.565 0.0000000000
49762  -1.871  -28.511  82.471 0.0000000000
50744  -2.190  -27.940  82.528 0.0000000000
48725  -1.919  -28.909  82.364 0.0000000000
47770  -1.766  -29.490  81.879 0.0000000000
47774  -1.709  -29.514  81.332 0.0000000000
47779  -1.836  -29.383  80.526 0.0000000000
131270  -2.572  -28.778  79.971 0.0000000000
142311  -3.148  -28.238  79.884 0.0000000000
49777  -3.285  -27.791  80.332 0.0000000000
48746  -3.451  -28.254  79.288 0.0000000000
139763  -3.897  -27.457  79.275 0.0000000000
133182  -4.029  -27.157  79.409 0.0000000000
51639  -4.128  -26.480  79.366 0.0000000000
53289  -3.663  -25.287  80.234 0.0000000000
54168  -3.104  -24.359  80.784 0.0000000000
147444  -3.019  -24.240  81.448 0.0000000000
127189  -2.963  -23.419  81.163 0.0000000000
55929  -2.963  -21.838  81.341 0.0000000000
55928  -2.690  -21.327  81.590 0.0000000000
147626  -1.211  -23.145  83.416 0.0000000000
54996  -1.146  -22.502  83.283 0.0000000000
55920  -0.963  -21.708  83.025 0.0000000000
55919  -0.149  -21.244  83.208 0.0000000000
55924  -1.607  -21.306  82.517 0.0000000000
56777  -1.207  -20.663  82.109 0.0000000000
57771  -0.635  -20.340  81.947 0.0000000000
48776  4.499  -29.726  76.463 0.0000000000
40173  9.854  -38.114  71.740 0.0000000000
143400  9.399  -38.141  71.152 0.0000000000
41233  8.882  -37.877  70.964 0.0000000000
41222  8.633  -37.182  71.747 0.0000000000
41168  2.302  -36.965  80.042 0.0000000000
40136  1.659  -37.350  79.677 0.0000000000
39129  1.158  -37.815  79.373 0.0000000000
39139  1.080  -38.059  79.116 0.0000000000
44201  -3.560  -34.734  73.269 0.0000000000
46878  -1.539  -31.949  73.859 0.0000000000
45998  -2.008  -32.622  73.203 0.0000000000
46902  -2.188  -31.613  71.740 0.0000000000
46011  -2.711  -32.662  72.038 0.0000000000
46012  -3.190  -33.135  71.800 0.0000000000
46022  -3.351  -33.360  71.477 0.0000000000
45112  -3.240  -33.689  70.506 0.0000000000
46063  -1.552  -31.765  65.953 0.0000000000
50776  -3.810  -27.704  77.408 0.0000000000
50783  -4.191  -27.500  75.851 0.0000000000
50791  -4.240  -27.405  74.927 0.0000000000
138225  -4.310  -26.716  75.072 0.0000000000
50799  -3.985  -27.578  74.233 0.0000000000
49831  -3.689  -28.081  73.747 0.0000000000
127796  -3.592  -28.090  72.789 0.0000000000
49839  -3.670  -28.143  71.930 0.0000000000
52522  -3.522  -26.203  74.131 0.0000000000
51692  -2.827  -26.620  72.447 0.0000000000
51693  -3.324  -26.818  72.765 0.0000000000
51694  -3.535  -27.009  72.977 0.0000000000
139847  -3.675  -27.856  71.796 0.0000000000
48835  -3.580  -28.610  71.392 0.0000000000
122291  -3.244  -29.592  69.273 0.0000000000
49868  -3.601  -28.246  69.136 0.0000000000
48862  -3.502  -28.847  68.733 0.0000000000
47894  -3.282  -29.610  68.355 0.0000000000
145495  -2.814  -30.177  67.352 0.0000000000
46958  -2.025  -30.715  66.278 0.0000000000
46968  -2.075  -30.674  65.190 0.0000000000
47940  -2.794  -30.094  64.485 0.0000000000
47950  -2.853  -30.263  63.605 0.0000000000
50864  -0.711  -26.969  66.841 0.0000000000
50899  -2.103  -27.552  65.620 0.0000000000
49926  -2.305  -28.478  64.294 0.0000000000
56826  3.190  -20.612  77.458 0.0000000000
56843  2.433  -20.517  76.873 0.0000000000
141418  2.622  -20.488  75.877 0.0000000000
56856  1.744  -20.339  75.669 0.0000000000
57818  0.096  -19.993  76.190 0.0000000000
57832  -0.498  -19.624  75.647 0.0000000000
125150  -1.135  -19.349  75.062 0.0000000000
135236  -2.487  -19.503  74.371 0.0000000000
132839  -1.096  -19.198  73.771 0.0000000000
57849  -2.999  -19.926  74.133 0.0000000000
57865  -3.155  -20.175  73.655 0.0000000000
55985  -3.444  -21.093  72.794 0.0000000000
58795  -1.916  -18.718  71.512 0.0000000000
57903  -2.920  -19.115  70.362 0.0000000000
57890  -2.901  -18.968  71.019 0.0000000000
57891  -2.973  -19.518  71.650 0.0000000000
56894  -3.370  -20.380  71.259 0.0000000000
127678  -3.233  -21.344  71.376 0.0000000000
137166  -2.398  -21.803  71.196 0.0000000000
55101  -0.597  -22.618  70.116 0.0000000000
54273  0.262  -22.972  69.819 0.0000000000
55113  -0.455  -22.425  69.184 0.0000000000
54281  1.181  -23.462  68.623 0.0000000000
127524  1.899  -25.149  68.014 0.0000000000
52573  2.322  -25.138  67.313 0.0000000000
56044  -2.561  -21.612  66.959 0.0000000000
55138  -1.444  -22.019  66.931 0.0000000000
54304  0.757  -22.700  67.183 0.0000000000
54291  1.569  -23.367  67.320 0.0000000000
40153  13.586  -37.298  72.302 0.0000000000
40155  12.761  -37.579  73.034 0.0000000000
40170  13.337  -37.915  71.711 0.0000000000
41200  13.225  -36.943  72.908 0.0000000000
43276  13.161  -34.447  75.012 0.0000000000
43285  13.141  -34.925  74.268 0.0000000000
44167  6.131  -33.048  78.833 0.0000000000
44177  13.973  -33.735  75.724 0.0000000000
44183  13.421  -33.931  75.433 0.0000000000
45047  5.053  -33.296  80.961 0.0000000000
45104  -3.519  -33.701  72.107 0.0000000000
45971  13.053  -32.731  75.531 0.0000000000
46834  6.517  -32.128  78.477 0.0000000000
46976  -2.373  -30.735  64.146 0.0000000000
47765  -1.853  -29.259  82.202 0.0000000000
47838  -1.417  -30.526  74.536 0.0000000000
48721  -1.680  -29.082  82.480 0.0000000000
48734  -2.155  -28.754  81.113 0.0000000000
49761  -1.601  -28.480  82.529 0.0000000000
49778  -3.708  -27.695  79.623 0.0000000000
50761  -3.882  -27.594  78.847 0.0000000000
50832  -0.623  -27.306  70.201 0.0000000000
50862  1.094  -26.882  67.966 0.0000000000
50882  -3.003  -26.863  66.593 0.0000000000
50901  -3.275  -27.412  66.027 0.0000000000
50916  -2.726  -28.068  65.050 0.0000000000
51624  -3.385  -26.428  81.610 0.0000000000
51702  -3.138  -26.942  71.821 0.0000000000
51733  -3.601  -27.075  68.125 0.0000000000
52457  -0.522  -25.261  81.646 0.0000000000
52458  -3.904  -26.484  80.731 0.0000000000
52464  -4.021  -25.888  79.830 0.0000000000
53339  -1.863  -24.725  76.838 0.0000000000
53417  1.603  -24.587  68.520 0.0000000000
54133  -0.686  -23.053  83.529 0.0000000000
54139  -2.305  -24.005  82.561 0.0000000000
54226  -0.459  -23.881  73.190 0.0000000000
55004  -2.532  -22.394  82.370 0.0000000000
55014  -2.561  -22.645  78.335 0.0000000000
55126  -1.418  -22.059  67.719 0.0000000000
55156  -3.107  -21.413  63.915 0.0000000000
55969  -3.142  -20.658  73.905 0.0000000000
55977  -3.329  -20.814  73.500 0.0000000000
55997  -3.399  -21.181  71.796 0.0000000000
56020  -3.544  -20.599  69.967 0.0000000000
56772  0.270  -20.540  83.001 0.0000000000
56794  -2.856  -20.895  80.565 0.0000000000
56804  -1.754  -20.535  80.027 0.0000000000
56857  0.992  -20.258  75.924 0.0000000000
56876  -3.329  -20.687  73.295 0.0000000000
56935  -3.248  -20.398  68.196 0.0000000000
57779  -1.170  -20.197  81.353 0.0000000000
57786  0.110  -20.063  81.041 0.0000000000
57862  -1.059  -19.130  73.172 0.0000000000
57924  -2.704  -19.554  67.964 0.0000000000
57953  -3.052  -19.792  66.638 0.0000000000
57965  -2.716  -19.434  65.442 0.0000000000
58780  -2.513  -18.954  71.663 0.0000000000
123790  -1.007  -27.265  66.039 0.0000000000
124806  -3.917  -26.415  74.152 0.0000000000
125672  -2.314  -19.083  70.117 0.0000000000
128821  -3.151  -20.228  65.361 0.0000000000
130905  -3.396  -24.560  80.029 0.0000000000
133943  3.544  -32.445  81.718 0.0000000000
134123  13.396  -35.406  73.695 0.0000000000
136378  -0.712  -26.004  72.957 0.0000000000
138396  -2.569  -21.705  67.576 0.0000000000
138436  -4.042  -28.160  76.344 0.0000000000
139802  -3.333  -20.860  69.397 0.0000000000
141040  -0.862  -22.955  71.478 0.0000000000
142363  -3.018  -21.959  79.423 0.0000000000
142645  -3.965  -27.501  76.536 0.0000000000
142904  -1.286  -20.379  81.667 0.0000000000
146366  -3.323  -24.894  80.497 0.0000000000
146854  13.862  -33.967  75.522 0.0000000000
147376  -2.155  -20.396  80.990 0.0000000000
147934  -0.558  -32.699  77.541 0.0000000000
