#!ascii label  , from subject sub-v1s22x0050492_ses-1 vox2ras=TkReg
1412
63327  -41.506  -15.988  43.399 0.0000000000
74357  -55.548  -4.022  37.343 0.0000000000
68398  -48.252  -10.538  40.542 0.0000000000
43282  -12.334  -34.731  61.879 0.0000000000
57124  -43.730  -21.938  48.333 0.0000000000
49420  -29.646  -28.564  60.956 0.0000000000
51687  -39.812  -26.061  60.181 0.0000000000
147841  -46.267  -24.273  57.020 0.0000000000
55055  -48.217  -23.466  52.575 0.0000000000
50664  -20.807  -27.886  54.867 0.0000000000
51685  -24.376  -27.221  60.789 0.0000000000
50665  -26.153  -27.239  55.530 0.0000000000
53925  -37.652  -24.765  56.076 0.0000000000
55947  -42.554  -22.958  57.783 0.0000000000
60273  -46.340  -18.076  46.453 0.0000000000
64317  -45.880  -14.336  46.779 0.0000000000
72379  -51.961  -6.770  40.236 0.0000000000
64390  -45.511  -14.370  41.513 0.0000000000
73443  -52.875  -5.088  31.796 0.0000000000
40535  -8.574  -37.538  63.223 0.0000000000
57128  -47.345  -20.934  48.849 0.0000000000
149744  -42.655  -19.817  45.191 0.0000000000
51752  -32.104  -26.213  55.802 0.0000000000
132268  -35.037  -29.155  58.768 0.0000000000
67352  -50.619  -11.764  45.714 0.0000000000
81406  -55.652  2.366  26.789 0.0000000000
55984  -45.300  -23.164  56.459 0.0000000000
53990  -45.838  -24.340  54.131 0.0000000000
51762  -23.236  -26.301  54.650 0.0000000000
56997  -41.610  -21.548  56.316 0.0000000000
56987  -43.922  -21.844  56.799 0.0000000000
55949  -44.333  -23.141  58.263 0.0000000000
61290  -43.714  -17.161  45.052 0.0000000000
62283  -45.326  -15.809  46.504 0.0000000000
63318  -44.154  -15.859  44.431 0.0000000000
73384  -54.191  -5.771  38.699 0.0000000000
147662  -54.617  -5.609  42.320 0.0000000000
76391  -56.242  -1.945  36.358 0.0000000000
43302  -10.655  -35.110  58.981 0.0000000000
135272  -10.016  -36.122  63.065 0.0000000000
56117  -46.943  -22.863  50.535 0.0000000000
56119  -48.423  -21.854  50.727 0.0000000000
139355  -45.371  -21.661  48.531 0.0000000000
58168  -45.761  -20.539  47.159 0.0000000000
58165  -43.014  -21.160  46.895 0.0000000000
49400  -26.995  -28.545  61.152 0.0000000000
134808  -26.447  -28.078  64.708 0.0000000000
125945  -29.118  -28.741  64.394 0.0000000000
49390  -32.244  -28.756  62.666 0.0000000000
51783  -30.589  -25.961  53.573 0.0000000000
53967  -33.688  -24.710  54.307 0.0000000000
53906  -38.946  -25.262  57.532 0.0000000000
51727  -36.360  -26.576  57.404 0.0000000000
50615  -37.348  -27.344  58.888 0.0000000000
48362  -36.400  -29.907  60.351 0.0000000000
129385  -16.841  -31.841  58.678 0.0000000000
143409  -18.011  -30.545  61.479 0.0000000000
47254  -17.411  -31.183  65.402 0.0000000000
65406  -47.007  -12.896  40.359 0.0000000000
65351  -48.426  -13.147  43.521 0.0000000000
66369  -50.841  -11.828  43.102 0.0000000000
82447  -57.193  3.111  25.152 0.0000000000
43241  -11.030  -34.941  66.141 0.0000000000
54928  -48.013  -22.731  58.493 0.0000000000
56005  -49.467  -22.180  55.892 0.0000000000
53975  -47.889  -24.464  54.611 0.0000000000
54014  -45.833  -24.230  52.167 0.0000000000
49468  -20.204  -28.241  57.785 0.0000000000
126707  -21.282  -26.916  61.039 0.0000000000
51707  -21.678  -26.819  57.983 0.0000000000
50625  -25.090  -27.102  57.864 0.0000000000
49453  -28.119  -28.497  58.767 0.0000000000
55005  -36.766  -23.633  54.101 0.0000000000
56000  -39.121  -22.846  54.903 0.0000000000
54964  -40.356  -23.201  56.701 0.0000000000
54907  -41.125  -23.987  59.148 0.0000000000
55932  -43.634  -23.483  58.980 0.0000000000
54908  -46.107  -22.928  59.443 0.0000000000
48431  -19.269  -29.622  55.504 0.0000000000
133616  -47.828  -18.491  48.927 0.0000000000
61244  -48.820  -17.087  49.968 0.0000000000
61269  -46.980  -16.980  47.803 0.0000000000
63283  -46.485  -14.944  48.136 0.0000000000
71381  -49.727  -7.964  40.948 0.0000000000
69351  -52.382  -9.276  42.878 0.0000000000
72350  -52.643  -7.051  43.060 0.0000000000
36798  -2.970  -42.476  66.074 0.0000000000
63344  -43.428  -15.145  42.006 0.0000000000
65430  -44.156  -12.792  39.217 0.0000000000
70429  -46.484  -8.325  39.640 0.0000000000
71411  -47.726  -7.684  38.628 0.0000000000
127501  -50.710  -7.377  37.160 0.0000000000
72425  -53.098  -6.412  35.578 0.0000000000
74391  -54.740  -4.944  34.954 0.0000000000
140269  -52.127  -6.495  33.256 0.0000000000
41419  -9.416  -36.252  67.103 0.0000000000
39558  -7.261  -38.406  67.089 0.0000000000
38678  -4.613  -40.203  67.330 0.0000000000
140967  -51.940  -19.417  53.220 0.0000000000
57053  -49.962  -21.628  53.815 0.0000000000
128496  -49.935  -21.074  51.375 0.0000000000
59212  -48.822  -18.871  50.665 0.0000000000
58170  -47.265  -19.970  47.863 0.0000000000
59269  -44.918  -18.977  45.513 0.0000000000
61302  -41.396  -17.565  44.228 0.0000000000
51637  -23.761  -27.032  64.054 0.0000000000
50669  -29.089  -27.384  55.590 0.0000000000
50608  -30.887  -27.630  58.559 0.0000000000
52839  -35.210  -25.494  55.649 0.0000000000
50633  -33.140  -26.936  57.823 0.0000000000
50572  -32.708  -28.028  59.744 0.0000000000
48345  -33.640  -29.941  61.426 0.0000000000
44243  -12.839  -34.250  58.908 0.0000000000
45232  -15.003  -33.131  59.591 0.0000000000
44207  -14.397  -33.635  62.677 0.0000000000
64347  -46.335  -14.705  44.025 0.0000000000
66339  -47.916  -13.234  46.210 0.0000000000
67315  -49.412  -11.697  48.547 0.0000000000
68328  -53.734  -10.858  45.699 0.0000000000
76415  -55.850  -2.686  33.674 0.0000000000
77368  -56.488  -1.377  32.079 0.0000000000
79320  -57.540  0.797  30.026 0.0000000000
141466  -54.862  0.497  28.156 0.0000000000
144894  -58.262  2.686  28.880 0.0000000000
56999  -45.097  -21.990  56.190 0.0000000000
56003  -45.314  -22.537  55.492 0.0000000000
57033  -45.204  -21.618  54.779 0.0000000000
127069  -43.269  -20.744  56.241 0.0000000000
58035  -44.117  -21.141  56.373 0.0000000000
56988  -44.407  -22.018  56.724 0.0000000000
62298  -42.470  -16.619  44.241 0.0000000000
127495  -43.681  -16.297  45.055 0.0000000000
63316  -42.672  -16.100  43.960 0.0000000000
74349  -55.103  -5.018  38.424 0.0000000000
74335  -55.832  -4.528  40.466 0.0000000000
75346  -56.325  -3.183  39.382 0.0000000000
76376  -56.506  -2.402  38.828 0.0000000000
76381  -56.033  -2.620  37.005 0.0000000000
42373  -11.328  -35.184  60.974 0.0000000000
42367  -10.544  -35.664  61.004 0.0000000000
42355  -11.362  -35.252  62.894 0.0000000000
57110  -44.851  -22.245  49.138 0.0000000000
56133  -46.244  -22.452  49.964 0.0000000000
57125  -44.606  -21.774  48.392 0.0000000000
57139  -44.318  -21.299  47.739 0.0000000000
57138  -43.387  -21.560  47.647 0.0000000000
49366  -19.266  -29.138  63.400 0.0000000000
49419  -28.317  -28.798  60.619 0.0000000000
49386  -27.824  -28.877  62.384 0.0000000000
126771  -29.719  -28.817  62.399 0.0000000000
125388  -30.220  -28.740  63.233 0.0000000000
140554  -30.935  -28.244  61.595 0.0000000000
52787  -39.044  -26.099  58.844 0.0000000000
51712  -38.235  -26.334  58.602 0.0000000000
51699  -38.688  -26.643  59.270 0.0000000000
131697  -38.191  -27.746  60.240 0.0000000000
48355  -18.887  -29.574  59.890 0.0000000000
138628  -18.912  -29.565  61.510 0.0000000000
146163  -18.434  -29.971  62.888 0.0000000000
61209  -51.983  -18.248  52.047 0.0000000000
145123  -47.759  -11.437  40.335 0.0000000000
66408  -49.458  -12.251  41.501 0.0000000000
144470  -50.130  -11.699  41.563 0.0000000000
54945  -47.268  -23.729  57.696 0.0000000000
129146  -47.560  -24.091  56.844 0.0000000000
53930  -46.987  -24.605  56.232 0.0000000000
53991  -46.354  -24.504  53.737 0.0000000000
55070  -44.957  -24.084  51.972 0.0000000000
55088  -45.102  -23.572  51.181 0.0000000000
49484  -20.430  -28.114  56.336 0.0000000000
50603  -20.968  -27.166  58.500 0.0000000000
125198  -21.483  -26.798  56.239 0.0000000000
51764  -25.001  -26.621  54.852 0.0000000000
51735  -24.678  -26.578  56.573 0.0000000000
50648  -25.837  -27.186  56.480 0.0000000000
49451  -26.754  -28.164  58.468 0.0000000000
50628  -27.450  -27.854  57.060 0.0000000000
56022  -38.817  -22.381  54.089 0.0000000000
56984  -41.848  -21.934  56.730 0.0000000000
55982  -40.665  -22.462  56.408 0.0000000000
55964  -41.008  -22.846  57.087 0.0000000000
54943  -40.623  -23.491  57.504 0.0000000000
55946  -41.931  -23.239  58.340 0.0000000000
55931  -42.021  -23.652  59.374 0.0000000000
124997  -43.224  -23.242  58.210 0.0000000000
54926  -45.609  -23.381  58.457 0.0000000000
55950  -45.101  -22.982  59.053 0.0000000000
54927  -46.543  -23.185  58.801 0.0000000000
140159  -47.390  -22.756  58.974 0.0000000000
49501  -20.340  -28.502  55.347 0.0000000000
134317  -47.376  -18.683  47.753 0.0000000000
134849  -47.713  -17.422  48.620 0.0000000000
61268  -46.790  -17.592  47.089 0.0000000000
63301  -45.315  -15.395  46.306 0.0000000000
63293  -46.120  -15.494  47.582 0.0000000000
140827  -45.935  -14.345  47.301 0.0000000000
64296  -46.969  -14.379  48.806 0.0000000000
65296  -46.336  -13.913  47.423 0.0000000000
71394  -50.152  -7.461  40.561 0.0000000000
71366  -51.157  -7.700  41.513 0.0000000000
138929  -52.321  -6.690  41.642 0.0000000000
75308  -55.611  -2.909  43.992 0.0000000000
71402  -47.548  -7.802  39.272 0.0000000000
71424  -46.206  -7.518  38.334 0.0000000000
71438  -49.369  -7.743  36.640 0.0000000000
71439  -50.687  -7.473  36.191 0.0000000000
71429  -51.962  -6.933  36.792 0.0000000000
125978  -51.433  -7.272  34.906 0.0000000000
72434  -52.922  -6.488  34.788 0.0000000000
126360  -8.736  -36.857  61.157 0.0000000000
39594  -7.962  -38.551  63.991 0.0000000000
43227  -10.569  -34.685  68.435 0.0000000000
42331  -10.012  -35.743  66.737 0.0000000000
42320  -9.513  -35.263  68.754 0.0000000000
40479  -7.225  -37.460  68.619 0.0000000000
39552  -5.967  -38.415  68.738 0.0000000000
39567  -5.833  -39.246  67.268 0.0000000000
38661  -4.994  -39.709  68.564 0.0000000000
37760  -4.647  -40.706  68.126 0.0000000000
56025  -49.011  -22.930  53.984 0.0000000000
56026  -49.544  -22.000  54.663 0.0000000000
56050  -48.827  -22.836  53.036 0.0000000000
57103  -48.118  -21.610  50.131 0.0000000000
57087  -49.102  -21.619  51.170 0.0000000000
58142  -49.570  -20.826  50.628 0.0000000000
147385  -50.198  -20.183  50.937 0.0000000000
58151  -48.708  -19.989  49.456 0.0000000000
59241  -48.104  -19.334  49.026 0.0000000000
58160  -47.673  -20.163  48.417 0.0000000000
58182  -44.517  -20.398  46.356 0.0000000000
129737  -44.928  -19.775  46.049 0.0000000000
131322  -43.133  -19.295  45.053 0.0000000000
60282  -43.569  -18.331  44.785 0.0000000000
60294  -41.824  -18.429  44.505 0.0000000000
135613  -22.714  -26.810  60.920 0.0000000000
51656  -22.211  -26.837  62.372 0.0000000000
51658  -23.858  -27.280  62.311 0.0000000000
51768  -31.625  -25.951  55.014 0.0000000000
50690  -29.990  -26.969  54.921 0.0000000000
50671  -30.465  -26.938  55.605 0.0000000000
125693  -29.769  -27.628  57.025 0.0000000000
50632  -31.462  -26.868  57.062 0.0000000000
53948  -37.277  -24.353  55.315 0.0000000000
53969  -35.428  -24.554  54.729 0.0000000000
52840  -35.982  -25.244  55.788 0.0000000000
50613  -35.308  -28.107  57.998 0.0000000000
51725  -34.606  -26.898  57.066 0.0000000000
50612  -34.304  -28.075  57.890 0.0000000000
50590  -32.925  -27.819  58.955 0.0000000000
49439  -33.170  -28.502  59.320 0.0000000000
48359  -33.309  -29.216  60.628 0.0000000000
48373  -33.996  -29.735  59.793 0.0000000000
54894  -43.957  -24.035  60.490 0.0000000000
45233  -15.580  -32.841  59.017 0.0000000000
130407  -15.808  -32.804  59.945 0.0000000000
44231  -14.324  -33.689  60.939 0.0000000000
135059  -17.167  -31.285  66.387 0.0000000000
63361  -44.059  -14.754  41.696 0.0000000000
64360  -45.171  -15.257  42.956 0.0000000000
64379  -45.716  -14.590  42.391 0.0000000000
66352  -49.713  -12.374  44.398 0.0000000000
65338  -48.381  -13.052  44.398 0.0000000000
148620  -48.759  -12.746  45.827 0.0000000000
66322  -48.870  -12.341  47.268 0.0000000000
126746  -50.249  -11.587  47.076 0.0000000000
70375  -53.673  -8.541  44.294 0.0000000000
68354  -53.406  -9.978  44.012 0.0000000000
69314  -54.708  -9.542  45.788 0.0000000000
73433  -53.844  -4.917  32.980 0.0000000000
74405  -55.102  -4.133  33.832 0.0000000000
74411  -54.414  -4.272  32.484 0.0000000000
137138  -55.757  -2.508  31.288 0.0000000000
76445  -55.697  -1.878  30.226 0.0000000000
78365  -57.162  -0.156  31.127 0.0000000000
77390  -56.129  -0.796  29.559 0.0000000000
80377  -53.391  1.644  27.409 0.0000000000
80359  -52.901  1.338  27.989 0.0000000000
80361  -54.473  1.239  27.781 0.0000000000
80362  -56.399  1.110  28.038 0.0000000000
80381  -57.222  2.568  27.351 0.0000000000
81407  -56.967  2.855  26.695 0.0000000000
82449  -58.547  3.453  24.873 0.0000000000
53928  -45.919  -24.198  56.880 0.0000000000
53951  -46.344  -24.632  55.627 0.0000000000
54987  -45.547  -23.735  55.781 0.0000000000
141348  -45.562  -23.982  54.324 0.0000000000
51760  -21.636  -26.807  54.776 0.0000000000
58043  -42.036  -20.909  55.961 0.0000000000
56998  -42.251  -21.374  56.420 0.0000000000
56985  -42.506  -22.045  56.948 0.0000000000
56977  -43.212  -22.668  57.527 0.0000000000
137197  -44.165  -22.542  57.364 0.0000000000
55966  -44.649  -23.091  57.773 0.0000000000
60284  -45.090  -17.924  45.432 0.0000000000
61280  -46.154  -17.138  46.642 0.0000000000
62291  -44.278  -16.449  45.367 0.0000000000
142889  -44.963  -15.789  45.626 0.0000000000
64330  -45.367  -15.317  45.609 0.0000000000
72390  -52.990  -6.568  39.923 0.0000000000
72371  -53.001  -6.322  41.668 0.0000000000
73369  -54.908  -5.967  40.595 0.0000000000
126986  -55.796  -3.761  41.793 0.0000000000
78334  -56.668  -0.244  35.969 0.0000000000
42372  -9.719  -36.117  60.754 0.0000000000
41447  -9.592  -36.634  63.358 0.0000000000
56100  -47.488  -23.078  51.153 0.0000000000
56073  -48.538  -22.702  52.200 0.0000000000
57102  -47.273  -21.995  50.025 0.0000000000
57127  -46.650  -21.289  48.737 0.0000000000
58159  -46.858  -20.672  48.171 0.0000000000
57140  -45.317  -21.135  47.837 0.0000000000
58166  -43.973  -20.970  46.940 0.0000000000
58180  -42.595  -20.737  46.162 0.0000000000
50550  -25.519  -27.828  61.284 0.0000000000
50535  -25.453  -27.862  62.362 0.0000000000
50520  -26.330  -28.195  62.655 0.0000000000
49369  -27.755  -28.763  63.555 0.0000000000
49373  -31.320  -28.866  64.004 0.0000000000
52853  -32.045  -25.130  53.867 0.0000000000
52845  -33.167  -25.262  54.768 0.0000000000
52832  -38.017  -25.185  56.705 0.0000000000
52831  -37.210  -25.383  56.528 0.0000000000
51728  -37.135  -26.345  57.602 0.0000000000
50637  -36.730  -26.912  57.921 0.0000000000
49457  -36.320  -28.346  58.791 0.0000000000
48375  -36.062  -29.483  59.723 0.0000000000
49425  -36.871  -29.157  60.078 0.0000000000
134668  -18.038  -30.803  56.644 0.0000000000
47326  -17.891  -30.793  58.987 0.0000000000
131279  -17.069  -31.473  61.844 0.0000000000
46202  -16.677  -31.829  63.716 0.0000000000
47266  -17.661  -30.830  63.893 0.0000000000
65405  -46.569  -13.455  40.600 0.0000000000
125416  -46.972  -13.885  42.066 0.0000000000
65389  -48.222  -13.100  41.691 0.0000000000
66367  -49.111  -12.810  42.899 0.0000000000
66353  -50.372  -12.052  43.958 0.0000000000
73448  -51.982  -5.053  30.608 0.0000000000
74419  -53.371  -4.543  31.410 0.0000000000
74436  -51.876  -4.249  29.815 0.0000000000
81417  -53.973  2.068  26.934 0.0000000000
141297  -55.497  2.538  26.219 0.0000000000
80405  -54.381  1.757  25.701 0.0000000000
80419  -55.626  1.723  24.898 0.0000000000
43256  -12.574  -34.420  64.174 0.0000000000
43255  -11.713  -34.837  64.308 0.0000000000
143728  -49.495  -22.133  57.625 0.0000000000
55985  -49.008  -22.582  56.940 0.0000000000
143361  -48.291  -24.031  55.380 0.0000000000
53993  -47.874  -24.296  53.823 0.0000000000
53973  -46.333  -24.680  54.701 0.0000000000
53992  -47.188  -24.488  53.545 0.0000000000
141339  -47.585  -23.832  52.235 0.0000000000
56099  -46.681  -23.547  51.155 0.0000000000
56116  -45.310  -22.997  50.388 0.0000000000
128441  -19.699  -28.578  60.043 0.0000000000
50548  -20.742  -27.362  61.484 0.0000000000
143095  -20.767  -27.527  59.472 0.0000000000
134320  -21.754  -26.823  59.662 0.0000000000
51696  -23.421  -26.756  59.396 0.0000000000
128161  -22.262  -26.535  56.575 0.0000000000
126736  -23.276  -26.591  57.763 0.0000000000
50584  -24.804  -27.125  59.350 0.0000000000
50568  -26.123  -27.995  59.846 0.0000000000
49435  -27.546  -28.604  59.592 0.0000000000
49436  -28.542  -28.605  59.691 0.0000000000
55006  -37.579  -23.357  54.258 0.0000000000
54985  -38.638  -23.514  55.292 0.0000000000
56002  -40.329  -22.092  55.782 0.0000000000
54986  -39.334  -23.178  55.683 0.0000000000
54962  -38.897  -23.864  55.990 0.0000000000
53907  -39.453  -24.663  57.463 0.0000000000
53886  -39.801  -24.844  58.260 0.0000000000
53866  -40.078  -25.151  59.023 0.0000000000
53843  -41.462  -24.962  60.411 0.0000000000
53868  -41.651  -24.290  59.907 0.0000000000
54893  -43.203  -24.053  60.370 0.0000000000
55918  -44.556  -23.450  60.608 0.0000000000
133868  -44.203  -23.271  59.105 0.0000000000
55933  -44.708  -22.986  60.035 0.0000000000
55919  -45.284  -22.944  60.749 0.0000000000
55934  -46.662  -22.604  60.198 0.0000000000
48414  -18.736  -30.127  56.802 0.0000000000
60224  -48.308  -17.904  50.786 0.0000000000
61243  -48.214  -17.471  50.170 0.0000000000
61257  -48.282  -16.829  49.052 0.0000000000
62265  -48.372  -16.349  48.870 0.0000000000
130578  -46.513  -16.836  47.221 0.0000000000
147145  -46.749  -15.689  48.103 0.0000000000
69369  -48.914  -8.903  41.094 0.0000000000
69371  -50.193  -9.733  41.359 0.0000000000
130547  -50.595  -8.839  41.666 0.0000000000
70388  -52.342  -8.271  43.069 0.0000000000
71344  -53.252  -7.555  44.123 0.0000000000
72359  -53.211  -6.264  42.519 0.0000000000
72340  -53.566  -6.347  44.000 0.0000000000
62323  -40.753  -15.857  42.376 0.0000000000
63328  -42.177  -15.823  43.340 0.0000000000
63359  -42.055  -15.428  41.511 0.0000000000
63378  -42.403  -14.985  40.708 0.0000000000
64404  -43.576  -14.253  40.261 0.0000000000
141987  -45.140  -13.573  40.142 0.0000000000
65421  -45.475  -12.999  39.807 0.0000000000
67434  -46.075  -11.897  39.562 0.0000000000
68396  -46.506  -10.646  39.966 0.0000000000
69385  -47.624  -9.571  40.460 0.0000000000
71391  -48.128  -8.264  40.214 0.0000000000
71403  -48.764  -7.720  39.941 0.0000000000
71413  -49.780  -7.201  39.191 0.0000000000
127294  -48.024  -7.724  37.698 0.0000000000
132222  -49.421  -7.639  38.373 0.0000000000
71414  -50.743  -7.039  38.870 0.0000000000
72396  -52.430  -6.522  38.182 0.0000000000
72403  -53.373  -6.161  37.202 0.0000000000
73392  -54.443  -5.207  37.165 0.0000000000
74369  -55.349  -4.173  36.509 0.0000000000
73414  -54.209  -5.548  35.211 0.0000000000
73425  -53.389  -5.911  33.792 0.0000000000
73431  -52.368  -5.719  32.138 0.0000000000
72466  -51.421  -6.042  31.568 0.0000000000
42347  -10.521  -35.745  64.754 0.0000000000
131749  -9.956  -36.316  64.860 0.0000000000
41427  -9.080  -37.120  65.370 0.0000000000
41413  -8.382  -36.452  68.573 0.0000000000
40485  -8.278  -37.538  66.933 0.0000000000
139802  -8.264  -38.310  65.072 0.0000000000
39577  -6.937  -39.280  65.775 0.0000000000
38695  -6.332  -39.696  65.594 0.0000000000
37791  -5.041  -40.317  65.349 0.0000000000
37777  -3.969  -41.370  66.953 0.0000000000
60207  -50.655  -18.282  52.195 0.0000000000
57054  -50.780  -21.363  53.724 0.0000000000
56074  -49.093  -22.131  52.613 0.0000000000
57069  -50.354  -21.385  53.094 0.0000000000
143607  -50.885  -20.245  52.056 0.0000000000
59194  -49.880  -18.562  52.025 0.0000000000
60215  -49.281  -18.055  51.920 0.0000000000
59229  -48.352  -18.917  49.965 0.0000000000
59240  -47.643  -19.224  48.200 0.0000000000
59259  -46.255  -19.020  46.486 0.0000000000
58169  -46.586  -20.124  47.414 0.0000000000
59258  -45.544  -19.417  46.191 0.0000000000
60272  -45.651  -18.507  45.972 0.0000000000
60283  -44.382  -18.178  45.021 0.0000000000
143247  -43.024  -17.572  44.719 0.0000000000
62297  -41.670  -16.853  44.092 0.0000000000
57137  -42.426  -21.706  47.685 0.0000000000
57150  -42.022  -21.230  46.987 0.0000000000
58195  -41.424  -20.526  45.650 0.0000000000
59267  -41.493  -20.042  45.089 0.0000000000
59280  -41.343  -19.315  44.580 0.0000000000
61301  -40.655  -17.613  44.030 0.0000000000
61314  -40.445  -17.004  43.718 0.0000000000
62308  -40.358  -16.447  43.104 0.0000000000
137901  -25.003  -27.476  64.759 0.0000000000
50687  -27.300  -27.072  54.636 0.0000000000
50688  -28.226  -26.982  54.490 0.0000000000
124830  -28.011  -27.612  56.082 0.0000000000
50629  -28.871  -27.909  57.021 0.0000000000
50630  -29.462  -28.002  57.813 0.0000000000
50587  -30.357  -28.011  59.401 0.0000000000
53989  -35.173  -23.890  54.038 0.0000000000
52846  -34.025  -25.130  54.948 0.0000000000
52837  -33.520  -25.662  55.382 0.0000000000
52829  -35.583  -25.820  56.247 0.0000000000
51739  -34.241  -26.434  56.588 0.0000000000
51723  -32.904  -26.651  57.171 0.0000000000
138402  -32.261  -26.900  57.779 0.0000000000
50588  -31.445  -27.642  59.336 0.0000000000
49422  -31.252  -28.019  60.784 0.0000000000
49423  -32.140  -28.349  60.910 0.0000000000
49407  -33.035  -29.084  61.728 0.0000000000
147641  -11.736  -34.703  58.960 0.0000000000
43294  -12.492  -34.637  60.445 0.0000000000
45274  -15.414  -32.762  57.594 0.0000000000
44275  -13.871  -33.588  57.563 0.0000000000
44244  -13.747  -33.940  59.268 0.0000000000
44218  -13.555  -34.062  61.351 0.0000000000
44205  -13.017  -34.358  62.059 0.0000000000
44185  -13.810  -33.731  63.949 0.0000000000
131007  -16.827  -31.670  65.410 0.0000000000
63330  -43.949  -15.839  43.426 0.0000000000
64345  -44.920  -15.878  44.422 0.0000000000
127590  -45.884  -15.027  44.873 0.0000000000
65349  -47.075  -14.000  43.902 0.0000000000
65337  -47.301  -13.767  44.759 0.0000000000
139754  -47.190  -13.624  46.095 0.0000000000
66329  -47.724  -13.076  47.296 0.0000000000
68366  -51.895  -10.774  42.706 0.0000000000
67367  -52.583  -11.263  44.725 0.0000000000
68327  -52.213  -11.308  46.111 0.0000000000
76395  -55.755  -3.035  35.257 0.0000000000
76405  -55.948  -2.425  34.569 0.0000000000
147518  -56.265  -1.178  34.243 0.0000000000
75418  -55.216  -3.453  32.362 0.0000000000
76416  -56.072  -2.103  32.453 0.0000000000
130533  -56.593  -0.095  33.402 0.0000000000
79311  -57.118  1.259  32.831 0.0000000000
80337  -57.423  1.585  31.966 0.0000000000
78389  -54.490  -0.212  28.563 0.0000000000
78391  -56.562  0.366  28.653 0.0000000000
81380  -58.080  2.158  29.565 0.0000000000
82421  -57.581  3.400  25.751 0.0000000000
58036  -44.530  -21.101  56.115 0.0000000000
142732  -44.787  -21.726  56.369 0.0000000000
62310  -41.907  -16.276  43.824 0.0000000000
62299  -43.180  -16.307  44.471 0.0000000000
137807  -55.343  -4.528  37.919 0.0000000000
75345  -55.936  -3.965  39.044 0.0000000000
75359  -55.751  -3.951  38.178 0.0000000000
75360  -56.207  -3.249  38.490 0.0000000000
133366  -56.369  -2.527  37.907 0.0000000000
75371  -55.921  -3.298  37.614 0.0000000000
43281  -11.669  -35.018  61.721 0.0000000000
147516  -11.399  -35.241  62.228 0.0000000000
43271  -11.868  -34.907  62.456 0.0000000000
56142  -44.069  -22.333  48.851 0.0000000000
49367  -19.635  -28.576  63.634 0.0000000000
139721  -19.806  -28.510  62.269 0.0000000000
143528  -28.937  -28.814  61.006 0.0000000000
49403  -29.255  -28.828  61.629 0.0000000000
49404  -30.120  -28.537  61.628 0.0000000000
52788  -39.654  -25.753  59.312 0.0000000000
146251  -39.299  -26.292  59.513 0.0000000000
144304  -39.763  -26.703  60.802 0.0000000000
49383  -19.042  -29.437  62.823 0.0000000000
67423  -49.063  -10.945  40.629 0.0000000000
67408  -49.338  -11.608  40.990 0.0000000000
53909  -46.766  -24.277  57.012 0.0000000000
55053  -44.909  -23.779  52.657 0.0000000000
54002  -45.446  -24.147  52.728 0.0000000000
50645  -20.886  -27.246  56.282 0.0000000000
50646  -21.137  -27.106  55.422 0.0000000000
143407  -25.720  -27.008  54.982 0.0000000000
51749  -25.384  -26.839  55.660 0.0000000000
50627  -26.659  -27.598  56.877 0.0000000000
50649  -26.684  -27.508  56.103 0.0000000000
55965  -41.731  -22.616  57.318 0.0000000000
55945  -41.253  -23.210  57.877 0.0000000000
53908  -46.255  -23.998  57.745 0.0000000000
126635  -47.036  -23.383  58.391 0.0000000000
60264  -46.904  -18.602  47.081 0.0000000000
133909  -45.560  -14.825  46.348 0.0000000000
64316  -45.626  -14.730  46.869 0.0000000000
72378  -50.545  -6.988  40.200 0.0000000000
72369  -50.932  -7.269  40.852 0.0000000000
72370  -51.672  -6.889  41.190 0.0000000000
75297  -56.206  -3.008  45.101 0.0000000000
133254  -46.025  -7.658  38.985 0.0000000000
71455  -51.342  -7.322  35.736 0.0000000000
149651  -51.495  -7.127  34.211 0.0000000000
40551  -8.461  -37.412  62.368 0.0000000000
40550  -8.166  -37.873  62.777 0.0000000000
40534  -8.220  -38.057  63.419 0.0000000000
42321  -10.131  -34.969  68.052 0.0000000000
43222  -9.860  -34.749  69.656 0.0000000000
39547  -5.399  -38.936  69.123 0.0000000000
38657  -5.175  -39.557  69.230 0.0000000000
55032  -48.433  -23.663  53.419 0.0000000000
57113  -47.739  -21.282  49.478 0.0000000000
57104  -48.885  -21.266  50.330 0.0000000000
57114  -48.517  -20.884  49.673 0.0000000000
58141  -49.145  -20.452  49.996 0.0000000000
58150  -48.081  -20.468  49.073 0.0000000000
58197  -43.003  -20.151  45.500 0.0000000000
59256  -43.642  -19.795  45.452 0.0000000000
59268  -42.215  -19.413  44.861 0.0000000000
51684  -23.569  -26.985  60.816 0.0000000000
51670  -23.237  -27.043  61.603 0.0000000000
51671  -23.946  -27.232  61.446 0.0000000000
51750  -30.747  -26.519  54.959 0.0000000000
51751  -31.249  -26.540  55.667 0.0000000000
50654  -30.912  -26.882  56.336 0.0000000000
51736  -31.734  -26.611  56.373 0.0000000000
124709  -36.293  -24.655  55.156 0.0000000000
53924  -36.801  -24.979  55.898 0.0000000000
49455  -34.673  -28.673  58.372 0.0000000000
50591  -33.656  -28.390  58.528 0.0000000000
49440  -34.090  -29.188  58.973 0.0000000000
54880  -44.560  -24.110  61.043 0.0000000000
45171  -16.132  -32.300  63.296 0.0000000000
64389  -44.701  -14.430  41.209 0.0000000000
64378  -44.888  -14.754  42.060 0.0000000000
149072  -50.106  -11.934  45.588 0.0000000000
66340  -49.596  -12.302  45.477 0.0000000000
67337  -49.978  -11.855  46.299 0.0000000000
66331  -49.228  -12.332  46.483 0.0000000000
70366  -54.027  -7.820  45.112 0.0000000000
70376  -54.419  -9.020  44.963 0.0000000000
73432  -53.169  -5.341  32.578 0.0000000000
74404  -54.550  -4.607  33.383 0.0000000000
74410  -53.630  -4.762  32.181 0.0000000000
77389  -55.416  -1.309  29.534 0.0000000000
77380  -56.278  -1.373  30.453 0.0000000000
80378  -54.153  1.773  27.334 0.0000000000
80379  -55.056  1.858  27.283 0.0000000000
80380  -56.243  2.086  27.312 0.0000000000
147755  -56.274  2.543  26.751 0.0000000000
54965  -45.625  -23.956  56.558 0.0000000000
56024  -45.338  -22.567  54.679 0.0000000000
55008  -45.489  -23.476  54.915 0.0000000000
140490  -45.389  -23.196  54.120 0.0000000000
58044  -42.686  -20.739  56.145 0.0000000000
58034  -43.600  -21.195  56.456 0.0000000000
58033  -42.935  -21.275  56.494 0.0000000000
56986  -43.353  -21.882  56.881 0.0000000000
125091  -44.896  -22.619  56.928 0.0000000000
54944  -45.478  -23.642  57.382 0.0000000000
61291  -44.526  -17.302  45.248 0.0000000000
61292  -45.028  -16.938  45.596 0.0000000000
63307  -43.827  -15.936  44.900 0.0000000000
133765  -44.314  -16.013  45.343 0.0000000000
63308  -44.659  -15.827  45.136 0.0000000000
141397  -53.724  -6.187  39.289 0.0000000000
73376  -53.973  -6.310  40.219 0.0000000000
73377  -54.523  -5.928  39.594 0.0000000000
147728  -55.931  -3.285  41.478 0.0000000000
75317  -55.568  -3.288  42.756 0.0000000000
76346  -55.949  -2.671  42.141 0.0000000000
77337  -56.546  -1.013  36.595 0.0000000000
78327  -56.958  0.031  37.000 0.0000000000
143159  -10.600  -35.755  61.832 0.0000000000
42366  -10.023  -36.070  61.642 0.0000000000
41454  -9.619  -36.485  62.379 0.0000000000
57111  -45.913  -21.811  49.130 0.0000000000
57112  -46.883  -21.647  49.341 0.0000000000
57126  -46.089  -21.288  48.288 0.0000000000
58181  -43.601  -20.498  46.104 0.0000000000
50551  -26.187  -28.163  60.749 0.0000000000
50536  -26.227  -28.229  61.701 0.0000000000
49385  -26.982  -28.545  62.086 0.0000000000
49370  -28.505  -28.932  63.307 0.0000000000
127164  -28.309  -28.827  64.178 0.0000000000
125538  -31.057  -28.622  63.225 0.0000000000
125823  -31.815  -28.780  63.234 0.0000000000
52854  -32.827  -24.841  54.137 0.0000000000
52844  -32.322  -25.444  54.549 0.0000000000
52819  -38.331  -25.517  57.363 0.0000000000
52818  -37.572  -25.759  57.159 0.0000000000
52803  -37.890  -26.062  57.863 0.0000000000
51698  -37.940  -26.935  59.055 0.0000000000
51711  -37.412  -26.753  58.347 0.0000000000
50614  -36.702  -27.537  58.445 0.0000000000
50592  -37.027  -27.990  59.139 0.0000000000
49442  -36.608  -28.734  59.441 0.0000000000
49443  -37.429  -28.362  59.904 0.0000000000
50573  -38.081  -28.379  60.736 0.0000000000
47363  -18.260  -30.542  57.541 0.0000000000
47342  -17.796  -30.872  58.158 0.0000000000
47343  -18.372  -30.380  58.417 0.0000000000
129451  -18.202  -30.407  60.810 0.0000000000
47283  -17.662  -30.881  61.987 0.0000000000
46225  -17.312  -31.233  62.556 0.0000000000
128805  -17.809  -30.666  62.924 0.0000000000
48302  -18.676  -29.747  64.516 0.0000000000
48313  -18.225  -30.200  63.721 0.0000000000
143729  -47.164  -13.332  40.859 0.0000000000
65388  -47.473  -13.466  41.470 0.0000000000
66406  -47.779  -12.843  40.853 0.0000000000
66386  -50.368  -12.066  42.423 0.0000000000
66384  -49.015  -12.789  41.947 0.0000000000
66368  -49.919  -12.389  43.256 0.0000000000
74427  -52.300  -4.518  30.292 0.0000000000
80394  -53.149  1.782  26.961 0.0000000000
137431  -53.608  1.805  26.557 0.0000000000
81431  -54.201  1.999  26.297 0.0000000000
80404  -53.674  1.551  25.934 0.0000000000
44177  -12.889  -33.956  65.128 0.0000000000
44149  -11.829  -33.804  69.033 0.0000000000
55967  -48.937  -22.301  58.069 0.0000000000
54946  -48.223  -23.241  57.477 0.0000000000
54966  -47.700  -24.347  56.044 0.0000000000
54967  -48.276  -23.627  56.454 0.0000000000
55009  -48.475  -23.809  54.347 0.0000000000
54003  -46.101  -24.352  52.902 0.0000000000
54004  -46.790  -24.410  53.085 0.0000000000
55031  -47.634  -24.160  52.950 0.0000000000
55054  -46.799  -24.226  52.343 0.0000000000
55072  -47.194  -23.751  51.680 0.0000000000
127722  -46.464  -24.015  51.725 0.0000000000
50583  -20.166  -28.005  60.193 0.0000000000
49450  -20.481  -27.890  58.552 0.0000000000
51706  -21.167  -26.953  57.792 0.0000000000
140281  -21.363  -26.977  58.405 0.0000000000
128990  -21.801  -26.836  58.801 0.0000000000
51695  -22.534  -26.716  59.314 0.0000000000
51708  -22.437  -26.667  58.315 0.0000000000
51746  -22.243  -26.469  55.774 0.0000000000
51747  -23.055  -26.249  55.437 0.0000000000
126282  -24.688  -26.764  57.408 0.0000000000
145700  -24.059  -26.565  57.340 0.0000000000
51722  -24.205  -26.823  58.069 0.0000000000
51710  -24.125  -26.872  58.977 0.0000000000
50604  -24.861  -27.131  58.577 0.0000000000
50585  -25.451  -27.540  59.591 0.0000000000
143980  -25.336  -27.425  58.947 0.0000000000
49452  -27.313  -28.466  58.791 0.0000000000
49434  -26.721  -28.373  59.275 0.0000000000
148262  -27.984  -28.694  60.101 0.0000000000
55007  -38.351  -23.112  54.543 0.0000000000
54984  -37.890  -23.748  54.963 0.0000000000
57014  -41.313  -21.125  55.751 0.0000000000
57013  -40.617  -21.388  55.478 0.0000000000
56996  -40.930  -21.773  56.121 0.0000000000
55981  -40.021  -22.833  56.029 0.0000000000
54963  -39.616  -23.531  56.339 0.0000000000
53927  -39.229  -24.283  56.643 0.0000000000
54942  -39.954  -23.917  57.054 0.0000000000
54924  -40.799  -23.750  58.310 0.0000000000
54923  -40.169  -24.163  57.890 0.0000000000
53887  -40.431  -24.424  58.726 0.0000000000
53867  -40.742  -24.778  59.652 0.0000000000
126699  -42.810  -23.456  58.910 0.0000000000
55916  -42.810  -23.706  59.827 0.0000000000
55917  -43.453  -23.655  59.826 0.0000000000
125913  -44.073  -23.415  59.903 0.0000000000
55948  -43.749  -23.171  58.186 0.0000000000
126064  -44.780  -22.978  59.381 0.0000000000
131470  -45.541  -22.816  60.069 0.0000000000
143470  -18.862  -29.979  55.948 0.0000000000
49449  -19.881  -28.594  58.473 0.0000000000
60245  -47.951  -18.133  49.808 0.0000000000
60256  -47.841  -17.581  49.311 0.0000000000
61256  -47.513  -16.933  48.513 0.0000000000
129328  -45.451  -16.550  46.270 0.0000000000
62273  -45.866  -16.179  47.034 0.0000000000
62264  -47.318  -16.277  48.412 0.0000000000
63284  -47.293  -15.442  48.775 0.0000000000
64279  -47.684  -14.020  49.469 0.0000000000
70415  -49.049  -8.314  40.908 0.0000000000
129962  -49.673  -8.747  41.318 0.0000000000
70416  -50.468  -8.129  41.425 0.0000000000
71368  -52.281  -7.265  42.548 0.0000000000
148392  -51.720  -7.862  42.228 0.0000000000
71358  -52.589  -7.494  43.230 0.0000000000
71359  -53.054  -6.974  43.728 0.0000000000
73359  -53.854  -5.926  42.050 0.0000000000
73350  -54.057  -5.656  42.822 0.0000000000
73333  -54.095  -5.564  44.261 0.0000000000
129449  -3.170  -41.710  65.855 0.0000000000
36820  -2.998  -41.854  64.988 0.0000000000
36807  -2.882  -42.209  65.726 0.0000000000
63379  -43.151  -14.655  40.817 0.0000000000
64403  -42.818  -14.518  40.070 0.0000000000
64418  -43.904  -13.809  39.848 0.0000000000
65420  -44.551  -13.338  39.721 0.0000000000
66439  -44.852  -12.700  39.495 0.0000000000
67441  -45.270  -11.573  39.362 0.0000000000
67421  -46.815  -11.487  39.916 0.0000000000
68408  -45.893  -11.017  39.580 0.0000000000
69396  -46.192  -9.189  39.812 0.0000000000
69384  -47.054  -8.939  40.036 0.0000000000
70424  -47.785  -8.703  40.321 0.0000000000
70430  -47.435  -8.205  39.804 0.0000000000
71412  -48.449  -7.681  39.275 0.0000000000
71404  -49.229  -7.441  39.631 0.0000000000
142235  -49.071  -7.415  39.068 0.0000000000
142633  -50.108  -7.555  36.650 0.0000000000
71426  -49.817  -7.647  37.462 0.0000000000
71427  -50.284  -7.428  38.208 0.0000000000
71415  -51.120  -7.051  37.941 0.0000000000
72395  -51.610  -6.801  38.562 0.0000000000
72402  -51.877  -6.792  37.625 0.0000000000
71441  -52.496  -6.745  36.120 0.0000000000
127278  -52.680  -6.555  37.169 0.0000000000
72413  -53.217  -6.300  36.444 0.0000000000
73402  -53.799  -5.788  36.768 0.0000000000
73408  -53.676  -5.901  35.861 0.0000000000
73403  -54.253  -5.363  36.172 0.0000000000
72433  -51.847  -6.828  33.754 0.0000000000
146136  -53.308  -6.179  34.379 0.0000000000
73424  -52.736  -5.978  33.072 0.0000000000
39606  -7.189  -39.121  62.711 0.0000000000
143592  -11.451  -34.900  64.995 0.0000000000
43254  -11.075  -35.242  64.535 0.0000000000
43247  -10.910  -35.216  65.396 0.0000000000
41424  -9.689  -36.291  66.305 0.0000000000
42339  -10.240  -35.816  65.750 0.0000000000
41428  -9.611  -36.579  65.588 0.0000000000
147705  -9.516  -36.852  64.913 0.0000000000
41423  -9.025  -36.870  66.358 0.0000000000
42314  -8.520  -35.668  70.196 0.0000000000
40484  -7.590  -37.799  67.620 0.0000000000
41417  -7.973  -37.130  68.026 0.0000000000
148272  -7.760  -37.981  66.940 0.0000000000
135707  -8.594  -37.657  65.826 0.0000000000
40495  -7.935  -38.264  66.235 0.0000000000
39578  -7.642  -38.842  65.509 0.0000000000
39569  -7.357  -38.801  66.273 0.0000000000
38679  -5.294  -39.752  66.818 0.0000000000
38680  -6.174  -39.516  66.340 0.0000000000
38694  -5.601  -39.903  65.876 0.0000000000
38693  -4.733  -40.217  66.347 0.0000000000
37790  -4.204  -40.725  65.854 0.0000000000
37778  -4.170  -40.794  66.839 0.0000000000
149202  -4.770  -41.101  68.277 0.0000000000
60196  -51.954  -19.128  53.095 0.0000000000
145559  -51.407  -18.720  52.364 0.0000000000
60195  -51.493  -19.074  52.575 0.0000000000
55986  -49.759  -22.023  56.906 0.0000000000
131919  -49.924  -21.720  55.473 0.0000000000
57034  -50.318  -21.611  54.720 0.0000000000
56101  -48.287  -22.423  51.360 0.0000000000
56102  -48.845  -22.052  51.896 0.0000000000
57088  -49.534  -21.664  52.015 0.0000000000
58109  -50.307  -21.158  52.235 0.0000000000
130657  -50.960  -20.896  52.848 0.0000000000
59230  -49.569  -19.830  50.424 0.0000000000
58124  -50.389  -19.549  51.562 0.0000000000
125497  -49.559  -18.982  51.289 0.0000000000
60225  -48.772  -18.166  51.380 0.0000000000
59250  -47.101  -19.381  47.517 0.0000000000
58158  -46.157  -20.797  47.724 0.0000000000
60281  -42.667  -18.394  44.730 0.0000000000
61303  -42.280  -17.404  44.460 0.0000000000
61315  -41.010  -17.022  44.019 0.0000000000
57149  -41.066  -21.319  46.949 0.0000000000
58194  -40.824  -20.473  45.456 0.0000000000
59266  -40.759  -19.937  44.897 0.0000000000
59279  -40.539  -19.257  44.404 0.0000000000
140782  -40.216  -18.401  44.096 0.0000000000
60293  -41.015  -18.453  44.260 0.0000000000
50533  -20.712  -27.351  62.434 0.0000000000
51667  -21.048  -26.932  61.850 0.0000000000
51636  -23.000  -26.846  63.952 0.0000000000
50519  -25.812  -27.888  63.245 0.0000000000
50518  -25.048  -27.581  63.484 0.0000000000
50509  -25.764  -27.781  64.183 0.0000000000
151128  -29.528  -27.184  55.240 0.0000000000
50689  -29.168  -27.061  54.792 0.0000000000
50668  -28.438  -27.466  55.714 0.0000000000
49485  -28.134  -27.807  56.687 0.0000000000
50651  -28.657  -27.643  56.235 0.0000000000
126129  -30.328  -27.651  57.777 0.0000000000
50607  -30.054  -27.961  58.445 0.0000000000
146147  -35.988  -23.605  53.841 0.0000000000
53947  -35.560  -24.992  55.307 0.0000000000
53946  -34.857  -25.031  55.135 0.0000000000
52838  -34.380  -25.618  55.493 0.0000000000
52817  -36.760  -25.929  57.026 0.0000000000
52830  -36.395  -25.603  56.379 0.0000000000
51741  -35.935  -26.108  56.889 0.0000000000
50634  -33.969  -27.408  57.496 0.0000000000
51724  -33.702  -26.836  57.097 0.0000000000
51738  -33.368  -26.371  56.566 0.0000000000
50589  -32.327  -27.589  59.235 0.0000000000
50570  -31.131  -27.822  60.015 0.0000000000
50571  -31.996  -27.923  60.083 0.0000000000
126289  -32.615  -28.295  60.375 0.0000000000
48361  -35.524  -30.181  60.228 0.0000000000
53844  -42.140  -24.590  60.516 0.0000000000
132342  -16.604  -31.952  57.690 0.0000000000
45253  -15.310  -32.876  58.287 0.0000000000
130406  -14.855  -33.155  58.722 0.0000000000
45273  -14.691  -33.165  57.777 0.0000000000
44260  -14.205  -33.624  58.440 0.0000000000
44245  -14.475  -33.566  59.182 0.0000000000
44219  -14.292  -33.690  61.822 0.0000000000
44206  -13.701  -33.962  62.324 0.0000000000
44193  -13.815  -33.905  63.161 0.0000000000
46185  -17.148  -31.368  64.170 0.0000000000
46184  -16.679  -31.825  64.583 0.0000000000
146819  -17.120  -31.419  64.838 0.0000000000
61245  -50.002  -17.606  49.717 0.0000000000
63343  -42.642  -15.516  42.402 0.0000000000
63329  -43.006  -15.810  43.373 0.0000000000
144041  -43.453  -15.578  42.718 0.0000000000
132321  -44.788  -15.899  43.699 0.0000000000
64346  -45.536  -15.438  43.999 0.0000000000
65366  -47.678  -13.572  42.323 0.0000000000
65365  -47.067  -13.900  42.932 0.0000000000
65350  -47.761  -13.582  43.236 0.0000000000
65327  -48.241  -13.079  45.234 0.0000000000
147386  -47.853  -13.366  44.777 0.0000000000
65326  -47.570  -13.504  45.426 0.0000000000
65325  -46.844  -13.912  45.557 0.0000000000
65312  -47.118  -13.559  46.895 0.0000000000
67314  -48.753  -12.120  48.134 0.0000000000
67304  -48.663  -12.125  49.278 0.0000000000
69349  -51.058  -9.811  41.708 0.0000000000
68365  -51.315  -10.654  42.095 0.0000000000
68367  -52.452  -10.221  42.950 0.0000000000
68341  -53.897  -10.525  45.083 0.0000000000
134018  -52.917  -10.931  44.344 0.0000000000
68340  -53.262  -10.938  44.952 0.0000000000
67353  -52.035  -11.462  45.281 0.0000000000
67354  -52.843  -11.187  45.534 0.0000000000
74380  -55.138  -4.396  35.597 0.0000000000
75387  -55.571  -3.631  35.891 0.0000000000
75396  -55.478  -3.791  35.149 0.0000000000
75413  -55.494  -3.465  33.349 0.0000000000
75404  -55.590  -3.444  34.352 0.0000000000
77353  -56.240  -1.465  34.807 0.0000000000
77352  -56.131  -1.754  33.881 0.0000000000
75424  -54.581  -3.759  31.577 0.0000000000
75432  -54.511  -3.339  30.631 0.0000000000
76428  -56.127  -2.069  31.689 0.0000000000
139226  -56.226  -1.481  33.019 0.0000000000
78359  -56.527  -0.685  32.829 0.0000000000
79305  -56.823  0.707  33.501 0.0000000000
143289  -56.813  0.190  32.734 0.0000000000
126946  -57.487  0.882  30.973 0.0000000000
79310  -57.124  0.525  31.927 0.0000000000
81371  -57.805  2.649  32.169 0.0000000000
128755  -57.789  2.087  31.221 0.0000000000
79337  -54.012  0.591  28.234 0.0000000000
78388  -53.626  -0.027  28.608 0.0000000000
78390  -55.995  -0.238  28.787 0.0000000000
141555  -55.264  -0.090  28.481 0.0000000000
128813  -57.728  1.912  28.698 0.0000000000
79339  -57.147  1.059  28.572 0.0000000000
81381  -58.554  3.217  29.597 0.0000000000
81434  -56.693  2.960  25.662 0.0000000000
81420  -57.064  3.188  26.091 0.0000000000
58045  -43.766  -20.585  56.145 0.0000000000
61289  -43.041  -16.843  44.637 0.0000000000
63317  -43.416  -15.962  44.165 0.0000000000
136951  -54.853  -5.477  38.956 0.0000000000
73385  -55.308  -5.108  39.088 0.0000000000
75334  -56.024  -3.898  39.950 0.0000000000
76370  -56.474  -2.243  39.777 0.0000000000
77317  -56.701  -1.254  39.289 0.0000000000
78311  -56.891  -0.634  38.524 0.0000000000
126663  -56.625  -1.640  38.253 0.0000000000
124854  -56.468  -1.689  37.303 0.0000000000
43292  -10.821  -35.209  60.031 0.0000000000
42368  -11.086  -35.400  61.692 0.0000000000
129031  -10.698  -35.731  63.204 0.0000000000
56132  -45.390  -22.555  49.675 0.0000000000
49352  -19.192  -29.102  64.091 0.0000000000
49401  -27.739  -28.839  61.192 0.0000000000
146457  -27.479  -28.765  61.692 0.0000000000
149949  -27.829  -28.897  61.691 0.0000000000
49387  -28.814  -28.962  62.385 0.0000000000
125389  -29.357  -28.911  63.257 0.0000000000
49371  -29.890  -28.688  64.058 0.0000000000
49388  -30.618  -28.551  62.389 0.0000000000
49389  -31.540  -28.485  62.341 0.0000000000
52804  -38.748  -25.748  58.081 0.0000000000
50593  -37.695  -27.563  59.488 0.0000000000
50594  -38.390  -27.168  59.750 0.0000000000
50574  -38.830  -27.373  60.441 0.0000000000
133324  -18.473  -30.065  61.467 0.0000000000
47284  -18.197  -30.319  62.144 0.0000000000
48327  -18.744  -29.766  62.147 0.0000000000
48314  -18.818  -29.615  63.574 0.0000000000
66426  -48.114  -12.125  40.583 0.0000000000
66407  -48.705  -12.376  41.113 0.0000000000
133749  -45.790  -24.276  53.388 0.0000000000
55071  -45.784  -23.888  51.469 0.0000000000
133211  -20.390  -27.972  57.154 0.0000000000
50624  -20.738  -27.446  57.687 0.0000000000
127488  -20.725  -27.487  56.915 0.0000000000
51720  -20.987  -26.947  57.030 0.0000000000
51721  -21.577  -26.814  57.174 0.0000000000
147127  -24.043  -26.264  55.151 0.0000000000
51734  -23.805  -26.272  55.963 0.0000000000
51748  -24.634  -26.446  55.641 0.0000000000
50647  -25.284  -26.936  57.186 0.0000000000
50605  -25.584  -27.427  58.352 0.0000000000
50626  -25.940  -27.392  57.540 0.0000000000
49469  -26.770  -27.874  57.689 0.0000000000
49470  -27.581  -28.229  57.988 0.0000000000
55983  -41.289  -22.170  56.686 0.0000000000
54925  -41.428  -23.524  58.654 0.0000000000
55951  -47.138  -22.639  59.551 0.0000000000
48415  -19.304  -29.471  56.416 0.0000000000
49500  -19.782  -28.921  55.921 0.0000000000
49483  -19.831  -28.690  56.965 0.0000000000
60255  -47.647  -18.221  48.394 0.0000000000
60265  -47.319  -17.802  47.825 0.0000000000
63292  -45.511  -15.296  47.012 0.0000000000
64305  -45.902  -14.742  47.456 0.0000000000
64295  -46.274  -14.271  47.938 0.0000000000
65282  -46.774  -13.821  48.332 0.0000000000
151146  -47.187  -13.355  48.589 0.0000000000
71382  -50.659  -7.672  41.111 0.0000000000
71383  -51.426  -7.356  41.445 0.0000000000
72357  -52.009  -6.952  41.985 0.0000000000
137751  -55.152  -3.860  43.268 0.0000000000
142419  -54.725  -4.362  43.712 0.0000000000
80327  -57.491  2.007  34.140 0.0000000000
150240  -46.013  -7.915  39.300 0.0000000000
71401  -46.715  -7.818  39.327 0.0000000000
71410  -46.848  -7.612  38.817 0.0000000000
125265  -49.877  -7.616  35.897 0.0000000000
71440  -51.350  -7.239  36.532 0.0000000000
71456  -51.998  -7.056  35.461 0.0000000000
72424  -52.548  -6.726  35.301 0.0000000000
71463  -52.160  -6.882  34.610 0.0000000000
127965  -7.765  -38.477  62.891 0.0000000000
38721  -7.513  -38.984  63.442 0.0000000000
43232  -10.971  -34.849  66.916 0.0000000000
42327  -10.384  -35.210  67.247 0.0000000000
42326  -9.779  -35.598  67.654 0.0000000000
42325  -9.020  -35.944  68.065 0.0000000000
40474  -6.871  -37.161  69.754 0.0000000000
40478  -6.436  -37.790  69.231 0.0000000000
40483  -6.804  -38.070  68.138 0.0000000000
39568  -6.697  -38.999  66.730 0.0000000000
39557  -6.364  -38.693  67.697 0.0000000000
39551  -5.452  -39.026  68.263 0.0000000000
38668  -5.064  -39.656  67.759 0.0000000000
38667  -4.791  -39.969  67.858 0.0000000000
38660  -4.785  -40.323  68.263 0.0000000000
37754  -4.919  -40.178  68.686 0.0000000000
56004  -48.935  -22.955  55.025 0.0000000000
56051  -49.382  -22.165  53.512 0.0000000000
150985  -50.459  -20.520  51.569 0.0000000000
147202  -48.991  -19.672  50.010 0.0000000000
58183  -45.319  -20.199  46.534 0.0000000000
59257  -44.301  -19.789  45.712 0.0000000000
128125  -44.069  -19.105  45.079 0.0000000000
132345  -21.936  -26.671  61.028 0.0000000000
51668  -21.621  -26.785  61.871 0.0000000000
51669  -22.416  -26.820  61.695 0.0000000000
51657  -22.929  -27.004  62.390 0.0000000000
51646  -23.373  -27.078  63.176 0.0000000000
128690  -27.092  -28.447  65.184 0.0000000000
51767  -30.999  -25.993  54.316 0.0000000000
51766  -30.320  -26.483  54.241 0.0000000000
50670  -29.770  -27.245  55.642 0.0000000000
50652  -29.372  -27.544  56.291 0.0000000000
50653  -30.137  -27.283  56.298 0.0000000000
50631  -30.609  -27.230  57.048 0.0000000000
131234  -31.237  -27.264  57.811 0.0000000000
53970  -36.739  -24.104  54.771 0.0000000000
55004  -36.057  -24.050  54.447 0.0000000000
50636  -35.993  -27.379  57.781 0.0000000000
51726  -35.515  -26.769  57.225 0.0000000000
50635  -34.983  -27.490  57.489 0.0000000000
50611  -33.342  -27.647  58.172 0.0000000000
49424  -32.969  -28.466  60.197 0.0000000000
124869  -33.408  -29.055  59.727 0.0000000000
145999  -33.932  -30.077  60.570 0.0000000000
46279  -16.842  -31.886  59.531 0.0000000000
45234  -16.309  -32.419  59.267 0.0000000000
127348  -14.433  -33.665  59.978 0.0000000000
45217  -15.114  -33.199  60.640 0.0000000000
130184  -14.816  -33.416  61.437 0.0000000000
45200  -14.924  -33.339  62.160 0.0000000000
44194  -14.406  -33.503  63.513 0.0000000000
47239  -17.838  -30.753  66.005 0.0000000000
63345  -44.222  -15.308  42.507 0.0000000000
64361  -45.970  -14.747  43.248 0.0000000000
128983  -49.069  -12.730  43.894 0.0000000000
66351  -48.951  -12.699  44.867 0.0000000000
66330  -48.502  -12.757  46.783 0.0000000000
67326  -49.506  -11.857  47.359 0.0000000000
126923  -50.137  -11.375  47.910 0.0000000000
147305  -52.807  -8.958  43.317 0.0000000000
69337  -52.922  -9.731  43.389 0.0000000000
69324  -53.873  -9.495  44.407 0.0000000000
68342  -54.306  -9.923  45.059 0.0000000000
68329  -54.414  -10.342  45.838 0.0000000000
134383  -54.713  -4.825  34.166 0.0000000000
74392  -55.164  -4.294  34.668 0.0000000000
75412  -54.930  -3.967  33.101 0.0000000000
77373  -56.014  -2.031  30.924 0.0000000000
77374  -56.406  -1.596  31.310 0.0000000000
78364  -56.857  -0.458  31.986 0.0000000000
138667  -56.787  -0.981  31.251 0.0000000000
78370  -56.808  -0.610  30.341 0.0000000000
78371  -57.255  0.126  30.184 0.0000000000
80376  -52.593  1.579  27.432 0.0000000000
80360  -53.654  1.282  27.879 0.0000000000
79338  -55.763  0.412  28.255 0.0000000000
141508  -55.445  1.197  27.784 0.0000000000
80363  -57.125  1.858  27.916 0.0000000000
81392  -57.961  2.768  27.970 0.0000000000
81444  -56.512  2.625  25.108 0.0000000000
82432  -57.500  3.323  25.321 0.0000000000
82448  -57.849  3.383  24.847 0.0000000000
53929  -46.315  -24.417  56.456 0.0000000000
53950  -45.869  -24.272  56.062 0.0000000000
53972  -45.771  -24.317  55.074 0.0000000000
55030  -45.408  -23.924  53.499 0.0000000000
58055  -41.691  -20.339  55.457 0.0000000000
56978  -43.784  -22.559  57.429 0.0000000000
61279  -45.656  -17.530  45.989 0.0000000000
62282  -44.878  -16.031  45.876 0.0000000000
72380  -52.469  -6.560  40.983 0.0000000000
72381  -53.267  -6.382  40.792 0.0000000000
73368  -53.999  -6.192  41.167 0.0000000000
73360  -54.833  -5.868  41.566 0.0000000000
73370  -55.545  -5.289  40.507 0.0000000000
73361  -55.367  -5.569  41.221 0.0000000000
74320  -55.456  -4.385  42.270 0.0000000000
76335  -56.044  -2.250  43.419 0.0000000000
78312  -57.531  0.458  38.638 0.0000000000
150555  -57.015  0.657  36.442 0.0000000000
128115  -56.637  0.024  35.113 0.0000000000
124688  -10.046  -35.728  60.066 0.0000000000
41476  -9.307  -36.095  59.912 0.0000000000
41462  -9.340  -36.517  61.388 0.0000000000
41461  -8.876  -36.890  61.946 0.0000000000
41453  -8.945  -36.937  62.854 0.0000000000
55073  -47.885  -23.224  51.851 0.0000000000
56118  -47.770  -22.327  50.635 0.0000000000
58167  -44.919  -20.832  46.998 0.0000000000
50549  -25.016  -27.481  60.849 0.0000000000
133747  -24.686  -27.510  61.668 0.0000000000
50510  -26.430  -28.102  63.625 0.0000000000
49368  -27.071  -28.483  63.031 0.0000000000
49355  -27.101  -28.376  64.084 0.0000000000
49356  -27.756  -28.695  64.644 0.0000000000
49372  -30.580  -28.717  64.138 0.0000000000
52852  -31.313  -25.509  53.650 0.0000000000
52843  -31.653  -25.607  54.284 0.0000000000
52836  -32.614  -25.739  55.258 0.0000000000
129532  -36.031  -28.043  58.262 0.0000000000
49456  -35.565  -28.601  58.514 0.0000000000
49441  -35.791  -29.031  59.087 0.0000000000
49426  -37.525  -28.944  60.462 0.0000000000
48363  -37.203  -29.615  60.659 0.0000000000
47362  -17.662  -31.073  57.347 0.0000000000
46295  -17.238  -31.411  57.956 0.0000000000
151098  -17.443  -31.257  58.645 0.0000000000
46280  -17.374  -31.375  59.345 0.0000000000
46261  -17.184  -31.559  60.176 0.0000000000
130142  -16.415  -32.118  61.816 0.0000000000
46224  -16.690  -31.795  62.717 0.0000000000
46203  -17.229  -31.300  63.329 0.0000000000
47255  -17.528  -30.995  64.670 0.0000000000
48301  -18.041  -30.446  64.570 0.0000000000
128632  -17.834  -30.720  65.205 0.0000000000
65386  -46.079  -13.946  41.002 0.0000000000
65387  -46.254  -14.158  41.800 0.0000000000
134030  -46.780  -13.748  41.267 0.0000000000
65367  -48.395  -13.204  42.593 0.0000000000
67351  -50.338  -11.918  44.898 0.0000000000
74418  -52.627  -4.816  31.009 0.0000000000
74428  -53.111  -4.223  30.607 0.0000000000
75430  -52.616  -3.754  29.903 0.0000000000
81405  -54.790  2.183  26.863 0.0000000000
81418  -54.659  2.238  26.475 0.0000000000
81432  -54.864  2.284  25.929 0.0000000000
81433  -55.686  2.446  25.575 0.0000000000
80406  -55.013  2.019  25.466 0.0000000000
43265  -12.724  -34.477  63.342 0.0000000000
43264  -11.987  -34.793  63.364 0.0000000000
43248  -12.080  -34.525  65.033 0.0000000000
43228  -11.187  -34.310  68.486 0.0000000000
132178  -48.774  -23.010  55.946 0.0000000000
53952  -47.251  -24.779  55.280 0.0000000000
53974  -47.143  -24.673  54.261 0.0000000000
147242  -46.026  -23.315  50.714 0.0000000000
50564  -20.248  -27.952  61.067 0.0000000000
50565  -20.779  -27.430  60.550 0.0000000000
51681  -21.249  -27.004  60.048 0.0000000000
51694  -21.319  -27.035  59.130 0.0000000000
51682  -21.672  -26.808  60.410 0.0000000000
51683  -22.232  -26.715  60.254 0.0000000000
139615  -23.069  -26.800  60.119 0.0000000000
51745  -21.746  -26.715  55.443 0.0000000000
128155  -22.364  -26.626  57.430 0.0000000000
125537  -23.334  -26.423  56.828 0.0000000000
51709  -23.330  -26.692  58.626 0.0000000000
51697  -24.073  -26.855  59.956 0.0000000000
50566  -24.903  -27.211  60.153 0.0000000000
50567  -25.531  -27.699  60.399 0.0000000000
50586  -26.019  -27.822  58.946 0.0000000000
49417  -26.818  -28.474  60.168 0.0000000000
49418  -27.552  -28.697  60.475 0.0000000000
127980  -29.149  -28.643  60.352 0.0000000000
56021  -37.945  -22.641  53.816 0.0000000000
53971  -37.263  -23.850  54.701 0.0000000000
53949  -38.141  -24.148  55.663 0.0000000000
57012  -40.046  -21.719  55.141 0.0000000000
56001  -39.713  -22.440  55.402 0.0000000000
53926  -38.457  -24.545  56.321 0.0000000000
138008  -38.792  -24.975  56.942 0.0000000000
53885  -39.299  -25.231  57.956 0.0000000000
52805  -39.441  -25.484  58.559 0.0000000000
52789  -40.157  -25.409  59.774 0.0000000000
52774  -40.688  -25.593  60.424 0.0000000000
54892  -42.474  -24.073  60.210 0.0000000000
55920  -46.177  -22.726  60.831 0.0000000000
55935  -47.548  -22.439  60.008 0.0000000000
48396  -18.823  -29.956  57.845 0.0000000000
48397  -19.320  -29.436  57.361 0.0000000000
48372  -19.384  -28.982  59.624 0.0000000000
61225  -48.676  -17.234  50.950 0.0000000000
137066  -48.299  -17.146  49.572 0.0000000000
62274  -46.587  -16.270  47.671 0.0000000000
149921  -48.050  -16.033  48.903 0.0000000000
69386  -48.448  -9.432  40.827 0.0000000000
68399  -48.976  -10.234  40.761 0.0000000000
69370  -49.286  -9.573  41.098 0.0000000000
126905  -51.258  -8.965  42.043 0.0000000000
70399  -51.245  -8.127  41.883 0.0000000000
70400  -51.816  -8.503  42.430 0.0000000000
70374  -52.902  -8.236  43.661 0.0000000000
72358  -52.608  -6.641  42.055 0.0000000000
72351  -53.085  -6.600  43.186 0.0000000000
73340  -54.334  -5.141  43.598 0.0000000000
73339  -53.689  -5.924  43.396 0.0000000000
72330  -53.731  -6.819  44.746 0.0000000000
36821  -3.841  -41.318  64.362 0.0000000000
62324  -41.013  -16.009  43.131 0.0000000000
63342  -41.603  -15.705  42.556 0.0000000000
63360  -42.845  -15.065  41.468 0.0000000000
142631  -43.465  -14.778  41.403 0.0000000000
64388  -43.890  -14.459  40.970 0.0000000000
64405  -44.446  -13.991  40.384 0.0000000000
64406  -45.310  -14.010  40.735 0.0000000000
65404  -45.840  -13.525  40.340 0.0000000000
66423  -46.281  -12.961  40.077 0.0000000000
66440  -45.421  -12.298  39.499 0.0000000000
66441  -46.007  -12.496  39.731 0.0000000000
66424  -46.638  -12.343  39.895 0.0000000000
68397  -47.246  -10.608  40.255 0.0000000000
68409  -45.970  -10.099  39.865 0.0000000000
139488  -46.705  -9.862  40.136 0.0000000000
147872  -48.045  -9.028  40.650 0.0000000000
70425  -48.402  -8.608  40.723 0.0000000000
71392  -48.678  -8.001  40.432 0.0000000000
125714  -48.196  -7.982  39.809 0.0000000000
71393  -49.321  -7.625  40.329 0.0000000000
72377  -49.821  -7.118  39.925 0.0000000000
72387  -50.368  -6.959  39.597 0.0000000000
133279  -47.074  -7.578  37.982 0.0000000000
126460  -48.972  -7.878  37.579 0.0000000000
133020  -48.592  -7.683  38.481 0.0000000000
72388  -51.228  -6.852  39.599 0.0000000000
72389  -52.214  -6.650  39.197 0.0000000000
72397  -53.032  -6.381  38.798 0.0000000000
145375  -53.597  -6.052  38.476 0.0000000000
132153  -53.176  -6.235  37.911 0.0000000000
137541  -54.553  -5.348  38.138 0.0000000000
145390  -54.882  -4.919  37.764 0.0000000000
74356  -55.072  -4.607  37.167 0.0000000000
74368  -54.802  -4.773  36.378 0.0000000000
74379  -54.631  -5.006  35.663 0.0000000000
141282  -53.554  -6.101  35.026 0.0000000000
126422  -53.844  -5.768  34.433 0.0000000000
134096  -54.368  -5.342  34.491 0.0000000000
130512  -53.455  -5.504  33.245 0.0000000000
73442  -52.099  -5.398  31.278 0.0000000000
73447  -51.272  -5.424  30.656 0.0000000000
43263  -11.248  -35.226  63.719 0.0000000000
42354  -10.750  -35.656  64.020 0.0000000000
42353  -10.117  -36.092  63.919 0.0000000000
41437  -9.601  -36.765  64.227 0.0000000000
41446  -8.987  -37.078  63.738 0.0000000000
40519  -8.601  -37.824  64.156 0.0000000000
42315  -9.064  -35.099  69.999 0.0000000000
42319  -8.748  -35.758  69.191 0.0000000000
41418  -8.741  -36.765  67.514 0.0000000000
41412  -7.627  -36.790  69.119 0.0000000000
40507  -8.785  -37.666  64.992 0.0000000000
39585  -7.741  -38.855  64.739 0.0000000000
129113  -6.706  -39.630  65.087 0.0000000000
37802  -4.428  -40.765  64.842 0.0000000000
37789  -3.628  -41.364  66.317 0.0000000000
36799  -3.303  -41.890  66.376 0.0000000000
37769  -4.465  -40.695  67.655 0.0000000000
36778  -4.281  -41.173  67.448 0.0000000000
60209  -52.491  -18.710  52.704 0.0000000000
61208  -50.923  -18.040  52.173 0.0000000000
56989  -50.381  -21.889  56.978 0.0000000000
128895  -49.777  -21.722  52.882 0.0000000000
59166  -51.527  -19.964  52.767 0.0000000000
59180  -50.815  -18.965  52.073 0.0000000000
60206  -49.883  -18.009  52.275 0.0000000000
60214  -48.847  -17.620  51.488 0.0000000000
59248  -46.031  -19.816  46.777 0.0000000000
59249  -46.620  -19.433  47.007 0.0000000000
62309  -41.097  -16.497  43.651 0.0000000000
57123  -42.855  -22.131  48.337 0.0000000000
58179  -41.692  -20.805  46.236 0.0000000000
58196  -42.186  -20.288  45.455 0.0000000000
60311  -39.942  -17.668  43.763 0.0000000000
50547  -20.224  -27.930  61.951 0.0000000000
51655  -21.732  -26.877  62.761 0.0000000000
50534  -24.646  -27.528  62.612 0.0000000000
51647  -24.188  -27.318  63.272 0.0000000000
50686  -26.404  -27.083  54.650 0.0000000000
50666  -26.945  -27.375  55.376 0.0000000000
138936  -27.371  -27.587  55.975 0.0000000000
50650  -27.630  -27.696  56.455 0.0000000000
129754  -28.132  -28.033  57.320 0.0000000000
49471  -28.571  -28.238  57.927 0.0000000000
49454  -29.231  -28.321  58.782 0.0000000000
49437  -29.461  -28.426  59.662 0.0000000000
49438  -29.966  -28.297  60.267 0.0000000000
53988  -34.190  -24.094  53.854 0.0000000000
53968  -34.570  -24.594  54.481 0.0000000000
51753  -32.990  -25.984  55.967 0.0000000000
51740  -35.120  -26.323  56.712 0.0000000000
52828  -34.748  -25.982  56.113 0.0000000000
52827  -33.862  -25.983  56.036 0.0000000000
51737  -32.561  -26.412  56.491 0.0000000000
142587  -32.203  -26.689  56.986 0.0000000000
50610  -32.640  -27.244  58.498 0.0000000000
50609  -31.877  -27.257  58.612 0.0000000000
50569  -30.633  -27.990  60.299 0.0000000000
49421  -30.444  -28.208  60.929 0.0000000000
49405  -31.630  -28.313  61.492 0.0000000000
49406  -32.352  -28.626  61.829 0.0000000000
124853  -32.756  -28.593  60.970 0.0000000000
48374  -35.028  -29.733  59.399 0.0000000000
48360  -34.679  -30.275  60.276 0.0000000000
130089  -34.407  -30.602  61.047 0.0000000000
43303  -11.387  -34.883  59.379 0.0000000000
43293  -11.690  -34.869  60.257 0.0000000000
127671  -12.049  -34.825  61.093 0.0000000000
45254  -16.042  -32.495  58.265 0.0000000000
44259  -13.392  -33.898  58.263 0.0000000000
44230  -13.701  -34.017  60.350 0.0000000000
44229  -13.041  -34.372  59.857 0.0000000000
147043  -13.130  -34.359  60.669 0.0000000000
44217  -12.781  -34.528  61.259 0.0000000000
43272  -12.537  -34.618  62.661 0.0000000000
141656  -13.192  -34.276  62.867 0.0000000000
44184  -13.237  -34.131  63.640 0.0000000000
146463  -44.590  -15.782  43.057 0.0000000000
64329  -45.292  -15.576  44.864 0.0000000000
64331  -46.054  -14.510  45.839 0.0000000000
64380  -46.441  -14.274  42.639 0.0000000000
64362  -46.609  -14.340  43.355 0.0000000000
140904  -47.799  -13.490  44.101 0.0000000000
65336  -46.651  -14.392  44.823 0.0000000000
65311  -46.474  -13.922  46.448 0.0000000000
65297  -47.072  -13.436  47.846 0.0000000000
66320  -47.522  -12.943  48.290 0.0000000000
66321  -48.246  -12.616  47.726 0.0000000000
66307  -48.039  -12.527  48.752 0.0000000000
68382  -50.630  -10.691  41.529 0.0000000000
67391  -50.854  -11.457  42.153 0.0000000000
67392  -51.380  -11.313  42.640 0.0000000000
68353  -52.870  -10.544  43.727 0.0000000000
141971  -52.307  -10.888  43.309 0.0000000000
67377  -51.738  -11.415  43.405 0.0000000000
67366  -51.874  -11.528  44.383 0.0000000000
132832  -51.179  -11.638  45.037 0.0000000000
125413  -51.407  -11.558  45.903 0.0000000000
68314  -52.224  -10.939  46.851 0.0000000000
67338  -50.779  -11.580  46.513 0.0000000000
67327  -50.855  -11.244  47.353 0.0000000000
75370  -55.710  -3.446  36.741 0.0000000000
76390  -55.876  -2.800  36.117 0.0000000000
76396  -56.093  -2.165  35.466 0.0000000000
77343  -56.365  -1.275  35.730 0.0000000000
145889  -56.444  -0.737  35.229 0.0000000000
74420  -54.000  -4.285  31.737 0.0000000000
76426  -55.274  -3.115  31.243 0.0000000000
76427  -55.747  -2.688  31.974 0.0000000000
144990  -55.993  -2.159  33.156 0.0000000000
128802  -56.354  -0.812  33.732 0.0000000000
79299  -56.619  0.193  34.220 0.0000000000
80326  -56.976  1.252  34.256 0.0000000000
79306  -57.104  1.499  33.631 0.0000000000
80332  -57.463  2.134  33.413 0.0000000000
129829  -57.482  2.162  32.727 0.0000000000
139191  -54.700  -0.856  28.994 0.0000000000
78381  -55.315  -0.618  28.954 0.0000000000
78382  -56.712  -0.191  29.386 0.0000000000
78383  -57.189  0.477  29.295 0.0000000000
80341  -57.808  1.591  30.296 0.0000000000
81375  -58.230  2.655  30.460 0.0000000000
81419  -56.347  2.759  26.308 0.0000000000
81421  -57.747  3.385  26.369 0.0000000000
82433  -58.081  3.519  25.348 0.0000000000
37761  -5.041  -40.785  68.643 0.0000000000
38709  -7.437  -39.185  64.130 0.0000000000
41408  -8.033  -36.111  69.696 0.0000000000
41436  -9.080  -37.205  64.563 0.0000000000
42359  -10.303  -35.947  62.429 0.0000000000
42360  -10.918  -35.558  62.381 0.0000000000
43226  -10.099  -34.802  68.794 0.0000000000
49402  -28.366  -28.928  61.541 0.0000000000
50606  -26.226  -27.726  58.208 0.0000000000
60208  -51.832  -18.702  52.627 0.0000000000
66385  -49.747  -12.448  42.214 0.0000000000
66425  -47.413  -12.231  40.245 0.0000000000
67328  -51.527  -11.249  46.723 0.0000000000
67378  -52.436  -11.202  43.939 0.0000000000
67422  -48.586  -11.532  40.632 0.0000000000
68381  -49.734  -10.662  41.007 0.0000000000
69350  -51.821  -9.776  42.289 0.0000000000
70387  -52.065  -7.694  42.597 0.0000000000
70389  -53.330  -9.181  43.780 0.0000000000
71367  -51.743  -7.490  42.011 0.0000000000
71428  -51.423  -7.089  37.202 0.0000000000
72446  -51.431  -6.806  32.988 0.0000000000
72447  -52.683  -6.442  33.934 0.0000000000
73391  -53.864  -5.769  37.762 0.0000000000
73426  -54.080  -5.326  33.769 0.0000000000
74309  -55.197  -3.669  44.429 0.0000000000
74319  -54.834  -4.870  42.819 0.0000000000
74328  -55.286  -5.295  41.932 0.0000000000
74343  -55.678  -4.755  39.634 0.0000000000
74350  -55.552  -4.588  38.701 0.0000000000
74426  -51.550  -4.804  30.088 0.0000000000
76422  -55.783  -2.782  32.816 0.0000000000
78347  -56.404  -0.669  34.554 0.0000000000
80346  -57.620  1.267  29.400 0.0000000000
80418  -54.689  1.204  25.061 0.0000000000
81366  -57.981  2.876  33.114 0.0000000000
124935  -53.376  -10.528  44.440 0.0000000000
125154  -22.916  -26.293  56.114 0.0000000000
128682  -51.045  -11.748  44.117 0.0000000000
132147  -10.796  -34.763  67.743 0.0000000000
134642  -51.849  -7.093  36.131 0.0000000000
144942  -53.817  -10.144  44.578 0.0000000000
145871  -52.619  -6.840  42.532 0.0000000000
146403  -13.257  -33.944  64.347 0.0000000000
147289  -27.165  -27.670  56.477 0.0000000000
148415  -49.158  -7.953  40.668 0.0000000000
149411  -52.405  -19.329  53.404 0.0000000000
149896  -51.207  -6.911  40.462 0.0000000000
