#!ascii label  , from subject sub-v1s22x0050483_ses-1 vox2ras=TkReg
384
116233  -20.215  -8.686  -4.667 0.0000000000
62385  -17.582  -13.372  -0.438 0.0000000000
63287  -23.444  -12.849  -3.121 0.0000000000
58936  -21.284  -17.279  -0.368 0.0000000000
77768  -18.296  3.568  -4.632 0.0000000000
75064  -20.504  0.609  -6.504 0.0000000000
70470  -15.940  -4.190  -3.317 0.0000000000
55260  -20.545  -21.333  2.422 0.0000000000
60644  -19.643  -15.541  -0.448 0.0000000000
58923  -18.700  -17.162  0.881 0.0000000000
132321  -19.035  1.861  -6.134 0.0000000000
119143  -16.858  -0.158  -4.369 0.0000000000
66034  -16.926  -9.015  -1.972 0.0000000000
67797  -15.674  -7.132  -2.087 0.0000000000
68715  -18.041  -6.251  -4.028 0.0000000000
70494  -20.044  -3.927  -5.646 0.0000000000
69571  -21.602  -5.650  -5.302 0.0000000000
67819  -22.843  -7.443  -4.250 0.0000000000
64125  -16.267  -10.960  -0.479 0.0000000000
64142  -18.740  -11.176  -2.337 0.0000000000
65076  -22.143  -10.818  -3.955 0.0000000000
62408  -20.110  -13.117  -2.160 0.0000000000
61526  -22.425  -14.844  -2.374 0.0000000000
58951  -24.365  -16.789  -1.210 0.0000000000
73179  -13.591  -2.301  -3.447 0.0000000000
73230  -18.210  -1.800  -5.206 0.0000000000
74153  -21.705  -0.820  -5.992 0.0000000000
58042  -18.125  -18.844  2.116 0.0000000000
57142  -21.090  -19.346  0.983 0.0000000000
59795  -17.659  -16.195  0.811 0.0000000000
116324  -17.495  -17.354  1.815 0.0000000000
75054  -14.999  0.504  -4.695 0.0000000000
74148  -13.843  -0.286  -4.703 0.0000000000
66913  -18.549  -8.673  -3.802 0.0000000000
67805  -17.202  -7.589  -3.092 0.0000000000
67814  -18.844  -7.966  -4.345 0.0000000000
68726  -19.595  -6.303  -5.223 0.0000000000
67829  -20.750  -7.196  -5.230 0.0000000000
67818  -22.323  -7.089  -4.828 0.0000000000
66924  -21.523  -8.533  -4.697 0.0000000000
63262  -16.833  -12.148  -0.388 0.0000000000
120651  -17.541  -11.064  -1.367 0.0000000000
133161  -17.887  -12.335  -1.242 0.0000000000
63283  -19.833  -12.297  -2.354 0.0000000000
62396  -18.779  -13.285  -1.322 0.0000000000
59805  -19.867  -16.470  -0.325 0.0000000000
60653  -20.831  -15.376  -1.334 0.0000000000
59819  -22.269  -16.068  -1.560 0.0000000000
59820  -23.136  -16.132  -1.681 0.0000000000
58938  -23.121  -17.406  -0.816 0.0000000000
112077  -17.810  3.981  -4.211 0.0000000000
78640  -17.804  4.759  -3.438 0.0000000000
127161  -18.098  4.302  -4.227 0.0000000000
79503  -18.332  5.159  -5.031 0.0000000000
78668  -18.988  4.488  -6.814 0.0000000000
75944  -19.426  1.349  -6.443 0.0000000000
69538  -15.449  -5.679  -2.452 0.0000000000
70456  -14.873  -4.193  -2.511 0.0000000000
72311  -15.357  -2.585  -3.368 0.0000000000
73199  -15.515  -1.925  -3.791 0.0000000000
71430  -16.568  -3.114  -4.130 0.0000000000
115030  -21.483  -3.287  -5.382 0.0000000000
72324  -20.385  -2.474  -5.940 0.0000000000
72326  -22.284  -1.912  -5.254 0.0000000000
64157  -22.614  -11.561  -3.751 0.0000000000
66059  -22.992  -9.956  -4.084 0.0000000000
55258  -18.912  -20.881  2.813 0.0000000000
56177  -19.844  -20.008  1.959 0.0000000000
57141  -19.620  -19.443  1.691 0.0000000000
56178  -20.469  -20.221  1.833 0.0000000000
61497  -17.245  -14.592  0.431 0.0000000000
61512  -18.556  -14.479  -0.438 0.0000000000
60642  -17.941  -15.000  -0.002 0.0000000000
59804  -19.077  -15.970  0.129 0.0000000000
58934  -19.748  -17.122  0.090 0.0000000000
75921  -17.395  2.942  -4.168 0.0000000000
76845  -19.053  2.625  -6.076 0.0000000000
125728  -17.517  1.857  -4.095 0.0000000000
75044  -17.645  0.700  -4.419 0.0000000000
74150  -18.743  -0.156  -5.573 0.0000000000
66024  -15.783  -9.105  -1.003 0.0000000000
67787  -16.000  -7.706  -1.917 0.0000000000
68707  -16.677  -6.748  -3.126 0.0000000000
69558  -17.733  -5.518  -4.152 0.0000000000
70492  -17.773  -4.200  -4.918 0.0000000000
69569  -19.102  -5.563  -5.191 0.0000000000
118353  -20.373  -4.808  -5.508 0.0000000000
117021  -21.958  -4.757  -4.989 0.0000000000
69560  -22.480  -4.995  -4.545 0.0000000000
53444  -21.764  -22.659  2.423 0.0000000000
123674  -22.330  -21.151  1.582 0.0000000000
65046  -16.391  -10.341  -0.918 0.0000000000
65064  -18.161  -9.840  -2.513 0.0000000000
66045  -19.435  -9.600  -3.813 0.0000000000
65088  -21.017  -9.820  -4.236 0.0000000000
117377  -20.391  -10.608  -3.583 0.0000000000
63296  -21.363  -12.203  -3.251 0.0000000000
129623  -21.959  -12.834  -3.316 0.0000000000
61523  -19.912  -14.360  -1.326 0.0000000000
61540  -21.152  -14.184  -2.371 0.0000000000
61542  -22.803  -14.206  -2.817 0.0000000000
61544  -24.358  -14.635  -2.661 0.0000000000
126366  -24.903  -15.698  -1.953 0.0000000000
77785  -19.641  3.780  -6.763 0.0000000000
74123  -14.305  -1.702  -4.350 0.0000000000
74137  -17.043  -1.061  -4.321 0.0000000000
73232  -19.345  -0.663  -6.042 0.0000000000
71437  -18.536  -3.165  -5.437 0.0000000000
72330  -20.296  -1.614  -6.291 0.0000000000
74164  -21.055  -0.325  -6.290 0.0000000000
66060  -22.691  -9.049  -4.147 0.0000000000
117990  -23.308  -8.640  -3.857 0.0000000000
58901  -16.839  -17.900  2.500 0.0000000000
58055  -18.531  -18.318  1.587 0.0000000000
58065  -19.566  -18.126  0.871 0.0000000000
57153  -21.011  -18.593  0.619 0.0000000000
56180  -22.122  -20.470  1.280 0.0000000000
129421  -22.407  -19.355  0.571 0.0000000000
58079  -22.706  -18.069  -0.320 0.0000000000
125905  -12.812  -0.221  -4.417 0.0000000000
66921  -19.189  -8.667  -4.299 0.0000000000
66922  -19.633  -8.363  -4.599 0.0000000000
67815  -19.503  -7.585  -4.720 0.0000000000
67816  -20.287  -7.965  -4.922 0.0000000000
66935  -21.123  -7.919  -5.003 0.0000000000
66923  -20.824  -8.629  -4.751 0.0000000000
62384  -16.906  -12.938  -0.117 0.0000000000
63263  -17.446  -12.599  -0.702 0.0000000000
62395  -18.042  -13.002  -1.075 0.0000000000
63271  -18.481  -12.537  -1.596 0.0000000000
59806  -20.829  -16.553  -0.715 0.0000000000
59807  -21.789  -16.625  -0.944 0.0000000000
59808  -22.678  -16.731  -1.187 0.0000000000
58937  -22.230  -17.348  -0.587 0.0000000000
78651  -18.434  4.049  -4.995 0.0000000000
126579  -18.449  4.607  -5.416 0.0000000000
77776  -18.700  3.414  -5.543 0.0000000000
75063  -19.808  0.644  -6.446 0.0000000000
75954  -20.024  1.454  -6.892 0.0000000000
75945  -20.578  1.445  -6.578 0.0000000000
69548  -15.782  -4.948  -2.937 0.0000000000
119667  -15.269  -4.797  -2.572 0.0000000000
70469  -15.400  -4.147  -2.883 0.0000000000
126289  -15.094  -3.462  -2.786 0.0000000000
71421  -15.472  -3.384  -3.172 0.0000000000
71422  -16.073  -3.382  -3.626 0.0000000000
126895  -16.734  -3.737  -4.111 0.0000000000
71440  -22.283  -2.767  -5.133 0.0000000000
72325  -21.684  -2.322  -5.497 0.0000000000
63298  -23.042  -12.229  -3.415 0.0000000000
64158  -23.414  -11.581  -3.507 0.0000000000
64159  -24.199  -11.518  -3.133 0.0000000000
55259  -19.650  -21.275  2.707 0.0000000000
56169  -19.363  -20.454  2.399 0.0000000000
56170  -20.127  -20.659  2.247 0.0000000000
55270  -20.876  -20.748  2.038 0.0000000000
60634  -17.414  -15.429  0.593 0.0000000000
59785  -17.985  -16.900  1.182 0.0000000000
59796  -18.463  -16.449  0.575 0.0000000000
59797  -19.202  -16.755  0.359 0.0000000000
75920  -16.794  3.138  -4.154 0.0000000000
75933  -17.950  2.355  -4.182 0.0000000000
75932  -16.592  2.055  -4.259 0.0000000000
75042  -15.641  -0.021  -4.531 0.0000000000
75043  -16.655  0.930  -4.405 0.0000000000
75045  -18.299  0.565  -5.067 0.0000000000
115291  -16.314  -8.839  -1.546 0.0000000000
66904  -16.488  -8.273  -2.081 0.0000000000
68708  -17.638  -6.879  -3.520 0.0000000000
69550  -17.153  -5.876  -3.588 0.0000000000
69559  -18.396  -5.688  -4.658 0.0000000000
68727  -20.365  -6.410  -5.389 0.0000000000
115966  -19.913  -5.597  -5.448 0.0000000000
69570  -20.790  -5.655  -5.484 0.0000000000
119956  -21.211  -4.863  -5.381 0.0000000000
69572  -22.244  -5.652  -4.913 0.0000000000
119821  -22.883  -6.628  -4.306 0.0000000000
67807  -23.249  -7.041  -3.727 0.0000000000
53445  -22.509  -23.175  2.645 0.0000000000
64124  -15.685  -10.994  0.132 0.0000000000
65045  -15.734  -10.318  -0.359 0.0000000000
65057  -18.057  -10.551  -1.872 0.0000000000
65065  -18.622  -10.458  -2.591 0.0000000000
65073  -18.857  -9.945  -3.211 0.0000000000
65066  -19.202  -10.760  -2.961 0.0000000000
65074  -19.663  -10.320  -3.503 0.0000000000
64144  -20.420  -11.784  -2.822 0.0000000000
63284  -20.686  -12.634  -2.654 0.0000000000
63285  -21.445  -13.088  -2.968 0.0000000000
61513  -19.414  -14.753  -0.641 0.0000000000
61522  -19.127  -14.004  -0.947 0.0000000000
60654  -21.967  -15.396  -1.875 0.0000000000
61525  -21.610  -14.783  -2.126 0.0000000000
61541  -21.955  -14.227  -2.621 0.0000000000
61543  -23.659  -14.121  -2.961 0.0000000000
60674  -23.412  -14.905  -2.553 0.0000000000
59809  -23.560  -16.774  -1.282 0.0000000000
59821  -24.126  -16.070  -1.677 0.0000000000
59822  -25.107  -16.350  -1.400 0.0000000000
76846  -19.752  2.820  -6.788 0.0000000000
67786  -15.534  -7.552  -1.581 0.0000000000
74112  -13.086  -2.165  -3.977 0.0000000000
74122  -13.663  -1.846  -4.505 0.0000000000
73180  -13.868  -2.077  -4.164 0.0000000000
118748  -16.454  -2.390  -4.113 0.0000000000
73213  -16.238  -1.666  -4.070 0.0000000000
73214  -17.291  -1.956  -4.537 0.0000000000
73215  -17.776  -1.243  -4.854 0.0000000000
125360  -18.738  -1.655  -5.583 0.0000000000
70493  -18.466  -4.011  -5.304 0.0000000000
71436  -17.801  -3.456  -5.093 0.0000000000
117043  -19.235  -3.634  -5.554 0.0000000000
73233  -21.049  -1.948  -5.971 0.0000000000
72323  -19.658  -2.319  -5.956 0.0000000000
74152  -21.133  -1.150  -6.278 0.0000000000
73246  -20.540  -0.879  -6.443 0.0000000000
125517  -21.552  -0.285  -5.980 0.0000000000
65089  -21.725  -10.081  -4.176 0.0000000000
66058  -21.377  -9.283  -4.462 0.0000000000
66047  -23.538  -9.375  -3.795 0.0000000000
128639  -18.508  -19.438  2.247 0.0000000000
57129  -17.779  -19.422  2.728 0.0000000000
58054  -17.776  -18.083  2.013 0.0000000000
58057  -19.771  -18.856  1.239 0.0000000000
128594  -20.481  -18.956  0.990 0.0000000000
58066  -20.267  -18.348  0.732 0.0000000000
58068  -22.504  -18.722  0.223 0.0000000000
60619  -16.849  -15.914  1.189 0.0000000000
59784  -17.200  -16.645  1.506 0.0000000000
75931  -15.651  1.520  -4.598 0.0000000000
75942  -14.688  1.463  -4.688 0.0000000000
75053  -14.451  0.335  -4.680 0.0000000000
74149  -14.653  -0.421  -4.650 0.0000000000
66035  -17.569  -9.158  -2.554 0.0000000000
66912  -17.657  -8.471  -3.081 0.0000000000
67806  -18.069  -7.775  -3.613 0.0000000000
68709  -18.406  -7.098  -4.047 0.0000000000
68716  -18.673  -6.553  -4.534 0.0000000000
68717  -19.303  -6.830  -4.813 0.0000000000
67828  -19.966  -7.081  -5.108 0.0000000000
68728  -21.201  -6.437  -5.395 0.0000000000
68729  -21.953  -6.396  -5.173 0.0000000000
67830  -21.558  -7.167  -5.170 0.0000000000
67817  -21.856  -7.836  -4.850 0.0000000000
115311  -22.395  -7.802  -4.558 0.0000000000
63248  -16.380  -12.336  0.253 0.0000000000
127139  -16.730  -11.503  -0.581 0.0000000000
64134  -16.891  -11.008  -0.975 0.0000000000
64126  -17.373  -11.755  -0.976 0.0000000000
64135  -18.153  -11.636  -1.655 0.0000000000
64143  -19.520  -11.513  -2.624 0.0000000000
63282  -18.922  -12.044  -2.166 0.0000000000
63272  -19.290  -12.802  -1.845 0.0000000000
60652  -20.196  -15.092  -1.021 0.0000000000
60645  -20.460  -15.823  -0.865 0.0000000000
60646  -21.349  -15.896  -1.327 0.0000000000
60655  -22.784  -15.473  -2.019 0.0000000000
58939  -24.003  -17.416  -0.857 0.0000000000
76810  -16.895  4.271  -3.814 0.0000000000
76834  -19.616  2.040  -6.885 0.0000000000
112114  -20.087  2.189  -7.028 0.0000000000
70455  -14.314  -4.345  -1.991 0.0000000000
71410  -14.491  -3.372  -2.483 0.0000000000
118038  -15.015  -2.716  -2.909 0.0000000000
72302  -14.587  -2.147  -3.459 0.0000000000
121111  -15.125  -2.024  -3.538 0.0000000000
72312  -15.827  -2.533  -3.722 0.0000000000
119592  -17.209  -2.878  -4.593 0.0000000000
71438  -19.846  -3.087  -5.763 0.0000000000
127676  -21.032  -2.660  -5.678 0.0000000000
73234  -21.712  -1.508  -5.722 0.0000000000
130689  -22.449  -10.285  -4.120 0.0000000000
65077  -23.072  -10.832  -3.947 0.0000000000
65078  -23.786  -11.017  -3.441 0.0000000000
56168  -18.502  -20.162  2.614 0.0000000000
57130  -19.155  -19.739  2.123 0.0000000000
57140  -18.994  -19.007  1.761 0.0000000000
119954  -20.340  -19.568  1.443 0.0000000000
62368  -17.060  -13.756  0.189 0.0000000000
62386  -18.321  -13.711  -0.708 0.0000000000
61511  -17.785  -14.155  -0.159 0.0000000000
60643  -18.829  -15.224  -0.135 0.0000000000
60635  -18.161  -15.747  0.231 0.0000000000
58935  -20.364  -17.181  -0.210 0.0000000000
76809  -16.117  4.655  -3.697 0.0000000000
76811  -17.577  3.471  -4.181 0.0000000000
76824  -18.119  2.997  -4.419 0.0000000000
112515  -18.474  2.902  -5.030 0.0000000000
76833  -18.426  2.145  -5.076 0.0000000000
127457  -18.147  1.427  -4.365 0.0000000000
75943  -18.679  1.282  -5.489 0.0000000000
75055  -19.049  0.601  -5.859 0.0000000000
74151  -19.421  0.033  -6.063 0.0000000000
66905  -16.972  -8.064  -2.645 0.0000000000
67798  -16.390  -7.448  -2.538 0.0000000000
68700  -15.956  -6.567  -2.554 0.0000000000
69539  -16.243  -5.815  -3.004 0.0000000000
69549  -16.497  -4.997  -3.418 0.0000000000
70481  -17.221  -4.272  -4.347 0.0000000000
70482  -17.790  -4.902  -4.555 0.0000000000
121325  -18.455  -4.844  -5.056 0.0000000000
126644  -19.361  -4.639  -5.418 0.0000000000
116082  -20.878  -4.067  -5.499 0.0000000000
124058  -21.532  -4.150  -5.228 0.0000000000
71432  -22.599  -3.213  -4.676 0.0000000000
70483  -22.479  -4.185  -4.527 0.0000000000
70484  -22.943  -4.661  -4.076 0.0000000000
68718  -22.469  -6.295  -4.773 0.0000000000
127361  -24.178  -12.897  -2.983 0.0000000000
54342  -21.098  -22.018  2.430 0.0000000000
126298  -21.220  -21.357  2.153 0.0000000000
66025  -16.538  -9.602  -1.380 0.0000000000
65056  -17.113  -10.394  -1.432 0.0000000000
66026  -17.406  -9.748  -1.944 0.0000000000
66043  -18.234  -9.259  -3.203 0.0000000000
66044  -18.827  -9.321  -3.652 0.0000000000
66056  -19.760  -9.110  -4.378 0.0000000000
66057  -20.562  -9.250  -4.474 0.0000000000
66046  -20.285  -9.886  -4.007 0.0000000000
65075  -21.181  -10.550  -3.842 0.0000000000
64154  -19.975  -11.051  -3.188 0.0000000000
64155  -20.874  -11.262  -3.378 0.0000000000
64156  -21.748  -11.465  -3.673 0.0000000000
63297  -22.218  -12.229  -3.541 0.0000000000
63286  -22.667  -12.858  -3.203 0.0000000000
62397  -19.604  -13.575  -1.582 0.0000000000
62398  -20.391  -13.930  -1.991 0.0000000000
61524  -20.780  -14.719  -1.691 0.0000000000
62409  -20.871  -13.475  -2.526 0.0000000000
62410  -21.530  -13.718  -2.741 0.0000000000
116306  -22.202  -13.527  -3.027 0.0000000000
62412  -23.774  -13.461  -3.055 0.0000000000
60656  -23.536  -15.554  -2.011 0.0000000000
60657  -24.257  -15.338  -2.233 0.0000000000
77784  -19.223  3.539  -6.394 0.0000000000
76847  -20.130  3.002  -6.783 0.0000000000
74133  -13.498  -1.065  -4.635 0.0000000000
74134  -14.172  -1.244  -4.637 0.0000000000
74135  -14.901  -1.129  -4.470 0.0000000000
74124  -15.107  -1.494  -3.995 0.0000000000
74136  -15.986  -0.973  -4.222 0.0000000000
74138  -17.838  -0.352  -4.843 0.0000000000
74163  -20.141  -0.238  -6.404 0.0000000000
71431  -17.210  -3.636  -4.554 0.0000000000
72321  -17.943  -2.626  -5.156 0.0000000000
126304  -19.212  -2.909  -5.666 0.0000000000
72322  -18.818  -2.280  -5.577 0.0000000000
111512  -19.343  -1.518  -5.964 0.0000000000
73245  -19.931  -1.003  -6.387 0.0000000000
75065  -21.107  0.422  -6.175 0.0000000000
66925  -21.974  -8.992  -4.420 0.0000000000
66926  -22.805  -8.221  -4.183 0.0000000000
66914  -23.445  -7.830  -3.640 0.0000000000
58913  -18.243  -17.602  1.424 0.0000000000
58056  -19.149  -18.448  1.288 0.0000000000
58914  -18.902  -17.881  1.062 0.0000000000
58924  -19.350  -17.461  0.601 0.0000000000
58925  -20.008  -17.690  0.380 0.0000000000
58926  -20.798  -17.837  0.255 0.0000000000
55271  -21.620  -20.932  1.782 0.0000000000
56179  -21.185  -20.147  1.458 0.0000000000
57143  -21.865  -19.726  0.932 0.0000000000
56192  -22.726  -19.987  0.807 0.0000000000
57154  -21.758  -18.978  0.578 0.0000000000
58067  -21.752  -18.106  0.082 0.0000000000
62411  -23.093  -13.502  -3.017 0.0000000000
63299  -23.832  -12.206  -3.154 0.0000000000
64109  -16.283  -11.605  -0.081 0.0000000000
66055  -19.154  -9.083  -4.053 0.0000000000
66915  -24.075  -8.684  -3.441 0.0000000000
68725  -19.000  -6.195  -4.942 0.0000000000
69557  -17.220  -4.937  -3.913 0.0000000000
70480  -16.616  -4.244  -3.786 0.0000000000
70495  -22.079  -3.728  -4.961 0.0000000000
71439  -20.600  -3.255  -5.642 0.0000000000
73198  -14.635  -1.820  -3.913 0.0000000000
73231  -18.548  -1.055  -5.501 0.0000000000
74121  -12.832  -1.319  -4.212 0.0000000000
75031  -12.261  0.523  -3.682 0.0000000000
121571  -22.200  -9.624  -4.251 0.0000000000
128096  -22.193  -8.417  -4.504 0.0000000000
129178  -21.327  -15.232  -1.664 0.0000000000
129919  -18.930  -7.226  -4.520 0.0000000000
132359  -17.131  -8.585  -2.456 0.0000000000
