#!ascii label  , from subject sub-v1s22x0050477_ses-1 vox2ras=TkReg
1059
3844  29.602  -84.844  -6.469 0.5000000000
12470  16.638  -73.039  -6.422 0.6000000238
12453  15.585  -72.562  -5.605 0.6000000238
12454  14.948  -73.135  -5.726 0.6000000238
12435  14.742  -72.398  -5.169 0.6999999881
119264  14.204  -72.870  -5.408 0.6000000238
121779  14.924  -71.892  -4.277 0.6999999881
13201  14.267  -72.215  -4.548 0.6000000238
128674  25.809  -78.704  -4.996 0.5000000000
7640  24.887  -78.527  -9.242 0.6000000238
7639  25.279  -77.881  -8.538 0.6000000238
7612  25.693  -78.637  -5.809 0.5000000000
6944  25.488  -79.350  -9.988 0.5000000000
6945  25.003  -78.871  -9.688 0.4000000060
7627  24.807  -78.677  -8.324 0.5000000000
6928  25.135  -78.898  -7.003 0.6000000238
121716  19.402  -75.923  -3.966 0.5000000000
5047  27.531  -81.767  -7.051 0.4000000060
9936  18.840  -75.807  -4.852 0.5000000000
9949  18.156  -75.643  -5.813 0.6000000238
129281  17.389  -74.660  -7.167 0.6000000238
11633  17.145  -73.416  -6.928 0.6000000238
12452  16.843  -72.533  -5.958 0.6999999881
11634  16.443  -73.569  -6.552 0.6000000238
13215  16.278  -72.192  -5.410 0.6999999881
13198  17.227  -71.608  -4.461 0.6000000238
13199  16.404  -71.621  -4.698 0.6999999881
128843  17.248  -71.388  -3.714 0.6000000238
13185  16.609  -71.325  -3.902 0.6000000238
13186  15.760  -71.479  -4.049 0.6999999881
127503  16.999  -71.235  -3.147 0.6999999881
12437  12.916  -72.400  -4.710 0.6000000238
121004  25.418  -77.698  -4.894 0.5000000000
113247  25.705  -77.905  -5.814 0.6000000238
7599  25.721  -78.088  -5.229 0.5000000000
7651  25.217  -78.298  -9.704 0.6000000238
7626  25.577  -77.892  -7.260 0.6000000238
128603  26.541  -79.200  -9.929 0.4000000060
9152  19.751  -76.258  -6.301 0.5000000000
9139  19.818  -76.173  -5.118 0.5000000000
4405  28.208  -83.056  -6.434 0.5000000000
9948  19.018  -76.014  -6.061 0.5000000000
10797  19.152  -74.670  -8.241 0.6999999881
9967  18.403  -75.537  -7.024 0.6000000238
116811  18.735  -73.995  -7.998 0.6999999881
11645  17.995  -73.792  -7.789 0.6000000238
9983  17.907  -74.900  -7.663 0.6000000238
11632  17.754  -73.253  -7.248 0.6999999881
11646  17.508  -73.723  -7.395 0.6000000238
12468  18.067  -72.766  -6.691 0.6999999881
13213  17.749  -72.108  -5.131 0.6000000238
12451  17.573  -72.460  -5.925 0.6000000238
13197  17.993  -71.909  -4.350 0.6000000238
13214  17.007  -72.023  -5.267 0.6000000238
13184  17.905  -71.267  -3.216 0.6000000238
13188  13.454  -71.961  -3.476 0.6999999881
13203  12.333  -71.787  -4.150 0.5000000000
123821  16.123  -71.447  -3.102 0.6999999881
13187  15.085  -71.915  -2.992 0.6999999881
127843  13.608  -72.144  -4.335 0.6000000238
9159  25.458  -76.362  -6.601 0.5000000000
8361  25.518  -77.542  -5.524 0.5000000000
8346  24.914  -77.267  -5.069 0.5000000000
8385  26.054  -77.042  -7.557 0.6999999881
8376  25.709  -77.266  -6.466 0.6000000238
136627  25.813  -77.458  -10.200 0.5000000000
8404  25.550  -77.505  -9.876 0.6999999881
8395  25.660  -77.180  -8.940 0.6999999881
123725  26.933  -78.808  -9.637 0.4000000060
6951  26.785  -78.390  -10.070 0.4000000060
6953  25.523  -78.661  -10.074 0.5000000000
124489  20.958  -76.397  -6.853 0.5000000000
9981  19.587  -75.344  -8.222 0.5000000000
9165  20.183  -76.252  -7.074 0.5000000000
9966  19.323  -75.899  -7.343 0.5000000000
11644  19.687  -74.173  -8.093 0.6000000238
9982  18.683  -75.147  -8.006 0.5000000000
11631  19.294  -73.505  -7.425 0.6999999881
11610  19.716  -73.038  -5.647 0.6000000238
12467  18.926  -72.910  -6.517 0.6999999881
115930  18.417  -73.303  -7.417 0.6999999881
11591  19.762  -73.030  -4.465 0.6000000238
12449  19.075  -72.623  -5.333 0.6000000238
12450  18.303  -72.440  -5.828 0.6999999881
12425  19.408  -72.563  -3.819 0.6999999881
12433  19.054  -72.423  -4.400 0.6000000238
13167  19.304  -71.193  -2.754 0.6000000238
13182  18.997  -71.921  -3.654 0.6999999881
13196  18.557  -72.066  -4.173 0.6999999881
13959  19.189  -69.928  -1.863 0.6000000238
13976  19.119  -70.428  -2.557 0.6000000238
13168  18.866  -71.162  -3.101 0.6999999881
13174  12.207  -71.256  -2.616 0.6000000238
13977  18.483  -70.647  -2.626 0.6999999881
13172  14.125  -72.136  -2.565 0.6999999881
13189  12.644  -71.593  -3.531 0.6000000238
14828  18.387  -69.810  -1.392 0.6999999881
13169  17.489  -70.962  -2.516 0.8000000119
13170  16.587  -71.419  -2.260 0.6999999881
13171  15.688  -71.860  -2.066 0.6999999881
9146  25.240  -76.932  -5.871 0.6000000238
9175  26.489  -76.155  -8.056 0.6999999881
132684  26.212  -75.650  -7.579 0.6999999881
9171  26.098  -76.374  -7.186 0.6000000238
9182  26.118  -76.913  -10.252 0.5000000000
9179  26.154  -76.495  -9.550 0.6999999881
7649  27.343  -78.073  -9.801 0.4000000060
8406  27.003  -77.605  -10.321 0.5000000000
118773  21.721  -76.512  -6.798 0.5000000000
9149  22.189  -76.781  -5.903 0.5000000000
9163  21.307  -76.176  -7.576 0.5000000000
10796  20.049  -74.876  -8.463 0.6000000238
11630  20.378  -73.487  -7.224 0.6000000238
11609  20.411  -73.135  -5.969 0.6999999881
130633  20.289  -73.206  -5.042 0.6000000238
133201  19.758  -73.215  -6.602 0.6999999881
11563  20.295  -73.413  -2.719 0.6999999881
11578  19.870  -73.065  -3.427 0.6999999881
133838  20.165  -73.303  -3.923 0.6999999881
13966  11.019  -69.998  -1.158 0.6000000238
11550  19.674  -72.658  -1.570 0.6000000238
11564  19.743  -72.828  -2.430 0.6999999881
14826  19.441  -69.472  -0.754 0.6000000238
13938  19.571  -70.323  -0.887 0.6000000238
130197  19.629  -71.245  -0.742 0.6000000238
12406  19.511  -71.903  -2.186 0.6000000238
12415  19.410  -72.147  -3.095 0.6999999881
13162  11.697  -70.719  -1.778 0.6000000238
14827  18.910  -69.518  -1.335 0.6000000238
13156  19.478  -70.805  -1.915 0.6000000238
13159  15.184  -71.600  -1.394 0.6999999881
13160  13.972  -71.731  -1.589 0.6000000238
13173  13.190  -71.833  -2.389 0.6999999881
14808  19.059  -68.661  -0.695 0.5000000000
13939  17.397  -70.103  -0.840 0.8000000119
13963  15.929  -71.131  -0.951 0.8000000119
13158  16.181  -71.436  -1.539 0.8000000119
12407  14.834  -72.058  -1.982 0.6999999881
13961  17.828  -70.419  -1.850 0.8000000119
13157  16.940  -71.080  -1.804 0.8000000119
9961  25.624  -75.634  -7.195 0.6999999881
9160  24.571  -76.440  -6.388 0.6999999881
9147  24.167  -76.874  -5.746 0.6000000238
9174  26.810  -75.421  -9.074 0.6999999881
9161  23.431  -76.543  -6.550 0.6000000238
9178  26.874  -75.933  -10.107 0.6000000238
9162  22.514  -76.552  -6.728 0.5000000000
13130  13.996  -71.391  1.386 0.6000000238
9979  22.034  -76.081  -7.797 0.5000000000
13131  12.939  -71.226  1.247 0.5000000000
9172  21.180  -75.643  -8.230 0.5000000000
14775  12.003  -69.614  1.431 0.6000000238
11642  21.757  -74.039  -8.411 0.6999999881
10795  20.984  -75.051  -8.457 0.6000000238
11608  21.265  -73.094  -6.291 0.6999999881
11643  20.723  -74.223  -8.150 0.6999999881
14790  10.906  -69.197  0.599 0.6000000238
11589  21.123  -73.286  -5.100 0.6999999881
11562  20.865  -73.888  -2.401 0.6999999881
11576  21.182  -73.926  -3.308 0.6999999881
122237  21.218  -73.729  -4.139 0.6999999881
13944  11.346  -69.615  -0.468 0.6000000238
127029  10.684  -69.729  -0.426 0.6000000238
123172  20.115  -73.396  -1.665 0.6000000238
134204  20.736  -73.698  -3.005 0.6999999881
13943  12.596  -69.852  -0.712 0.6000000238
12396  19.832  -72.732  -0.212 0.6000000238
12397  19.560  -72.092  -0.987 0.6000000238
13942  13.741  -70.416  -0.910 0.6999999881
13964  13.284  -70.917  -1.110 0.6000000238
13965  12.122  -70.444  -1.088 0.6000000238
14810  15.860  -69.506  -0.614 0.6000000238
14811  14.874  -69.527  -0.783 0.6000000238
134320  15.112  -70.996  -0.878 0.6999999881
13148  14.329  -71.090  -1.036 0.6000000238
13161  12.789  -71.283  -1.630 0.6000000238
15650  16.230  -68.649  -0.583 0.6000000238
13941  15.460  -70.332  -0.733 0.8000000119
14809  16.887  -69.441  -0.512 0.6000000238
13940  16.440  -70.340  -0.724 0.6999999881
9962  24.876  -75.734  -6.956 0.6999999881
9985  27.019  -74.342  -8.982 0.6999999881
9986  26.531  -75.074  -8.241 0.6999999881
9963  23.783  -76.070  -7.226 0.6000000238
9964  22.879  -76.220  -7.364 0.6000000238
13119  15.808  -71.299  1.902 0.6000000238
13129  16.088  -72.348  1.813 0.6000000238
13901  14.996  -70.391  1.783 0.6000000238
130070  15.385  -72.019  1.616 0.6000000238
119818  22.922  -75.503  -8.162 0.6000000238
13902  14.267  -70.745  1.613 0.5000000000
11628  22.336  -72.932  -7.582 0.6999999881
118666  12.159  -68.795  1.834 0.4000000060
135497  12.679  -70.337  1.476 0.5000000000
11607  22.126  -72.902  -6.572 0.6999999881
14776  11.222  -68.847  1.247 0.5000000000
112749  22.051  -73.118  -5.525 0.6000000238
11629  21.424  -73.314  -7.432 0.6999999881
15637  10.968  -68.368  0.807 0.6000000238
116932  21.982  -73.608  -4.638 0.6999999881
14813  11.520  -68.997  -0.145 0.6999999881
14814  10.927  -69.105  0.234 0.6000000238
134526  21.433  -74.224  -1.979 0.6999999881
10741  21.702  -74.202  -2.785 0.6999999881
118294  12.382  -68.823  -0.471 0.5000000000
122571  21.006  -73.906  0.075 0.6000000238
11533  20.330  -73.542  -0.547 0.6000000238
11549  20.838  -74.042  -1.383 0.6999999881
11516  20.474  -73.182  0.315 0.6000000238
11534  19.750  -72.926  -0.882 0.6000000238
14812  13.754  -69.535  -0.843 0.5000000000
119120  19.752  -71.895  -0.155 0.6000000238
15651  15.262  -68.739  -0.817 0.6000000238
132458  14.564  -70.343  -0.827 0.6999999881
16541  16.547  -67.841  -0.769 0.6000000238
9975  25.845  -74.738  -7.870 0.6999999881
9976  24.989  -74.936  -7.587 0.6999999881
9977  24.077  -75.398  -7.707 0.6000000238
13887  16.603  -70.841  2.336 0.4000000060
13118  16.720  -71.791  2.198 0.5000000000
10794  22.682  -74.449  -8.686 0.6000000238
14753  15.546  -69.678  2.013 0.5000000000
11500  16.178  -73.303  1.756 0.6000000238
10808  23.352  -73.616  -8.654 0.6999999881
11641  22.711  -73.198  -8.379 0.6999999881
9978  21.883  -75.216  -8.493 0.6000000238
115986  13.367  -69.179  1.929 0.5000000000
116709  22.802  -72.705  -6.807 0.6999999881
130497  23.758  -74.470  -3.775 0.6999999881
10756  23.471  -74.093  -4.505 0.6999999881
15629  11.358  -68.086  1.364 0.6000000238
115412  22.908  -74.491  -2.262 0.6999999881
10724  23.532  -74.501  -2.927 0.6999999881
10757  22.638  -73.969  -4.348 0.6999999881
11588  22.764  -73.488  -5.006 0.6999999881
15636  11.324  -67.608  0.870 0.5000000000
15654  11.382  -68.220  0.365 0.5000000000
131550  22.279  -74.554  -0.750 0.6000000238
10715  22.621  -74.537  -1.500 0.6999999881
10725  22.559  -74.358  -2.949 0.6999999881
10740  22.032  -74.092  -3.736 0.6999999881
11515  21.331  -73.488  0.696 0.5000000000
10705  21.659  -74.356  -0.317 0.6000000238
11532  21.035  -74.156  -0.637 0.6000000238
10791  25.643  -73.659  -8.536 0.6999999881
10807  24.133  -73.549  -8.526 0.6999999881
13117  17.405  -71.273  2.634 0.4000000060
11651  24.529  -73.099  -8.452 0.6999999881
10793  23.717  -74.502  -8.386 0.6999999881
113274  17.491  -72.213  2.572 0.4000000060
11652  23.865  -73.224  -8.464 0.6999999881
11486  17.502  -73.177  2.598 0.6000000238
11627  23.217  -72.650  -7.568 0.8000000119
11640  23.464  -72.928  -8.240 0.6999999881
11605  24.502  -73.333  -5.556 0.6000000238
11606  23.673  -72.858  -6.346 0.6000000238
10621  18.034  -74.605  4.166 0.6000000238
11586  24.216  -74.007  -4.970 0.6999999881
11587  23.580  -73.473  -5.341 0.6000000238
10723  24.331  -74.609  -2.533 0.6000000238
114282  24.085  -74.722  -0.816 0.6000000238
121125  17.535  -76.403  5.646 0.5000000000
10704  22.487  -74.520  0.047 0.6000000238
116239  23.094  -74.629  -0.805 0.6999999881
134929  22.359  -74.222  0.711 0.5000000000
12473  24.757  -72.755  -8.142 0.6999999881
12356  18.732  -71.823  3.556 0.4000000060
128911  24.104  -72.677  -7.161 0.8000000119
11476  17.968  -73.484  3.125 0.5000000000
11604  25.487  -73.149  -5.739 0.8000000119
127555  18.434  -73.993  4.091 0.4000000060
11475  18.469  -73.375  3.705 0.4000000060
11626  24.744  -72.756  -6.434 0.6999999881
9816  18.299  -74.992  5.077 0.4000000060
10637  18.062  -74.057  3.582 0.5000000000
10713  24.795  -74.754  -1.725 0.6000000238
10738  24.432  -74.546  -3.352 0.6000000238
10755  24.397  -74.357  -4.239 0.6999999881
10594  18.483  -74.456  6.261 0.4000000060
10714  23.638  -74.600  -1.806 0.6000000238
9791  17.765  -75.588  6.413 0.4000000060
9817  17.722  -75.484  4.659 0.6000000238
10703  23.455  -74.683  0.047 0.6000000238
10666  23.262  -74.086  1.381 0.5000000000
123928  19.206  -71.817  4.204 0.4000000060
12465  24.969  -72.542  -7.509 0.8000000119
11464  18.916  -73.377  4.529 0.4000000060
11625  25.719  -72.659  -6.802 0.6999999881
11445  18.964  -73.687  5.359 0.4000000060
10754  25.161  -73.955  -4.882 0.6000000238
10722  25.098  -74.660  -2.785 0.6000000238
10737  25.315  -74.474  -3.841 0.6000000238
11410  18.438  -74.062  7.014 0.4000000060
10595  18.043  -74.827  6.685 0.4000000060
9775  17.434  -75.253  7.180 0.4000000060
10702  24.387  -74.844  0.096 0.4000000060
13086  19.685  -71.634  4.970 0.4000000060
11603  26.436  -73.062  -6.170 0.6999999881
12328  19.471  -72.413  5.484 0.4000000060
134151  25.899  -74.213  -4.551 0.6999999881
10770  26.132  -73.672  -5.248 0.6000000238
11429  18.879  -73.796  6.251 0.4000000060
9901  25.630  -74.985  -2.172 0.6000000238
9922  25.856  -74.820  -3.110 0.6000000238
10577  17.730  -74.519  7.523 0.4000000060
9879  25.000  -74.938  -0.661 0.6000000238
10560  17.216  -74.197  8.423 0.3000000119
10701  25.256  -75.072  0.196 0.4000000060
10686  24.731  -74.739  0.844 0.4000000060
10685  25.603  -74.912  0.946 0.4000000060
11409  19.227  -73.096  6.787 0.4000000060
127557  18.791  -73.351  7.570 0.4000000060
129720  26.152  -75.430  -1.703 0.6000000238
9890  25.596  -75.193  -1.262 0.6000000238
9889  26.340  -75.734  -0.980 0.6000000238
9867  26.082  -75.373  0.352 0.4000000060
9866  26.880  -75.567  0.439 0.5000000000
10684  26.443  -75.085  1.050 0.4000000060
13070  16.380  -71.114  8.013 0.3000000119
13796  20.348  -70.156  8.978 0.4000000060
13808  17.366  -70.507  9.326 0.3000000119
14701  16.247  -69.293  5.273 0.4000000060
14668  20.612  -69.262  9.071 0.4000000060
14658  19.655  -69.303  10.344 0.4000000060
14681  17.610  -69.643  9.760 0.3000000119
134811  17.912  -69.863  10.166 0.3000000119
14691  16.926  -69.839  7.343 0.3000000119
13809  16.910  -70.494  8.347 0.3000000119
14700  16.705  -69.585  6.179 0.3000000119
135720  20.210  -68.341  10.386 0.4000000060
15543  19.648  -68.517  10.627 0.4000000060
14670  18.287  -69.883  10.259 0.4000000060
15561  17.308  -68.717  8.987 0.3000000119
123105  17.136  -69.054  7.940 0.3000000119
17366  11.941  -65.877  4.491 0.4000000060
18243  10.683  -65.747  3.385 0.3000000119
114887  10.111  -65.174  2.712 0.3000000119
15569  16.951  -68.875  6.988 0.3000000119
15577  16.530  -68.691  5.979 0.3000000119
128871  18.427  -67.385  10.954 0.4000000060
15545  18.201  -68.451  10.524 0.4000000060
15553  17.613  -68.677  10.023 0.3000000119
122863  17.313  -68.024  9.621 0.3000000119
16447  16.976  -67.769  8.916 0.3000000119
17357  14.735  -66.497  5.279 0.3000000119
16448  16.580  -67.294  8.071 0.3000000119
132619  11.363  -65.572  4.097 0.3000000119
16464  16.201  -67.056  7.159 0.3000000119
19165  10.980  -64.641  4.075 0.4000000060
20084  10.622  -63.884  3.827 0.3000000119
19166  10.528  -64.605  3.196 0.3000000119
16430  16.998  -67.258  9.878 0.4000000060
16431  16.516  -67.184  9.162 0.3000000119
18227  13.285  -65.839  5.194 0.4000000060
116146  15.861  -66.797  8.986 0.3000000119
17351  14.182  -65.913  5.555 0.3000000119
18228  12.212  -65.616  5.050 0.4000000060
18213  12.191  -65.061  6.393 0.4000000060
20095  10.826  -63.183  3.848 0.3000000119
17297  17.935  -66.391  10.828 0.4000000060
17298  17.075  -66.317  10.281 0.4000000060
17315  15.554  -66.200  9.398 0.4000000060
17327  15.105  -66.390  8.829 0.4000000060
16449  15.773  -66.725  8.010 0.3000000119
18194  13.835  -65.685  8.058 0.3000000119
18212  13.231  -65.479  6.406 0.3000000119
19141  11.711  -64.138  6.714 0.3000000119
19142  11.314  -63.782  6.053 0.5000000000
19152  11.477  -64.589  5.826 0.4000000060
20074  11.106  -63.439  5.387 0.4000000060
20107  11.195  -62.942  2.431 0.3000000119
18169  16.278  -65.844  9.861 0.4000000060
18170  15.549  -65.453  9.525 0.4000000060
18181  14.119  -65.487  8.819 0.3000000119
20053  12.941  -63.773  7.649 0.3000000119
20062  13.553  -62.986  7.244 0.3000000119
20925  13.771  -62.543  6.340 0.3000000119
17328  14.452  -66.054  8.531 0.3000000119
18182  13.505  -65.110  8.342 0.3000000119
20054  12.195  -63.770  7.155 0.3000000119
20064  11.908  -63.319  6.570 0.3000000119
116561  12.421  -62.282  5.260 0.3000000119
19128  12.970  -64.684  7.805 0.3000000119
20073  11.648  -62.847  5.719 0.3000000119
20952  11.262  -62.844  4.792 0.3000000119
20982  11.592  -62.435  1.406 0.3000000119
19077  18.705  -64.686  10.805 0.3000000119
19088  18.258  -64.021  10.177 0.3000000119
19089  17.318  -64.503  9.912 0.3000000119
20038  16.298  -63.601  8.806 0.3000000119
20909  15.134  -62.762  7.145 0.3000000119
20939  14.492  -62.209  5.412 0.3000000119
19108  15.805  -64.530  9.336 0.3000000119
20051  15.109  -63.177  8.006 0.3000000119
20052  14.073  -63.298  7.806 0.3000000119
20910  14.349  -62.743  6.988 0.3000000119
20940  13.461  -62.182  5.384 0.3000000119
20950  13.218  -61.870  4.469 0.3000000119
20951  12.102  -62.179  4.410 0.3000000119
133789  11.993  -62.069  3.662 0.3000000119
20970  11.477  -62.518  3.724 0.3000000119
20969  11.889  -61.951  2.734 0.3000000119
20025  19.720  -63.235  10.279 0.3000000119
118553  17.618  -63.720  9.485 0.3000000119
131619  17.172  -63.342  8.868 0.3000000119
20050  15.972  -63.018  8.089 0.3000000119
20924  15.084  -62.487  6.184 0.3000000119
21885  14.137  -61.546  4.254 0.3000000119
21901  13.492  -61.410  3.511 0.3000000119
21902  12.788  -61.500  2.974 0.3000000119
21928  11.667  -61.769  0.756 0.3000000119
20938  15.351  -61.997  5.355 0.3000000119
20949  14.753  -61.778  4.784 0.3000000119
22875  13.721  -60.832  3.023 0.3000000119
21915  13.174  -61.046  2.680 0.3000000119
21916  12.488  -61.370  2.167 0.3000000119
21927  12.163  -61.176  1.445 0.3000000119
21883  15.408  -61.391  4.727 0.3000000119
21884  14.713  -61.325  4.329 0.3000000119
22874  14.246  -60.957  3.662 0.3000000119
21870  16.741  -61.206  5.330 0.3000000119
22857  15.545  -60.540  4.584 0.3000000119
22873  14.862  -60.169  4.110 0.3000000119
23886  14.523  -60.288  3.481 0.3000000119
22888  14.099  -60.348  2.832 0.3000000119
22904  13.255  -60.097  1.512 0.3000000119
22905  12.582  -60.419  1.374 0.3000000119
136016  28.924  -84.143  -7.019 0.5000000000
113530  28.338  -83.234  -7.621 0.5000000000
132014  27.788  -82.540  -6.976 0.4000000060
13200  15.606  -71.926  -4.903 0.6999999881
128027  14.249  -72.068  -3.704 0.6999999881
6935  27.135  -79.187  -8.930 0.4000000060
12434  18.455  -72.245  -4.884 0.6000000238
9980  20.392  -75.478  -8.291 0.5000000000
116498  22.845  -72.916  -5.843 0.6000000238
11514  22.068  -73.779  0.992 0.5000000000
10739  22.993  -74.304  -3.727 0.6999999881
9801  18.261  -75.055  5.886 0.4000000060
11498  22.593  -73.527  1.360 0.5000000000
10687  23.800  -74.645  0.849 0.4000000060
10736  26.180  -74.628  -4.018 0.6000000238
9900  26.338  -75.353  -2.466 0.6000000238
126723  17.470  -73.482  8.977 0.3000000119
9878  25.799  -75.387  -0.410 0.4000000060
9877  26.583  -75.790  -0.229 0.4000000060
14669  20.084  -69.768  9.816 0.4000000060
19079  17.067  -65.384  10.151 0.3000000119
135671  18.926  -63.385  10.111 0.3000000119
9934  27.620  -75.098  -4.663 0.5000000000
10752  27.277  -74.282  -5.149 0.5000000000
10769  26.951  -73.621  -5.652 0.6999999881
11602  27.285  -73.068  -6.705 0.6999999881
12474  25.953  -72.562  -8.277 0.6000000238
10753  26.586  -74.200  -4.816 0.5000000000
10804  26.913  -73.333  -8.742 0.6000000238
9974  26.333  -73.941  -8.664 0.6000000238
10784  27.947  -73.278  -7.233 0.6999999881
119574  27.181  -72.894  -8.475 0.6000000238
11637  27.508  -72.831  -7.862 0.6999999881
11638  26.596  -72.559  -8.112 0.6000000238
9935  26.920  -74.775  -4.290 0.5000000000
10783  28.589  -73.911  -7.751 0.6999999881
11647  28.772  -73.584  -8.862 0.6999999881
10803  28.664  -73.684  -9.258 0.6000000238
10810  27.825  -74.010  -9.284 0.6000000238
11623  28.329  -73.295  -8.238 0.6999999881
125008  27.746  -73.291  -8.895 0.6000000238
132424  28.437  -74.990  -6.040 0.6000000238
9920  27.312  -75.528  -3.748 0.5000000000
9960  28.842  -74.854  -6.980 0.6999999881
10790  29.068  -73.813  -8.852 0.6000000238
9990  27.924  -75.091  -9.860 0.6000000238
9124  27.797  -76.315  -3.196 0.5000000000
9921  26.577  -75.130  -3.418 0.5000000000
9084  28.513  -76.802  -1.072 0.5000000000
9899  27.081  -75.793  -2.775 0.5000000000
9071  28.752  -76.347  -0.561 0.4000000060
11611  14.101  -73.394  -5.544 0.4000000060
12471  15.878  -73.134  -6.116 0.4000000060
11635  15.612  -73.695  -6.139 0.4000000060
10786  16.278  -74.049  -6.572 0.5000000000
10785  16.892  -74.333  -6.942 0.5000000000
9969  16.267  -74.547  -6.327 0.5000000000
9086  26.874  -76.030  -1.708 0.5000000000
9968  16.990  -74.861  -6.466 0.5000000000
130055  17.275  -75.471  -3.505 0.6000000238
9085  27.714  -76.582  -1.301 0.4000000060
113759  17.642  -75.196  -6.726 0.5000000000
9950  17.321  -75.351  -5.670 0.5000000000
9937  17.921  -75.502  -4.473 0.5000000000
11636  14.754  -73.836  -5.812 0.5000000000
10771  15.496  -74.230  -6.063 0.5000000000
9953  14.688  -74.475  -5.425 0.5000000000
9952  15.666  -74.749  -5.540 0.5000000000
9940  15.170  -75.031  -4.521 0.5000000000
9951  16.508  -75.061  -5.626 0.5000000000
9939  16.085  -75.171  -4.564 0.5000000000
9938  16.933  -75.362  -4.585 0.5000000000
9073  27.100  -76.215  -0.775 0.5000000000
9072  27.904  -76.429  -0.595 0.4000000060
9875  28.213  -75.905  -0.017 0.4000000060
113830  11.808  -71.373  -3.528 0.5000000000
9941  14.243  -74.847  -4.541 0.5000000000
13978  10.589  -70.213  -2.100 0.5000000000
13979  9.544  -70.132  -2.204 0.5000000000
13163  8.713  -70.367  -1.822 0.5000000000
13175  11.219  -70.829  -2.857 0.5000000000
9876  27.344  -76.020  -0.112 0.4000000060
13947  9.325  -70.141  -1.284 0.5000000000
13945  10.139  -69.969  -1.119 0.5000000000
13149  9.434  -70.456  -0.687 0.5000000000
13150  8.718  -70.585  -1.069 0.5000000000
13164  8.009  -70.879  -1.456 0.4000000060
13921  10.007  -70.466  -0.036 0.5000000000
12398  9.273  -71.118  -0.374 0.6000000238
13151  8.133  -71.462  -0.735 0.6000000238
14791  10.443  -69.828  -0.107 0.5000000000
13141  10.887  -71.128  0.519 0.5000000000
13142  10.097  -71.324  0.210 0.5000000000
134930  9.817  -71.980  0.150 0.6000000238
12390  8.968  -72.161  -0.024 0.6000000238
12399  7.865  -72.433  -0.097 0.6000000238
12400  7.237  -72.064  -0.690 0.5000000000
11521  6.949  -73.570  0.184 0.5000000000
10692  7.525  -74.241  0.547 0.5000000000
13920  10.756  -70.013  0.429 0.5000000000
13919  11.277  -70.437  0.806 0.5000000000
13140  11.937  -71.313  0.865 0.5000000000
12388  11.803  -72.236  0.559 0.6000000238
11519  9.902  -72.904  0.463 0.6000000238
12391  8.694  -73.071  0.532 0.6000000238
129297  7.655  -73.310  0.410 0.6000000238
10690  8.442  -73.924  0.923 0.5000000000
116323  12.715  -77.812  2.244 0.5000000000
9868  8.508  -75.742  0.727 0.5000000000
13905  11.186  -69.649  1.032 0.5000000000
13904  11.982  -70.417  1.162 0.5000000000
12387  12.761  -72.191  0.786 0.6000000238
11503  13.127  -73.622  0.861 0.6000000238
120304  10.866  -73.170  0.528 0.6000000238
11504  12.227  -73.699  0.854 0.6000000238
11506  10.377  -73.723  1.005 0.6000000238
11505  11.298  -73.733  0.943 0.6000000238
11520  9.423  -73.740  1.020 0.6000000238
10673  9.173  -74.499  1.273 0.5000000000
10691  8.365  -74.848  0.905 0.5000000000
9860  9.196  -75.262  1.234 0.5000000000
9043  10.641  -75.582  2.134 0.5000000000
9060  9.461  -76.106  1.048 0.5000000000
9042  11.190  -76.457  2.108 0.5000000000
12380  13.682  -72.166  1.029 0.6000000238
11517  13.419  -72.919  0.748 0.6000000238
11502  13.992  -73.603  1.029 0.6000000238
10649  13.470  -74.689  2.121 0.6000000238
10670  12.758  -74.290  1.478 0.6000000238
10671  11.676  -74.454  1.819 0.6000000238
10650  12.424  -74.897  2.383 0.6000000238
10672  10.695  -74.380  1.697 0.5000000000
10651  11.663  -75.133  2.489 0.5000000000
9859  10.241  -74.932  1.984 0.5000000000
9847  12.208  -75.687  2.884 0.5000000000
9026  12.589  -76.420  3.096 0.6000000238
9041  11.882  -76.413  2.697 0.5000000000
8242  13.000  -76.953  3.146 0.5000000000
7503  15.206  -78.968  3.193 0.5000000000
10667  15.018  -74.150  1.646 0.6000000238
10648  14.481  -74.634  2.278 0.6000000238
9845  13.933  -75.143  3.062 0.6000000238
9846  13.035  -75.362  2.991 0.6000000238
9025  13.271  -76.414  3.400 0.6000000238
8241  13.825  -77.186  3.300 0.5000000000
132067  15.289  -74.553  2.357 0.6000000238
125064  13.553  -75.803  3.522 0.6000000238
9008  15.314  -76.921  3.858 0.6000000238
8239  15.725  -78.523  3.700 0.5000000000
10639  16.928  -74.764  3.157 0.6000000238
10640  15.957  -74.834  2.899 0.6000000238
9833  16.476  -75.376  3.649 0.6000000238
9834  15.464  -75.519  3.569 0.6000000238
9024  14.282  -76.489  3.647 0.6000000238
8228  15.951  -77.747  3.948 0.5000000000
9818  17.055  -75.894  4.361 0.6000000238
9819  16.181  -76.126  4.084 0.6000000238
9803  17.452  -76.301  5.127 0.6000000238
9023  15.230  -76.221  3.866 0.6000000238
8995  17.261  -76.976  5.726 0.6000000238
8202  16.616  -77.464  6.193 0.5000000000
8985  16.946  -76.720  6.550 0.4000000060
10805  25.886  -73.127  -8.733 0.6000000238
11624  26.642  -72.638  -7.321 0.6999999881
9101  28.355  -76.976  -1.785 0.5000000000
9102  27.662  -76.509  -2.214 0.5000000000
12389  10.776  -72.285  0.361 0.6000000238
11518  11.681  -73.022  0.426 0.6000000238
128520  9.905  -74.369  1.532 0.6000000238
9858  10.979  -75.003  2.270 0.5000000000
10641  14.895  -75.048  3.026 0.6000000238
9835  14.465  -75.653  3.593 0.6000000238
9006  16.904  -76.935  4.809 0.6000000238
8227  16.464  -77.771  4.697 0.6000000238
3838  29.542  -84.671  -5.507 0.4000000060
3818  30.740  -84.620  -3.366 0.5000000000
4377  30.466  -83.786  -3.280 0.5000000000
3819  30.092  -84.277  -3.753 0.4000000060
3831  29.614  -84.327  -4.490 0.4000000060
4388  28.970  -83.936  -5.119 0.4000000060
3839  29.014  -84.262  -5.911 0.4000000060
4376  31.198  -83.233  -2.907 0.5000000000
3806  31.127  -84.135  -2.698 0.5000000000
4378  29.810  -83.529  -3.831 0.5000000000
126934  29.251  -83.264  -4.498 0.5000000000
4398  28.618  -83.555  -5.795 0.4000000060
4999  31.997  -82.580  -3.224 0.5000000000
5000  30.405  -82.999  -3.535 0.5000000000
5017  29.832  -82.545  -4.223 0.5000000000
5033  29.070  -82.292  -4.859 0.5000000000
5034  28.486  -82.588  -5.505 0.4000000060
126529  28.581  -81.862  -5.412 0.4000000060
121054  31.221  -82.539  -3.649 0.5000000000
5016  30.606  -82.382  -4.045 0.5000000000
5632  30.473  -81.795  -4.704 0.5000000000
5633  29.615  -81.830  -4.797 0.5000000000
5646  29.081  -81.469  -5.228 0.5000000000
125508  27.922  -81.991  -6.053 0.4000000060
9180  27.781  -76.051  -10.420 0.5000000000
126151  27.315  -76.917  -10.509 0.4000000060
8403  27.607  -77.581  -10.123 0.4000000060
7648  28.096  -77.535  -9.738 0.4000000060
7638  27.588  -78.219  -9.219 0.4000000060
6927  27.633  -79.241  -7.799 0.4000000060
6290  27.490  -80.065  -7.506 0.4000000060
5664  27.480  -80.897  -7.275 0.4000000060
5645  29.918  -81.146  -5.354 0.4000000060
5663  27.807  -81.033  -6.412 0.4000000060
5647  28.473  -81.189  -5.763 0.4000000060
8402  28.474  -76.959  -10.175 0.4000000060
7625  27.996  -78.417  -8.281 0.4000000060
5644  31.007  -81.322  -5.710 0.4000000060
6289  28.109  -79.595  -6.969 0.4000000060
6275  27.807  -80.301  -6.796 0.4000000060
5662  30.676  -80.832  -6.096 0.4000000060
6258  29.167  -80.702  -5.726 0.4000000060
6274  28.530  -80.285  -6.328 0.4000000060
9177  29.026  -76.113  -10.153 0.4000000060
8401  29.148  -76.464  -9.863 0.4000000060
8394  28.983  -77.062  -9.533 0.4000000060
7624  29.116  -78.064  -8.066 0.4000000060
6926  28.483  -78.825  -7.419 0.4000000060
6925  29.673  -78.781  -7.516 0.4000000060
130103  31.002  -80.385  -6.821 0.4000000060
6272  30.147  -79.662  -7.004 0.4000000060
6914  28.915  -79.365  -6.720 0.4000000060
129728  28.657  -74.272  -9.764 0.5000000000
9988  29.594  -74.999  -10.059 0.5000000000
10801  29.877  -74.306  -9.824 0.6000000238
9176  29.590  -75.685  -9.782 0.5000000000
7636  29.701  -77.266  -8.591 0.4000000060
7623  30.309  -78.024  -7.927 0.4000000060
6924  30.685  -78.840  -7.426 0.4000000060
6271  31.289  -79.820  -7.128 0.4000000060
9173  29.838  -75.783  -9.001 0.4000000060
9984  29.798  -74.754  -9.424 0.5000000000
8392  30.136  -76.773  -8.410 0.4000000060
7622  30.742  -78.053  -7.584 0.4000000060
9169  30.167  -76.623  -8.238 0.5000000000
8384  30.582  -77.289  -7.835 0.4000000060
7635  30.451  -77.431  -8.009 0.4000000060
9170  29.877  -75.905  -8.281 0.6000000238
9973  29.390  -74.668  -8.387 0.6000000238
9157  30.506  -76.856  -7.647 0.5000000000
8374  31.041  -77.982  -6.797 0.4000000060
10768  27.593  -73.749  -6.122 0.5000000000
120381  14.640  -72.277  1.305 0.5000000000
11501  15.520  -73.614  1.567 0.5000000000
10638  17.431  -74.084  2.841 0.5000000000
12378  15.466  -72.829  1.491 0.5000000000
11487  16.846  -73.730  2.160 0.5000000000
114409  14.787  -73.349  1.259 0.5000000000
7637  28.578  -77.677  -8.911 0.4000000060
6257  29.975  -80.422  -6.128 0.4000000060
8393  29.607  -76.486  -9.213 0.4000000060
9987  29.861  -74.877  -9.760 0.5000000000
6923  31.083  -79.028  -7.241 0.4000000060
8383  30.750  -77.785  -7.434 0.5000000000
9158  30.161  -76.429  -7.071 0.5000000000
133565  33.079  -74.534  -2.099 0.3000000119
9898  32.236  -75.639  -2.083 0.3000000119
9099  31.648  -76.181  -2.157 0.3000000119
9885  32.356  -74.752  -1.807 0.3000000119
10721  32.731  -73.873  -1.974 0.3000000119
11559  33.736  -73.259  -3.048 0.3000000119
11560  32.923  -73.208  -2.531 0.3000000119
117028  32.435  -76.254  -2.601 0.3000000119
9120  31.618  -76.704  -2.791 0.4000000060
9121  30.987  -76.933  -3.037 0.4000000060
9897  32.997  -75.369  -2.288 0.3000000119
8304  30.330  -77.105  -2.821 0.4000000060
9100  30.861  -76.733  -2.287 0.4000000060
9919  28.050  -76.034  -4.162 0.4000000060
135338  33.559  -74.759  -2.343 0.3000000119
9081  30.940  -76.126  -1.702 0.3000000119
8306  28.960  -77.293  -2.213 0.4000000060
10711  31.530  -74.543  -1.483 0.3000000119
8344  31.026  -77.209  -4.516 0.4000000060
9145  29.226  -76.280  -5.517 0.4000000060
9946  28.970  -75.638  -6.183 0.4000000060
9119  32.881  -76.780  -3.166 0.4000000060
8323  31.522  -77.129  -3.600 0.4000000060
8345  30.198  -76.950  -4.209 0.4000000060
9933  28.409  -75.608  -5.208 0.4000000060
9098  33.374  -76.069  -2.776 0.3000000119
8324  30.647  -77.055  -3.595 0.4000000060
9135  28.837  -76.492  -4.554 0.4000000060
9947  27.897  -74.590  -5.560 0.4000000060
9896  33.846  -75.319  -2.607 0.3000000119
9123  28.552  -76.753  -3.598 0.4000000060
10735  34.800  -74.314  -3.151 0.3000000119
114598  28.376  -76.947  -2.665 0.4000000060
8290  28.950  -77.135  -1.541 0.4000000060
8359  31.459  -77.622  -5.255 0.4000000060
9144  30.141  -76.678  -5.900 0.4000000060
8343  31.917  -77.582  -4.344 0.4000000060
8360  30.806  -77.137  -5.621 0.4000000060
134414  29.593  -76.155  -6.365 0.4000000060
9118  34.829  -76.537  -3.479 0.3000000119
10734  35.450  -74.958  -3.598 0.3000000119
9917  34.655  -75.139  -2.922 0.3000000119
11573  35.244  -74.106  -3.773 0.3000000119
122871  30.675  -76.985  -6.682 0.4000000060
9083  29.402  -76.702  -1.142 0.3000000119
9874  29.556  -75.858  -0.683 0.3000000119
9888  30.233  -76.014  -1.206 0.3000000119
10767  28.185  -74.196  -6.571 0.4000000060
9959  29.512  -75.641  -7.209 0.4000000060
126786  31.012  -77.510  -6.279 0.4000000060
11545  32.045  -73.963  -1.639 0.3000000119
128186  32.151  -76.868  -3.170 0.4000000060
8288  30.128  -77.078  -2.160 0.4000000060
8325  29.831  -77.142  -3.345 0.4000000060
8305  29.608  -77.232  -2.556 0.4000000060
9082  30.192  -76.708  -1.667 0.4000000060
8322  32.380  -77.313  -3.681 0.4000000060
9134  29.718  -76.705  -4.852 0.4000000060
123201  33.796  -76.665  -3.253 0.3000000119
9918  34.252  -75.924  -2.993 0.3000000119
8321  33.290  -77.351  -3.641 0.4000000060
125730  34.997  -75.718  -3.290 0.3000000119
2341  32.897  -87.796  -2.023 0.3000000119
1909  32.311  -88.077  -2.597 0.3000000119
2796  33.743  -87.055  -1.584 0.3000000119
135142  32.300  -88.140  -1.789 0.3000000119
2340  33.236  -87.153  -2.184 0.3000000119
2343  32.699  -87.353  -2.883 0.3000000119
132584  34.312  -86.751  -0.576 0.3000000119
2776  34.033  -87.250  -0.970 0.3000000119
2322  33.288  -87.547  -0.730 0.3000000119
121207  34.429  -86.068  -0.651 0.3000000119
117762  34.030  -86.662  -1.315 0.3000000119
2800  32.790  -86.727  -2.949 0.3000000119
3830  30.553  -85.158  -4.341 0.3000000119
3243  34.058  -85.982  0.674 0.3000000119
2765  33.749  -86.598  0.304 0.3000000119
2763  34.458  -86.176  -0.165 0.3000000119
2764  34.297  -86.503  0.030 0.3000000119
128880  32.966  -87.503  -0.351 0.3000000119
3291  32.804  -86.299  -2.870 0.3000000119
3805  31.914  -84.521  -2.216 0.3000000119
3817  31.528  -85.040  -2.894 0.3000000119
3281  33.350  -86.158  -2.004 0.3000000119
3274  33.908  -85.948  -1.363 0.3000000119
3800  33.743  -84.988  -0.983 0.3000000119
3801  32.890  -84.980  -1.645 0.3000000119
3282  32.468  -85.555  -2.486 0.3000000119
3802  32.307  -84.151  -1.819 0.3000000119
4998  32.664  -82.330  -3.648 0.4000000060
4984  32.189  -82.996  -2.487 0.4000000060
2789  29.013  -87.288  -1.130 0.3000000119
2337  27.452  -87.455  -1.674 0.3000000119
2323  32.249  -87.766  -0.787 0.3000000119
2333  31.782  -88.102  -1.316 0.3000000119
3245  31.934  -85.649  0.477 0.3000000119
3261  31.430  -86.276  -0.111 0.3000000119
2779  29.775  -86.837  -0.701 0.3000000119
2336  28.335  -87.743  -1.759 0.3000000119
3234  33.472  -85.281  1.177 0.3000000119
2766  32.799  -86.799  0.142 0.3000000119
2778  30.906  -86.920  -0.544 0.3000000119
116761  29.340  -88.088  -1.524 0.3000000119
115718  32.038  -87.296  -0.414 0.3000000119
2324  31.408  -87.680  -0.720 0.3000000119
124210  30.269  -88.215  -1.164 0.3000000119
2334  31.166  -88.067  -0.988 0.3000000119
118299  33.344  -86.672  -2.120 0.3000000119
2801  32.405  -86.464  -3.740 0.3000000119
3244  33.118  -85.964  0.712 0.3000000119
2780  28.746  -86.371  -0.937 0.3000000119
1902  30.693  -88.434  -1.620 0.3000000119
3262  30.280  -85.994  -0.295 0.3000000119
2335  29.826  -87.717  -0.965 0.3000000119
1903  29.761  -88.688  -1.840 0.3000000119
5656  35.441  -81.128  -7.604 0.3000000119
5642  35.388  -81.686  -7.254 0.3000000119
5043  34.942  -82.048  -7.228 0.3000000119
5044  34.268  -82.262  -7.204 0.4000000060
5045  33.497  -82.268  -7.034 0.4000000060
133479  32.182  -82.084  -5.958 0.3000000119
5032  31.490  -81.777  -5.342 0.3000000119
125574  34.983  -81.060  -7.634 0.3000000119
5675  34.405  -81.451  -7.557 0.4000000060
5659  33.222  -81.830  -7.314 0.4000000060
5677  32.854  -81.204  -7.254 0.4000000060
5661  31.548  -81.075  -6.619 0.3000000119
6288  32.192  -80.503  -7.068 0.4000000060
115230  31.605  -79.792  -7.056 0.3000000119
6255  37.845  -80.274  -5.368 0.3000000119
6256  37.216  -80.502  -6.268 0.3000000119
5028  35.617  -82.116  -6.317 0.4000000060
5029  34.801  -82.371  -6.450 0.4000000060
5030  33.967  -82.491  -6.344 0.3000000119
5031  32.956  -82.341  -5.916 0.3000000119
5014  32.841  -82.264  -4.544 0.3000000119
6899  37.363  -79.763  -6.742 0.3000000119
6268  36.567  -80.177  -7.469 0.3000000119
6910  35.803  -80.427  -7.622 0.3000000119
6911  34.934  -80.739  -7.462 0.3000000119
6270  34.531  -81.077  -7.572 0.3000000119
5676  33.660  -81.487  -7.438 0.4000000060
6900  35.326  -80.000  -6.714 0.3000000119
6901  34.546  -80.207  -6.207 0.3000000119
6286  33.940  -81.155  -7.445 0.4000000060
6287  33.127  -80.948  -7.264 0.4000000060
6902  33.350  -80.142  -6.337 0.3000000119
6922  32.374  -80.233  -6.941 0.4000000060
118344  32.594  -79.033  -5.675 0.3000000119
7611  31.597  -78.733  -6.516 0.4000000060
6903  32.219  -79.509  -6.516 0.4000000060
6913  31.514  -79.318  -6.919 0.4000000060
7583  32.302  -78.156  -4.988 0.3000000119
7598  31.621  -78.166  -5.905 0.3000000119
6874  39.402  -80.356  -2.575 0.3000000119
6236  39.330  -80.830  -2.996 0.3000000119
5611  38.551  -81.865  -2.551 0.3000000119
128621  38.017  -82.172  -2.962 0.3000000119
125734  38.518  -80.010  -4.616 0.3000000119
6247  38.426  -80.698  -4.250 0.3000000119
4993  37.303  -82.292  -3.575 0.3000000119
7592  38.615  -78.722  -5.543 0.3000000119
6898  38.173  -79.541  -5.505 0.3000000119
6248  37.545  -81.115  -5.065 0.3000000119
5010  36.846  -82.235  -4.674 0.3000000119
5011  36.178  -82.373  -5.138 0.3000000119
5012  34.670  -82.454  -4.636 0.3000000119
4997  33.670  -82.343  -3.765 0.3000000119
117838  32.897  -82.516  -2.879 0.3000000119
7593  37.778  -79.122  -6.464 0.3000000119
7597  34.023  -79.452  -5.370 0.3000000119
7582  33.369  -78.562  -4.758 0.3000000119
129931  39.887  -78.783  -2.763 0.3000000119
128766  39.866  -79.327  -2.901 0.3000000119
6883  39.711  -79.787  -3.085 0.3000000119
5619  38.909  -81.490  -3.005 0.3000000119
6891  39.053  -79.411  -4.515 0.3000000119
6237  38.969  -81.015  -3.444 0.3000000119
4363  33.104  -82.852  -2.103 0.3000000119
8303  39.607  -77.975  -2.472 0.3000000119
8302  40.295  -78.256  -2.973 0.3000000119
116391  40.428  -78.170  -3.231 0.3000000119
7567  40.150  -78.703  -3.158 0.3000000119
6246  39.238  -80.193  -3.694 0.3000000119
7579  39.677  -78.697  -4.404 0.3000000119
130180  40.057  -77.587  -2.761 0.3000000119
8301  40.510  -77.705  -3.260 0.3000000119
126582  40.488  -78.031  -3.389 0.3000000119
7578  40.312  -78.381  -3.656 0.3000000119
5015  31.303  -82.076  -4.423 0.3000000119
118260  32.109  -82.085  -5.030 0.3000000119
5046  32.693  -82.031  -6.716 0.3000000119
5678  31.969  -80.730  -7.091 0.4000000060
7621  31.019  -78.470  -7.133 0.4000000060
8342  32.822  -77.864  -4.204 0.3000000119
5657  34.946  -81.524  -7.556 0.3000000119
5641  36.725  -81.027  -6.537 0.3000000119
133148  34.505  -81.853  -7.506 0.4000000060
5660  32.434  -81.456  -6.988 0.4000000060
6921  33.360  -80.761  -7.119 0.4000000060
5027  36.329  -82.065  -5.642 0.3000000119
5631  36.832  -81.782  -5.451 0.3000000119
128436  35.304  -82.435  -5.459 0.4000000060
5013  33.764  -82.424  -5.127 0.3000000119
131487  36.701  -79.544  -7.660 0.3000000119
6909  36.215  -79.616  -7.835 0.3000000119
6912  34.130  -80.751  -7.138 0.4000000060
5629  38.332  -81.386  -3.758 0.3000000119
5630  37.577  -81.860  -4.045 0.3000000119
120467  36.621  -82.399  -4.098 0.3000000119
7581  34.540  -78.678  -4.743 0.3000000119
2321  33.422  -87.512  -1.416 0.3000000119
2325  30.561  -87.712  -0.811 0.3000000119
2332  32.714  -87.887  -1.239 0.3000000119
2777  33.821  -87.143  -0.291 0.3000000119
4365  31.766  -83.769  -2.257 0.5000000000
5018  28.805  -83.111  -5.087 0.5000000000
5620  38.344  -81.827  -3.192 0.3000000119
5643  31.904  -81.686  -6.324 0.4000000060
5658  33.932  -81.963  -7.523 0.4000000060
6269  36.057  -80.668  -7.578 0.3000000119
6273  29.287  -80.063  -6.312 0.4000000060
6890  39.800  -79.200  -3.625 0.3000000119
6908  37.132  -79.102  -7.429 0.3000000119
6942  26.658  -79.677  -9.660 0.4000000060
6943  26.201  -79.697  -10.010 0.4000000060
6952  26.101  -78.992  -10.170 0.4000000060
6954  25.268  -78.483  -9.847 0.5000000000
7479  16.365  -78.265  5.260 0.6000000238
7555  40.203  -78.652  -3.062 0.3000000119
7650  25.606  -78.018  -10.142 0.5000000000
7657  26.156  -78.209  -10.307 0.5000000000
8215  16.702  -77.664  5.482 0.6000000238
8240  15.037  -77.709  3.470 0.5000000000
8252  12.417  -77.118  2.714 0.5000000000
8289  29.538  -77.137  -1.813 0.4000000060
8326  29.082  -77.230  -3.040 0.4000000060
8375  30.750  -77.392  -7.229 0.5000000000
8396  25.215  -77.964  -9.384 0.6999999881
8405  28.233  -76.577  -10.395 0.4000000060
8407  26.311  -77.372  -10.363 0.5000000000
8984  17.510  -76.345  6.172 0.4000000060
9007  16.087  -76.910  4.217 0.6000000238
9059  10.333  -76.229  1.572 0.5000000000
9122  29.355  -76.940  -3.922 0.4000000060
9133  30.437  -76.918  -5.031 0.4000000060
9164  20.650  -76.058  -7.816 0.5000000000
9181  26.788  -76.653  -10.408 0.5000000000
9776  16.808  -75.490  7.508 0.4000000060
9792  17.229  -76.016  6.936 0.4000000060
9802  17.840  -75.775  5.534 0.4000000060
9836  12.878  -75.940  3.345 0.6000000238
9848  11.359  -75.685  2.551 0.5000000000
9895  34.149  -74.542  -2.654 0.3000000119
9965  19.992  -75.953  -7.944 0.5000000000
9989  28.816  -75.017  -10.129 0.5000000000
9991  28.739  -75.784  -10.274 0.4000000060
10578  16.939  -74.865  7.907 0.3000000119
10606  18.610  -74.399  5.580 0.4000000060
10622  17.317  -75.134  3.870 0.6000000238
10647  16.663  -74.348  2.541 0.6000000238
10668  14.198  -74.231  1.522 0.6000000238
10669  13.537  -74.144  1.293 0.6000000238
10688  22.975  -74.419  0.736 0.5000000000
10689  21.756  -74.133  0.433 0.5000000000
10716  21.672  -74.419  -1.226 0.6999999881
10726  22.147  -74.409  -2.119 0.6999999881
10789  29.676  -74.155  -9.450 0.6000000238
10792  24.883  -74.014  -8.349 0.6999999881
10798  18.315  -74.461  -7.996 0.6000000238
10799  17.574  -74.234  -7.530 0.6000000238
10800  16.971  -73.897  -7.077 0.6000000238
10802  29.442  -73.976  -9.427 0.6000000238
10806  25.029  -73.254  -8.553 0.6999999881
10809  29.463  -74.188  -9.902 0.6000000238
11411  18.044  -73.830  8.023 0.3000000119
11444  19.230  -73.096  5.893 0.4000000060
11463  19.200  -73.047  5.181 0.4000000060
11535  6.979  -72.774  -0.092 0.5000000000
11577  20.559  -73.560  -3.558 0.6999999881
11590  20.509  -73.407  -4.353 0.6000000238
11639  24.115  -72.942  -8.243 0.6999999881
11648  28.063  -73.205  -8.565 0.6999999881
11649  26.269  -72.823  -8.551 0.6000000238
11650  25.412  -72.897  -8.478 0.6000000238
12346  19.278  -72.518  4.703 0.4000000060
12347  18.228  -72.620  3.157 0.4000000060
12368  16.870  -72.792  2.060 0.6000000238
12379  14.135  -72.869  0.976 0.6000000238
12436  13.847  -72.546  -4.989 0.6000000238
12464  25.932  -72.445  -7.802 0.8000000119
12466  24.045  -72.693  -7.835 0.6999999881
12469  17.354  -72.871  -6.600 0.6999999881
12472  25.441  -72.568  -8.086 0.6000000238
13147  19.873  -70.965  -0.129 0.6000000238
13177  9.023  -70.507  -2.577 0.5000000000
13178  8.241  -70.862  -2.165 0.4000000060
13183  18.354  -71.654  -3.717 0.6999999881
13202  12.989  -71.820  -4.136 0.6000000238
13791  19.194  -69.943  10.239 0.4000000060
13821  16.668  -70.606  7.290 0.3000000119
13903  13.474  -70.587  1.561 0.5000000000
13946  9.848  -70.147  -0.639 0.5000000000
13960  18.839  -69.978  -2.145 0.6000000238
13962  16.787  -70.865  -1.178 0.8000000119
14657  20.334  -68.893  10.048 0.4000000060
14659  18.792  -69.139  10.543 0.4000000060
14660  18.024  -69.334  10.295 0.3000000119
14682  17.229  -69.722  8.626 0.3000000119
14773  13.933  -69.998  1.760 0.5000000000
14774  12.940  -69.754  1.716 0.5000000000
15544  18.844  -68.259  10.822 0.4000000060
15560  20.715  -68.384  8.608 0.4000000060
15562  17.090  -68.181  7.892 0.3000000119
16418  17.677  -67.798  10.297 0.3000000119
16463  16.569  -67.886  6.849 0.3000000119
17314  16.346  -66.593  9.657 0.4000000060
18180  14.794  -65.832  9.184 0.4000000060
18195  13.285  -65.275  7.549 0.3000000119
18196  12.709  -64.980  7.190 0.3000000119
18229  11.470  -65.119  4.703 0.4000000060
19090  16.444  -64.968  9.731 0.4000000060
19127  13.545  -64.261  8.279 0.3000000119
19129  12.364  -64.370  7.247 0.3000000119
19153  11.002  -64.176  5.257 0.4000000060
20018  19.222  -63.913  10.604 0.3000000119
20026  18.368  -63.246  9.547 0.3000000119
20027  16.770  -64.099  9.381 0.3000000119
20063  12.766  -63.077  6.952 0.3000000119
20083  10.805  -63.643  4.644 0.3000000119
20096  10.656  -63.796  2.857 0.3000000119
20926  12.580  -62.545  6.133 0.3000000119
20968  12.630  -61.800  3.636 0.3000000119
21871  16.084  -61.617  5.359 0.3000000119
21882  16.093  -61.131  4.954 0.3000000119
21900  14.847  -60.821  4.201 0.3000000119
21917  11.846  -61.837  1.380 0.3000000119
22889  13.540  -60.472  2.302 0.3000000119
22890  12.864  -60.732  1.905 0.3000000119
22914  12.999  -59.774  1.090 0.3000000119
112880  14.083  -61.943  4.818 0.3000000119
116928  11.535  -62.389  0.507 0.3000000119
117366  28.994  -75.664  -0.261 0.4000000060
118492  17.723  -71.592  -3.856 0.6000000238
118805  15.034  -66.376  8.047 0.3000000119
119305  27.391  -74.993  -9.426 0.6000000238
120163  17.566  -67.034  10.523 0.4000000060
120615  16.216  -72.694  -5.950 0.6000000238
120960  32.013  -82.190  -4.040 0.5000000000
121287  20.468  -70.326  8.103 0.4000000060
122648  18.590  -74.215  4.786 0.4000000060
123399  15.781  -62.747  7.348 0.3000000119
124299  36.085  -81.543  -6.755 0.3000000119
124555  14.868  -71.346  1.575 0.6000000238
128607  27.804  -77.153  -10.371 0.4000000060
129320  17.554  -74.539  3.501 0.6000000238
129569  15.712  -68.139  -0.912 0.6000000238
129620  9.918  -75.472  1.682 0.5000000000
129697  19.284  -72.774  7.499 0.4000000060
130397  12.565  -72.970  0.549 0.6000000238
130975  15.987  -74.163  1.992 0.5000000000
132243  18.896  -72.612  3.938 0.4000000060
132494  25.710  -78.060  -6.375 0.6000000238
132799  22.611  -74.071  1.111 0.5000000000
133263  20.608  -69.719  8.362 0.4000000060
133489  11.819  -62.487  5.106 0.3000000119
133641  19.157  -71.529  -3.193 0.6999999881
134349  18.861  -73.586  6.886 0.4000000060
134602  14.519  -73.882  1.305 0.6000000238
135402  9.681  -74.904  1.623 0.5000000000
135440  34.534  -82.489  -5.636 0.4000000060
136028  36.099  -80.168  -7.827 0.3000000119
136404  18.203  -74.208  3.927 0.4000000060
