#!ascii label  , from subject sub-v1s22x0050437_ses-1 vox2ras=TkReg
773
150492  32.923  -33.815  85.545 0.0000000000
68887  46.543  -13.423  65.407 0.0000000000
70921  56.425  -10.937  63.264 0.0000000000
65877  46.714  -16.119  74.604 0.0000000000
54719  33.781  -27.166  80.544 0.0000000000
47069  36.502  -34.577  81.568 0.0000000000
70904  51.183  -11.564  64.622 0.0000000000
70826  51.443  -11.626  69.002 0.0000000000
63777  43.514  -19.003  77.690 0.0000000000
55791  37.619  -25.372  79.356 0.0000000000
75802  59.757  -6.055  54.253 0.0000000000
73797  55.340  -9.058  59.250 0.0000000000
65916  42.412  -15.623  71.777 0.0000000000
124757  45.653  -12.469  71.358 0.0000000000
51229  35.510  -31.055  83.495 0.0000000000
47052  34.623  -34.363  83.910 0.0000000000
69846  48.720  -12.376  64.510 0.0000000000
143323  50.727  -10.858  66.805 0.0000000000
69805  48.807  -11.838  67.483 0.0000000000
58615  44.853  -23.903  77.921 0.0000000000
52278  36.715  -29.795  78.622 0.0000000000
55793  35.228  -26.674  79.649 0.0000000000
52305  36.946  -28.977  76.276 0.0000000000
125946  57.290  -6.316  55.202 0.0000000000
73834  59.694  -8.736  55.300 0.0000000000
74778  57.255  -7.343  56.711 0.0000000000
70961  53.483  -11.058  61.388 0.0000000000
72877  52.558  -9.489  59.201 0.0000000000
72864  55.891  -9.780  61.508 0.0000000000
70974  57.779  -11.443  59.484 0.0000000000
69884  56.714  -12.068  60.526 0.0000000000
64842  44.715  -17.466  76.705 0.0000000000
64869  43.272  -17.460  74.506 0.0000000000
66868  43.385  -14.840  75.081 0.0000000000
69762  42.639  -13.020  71.755 0.0000000000
69725  46.079  -12.685  73.907 0.0000000000
124793  47.862  -12.440  72.415 0.0000000000
147675  47.331  -15.182  73.360 0.0000000000
51241  36.881  -30.653  81.905 0.0000000000
69862  50.861  -12.371  61.781 0.0000000000
71873  54.175  -10.670  64.601 0.0000000000
70874  53.839  -11.572  66.519 0.0000000000
68857  52.790  -13.022  67.711 0.0000000000
59612  40.982  -22.884  80.177 0.0000000000
60619  42.802  -21.218  79.547 0.0000000000
61648  44.803  -19.846  77.910 0.0000000000
147047  46.680  -20.092  75.307 0.0000000000
131382  47.460  -18.789  73.389 0.0000000000
58620  38.113  -23.394  78.941 0.0000000000
55781  40.282  -25.912  80.214 0.0000000000
74837  60.152  -7.600  52.831 0.0000000000
74773  54.797  -7.388  57.440 0.0000000000
72897  56.922  -9.383  58.001 0.0000000000
127273  57.715  -11.498  57.340 0.0000000000
68858  46.489  -13.222  67.922 0.0000000000
70829  48.929  -10.965  69.991 0.0000000000
67855  49.857  -13.791  70.213 0.0000000000
45963  33.579  -35.204  85.052 0.0000000000
47045  34.080  -34.489  84.513 0.0000000000
46001  34.475  -36.008  83.736 0.0000000000
69837  47.661  -12.684  65.447 0.0000000000
69824  48.594  -12.018  66.432 0.0000000000
68886  47.400  -12.785  66.181 0.0000000000
51270  36.610  -30.144  77.560 0.0000000000
75805  56.463  -6.572  55.395 0.0000000000
75785  57.794  -6.495  55.856 0.0000000000
75786  56.424  -6.541  56.201 0.0000000000
71899  55.361  -10.249  63.001 0.0000000000
71922  53.970  -10.427  61.084 0.0000000000
71898  56.065  -10.331  62.817 0.0000000000
71910  56.643  -10.700  61.616 0.0000000000
65854  45.309  -16.875  76.013 0.0000000000
66856  43.916  -15.986  75.772 0.0000000000
146733  44.932  -15.489  75.479 0.0000000000
68754  44.796  -13.856  74.669 0.0000000000
67796  46.023  -14.807  74.647 0.0000000000
67808  46.856  -13.749  73.697 0.0000000000
66878  47.011  -15.688  74.142 0.0000000000
51235  36.470  -30.671  82.748 0.0000000000
129113  36.801  -31.789  82.287 0.0000000000
49369  36.831  -32.286  80.638 0.0000000000
69854  49.759  -12.664  63.418 0.0000000000
125037  50.037  -12.710  61.814 0.0000000000
69843  51.223  -11.970  63.585 0.0000000000
70911  52.064  -11.766  63.126 0.0000000000
70903  52.081  -11.411  64.181 0.0000000000
71858  53.621  -10.851  65.344 0.0000000000
70892  53.021  -10.719  65.997 0.0000000000
70840  51.839  -11.382  68.552 0.0000000000
70854  52.823  -11.663  67.723 0.0000000000
68843  52.090  -12.561  68.601 0.0000000000
67897  51.942  -14.317  67.658 0.0000000000
68828  51.638  -13.067  68.979 0.0000000000
59580  42.011  -22.682  80.975 0.0000000000
60621  41.999  -21.384  80.368 0.0000000000
134563  42.782  -22.352  80.439 0.0000000000
134621  45.097  -22.408  77.581 0.0000000000
62772  45.865  -19.871  76.618 0.0000000000
55792  36.115  -26.170  79.111 0.0000000000
57712  36.872  -24.675  79.359 0.0000000000
57711  37.522  -24.159  79.761 0.0000000000
57704  38.992  -24.289  80.864 0.0000000000
55790  38.655  -25.778  79.479 0.0000000000
76867  59.163  -5.603  53.812 0.0000000000
74826  60.369  -7.182  53.717 0.0000000000
127171  59.973  -9.834  55.881 0.0000000000
72876  54.150  -9.198  59.664 0.0000000000
72898  52.081  -9.201  58.293 0.0000000000
73815  53.490  -8.382  58.039 0.0000000000
74774  53.837  -7.686  57.262 0.0000000000
74764  55.087  -7.809  57.977 0.0000000000
73813  55.712  -7.913  57.739 0.0000000000
73802  56.083  -8.929  58.261 0.0000000000
70986  57.717  -11.698  58.991 0.0000000000
70985  58.107  -11.483  58.977 0.0000000000
61662  42.610  -20.585  76.666 0.0000000000
148995  42.975  -19.812  75.493 0.0000000000
65901  43.406  -16.945  72.832 0.0000000000
63835  43.489  -18.086  72.555 0.0000000000
68804  44.643  -12.882  71.538 0.0000000000
68831  43.082  -13.345  69.911 0.0000000000
142900  44.796  -13.394  70.127 0.0000000000
68845  45.474  -13.800  68.658 0.0000000000
69785  46.501  -12.560  69.464 0.0000000000
131233  47.438  -11.857  69.351 0.0000000000
70817  47.768  -11.253  71.103 0.0000000000
67845  48.269  -13.801  71.448 0.0000000000
68814  49.178  -13.289  70.962 0.0000000000
67856  48.956  -14.293  70.586 0.0000000000
66933  49.521  -15.160  69.191 0.0000000000
49310  35.714  -32.298  83.776 0.0000000000
47061  35.791  -34.483  82.640 0.0000000000
143709  36.377  -36.187  82.107 0.0000000000
44913  35.214  -36.396  83.038 0.0000000000
69834  50.178  -11.754  64.800 0.0000000000
70894  50.780  -11.240  65.446 0.0000000000
70895  49.934  -11.457  65.585 0.0000000000
135908  50.105  -10.992  67.282 0.0000000000
70857  50.224  -10.951  68.204 0.0000000000
53554  36.002  -28.568  80.164 0.0000000000
143614  34.520  -26.606  80.153 0.0000000000
54735  35.677  -27.798  79.633 0.0000000000
126642  36.353  -27.604  78.033 0.0000000000
54772  37.358  -27.136  77.316 0.0000000000
54771  38.357  -26.824  77.352 0.0000000000
53609  38.480  -28.255  76.252 0.0000000000
136732  59.217  -6.009  54.539 0.0000000000
74810  59.834  -7.644  54.664 0.0000000000
75784  58.693  -6.869  55.509 0.0000000000
74777  58.029  -7.278  56.196 0.0000000000
145501  59.109  -9.652  56.670 0.0000000000
70963  51.691  -11.412  60.696 0.0000000000
125982  53.222  -10.696  60.662 0.0000000000
71931  53.892  -9.889  60.344 0.0000000000
72875  55.104  -9.266  59.911 0.0000000000
139788  56.517  -9.765  59.934 0.0000000000
71920  56.870  -10.660  60.877 0.0000000000
129121  57.227  -11.713  60.035 0.0000000000
64830  44.010  -18.154  77.424 0.0000000000
63802  43.160  -18.672  75.538 0.0000000000
64844  43.653  -17.079  76.598 0.0000000000
65879  43.224  -15.809  74.533 0.0000000000
143597  42.685  -15.274  73.362 0.0000000000
67847  41.603  -14.217  71.452 0.0000000000
68783  42.877  -13.759  73.377 0.0000000000
69737  43.926  -13.132  73.320 0.0000000000
69748  45.621  -12.306  73.146 0.0000000000
70784  47.380  -11.826  72.583 0.0000000000
69734  47.085  -12.189  73.100 0.0000000000
67836  47.432  -13.808  72.712 0.0000000000
66913  47.524  -15.233  71.523 0.0000000000
51243  35.041  -29.879  82.032 0.0000000000
52250  34.986  -29.258  81.797 0.0000000000
53514  35.017  -28.535  81.479 0.0000000000
51249  36.914  -30.045  80.495 0.0000000000
50361  36.883  -31.842  78.983 0.0000000000
70943  52.037  -11.734  61.425 0.0000000000
70923  53.844  -10.875  62.977 0.0000000000
71883  55.685  -10.515  63.862 0.0000000000
70901  55.378  -11.195  64.881 0.0000000000
69833  54.866  -11.861  65.617 0.0000000000
68875  54.303  -12.382  65.962 0.0000000000
70876  52.377  -10.711  66.580 0.0000000000
144466  53.696  -11.809  66.768 0.0000000000
58641  40.613  -23.590  77.824 0.0000000000
136448  41.755  -21.848  78.780 0.0000000000
61635  42.235  -20.926  78.584 0.0000000000
62749  43.311  -19.622  78.121 0.0000000000
59609  44.043  -22.596  79.113 0.0000000000
61633  44.217  -20.194  78.319 0.0000000000
63767  43.960  -19.012  77.807 0.0000000000
63774  44.738  -18.551  77.461 0.0000000000
63785  45.933  -18.344  76.188 0.0000000000
64857  47.045  -17.817  74.802 0.0000000000
64868  47.427  -17.314  74.206 0.0000000000
62809  47.204  -19.138  74.359 0.0000000000
58596  40.015  -23.436  79.967 0.0000000000
58561  40.128  -23.952  81.142 0.0000000000
142443  41.771  -25.900  80.568 0.0000000000
54752  40.225  -26.771  78.723 0.0000000000
54733  41.748  -27.066  79.281 0.0000000000
150105  60.072  -7.026  52.301 0.0000000000
75774  54.994  -6.851  56.240 0.0000000000
75766  55.886  -6.848  57.067 0.0000000000
73811  57.225  -8.600  57.111 0.0000000000
72895  58.979  -10.380  57.414 0.0000000000
72883  57.806  -10.342  58.937 0.0000000000
71940  58.596  -11.084  58.613 0.0000000000
71951  59.177  -11.039  57.350 0.0000000000
62817  43.428  -19.120  73.625 0.0000000000
67917  45.316  -14.273  67.109 0.0000000000
126460  46.599  -13.255  67.117 0.0000000000
69807  47.242  -12.671  67.629 0.0000000000
70843  49.217  -10.983  69.230 0.0000000000
70828  49.702  -11.174  69.606 0.0000000000
70799  48.176  -11.484  71.559 0.0000000000
69771  49.720  -12.079  70.475 0.0000000000
68829  51.125  -12.775  69.447 0.0000000000
67882  50.963  -14.433  68.909 0.0000000000
64886  47.575  -17.351  73.198 0.0000000000
65915  47.069  -16.636  71.765 0.0000000000
47046  33.430  -34.126  85.070 0.0000000000
45964  33.025  -35.785  85.537 0.0000000000
47047  33.031  -34.788  85.645 0.0000000000
68894  47.141  -13.125  64.818 0.0000000000
145512  47.078  -13.040  65.600 0.0000000000
75787  55.634  -6.693  55.856 0.0000000000
135518  56.016  -10.462  63.412 0.0000000000
130943  56.244  -10.650  63.263 0.0000000000
71897  56.464  -10.732  62.555 0.0000000000
143807  56.542  -11.314  62.526 0.0000000000
65866  46.018  -16.282  75.330 0.0000000000
66854  45.142  -16.134  75.734 0.0000000000
66865  45.673  -15.528  75.214 0.0000000000
66864  46.271  -15.595  74.801 0.0000000000
66879  46.614  -15.255  74.314 0.0000000000
48188  36.522  -33.486  82.138 0.0000000000
49327  36.670  -32.400  82.841 0.0000000000
135813  36.663  -32.703  82.048 0.0000000000
47078  36.602  -34.553  81.064 0.0000000000
69844  50.374  -12.108  63.946 0.0000000000
69853  50.515  -12.459  63.089 0.0000000000
149854  51.867  -11.164  64.842 0.0000000000
124735  52.561  -10.858  65.051 0.0000000000
69793  52.037  -11.923  68.593 0.0000000000
69782  51.587  -12.275  68.993 0.0000000000
57702  42.543  -24.198  80.326 0.0000000000
58575  42.393  -22.956  80.754 0.0000000000
129996  43.163  -23.437  80.197 0.0000000000
55802  37.091  -26.071  78.840 0.0000000000
56764  36.087  -25.006  79.509 0.0000000000
124819  36.773  -25.003  79.393 0.0000000000
58599  36.794  -24.192  79.248 0.0000000000
56756  37.765  -24.685  79.778 0.0000000000
56763  38.487  -25.147  80.089 0.0000000000
76850  59.506  -5.746  54.045 0.0000000000
76866  59.788  -5.521  53.460 0.0000000000
75817  60.055  -5.821  53.761 0.0000000000
75816  60.284  -6.174  53.462 0.0000000000
74809  60.150  -6.611  54.135 0.0000000000
73798  54.643  -8.915  59.261 0.0000000000
72886  53.957  -8.667  58.824 0.0000000000
73814  54.367  -7.998  58.076 0.0000000000
73804  54.761  -8.474  58.647 0.0000000000
73803  55.456  -8.602  58.479 0.0000000000
72885  56.018  -9.313  59.252 0.0000000000
70987  56.691  -11.776  58.849 0.0000000000
70998  57.268  -11.595  58.127 0.0000000000
62774  42.980  -19.556  77.195 0.0000000000
127340  42.867  -20.098  75.957 0.0000000000
62792  43.025  -19.209  76.138 0.0000000000
64888  42.979  -16.684  71.927 0.0000000000
65931  42.543  -16.540  71.130 0.0000000000
68816  45.037  -13.110  70.777 0.0000000000
68815  45.677  -12.951  70.160 0.0000000000
143756  46.232  -12.266  70.815 0.0000000000
126726  46.480  -12.231  70.273 0.0000000000
69772  46.898  -11.693  70.896 0.0000000000
67857  48.039  -14.763  71.059 0.0000000000
66922  48.441  -15.095  70.228 0.0000000000
48159  34.561  -33.295  84.306 0.0000000000
135608  34.996  -32.447  84.187 0.0000000000
48175  35.195  -33.285  83.875 0.0000000000
48174  35.849  -33.363  83.342 0.0000000000
47062  35.257  -34.420  83.335 0.0000000000
45999  35.455  -35.521  82.792 0.0000000000
46000  34.833  -35.411  83.468 0.0000000000
144707  48.274  -12.833  63.991 0.0000000000
69845  49.533  -12.243  64.236 0.0000000000
69835  49.286  -11.863  65.048 0.0000000000
70879  49.364  -11.552  66.832 0.0000000000
150661  49.555  -11.268  67.623 0.0000000000
52265  36.623  -29.463  79.752 0.0000000000
127537  36.322  -28.785  78.997 0.0000000000
52306  36.622  -29.524  76.856 0.0000000000
52292  36.501  -29.050  77.820 0.0000000000
53611  36.567  -28.626  76.968 0.0000000000
54773  36.711  -27.543  77.373 0.0000000000
54791  37.068  -27.688  76.792 0.0000000000
54790  37.925  -27.467  76.690 0.0000000000
74811  56.930  -6.560  54.689 0.0000000000
75819  57.703  -6.201  54.502 0.0000000000
75818  58.664  -5.933  54.443 0.0000000000
75804  57.880  -6.201  55.202 0.0000000000
75803  58.594  -6.246  55.060 0.0000000000
148013  57.350  -6.791  56.444 0.0000000000
73824  58.522  -8.626  56.277 0.0000000000
73825  57.755  -8.267  56.554 0.0000000000
70962  52.679  -11.336  60.990 0.0000000000
71923  52.200  -10.732  60.308 0.0000000000
71921  54.908  -9.677  61.221 0.0000000000
126546  54.749  -9.462  60.372 0.0000000000
72870  55.536  -9.496  60.727 0.0000000000
72869  56.131  -9.751  60.975 0.0000000000
72863  56.357  -10.090  61.349 0.0000000000
70960  56.888  -11.925  60.671 0.0000000000
70959  56.979  -11.369  60.875 0.0000000000
140406  57.070  -11.897  60.031 0.0000000000
146977  56.685  -12.091  60.223 0.0000000000
64829  44.315  -18.036  77.261 0.0000000000
63787  43.622  -17.825  77.103 0.0000000000
64843  44.060  -17.499  76.930 0.0000000000
66867  43.809  -15.281  75.354 0.0000000000
66880  43.532  -15.591  75.324 0.0000000000
66881  43.086  -14.902  74.826 0.0000000000
131095  42.863  -15.117  74.074 0.0000000000
125576  42.887  -14.508  74.232 0.0000000000
67824  42.702  -14.220  73.572 0.0000000000
68769  43.031  -14.042  74.284 0.0000000000
68766  45.593  -13.350  74.321 0.0000000000
68781  44.315  -13.270  73.923 0.0000000000
69726  45.314  -12.843  74.013 0.0000000000
69736  44.998  -12.695  73.579 0.0000000000
69735  45.929  -12.398  73.610 0.0000000000
69747  46.533  -12.090  73.157 0.0000000000
68780  46.667  -12.387  73.430 0.0000000000
67823  47.159  -14.452  73.477 0.0000000000
66902  47.424  -14.868  72.540 0.0000000000
147287  34.806  -30.617  82.266 0.0000000000
51237  35.228  -30.676  82.883 0.0000000000
51234  36.874  -30.832  82.489 0.0000000000
52243  35.857  -30.119  82.096 0.0000000000
144795  36.147  -29.819  81.710 0.0000000000
52249  35.563  -29.373  81.659 0.0000000000
52247  36.584  -29.979  81.441 0.0000000000
124885  36.381  -29.289  80.858 0.0000000000
51248  36.890  -30.635  81.121 0.0000000000
69863  50.526  -12.558  62.366 0.0000000000
70944  51.229  -11.944  61.209 0.0000000000
150343  51.534  -12.095  61.814 0.0000000000
70910  52.723  -11.304  63.611 0.0000000000
70924  53.006  -11.432  62.705 0.0000000000
70909  53.541  -10.872  63.682 0.0000000000
71884  54.659  -10.467  63.715 0.0000000000
71872  55.235  -10.794  64.520 0.0000000000
70891  53.870  -11.264  66.071 0.0000000000
70890  54.911  -11.578  65.413 0.0000000000
150840  54.672  -11.774  65.758 0.0000000000
69822  54.320  -11.875  66.191 0.0000000000
70877  51.267  -10.793  66.251 0.0000000000
134791  51.794  -10.809  67.209 0.0000000000
69792  52.570  -12.219  68.086 0.0000000000
69804  53.207  -12.175  67.318 0.0000000000
68877  53.189  -13.158  66.974 0.0000000000
58617  41.045  -23.189  78.338 0.0000000000
59635  41.503  -22.741  77.983 0.0000000000
140034  41.356  -22.576  78.835 0.0000000000
60620  42.194  -21.316  79.902 0.0000000000
60633  42.062  -21.174  79.632 0.0000000000
60632  42.489  -20.960  79.255 0.0000000000
61634  42.837  -20.414  78.642 0.0000000000
61621  42.778  -20.789  79.072 0.0000000000
145606  44.201  -23.514  79.099 0.0000000000
133450  44.575  -23.224  78.420 0.0000000000
61647  44.910  -20.784  77.900 0.0000000000
60629  44.874  -21.625  77.917 0.0000000000
147515  43.687  -19.825  78.332 0.0000000000
62761  44.494  -19.054  77.745 0.0000000000
62760  45.266  -19.486  77.426 0.0000000000
149425  46.343  -20.199  75.887 0.0000000000
136508  46.251  -19.367  75.929 0.0000000000
63801  46.589  -18.572  75.365 0.0000000000
63800  47.040  -18.844  74.772 0.0000000000
62791  46.996  -19.816  74.686 0.0000000000
55795  33.955  -25.922  79.429 0.0000000000
146614  34.630  -25.606  79.409 0.0000000000
133199  37.541  -23.539  78.544 0.0000000000
58643  38.109  -23.573  77.931 0.0000000000
58642  39.151  -23.889  77.596 0.0000000000
135308  39.751  -23.657  78.176 0.0000000000
58619  39.116  -23.401  79.228 0.0000000000
56754  39.805  -25.080  80.908 0.0000000000
57703  39.746  -24.326  81.218 0.0000000000
57694  39.976  -24.531  81.211 0.0000000000
57693  40.455  -24.495  80.951 0.0000000000
55772  41.354  -25.682  80.485 0.0000000000
54770  39.494  -26.786  77.651 0.0000000000
54732  41.865  -26.885  79.579 0.0000000000
74836  60.327  -6.765  53.126 0.0000000000
73869  59.780  -8.845  52.600 0.0000000000
74792  59.329  -7.476  55.202 0.0000000000
71933  51.720  -10.052  59.583 0.0000000000
71942  51.113  -9.859  58.985 0.0000000000
72878  51.702  -9.616  58.899 0.0000000000
74783  53.004  -7.729  56.516 0.0000000000
74781  54.499  -7.159  56.698 0.0000000000
74782  53.782  -7.300  56.395 0.0000000000
74780  55.291  -6.963  56.956 0.0000000000
74772  55.518  -7.261  57.380 0.0000000000
73812  56.398  -8.251  57.523 0.0000000000
72896  58.058  -9.847  57.835 0.0000000000
146863  57.204  -10.660  60.297 0.0000000000
72873  57.121  -10.306  59.829 0.0000000000
71930  57.870  -10.941  59.618 0.0000000000
70997  58.186  -11.487  58.342 0.0000000000
70996  58.645  -11.198  58.355 0.0000000000
127174  58.704  -11.299  57.564 0.0000000000
63816  43.235  -18.100  75.048 0.0000000000
62810  43.384  -18.996  74.541 0.0000000000
63823  43.435  -18.353  74.029 0.0000000000
68806  41.914  -13.591  71.634 0.0000000000
68847  42.798  -13.975  69.097 0.0000000000
143366  45.915  -13.667  68.130 0.0000000000
67883  45.319  -14.127  67.948 0.0000000000
68859  45.960  -13.741  67.487 0.0000000000
68879  46.009  -13.724  66.660 0.0000000000
68878  47.146  -12.876  66.805 0.0000000000
70830  48.114  -11.207  70.206 0.0000000000
70844  48.366  -11.353  69.325 0.0000000000
68792  47.881  -12.105  72.418 0.0000000000
70783  47.744  -11.735  72.267 0.0000000000
69758  48.365  -11.931  71.791 0.0000000000
68801  49.147  -12.414  71.090 0.0000000000
68813  49.892  -12.887  70.431 0.0000000000
69770  50.455  -12.462  69.919 0.0000000000
67854  50.554  -13.279  69.838 0.0000000000
67866  51.126  -13.622  69.309 0.0000000000
67867  50.503  -14.108  69.563 0.0000000000
66946  49.841  -15.383  68.429 0.0000000000
63822  47.518  -18.079  73.880 0.0000000000
139716  47.585  -17.297  73.771 0.0000000000
139388  47.537  -17.950  73.473 0.0000000000
45979  34.348  -35.245  84.040 0.0000000000
45980  34.027  -35.602  84.406 0.0000000000
68893  47.577  -13.079  63.950 0.0000000000
69847  47.950  -12.647  64.679 0.0000000000
69836  48.449  -12.168  65.422 0.0000000000
149262  47.980  -12.411  66.082 0.0000000000
69825  47.911  -12.475  66.926 0.0000000000
51262  36.714  -30.903  78.405 0.0000000000
51281  36.581  -30.362  76.568 0.0000000000
126630  57.184  -6.394  55.786 0.0000000000
125417  57.015  -6.594  56.401 0.0000000000
75772  56.389  -6.748  56.775 0.0000000000
71913  54.473  -10.401  61.935 0.0000000000
71912  55.590  -9.943  62.169 0.0000000000
71911  56.175  -10.161  62.074 0.0000000000
70940  56.698  -11.515  61.657 0.0000000000
65855  44.501  -16.764  76.329 0.0000000000
66855  44.313  -15.930  75.763 0.0000000000
66866  44.324  -15.051  75.326 0.0000000000
67811  43.346  -14.168  74.765 0.0000000000
67798  44.480  -14.364  74.996 0.0000000000
67797  45.376  -14.159  74.709 0.0000000000
67810  46.085  -13.917  74.374 0.0000000000
68765  46.502  -13.196  73.942 0.0000000000
67809  46.532  -14.308  74.100 0.0000000000
128321  46.872  -14.918  73.869 0.0000000000
66891  47.304  -15.724  73.801 0.0000000000
51228  36.281  -30.990  83.378 0.0000000000
49308  36.822  -31.570  83.051 0.0000000000
50329  36.948  -31.221  82.665 0.0000000000
143213  36.959  -31.136  82.141 0.0000000000
148023  36.917  -31.045  81.589 0.0000000000
50339  36.814  -31.630  81.519 0.0000000000
68903  49.169  -13.123  62.910 0.0000000000
69864  49.907  -12.831  62.628 0.0000000000
69852  51.273  -12.217  62.546 0.0000000000
70902  53.071  -10.886  64.413 0.0000000000
70856  51.174  -10.911  67.895 0.0000000000
70855  52.276  -11.206  67.983 0.0000000000
67915  52.569  -13.855  67.310 0.0000000000
67896  52.310  -13.680  67.948 0.0000000000
150238  51.842  -14.071  68.191 0.0000000000
67881  51.546  -13.933  68.725 0.0000000000
59596  41.411  -22.804  80.687 0.0000000000
59623  41.643  -22.019  79.827 0.0000000000
59595  41.871  -22.104  80.941 0.0000000000
59593  42.298  -21.580  80.391 0.0000000000
59610  43.239  -21.965  79.816 0.0000000000
128635  44.982  -23.244  77.661 0.0000000000
61646  45.501  -20.506  77.140 0.0000000000
61661  46.152  -20.685  76.198 0.0000000000
61680  46.618  -20.741  75.434 0.0000000000
56765  35.401  -25.218  79.449 0.0000000000
132307  35.741  -25.457  79.434 0.0000000000
58623  35.824  -24.156  78.471 0.0000000000
58621  36.912  -23.799  78.761 0.0000000000
127500  37.477  -23.734  79.261 0.0000000000
58598  38.217  -23.666  79.833 0.0000000000
57705  38.233  -24.196  80.316 0.0000000000
143154  39.063  -25.009  80.715 0.0000000000
55789  39.706  -26.183  79.550 0.0000000000
76865  60.137  -5.561  53.046 0.0000000000
131309  60.313  -7.755  53.401 0.0000000000
127030  53.337  -9.550  59.662 0.0000000000
124993  53.408  -9.178  59.178 0.0000000000
72887  53.025  -8.922  58.609 0.0000000000
148472  52.720  -8.701  57.982 0.0000000000
70975  57.597  -11.687  59.469 0.0000000000
65888  43.278  -16.774  73.973 0.0000000000
64877  43.489  -17.693  73.465 0.0000000000
64887  43.313  -17.484  72.023 0.0000000000
64900  42.963  -17.410  71.328 0.0000000000
69761  43.602  -12.986  71.585 0.0000000000
68818  42.805  -12.937  70.854 0.0000000000
68817  44.056  -13.273  70.648 0.0000000000
68830  44.179  -13.619  69.823 0.0000000000
68846  43.893  -14.092  69.136 0.0000000000
67884  44.701  -14.225  68.550 0.0000000000
126043  44.946  -13.735  69.392 0.0000000000
132518  45.760  -13.347  69.256 0.0000000000
68844  46.200  -13.249  68.655 0.0000000000
69796  46.899  -12.560  68.546 0.0000000000
69784  47.184  -11.694  70.201 0.0000000000
68803  47.822  -13.318  72.207 0.0000000000
68802  48.455  -12.690  71.753 0.0000000000
150656  49.520  -14.335  70.124 0.0000000000
67868  49.841  -14.521  69.686 0.0000000000
67869  49.200  -14.822  69.873 0.0000000000
50320  35.096  -31.497  83.998 0.0000000000
49293  34.973  -31.829  84.177 0.0000000000
130556  35.828  -31.514  83.704 0.0000000000
142814  36.358  -32.547  83.350 0.0000000000
48189  36.324  -33.384  82.778 0.0000000000
47070  36.323  -34.519  82.124 0.0000000000
46020  36.443  -35.525  81.797 0.0000000000
46021  36.118  -35.517  82.277 0.0000000000
44912  35.945  -36.330  82.445 0.0000000000
126329  50.463  -11.060  66.056 0.0000000000
69823  49.214  -11.665  65.908 0.0000000000
70878  49.922  -11.222  66.371 0.0000000000
70841  51.023  -11.093  68.840 0.0000000000
57709  43.690  -24.844  79.213 0.0000000000
143454  34.539  -27.732  81.090 0.0000000000
55783  34.195  -27.118  80.642 0.0000000000
54736  34.828  -27.224  80.477 0.0000000000
53572  36.212  -28.153  78.457 0.0000000000
54753  35.936  -27.244  78.807 0.0000000000
55803  36.655  -26.881  78.107 0.0000000000
55812  37.661  -26.572  78.037 0.0000000000
55811  38.530  -26.500  78.089 0.0000000000
54789  39.027  -27.334  76.752 0.0000000000
128835  39.362  -28.778  76.278 0.0000000000
75783  59.425  -6.582  54.786 0.0000000000
74793  58.879  -8.058  55.685 0.0000000000
73823  59.401  -9.271  56.074 0.0000000000
72905  59.581  -10.251  56.606 0.0000000000
71924  51.205  -10.824  60.033 0.0000000000
71932  52.734  -9.964  59.998 0.0000000000
133403  55.997  -9.479  60.191 0.0000000000
72874  56.591  -10.070  60.591 0.0000000000
71919  57.383  -11.198  60.217 0.0000000000
145121  57.297  -11.804  59.492 0.0000000000
63776  43.773  -18.498  77.560 0.0000000000
63788  43.270  -18.629  77.111 0.0000000000
126309  43.172  -17.740  76.200 0.0000000000
64859  43.199  -17.103  75.710 0.0000000000
65856  44.006  -16.623  76.385 0.0000000000
65878  43.295  -16.477  75.088 0.0000000000
65889  43.028  -16.041  73.596 0.0000000000
65902  42.823  -15.895  72.716 0.0000000000
66903  42.314  -15.006  72.799 0.0000000000
66914  41.530  -14.948  71.301 0.0000000000
67837  42.360  -14.385  72.864 0.0000000000
67825  42.535  -13.883  72.826 0.0000000000
68794  42.689  -13.451  72.589 0.0000000000
68768  43.664  -13.803  74.398 0.0000000000
68782  43.386  -13.579  73.772 0.0000000000
69750  43.427  -13.027  72.503 0.0000000000
69749  44.588  -12.720  72.924 0.0000000000
69760  45.185  -12.468  72.366 0.0000000000
69759  46.266  -11.966  72.481 0.0000000000
70801  46.965  -11.663  72.203 0.0000000000
70785  47.014  -11.841  72.836 0.0000000000
70773  47.069  -12.002  72.977 0.0000000000
68793  47.332  -12.348  72.943 0.0000000000
68779  47.012  -12.714  73.448 0.0000000000
129070  47.223  -13.213  73.357 0.0000000000
138885  47.550  -12.956  72.815 0.0000000000
67846  47.609  -14.288  71.874 0.0000000000
53537  33.707  -27.860  80.971 0.0000000000
51236  35.829  -30.584  82.922 0.0000000000
53516  33.999  -28.309  81.607 0.0000000000
53536  34.009  -28.021  81.575 0.0000000000
54718  34.032  -27.693  81.159 0.0000000000
150698  35.794  -28.656  81.098 0.0000000000
51256  36.982  -30.350  79.435 0.0000000000
50346  36.886  -31.340  80.842 0.0000000000
51255  37.027  -30.858  80.198 0.0000000000
50354  37.015  -31.104  79.363 0.0000000000
70942  52.898  -11.538  61.739 0.0000000000
70925  52.138  -11.856  62.203 0.0000000000
70941  53.702  -11.114  62.134 0.0000000000
71900  54.433  -10.511  62.798 0.0000000000
71882  56.150  -10.715  63.747 0.0000000000
70908  56.114  -11.103  63.867 0.0000000000
71871  55.823  -10.884  64.273 0.0000000000
142005  55.648  -11.126  64.518 0.0000000000
70900  55.242  -11.482  65.021 0.0000000000
71857  54.682  -11.191  65.336 0.0000000000
70893  51.843  -10.875  65.543 0.0000000000
70875  53.341  -11.106  66.786 0.0000000000
131717  52.795  -11.080  67.378 0.0000000000
70853  53.337  -11.513  67.133 0.0000000000
68876  53.742  -12.372  66.586 0.0000000000
141345  41.308  -23.530  76.660 0.0000000000
60643  41.833  -21.922  77.692 0.0000000000
60642  42.199  -21.157  77.282 0.0000000000
61649  42.641  -20.256  77.902 0.0000000000
141783  43.828  -23.890  79.597 0.0000000000
60618  43.765  -21.594  79.044 0.0000000000
59622  44.544  -22.221  78.376 0.0000000000
60631  43.460  -20.599  78.749 0.0000000000
143787  43.291  -20.095  78.443 0.0000000000
62748  43.676  -19.450  78.094 0.0000000000
62762  43.809  -19.061  77.812 0.0000000000
140279  43.982  -18.634  77.672 0.0000000000
63775  44.131  -18.533  77.602 0.0000000000
62773  45.546  -18.916  77.010 0.0000000000
63786  45.152  -18.101  76.939 0.0000000000
64841  45.581  -17.558  76.202 0.0000000000
64858  46.384  -17.621  75.467 0.0000000000
148102  46.778  -17.275  74.942 0.0000000000
65865  47.029  -16.925  74.604 0.0000000000
63815  47.337  -18.326  74.318 0.0000000000
62816  47.372  -18.953  73.947 0.0000000000
61705  47.385  -20.563  73.803 0.0000000000
132152  47.412  -19.634  73.572 0.0000000000
55794  34.160  -26.418  80.051 0.0000000000
57720  34.824  -24.691  78.603 0.0000000000
58662  40.091  -23.899  77.279 0.0000000000
58618  40.264  -23.338  78.807 0.0000000000
58597  38.994  -23.584  80.178 0.0000000000
58576  40.545  -23.551  80.690 0.0000000000
58559  41.197  -23.518  80.730 0.0000000000
57691  41.802  -24.655  80.478 0.0000000000
134766  42.292  -25.164  80.242 0.0000000000
55800  39.096  -26.341  78.740 0.0000000000
54734  40.953  -26.631  79.593 0.0000000000
54751  41.211  -27.322  78.793 0.0000000000
54716  41.906  -26.541  80.405 0.0000000000
48144  32.623  -33.055  85.823 0.0000000000
139736  59.666  -7.740  52.129 0.0000000000
75773  55.779  -6.714  56.577 0.0000000000
74779  56.837  -6.873  56.820 0.0000000000
74771  56.234  -7.146  57.229 0.0000000000
74770  56.761  -7.429  57.068 0.0000000000
73810  58.198  -9.270  56.862 0.0000000000
72894  59.265  -10.810  57.220 0.0000000000
72884  56.753  -9.672  59.099 0.0000000000
70984  58.306  -11.185  59.014 0.0000000000
71941  58.406  -10.965  59.015 0.0000000000
72882  58.594  -10.757  58.400 0.0000000000
71952  58.946  -10.995  57.992 0.0000000000
71008  59.242  -11.139  56.763 0.0000000000
68888  45.827  -13.809  65.275 0.0000000000
62811  43.139  -19.520  75.086 0.0000000000
67898  44.475  -14.576  67.668 0.0000000000
67929  45.349  -14.174  66.076 0.0000000000
141132  46.070  -13.652  65.911 0.0000000000
133828  46.697  -13.253  66.239 0.0000000000
69806  48.080  -12.214  67.784 0.0000000000
69795  47.762  -12.083  68.496 0.0000000000
69794  48.604  -11.598  68.440 0.0000000000
70858  49.408  -11.171  68.357 0.0000000000
70842  50.088  -10.934  69.050 0.0000000000
70827  50.620  -11.360  69.323 0.0000000000
70818  47.304  -11.492  71.621 0.0000000000
70816  48.520  -11.302  70.693 0.0000000000
70798  48.905  -11.733  71.029 0.0000000000
70815  49.324  -11.405  70.288 0.0000000000
70814  50.187  -11.685  69.874 0.0000000000
69783  50.946  -11.992  69.443 0.0000000000
66932  50.267  -14.836  69.054 0.0000000000
66945  50.656  -15.061  68.331 0.0000000000
127941  47.249  -16.380  74.198 0.0000000000
65887  47.507  -16.639  73.951 0.0000000000
65900  47.559  -16.565  73.544 0.0000000000
135000  47.452  -16.595  72.672 0.0000000000
65914  47.354  -15.845  72.081 0.0000000000
44936  36.316  -36.614  82.140 0.0000000000
48198  36.616  -33.571  81.499 0.0000000000
50318  36.832  -31.042  83.087 0.0000000000
51242  36.565  -30.370  82.072 0.0000000000
52244  35.381  -30.197  82.238 0.0000000000
52248  35.962  -29.218  81.440 0.0000000000
53515  34.273  -28.413  81.601 0.0000000000
53535  35.331  -27.955  80.792 0.0000000000
53553  42.213  -27.581  78.764 0.0000000000
53592  36.417  -28.147  77.545 0.0000000000
54704  34.255  -28.040  81.559 0.0000000000
54717  41.783  -26.651  80.029 0.0000000000
54769  40.648  -27.513  78.061 0.0000000000
54792  36.624  -27.964  76.948 0.0000000000
55771  41.860  -26.442  80.536 0.0000000000
55780  41.479  -26.323  80.310 0.0000000000
55782  39.252  -25.507  80.262 0.0000000000
55801  38.074  -26.089  78.741 0.0000000000
56743  41.918  -25.380  80.475 0.0000000000
56744  41.110  -25.110  80.615 0.0000000000
56745  40.563  -25.083  80.761 0.0000000000
56746  39.432  -24.623  80.969 0.0000000000
56752  42.222  -25.909  80.429 0.0000000000
56753  40.700  -25.566  80.495 0.0000000000
56755  38.667  -24.672  80.495 0.0000000000
57692  41.070  -24.227  80.730 0.0000000000
57710  43.284  -24.281  79.874 0.0000000000
58558  41.765  -23.717  80.640 0.0000000000
58560  40.854  -23.569  80.733 0.0000000000
58577  39.526  -23.868  80.848 0.0000000000
58578  38.680  -23.905  80.542 0.0000000000
58595  43.627  -22.965  79.768 0.0000000000
58622  36.140  -24.049  78.961 0.0000000000
58640  41.235  -23.385  77.467 0.0000000000
58645  36.480  -23.941  78.216 0.0000000000
59581  41.486  -22.900  80.742 0.0000000000
59594  42.120  -21.931  81.004 0.0000000000
59611  41.798  -21.906  80.678 0.0000000000
59624  40.889  -22.925  79.386 0.0000000000
60607  42.003  -21.569  80.697 0.0000000000
60630  44.329  -21.150  78.422 0.0000000000
62747  44.080  -19.452  78.097 0.0000000000
63803  43.128  -18.352  76.473 0.0000000000
65853  46.513  -16.840  75.085 0.0000000000
65867  43.623  -16.405  75.969 0.0000000000
65917  41.894  -15.763  71.037 0.0000000000
66892  42.569  -14.668  73.514 0.0000000000
66904  42.068  -14.623  72.044 0.0000000000
67799  43.638  -14.518  75.048 0.0000000000
67812  43.165  -14.404  74.791 0.0000000000
67838  41.939  -14.235  72.154 0.0000000000
67880  52.032  -13.408  68.490 0.0000000000
68755  43.975  -13.998  74.791 0.0000000000
68767  44.605  -13.502  74.376 0.0000000000
68795  42.398  -13.603  72.211 0.0000000000
68805  42.356  -13.265  71.933 0.0000000000
68842  52.451  -12.984  68.253 0.0000000000
69738  43.029  -13.278  73.032 0.0000000000
69746  47.334  -11.949  72.726 0.0000000000
69751  42.843  -12.873  72.451 0.0000000000
70800  47.693  -11.542  72.012 0.0000000000
70839  52.361  -11.705  68.228 0.0000000000
70873  54.450  -11.613  65.911 0.0000000000
124860  47.244  -19.789  74.123 0.0000000000
127123  44.271  -12.832  72.246 0.0000000000
129007  46.568  -11.841  71.556 0.0000000000
137293  46.738  -19.384  75.185 0.0000000000
139658  45.170  -14.872  75.116 0.0000000000
140902  40.457  -24.065  81.000 0.0000000000
141009  34.824  -26.032  79.560 0.0000000000
141188  41.328  -24.973  80.605 0.0000000000
142931  47.484  -15.781  73.098 0.0000000000
144563  38.833  -23.538  78.388 0.0000000000
145298  40.090  -24.287  81.259 0.0000000000
147121  36.863  -28.233  76.619 0.0000000000
148194  41.825  -27.749  78.665 0.0000000000
148320  45.035  -18.947  77.535 0.0000000000
149168  56.475  -12.165  60.433 0.0000000000
149912  36.609  -25.446  79.298 0.0000000000
150014  44.728  -22.792  77.985 0.0000000000
150411  45.972  -17.017  75.632 0.0000000000
150814  48.171  -12.161  72.133 0.0000000000
