#!ascii label  , from subject sub-v1s22x0050452_ses-1 vox2ras=TkReg
937
104922  42.592  24.263  32.327 0.0000000000
130758  45.974  30.407  41.344 0.0000000000
101108  45.986  18.780  41.386 0.0000000000
103789  36.569  22.231  32.499 0.0000000000
102465  38.814  19.915  37.024 0.0000000000
132117  44.673  31.835  34.763 0.0000000000
107873  40.605  29.479  39.498 0.0000000000
140750  41.264  36.535  38.652 0.0000000000
99659  50.261  17.703  40.023 0.0000000000
99709  46.564  16.630  35.424 0.0000000000
106624  45.537  27.484  36.626 0.0000000000
131755  43.427  22.806  38.865 0.0000000000
104864  47.403  25.047  42.069 0.0000000000
101065  48.472  19.519  44.673 0.0000000000
113936  42.240  39.701  35.689 0.0000000000
112075  46.607  36.164  39.040 0.0000000000
99674  41.949  16.731  38.269 0.0000000000
104386  39.732  23.774  31.415 0.0000000000
103166  37.438  21.360  35.104 0.0000000000
103766  40.331  22.410  35.521 0.0000000000
106644  44.348  27.773  34.298 0.0000000000
106052  40.826  25.898  34.483 0.0000000000
109825  38.134  32.340  38.641 0.0000000000
97400  49.776  13.298  40.465 0.0000000000
98929  50.248  16.788  37.481 0.0000000000
96637  50.063  13.256  37.689 0.0000000000
115206  44.496  41.518  31.130 0.0000000000
107884  46.076  29.403  39.701 0.0000000000
148295  46.054  26.254  38.942 0.0000000000
106575  46.128  27.161  41.626 0.0000000000
101753  43.022  20.002  43.177 0.0000000000
102406  45.894  21.284  44.676 0.0000000000
101074  45.708  18.365  43.687 0.0000000000
99625  47.754  16.263  43.167 0.0000000000
110405  44.252  33.174  39.275 0.0000000000
112061  44.870  37.784  39.939 0.0000000000
110395  47.086  33.139  40.276 0.0000000000
109831  47.206  32.478  37.650 0.0000000000
102441  43.672  20.736  41.098 0.0000000000
101791  41.815  19.144  39.192 0.0000000000
100418  43.774  17.523  39.518 0.0000000000
100451  36.613  17.772  36.248 0.0000000000
99703  37.928  16.894  36.136 0.0000000000
112116  45.608  36.810  34.727 0.0000000000
111009  42.895  34.238  35.160 0.0000000000
107871  43.551  29.918  40.092 0.0000000000
106565  44.788  27.372  42.006 0.0000000000
128195  34.695  38.248  39.493 0.0000000000
147987  38.494  39.372  39.746 0.0000000000
138709  40.863  33.203  38.473 0.0000000000
100406  48.292  18.319  40.710 0.0000000000
99663  45.988  16.986  39.136 0.0000000000
135022  49.817  18.325  38.084 0.0000000000
100457  49.131  17.414  34.755 0.0000000000
106037  45.314  25.865  34.032 0.0000000000
104350  43.077  23.154  36.281 0.0000000000
104890  45.246  24.299  37.345 0.0000000000
104324  44.884  23.808  40.486 0.0000000000
103108  45.590  21.643  42.526 0.0000000000
105382  46.625  25.389  43.557 0.0000000000
131559  48.237  22.291  45.123 0.0000000000
101762  48.618  19.660  43.558 0.0000000000
100383  49.566  18.025  42.625 0.0000000000
98898  49.637  15.560  42.329 0.0000000000
115197  40.865  41.653  32.219 0.0000000000
114552  43.850  42.380  35.148 0.0000000000
113900  43.776  40.166  38.747 0.0000000000
112703  45.417  37.920  36.278 0.0000000000
111008  46.735  34.505  35.663 0.0000000000
107928  46.451  29.710  34.612 0.0000000000
125418  40.957  21.232  37.229 0.0000000000
134699  40.379  18.208  37.901 0.0000000000
98949  40.063  16.093  35.863 0.0000000000
135854  43.842  15.512  36.850 0.0000000000
104384  41.305  23.976  31.443 0.0000000000
147287  39.586  22.851  32.614 0.0000000000
104367  41.368  23.392  33.071 0.0000000000
105477  43.658  25.351  33.215 0.0000000000
149677  42.584  27.269  34.469 0.0000000000
105490  41.417  24.625  32.390 0.0000000000
104925  39.832  24.315  31.653 0.0000000000
126299  50.205  12.565  40.923 0.0000000000
139504  50.058  13.069  39.304 0.0000000000
96627  50.467  12.153  39.139 0.0000000000
98983  36.285  15.238  33.869 0.0000000000
107870  46.615  29.690  41.019 0.0000000000
140683  46.029  27.996  40.719 0.0000000000
107170  45.891  28.108  41.362 0.0000000000
101088  43.098  18.402  42.819 0.0000000000
101751  44.586  19.369  43.620 0.0000000000
109199  45.482  31.739  40.424 0.0000000000
110404  45.498  33.235  39.952 0.0000000000
109198  46.415  31.795  40.813 0.0000000000
108572  47.095  30.856  40.352 0.0000000000
101782  44.652  19.725  41.351 0.0000000000
101786  44.095  19.172  40.707 0.0000000000
101114  44.603  18.417  40.537 0.0000000000
103181  35.105  21.453  33.437 0.0000000000
102490  35.712  20.710  34.414 0.0000000000
102481  37.818  20.912  35.905 0.0000000000
102474  36.852  19.986  36.024 0.0000000000
101138  37.912  19.025  36.740 0.0000000000
100450  37.553  17.643  36.403 0.0000000000
137697  38.117  18.292  36.725 0.0000000000
146635  45.614  34.790  34.654 0.0000000000
111564  44.725  35.900  34.467 0.0000000000
109838  43.984  33.403  35.219 0.0000000000
138950  36.933  23.094  32.200 0.0000000000
103791  35.352  21.980  32.970 0.0000000000
107872  41.483  29.603  39.504 0.0000000000
107180  42.323  28.277  40.244 0.0000000000
107181  41.304  28.272  39.945 0.0000000000
108590  39.518  30.854  38.953 0.0000000000
109824  39.522  32.662  38.549 0.0000000000
108588  40.983  30.868  39.056 0.0000000000
109202  41.954  31.107  39.039 0.0000000000
100404  50.071  18.272  40.560 0.0000000000
100414  48.876  18.236  39.004 0.0000000000
100422  50.181  18.240  38.550 0.0000000000
98942  49.371  14.901  35.765 0.0000000000
99695  49.843  17.463  36.183 0.0000000000
98988  49.292  16.618  33.860 0.0000000000
138792  45.443  26.668  34.650 0.0000000000
105455  45.196  24.980  35.516 0.0000000000
105454  45.354  25.673  36.282 0.0000000000
105422  46.676  25.118  40.348 0.0000000000
132249  46.190  24.842  39.569 0.0000000000
104323  45.861  24.122  41.173 0.0000000000
103731  45.447  23.030  41.884 0.0000000000
104300  46.428  23.265  42.594 0.0000000000
105384  43.958  25.362  43.434 0.0000000000
105393  45.946  26.011  43.126 0.0000000000
104842  45.720  24.881  43.907 0.0000000000
101743  47.448  20.077  45.366 0.0000000000
151867  47.565  22.549  45.342 0.0000000000
103085  48.359  20.840  45.414 0.0000000000
102410  47.869  20.716  43.985 0.0000000000
101748  48.753  19.962  44.361 0.0000000000
101085  49.189  19.193  42.960 0.0000000000
101071  48.909  19.159  43.947 0.0000000000
98175  48.044  14.530  43.581 0.0000000000
99624  48.601  16.114  43.004 0.0000000000
113961  41.457  40.347  33.763 0.0000000000
114563  42.683  41.748  33.768 0.0000000000
113935  42.759  40.654  35.199 0.0000000000
141371  39.900  38.287  39.716 0.0000000000
113905  39.777  39.666  39.497 0.0000000000
113292  41.259  39.072  39.644 0.0000000000
112059  46.151  37.259  40.099 0.0000000000
113289  44.812  38.910  39.893 0.0000000000
113304  45.323  38.495  39.801 0.0000000000
113318  44.355  40.038  38.038 0.0000000000
112090  45.618  37.090  38.068 0.0000000000
112100  45.773  36.909  35.909 0.0000000000
111553  46.416  35.663  37.651 0.0000000000
107885  46.437  29.972  36.610 0.0000000000
108596  46.970  30.584  35.702 0.0000000000
107907  46.377  28.946  35.252 0.0000000000
106643  45.555  27.563  34.672 0.0000000000
103755  43.296  22.876  37.182 0.0000000000
103757  41.887  22.115  36.826 0.0000000000
103137  42.224  21.662  38.171 0.0000000000
100426  41.714  17.542  38.573 0.0000000000
101124  40.815  18.703  38.288 0.0000000000
100438  41.152  17.067  38.025 0.0000000000
99689  39.931  16.928  37.055 0.0000000000
99699  41.147  16.012  36.923 0.0000000000
99684  46.827  16.613  37.738 0.0000000000
98919  45.007  16.010  37.975 0.0000000000
98957  45.206  15.741  35.858 0.0000000000
103797  38.203  22.961  31.639 0.0000000000
103173  37.178  21.829  34.027 0.0000000000
103780  37.890  22.260  33.601 0.0000000000
103774  38.518  22.193  34.563 0.0000000000
103157  39.351  21.533  36.294 0.0000000000
142774  44.459  29.741  34.524 0.0000000000
104926  38.754  24.208  32.026 0.0000000000
135588  49.617  15.395  40.354 0.0000000000
98917  50.182  16.699  38.452 0.0000000000
98915  49.553  15.312  38.826 0.0000000000
98210  49.851  14.400  37.289 0.0000000000
107202  45.641  28.888  38.320 0.0000000000
142933  45.484  27.084  37.685 0.0000000000
106598  45.631  27.223  38.769 0.0000000000
106003  46.445  26.344  40.427 0.0000000000
105979  46.979  25.916  41.554 0.0000000000
103100  43.648  21.778  43.375 0.0000000000
103706  45.230  22.564  44.273 0.0000000000
151159  44.430  20.662  43.784 0.0000000000
102411  45.387  19.875  44.204 0.0000000000
101073  46.841  18.214  43.987 0.0000000000
101072  48.060  18.447  43.928 0.0000000000
100369  46.933  17.375  43.447 0.0000000000
98878  46.450  15.063  43.298 0.0000000000
97388  46.590  14.017  43.871 0.0000000000
113338  40.698  38.487  35.716 0.0000000000
110991  42.231  34.702  38.497 0.0000000000
112079  42.404  36.518  38.739 0.0000000000
110989  44.366  34.850  39.158 0.0000000000
110977  45.577  34.920  39.776 0.0000000000
110975  46.782  34.806  39.843 0.0000000000
134756  47.195  33.763  39.170 0.0000000000
133963  47.258  32.320  39.042 0.0000000000
131696  46.813  30.978  38.837 0.0000000000
103132  43.154  21.601  39.827 0.0000000000
103135  42.656  21.434  39.146 0.0000000000
101788  42.925  19.668  40.239 0.0000000000
101119  42.736  18.479  39.621 0.0000000000
100424  43.337  17.044  38.926 0.0000000000
99723  46.870  17.188  33.766 0.0000000000
99725  45.109  16.066  34.095 0.0000000000
136363  34.630  17.944  35.527 0.0000000000
102483  36.310  20.382  35.301 0.0000000000
101810  35.950  19.081  36.010 0.0000000000
100452  35.630  17.832  36.035 0.0000000000
99713  36.491  16.266  35.448 0.0000000000
99712  37.451  16.350  35.547 0.0000000000
98964  37.877  15.913  34.966 0.0000000000
112721  43.994  37.288  33.916 0.0000000000
112118  43.120  36.698  33.852 0.0000000000
108567  44.815  30.182  40.812 0.0000000000
107178  45.291  28.908  41.498 0.0000000000
107179  44.106  28.577  41.054 0.0000000000
106567  43.164  27.287  41.426 0.0000000000
105396  42.539  25.412  42.790 0.0000000000
104295  42.910  23.549  43.093 0.0000000000
138263  42.344  21.180  42.740 0.0000000000
112682  36.211  38.615  39.475 0.0000000000
112666  38.242  38.612  40.196 0.0000000000
112081  39.318  36.552  38.911 0.0000000000
110992  41.318  34.720  38.439 0.0000000000
137578  42.390  33.252  38.562 0.0000000000
109201  42.997  31.523  39.164 0.0000000000
100402  47.646  18.462  41.309 0.0000000000
100408  45.917  17.796  40.358 0.0000000000
126255  47.721  17.796  39.953 0.0000000000
99668  47.593  17.188  38.371 0.0000000000
99696  48.031  17.378  36.454 0.0000000000
99682  50.166  17.752  37.168 0.0000000000
100447  49.195  17.934  36.416 0.0000000000
100468  48.396  17.585  34.757 0.0000000000
104921  43.923  24.817  33.020 0.0000000000
104365  42.983  23.786  33.594 0.0000000000
104904  44.384  24.209  34.703 0.0000000000
139914  44.605  23.963  36.301 0.0000000000
104335  43.931  23.345  38.404 0.0000000000
104882  45.733  24.862  37.876 0.0000000000
104877  45.380  24.402  39.114 0.0000000000
104325  43.999  23.264  40.010 0.0000000000
103733  43.845  22.129  40.947 0.0000000000
103109  44.742  21.620  41.928 0.0000000000
102439  45.231  20.289  41.900 0.0000000000
106561  45.745  27.003  42.207 0.0000000000
105968  46.368  26.324  42.497 0.0000000000
104851  47.900  25.088  43.132 0.0000000000
103705  46.247  23.328  44.562 0.0000000000
104833  48.030  24.289  44.419 0.0000000000
104299  47.795  23.671  43.782 0.0000000000
141531  47.627  22.523  44.212 0.0000000000
102421  46.812  20.761  43.193 0.0000000000
101780  46.637  19.320  42.140 0.0000000000
101106  48.602  19.000  42.140 0.0000000000
100401  49.883  18.488  41.501 0.0000000000
100400  50.075  18.178  41.580 0.0000000000
100367  48.721  17.112  42.934 0.0000000000
99640  49.637  16.660  42.152 0.0000000000
98910  49.801  16.338  41.582 0.0000000000
98194  49.806  14.815  41.904 0.0000000000
115196  42.264  41.281  31.477 0.0000000000
115184  43.472  42.306  32.608 0.0000000000
115162  45.567  41.622  34.296 0.0000000000
112662  42.921  38.763  39.634 0.0000000000
113911  42.860  41.123  37.772 0.0000000000
114525  43.964  41.812  37.163 0.0000000000
113919  45.072  40.852  36.176 0.0000000000
113934  45.806  39.952  34.995 0.0000000000
112711  45.782  37.725  35.228 0.0000000000
111559  46.439  35.121  35.229 0.0000000000
110437  46.568  33.449  34.921 0.0000000000
110428  47.265  33.112  36.562 0.0000000000
109837  47.287  32.103  35.262 0.0000000000
109233  46.491  31.154  34.459 0.0000000000
136886  45.558  28.718  34.495 0.0000000000
137842  44.789  26.869  33.983 0.0000000000
103771  41.926  22.931  35.350 0.0000000000
134036  40.856  22.214  36.107 0.0000000000
102464  39.610  20.302  37.187 0.0000000000
102453  41.360  20.261  38.313 0.0000000000
101794  40.764  19.556  38.077 0.0000000000
101132  39.361  18.680  37.424 0.0000000000
100448  39.212  17.224  36.772 0.0000000000
99702  38.788  16.787  36.250 0.0000000000
99664  45.017  16.889  39.160 0.0000000000
99672  43.743  16.373  38.532 0.0000000000
98933  42.826  15.800  37.680 0.0000000000
98975  44.389  15.616  34.634 0.0000000000
98947  41.612  15.634  36.325 0.0000000000
95945  49.374  11.543  37.815 0.0000000000
96646  48.919  12.498  36.497 0.0000000000
104923  41.730  24.079  31.856 0.0000000000
104378  41.089  23.727  31.727 0.0000000000
104377  41.947  23.981  32.032 0.0000000000
105488  43.174  24.714  32.703 0.0000000000
105478  42.684  25.391  33.268 0.0000000000
105489  42.329  24.605  32.519 0.0000000000
96624  50.357  12.267  40.031 0.0000000000
107859  46.415  29.870  41.304 0.0000000000
107177  46.215  29.045  41.273 0.0000000000
107853  46.031  29.066  41.486 0.0000000000
108566  45.107  30.966  40.577 0.0000000000
109194  46.187  31.165  41.076 0.0000000000
108565  46.699  30.669  41.161 0.0000000000
101781  45.583  19.489  41.655 0.0000000000
101109  45.018  18.921  41.106 0.0000000000
101113  45.460  18.303  40.756 0.0000000000
103180  35.775  21.655  32.891 0.0000000000
103174  35.296  21.097  33.643 0.0000000000
143613  35.861  21.271  33.591 0.0000000000
102472  38.190  20.324  36.506 0.0000000000
134757  37.493  19.595  36.459 0.0000000000
101808  38.200  19.569  36.777 0.0000000000
101137  38.631  18.985  37.129 0.0000000000
110438  45.799  33.458  34.658 0.0000000000
110439  45.027  34.019  34.795 0.0000000000
109846  45.036  32.845  34.749 0.0000000000
103799  36.800  22.718  32.232 0.0000000000
104380  36.219  22.926  32.568 0.0000000000
103790  36.010  22.306  32.513 0.0000000000
145030  40.673  28.725  39.672 0.0000000000
108575  40.194  30.306  39.254 0.0000000000
108589  40.205  31.055  38.885 0.0000000000
143467  40.983  30.134  39.346 0.0000000000
100412  50.164  18.288  39.418 0.0000000000
98956  49.168  15.306  34.957 0.0000000000
106029  45.464  26.586  35.777 0.0000000000
106020  45.390  26.432  37.006 0.0000000000
135311  46.768  24.814  41.145 0.0000000000
147428  46.802  24.483  41.791 0.0000000000
104315  46.176  23.751  41.870 0.0000000000
104314  47.502  24.439  42.745 0.0000000000
143046  43.553  24.857  43.492 0.0000000000
104843  44.388  24.887  43.729 0.0000000000
104293  44.714  24.113  43.856 0.0000000000
101742  48.159  19.829  45.297 0.0000000000
102395  47.948  20.437  45.609 0.0000000000
101735  48.373  20.352  45.402 0.0000000000
102402  48.649  20.330  45.042 0.0000000000
101747  48.714  19.803  44.576 0.0000000000
97387  47.430  13.987  43.942 0.0000000000
131558  41.024  39.378  34.161 0.0000000000
113962  40.388  40.274  33.447 0.0000000000
113948  41.927  39.799  34.635 0.0000000000
113947  42.343  40.819  34.214 0.0000000000
112679  40.649  37.610  39.206 0.0000000000
112664  40.473  38.679  39.675 0.0000000000
142339  41.224  38.252  39.420 0.0000000000
112058  46.399  36.434  39.769 0.0000000000
112676  45.934  37.870  39.968 0.0000000000
112076  46.251  37.121  39.504 0.0000000000
112693  45.659  37.972  39.292 0.0000000000
142222  46.197  36.440  38.306 0.0000000000
147544  46.722  35.390  38.696 0.0000000000
107206  45.626  28.548  37.056 0.0000000000
107891  46.131  29.127  36.204 0.0000000000
107218  45.949  28.328  35.739 0.0000000000
106634  45.745  27.502  35.208 0.0000000000
103746  43.346  22.812  38.059 0.0000000000
127240  42.695  22.379  37.763 0.0000000000
103747  42.889  22.246  38.571 0.0000000000
99688  40.703  16.652  37.365 0.0000000000
99687  41.510  16.350  37.641 0.0000000000
99697  46.909  16.640  36.295 0.0000000000
99685  46.179  16.232  37.023 0.0000000000
99698  45.952  16.171  36.122 0.0000000000
103796  39.019  23.424  31.567 0.0000000000
103788  38.037  22.533  32.066 0.0000000000
103787  39.048  22.986  31.713 0.0000000000
103773  39.599  22.520  34.404 0.0000000000
103164  38.939  21.945  35.540 0.0000000000
103767  39.638  22.144  35.755 0.0000000000
107931  43.832  29.352  34.548 0.0000000000
107247  43.382  28.417  34.514 0.0000000000
106645  41.306  26.702  34.611 0.0000000000
106635  41.832  27.392  34.613 0.0000000000
104930  40.108  24.123  31.288 0.0000000000
104931  39.373  23.962  31.414 0.0000000000
104387  38.442  23.488  31.676 0.0000000000
98196  49.666  14.444  40.962 0.0000000000
140078  49.387  15.053  39.554 0.0000000000
98198  49.413  14.238  39.952 0.0000000000
97405  50.307  12.624  38.462 0.0000000000
97403  50.034  13.428  38.485 0.0000000000
139398  49.792  13.553  36.717 0.0000000000
114612  42.878  40.641  30.707 0.0000000000
114013  43.545  40.015  29.752 0.0000000000
106610  45.512  27.939  37.963 0.0000000000
107190  45.730  28.287  39.388 0.0000000000
106589  46.187  27.147  41.026 0.0000000000
141892  45.997  26.925  39.872 0.0000000000
105428  46.737  25.634  40.524 0.0000000000
105993  46.562  26.449  41.182 0.0000000000
102414  43.116  20.934  43.182 0.0000000000
102413  44.020  21.115  43.624 0.0000000000
145303  43.767  20.396  43.505 0.0000000000
101075  44.715  18.629  43.406 0.0000000000
101750  45.543  19.136  43.956 0.0000000000
101067  46.598  18.915  44.392 0.0000000000
100370  45.865  17.524  43.363 0.0000000000
98900  45.960  15.668  42.972 0.0000000000
98879  45.549  14.881  43.223 0.0000000000
125330  46.068  14.383  43.602 0.0000000000
110419  42.729  33.937  38.574 0.0000000000
110990  43.241  34.770  38.689 0.0000000000
110418  43.747  33.967  38.871 0.0000000000
110403  46.625  33.239  40.403 0.0000000000
136197  46.130  34.099  40.209 0.0000000000
110976  46.458  34.902  40.023 0.0000000000
129540  46.957  34.036  40.233 0.0000000000
110416  47.114  34.170  39.835 0.0000000000
109808  47.289  32.528  40.104 0.0000000000
108587  46.425  30.237  39.342 0.0000000000
151712  45.918  29.637  38.525 0.0000000000
103126  43.413  21.343  40.583 0.0000000000
103133  42.835  20.897  39.952 0.0000000000
102446  43.196  20.330  40.531 0.0000000000
101115  43.915  18.513  40.299 0.0000000000
101116  43.240  18.976  40.200 0.0000000000
101118  43.461  18.179  39.868 0.0000000000
100419  42.987  17.728  39.348 0.0000000000
101816  35.411  19.296  35.500 0.0000000000
103167  36.536  21.154  34.505 0.0000000000
102482  37.084  20.676  35.569 0.0000000000
101809  36.641  19.255  36.236 0.0000000000
101140  36.228  18.546  36.217 0.0000000000
100460  36.052  17.008  35.866 0.0000000000
99704  37.013  16.944  36.039 0.0000000000
99711  38.375  16.399  35.629 0.0000000000
112719  45.713  37.701  34.845 0.0000000000
112720  45.225  37.568  34.357 0.0000000000
111014  43.404  34.885  34.825 0.0000000000
138499  43.654  36.298  34.249 0.0000000000
111565  42.934  35.532  34.489 0.0000000000
111015  42.441  34.808  34.729 0.0000000000
107861  44.465  29.381  40.910 0.0000000000
107862  43.117  29.013  40.290 0.0000000000
106577  42.697  27.710  40.771 0.0000000000
149041  42.862  25.971  42.499 0.0000000000
131433  42.102  24.107  42.956 0.0000000000
103716  42.440  22.615  42.757 0.0000000000
112696  35.967  37.930  38.379 0.0000000000
112683  35.435  38.460  39.399 0.0000000000
112667  37.203  38.373  40.236 0.0000000000
112063  37.848  37.600  39.981 0.0000000000
112062  38.763  37.596  39.745 0.0000000000
148164  40.054  33.158  38.481 0.0000000000
110420  40.223  33.889  38.416 0.0000000000
110993  40.476  34.729  38.415 0.0000000000
138939  40.920  34.059  38.410 0.0000000000
138745  41.727  33.810  38.449 0.0000000000
140094  41.768  32.830  38.544 0.0000000000
108574  42.741  30.553  39.495 0.0000000000
108573  43.890  30.764  39.892 0.0000000000
100407  46.994  17.883  40.561 0.0000000000
100437  48.765  17.981  37.828 0.0000000000
99683  47.803  17.258  37.424 0.0000000000
143908  48.700  17.860  37.036 0.0000000000
99667  50.349  17.728  38.063 0.0000000000
99707  49.421  17.229  35.217 0.0000000000
133680  48.996  17.571  34.972 0.0000000000
100459  48.746  17.641  35.589 0.0000000000
134679  48.086  17.636  33.789 0.0000000000
100467  48.851  17.535  34.256 0.0000000000
105476  45.091  25.234  33.681 0.0000000000
144847  44.459  24.610  33.515 0.0000000000
104903  45.019  24.763  34.348 0.0000000000
130646  45.010  24.348  36.461 0.0000000000
104897  44.724  24.413  35.544 0.0000000000
104348  44.698  23.766  36.995 0.0000000000
104341  44.710  23.771  37.840 0.0000000000
106011  45.661  26.288  38.077 0.0000000000
105435  46.110  25.412  38.638 0.0000000000
104869  45.302  24.333  39.891 0.0000000000
104331  44.585  23.880  39.625 0.0000000000
103740  44.248  22.912  40.761 0.0000000000
103715  45.432  22.419  42.264 0.0000000000
103732  44.596  22.439  41.503 0.0000000000
102423  45.049  20.991  42.142 0.0000000000
102422  45.816  20.858  42.523 0.0000000000
107171  44.793  28.067  41.599 0.0000000000
130022  45.597  27.687  41.712 0.0000000000
105392  47.177  25.691  42.951 0.0000000000
105381  47.702  25.110  43.564 0.0000000000
103093  45.548  21.909  44.497 0.0000000000
103700  46.470  22.633  44.858 0.0000000000
140367  48.126  22.740  45.200 0.0000000000
139000  47.616  23.264  45.146 0.0000000000
103704  48.153  23.417  44.854 0.0000000000
104291  48.095  24.198  44.393 0.0000000000
101749  48.398  20.186  43.930 0.0000000000
101763  47.466  20.025  43.070 0.0000000000
101764  46.174  20.081  42.370 0.0000000000
101086  48.004  19.377  42.658 0.0000000000
101084  49.446  18.903  42.934 0.0000000000
101105  49.602  18.808  42.230 0.0000000000
101083  49.850  18.460  42.157 0.0000000000
100382  49.875  17.727  42.161 0.0000000000
100368  47.895  17.246  43.287 0.0000000000
98899  49.242  15.914  42.660 0.0000000000
146531  49.763  15.535  41.141 0.0000000000
114578  40.123  41.360  32.403 0.0000000000
114579  39.245  41.038  32.375 0.0000000000
131017  39.566  41.197  32.028 0.0000000000
129066  41.707  41.805  32.079 0.0000000000
115164  43.536  42.466  34.172 0.0000000000
127829  42.992  42.252  33.330 0.0000000000
115174  43.911  42.666  33.539 0.0000000000
115173  44.848  42.575  33.590 0.0000000000
115163  45.076  42.410  34.379 0.0000000000
112078  43.649  36.941  39.175 0.0000000000
112677  42.731  37.674  39.222 0.0000000000
112661  43.831  38.187  39.603 0.0000000000
113306  43.935  39.536  39.492 0.0000000000
113887  43.174  39.810  39.580 0.0000000000
113910  43.165  40.798  38.437 0.0000000000
114511  43.517  41.412  37.568 0.0000000000
114526  43.568  41.772  37.007 0.0000000000
113909  43.823  41.155  37.886 0.0000000000
113327  44.935  38.979  37.240 0.0000000000
113328  44.837  40.190  36.962 0.0000000000
114537  45.394  41.118  35.334 0.0000000000
113337  45.336  39.206  35.933 0.0000000000
113345  45.839  38.637  34.895 0.0000000000
150748  45.684  38.331  35.451 0.0000000000
111556  46.563  35.113  36.323 0.0000000000
112099  46.193  35.921  35.659 0.0000000000
111011  46.532  34.371  35.043 0.0000000000
131058  46.956  33.755  35.620 0.0000000000
132925  47.122  33.229  38.081 0.0000000000
110426  46.857  33.904  37.870 0.0000000000
108600  46.865  30.016  34.849 0.0000000000
109226  47.245  31.404  35.411 0.0000000000
141290  47.087  30.692  34.908 0.0000000000
109844  46.766  31.945  34.700 0.0000000000
108617  46.699  30.435  34.598 0.0000000000
108618  46.233  30.010  34.413 0.0000000000
107929  45.909  29.445  34.435 0.0000000000
106047  45.224  26.690  34.167 0.0000000000
106048  45.021  25.911  33.674 0.0000000000
141443  44.529  25.240  33.328 0.0000000000
104356  42.813  23.450  35.109 0.0000000000
104357  42.258  23.409  34.439 0.0000000000
103147  41.584  21.532  37.461 0.0000000000
103155  41.101  21.754  36.723 0.0000000000
103148  40.510  21.324  36.918 0.0000000000
102463  40.438  20.706  37.321 0.0000000000
102449  42.365  20.530  39.417 0.0000000000
102452  42.017  20.818  38.715 0.0000000000
102450  41.888  19.917  39.140 0.0000000000
136744  40.092  18.928  37.755 0.0000000000
101802  40.197  19.870  37.581 0.0000000000
127258  39.782  18.110  37.528 0.0000000000
100441  38.981  18.012  37.118 0.0000000000
100440  39.635  17.535  37.228 0.0000000000
99701  39.568  16.602  36.422 0.0000000000
99710  39.243  16.303  35.683 0.0000000000
98963  38.816  16.035  34.970 0.0000000000
127904  39.794  15.837  34.825 0.0000000000
100415  46.489  17.446  39.814 0.0000000000
100416  45.448  17.374  39.742 0.0000000000
98931  44.531  15.661  37.294 0.0000000000
99671  44.591  16.403  38.560 0.0000000000
98920  44.147  15.858  38.056 0.0000000000
98921  43.427  15.911  38.077 0.0000000000
98932  43.608  15.654  37.495 0.0000000000
98974  45.183  15.826  35.004 0.0000000000
98991  44.210  15.824  33.784 0.0000000000
104385  40.608  24.066  31.355 0.0000000000
104379  40.088  23.445  31.731 0.0000000000
103778  40.438  23.093  32.916 0.0000000000
103772  40.736  22.840  34.372 0.0000000000
130513  43.490  27.263  34.312 0.0000000000
106050  42.692  26.469  34.156 0.0000000000
106051  41.816  26.008  34.129 0.0000000000
105479  40.953  25.156  33.578 0.0000000000
104912  40.476  24.695  32.587 0.0000000000
104924  40.815  24.203  31.427 0.0000000000
96629  50.390  12.038  38.516 0.0000000000
107869  46.743  30.172  40.544 0.0000000000
143373  46.230  28.874  40.708 0.0000000000
101765  43.008  19.155  43.011 0.0000000000
101752  43.736  19.655  43.413 0.0000000000
101076  43.792  18.890  43.241 0.0000000000
100371  44.867  17.851  43.122 0.0000000000
109810  44.863  32.407  39.751 0.0000000000
109809  46.078  32.487  40.517 0.0000000000
109800  47.002  32.287  40.690 0.0000000000
109197  47.147  31.554  40.597 0.0000000000
102440  44.396  20.679  41.572 0.0000000000
101783  43.810  20.005  41.066 0.0000000000
100410  44.201  17.923  40.076 0.0000000000
102473  37.482  20.305  36.177 0.0000000000
101139  37.220  18.609  36.468 0.0000000000
100449  38.430  17.460  36.570 0.0000000000
128836  45.590  35.482  34.645 0.0000000000
151094  45.468  36.164  34.605 0.0000000000
111013  44.599  35.019  34.774 0.0000000000
110431  43.832  34.227  35.135 0.0000000000
110432  43.230  33.689  35.331 0.0000000000
104368  36.634  23.507  33.097 0.0000000000
104381  35.540  22.640  33.028 0.0000000000
142201  42.422  29.706  39.648 0.0000000000
107191  41.987  28.932  39.725 0.0000000000
106578  41.765  27.607  40.501 0.0000000000
148719  39.044  31.372  38.752 0.0000000000
129942  38.927  32.088  38.606 0.0000000000
109215  39.736  31.715  38.674 0.0000000000
109822  41.119  32.266  38.611 0.0000000000
109213  41.311  31.557  38.790 0.0000000000
125404  41.742  30.332  39.336 0.0000000000
100405  49.613  18.468  40.657 0.0000000000
127655  48.992  18.412  40.007 0.0000000000
100413  49.848  18.474  39.724 0.0000000000
100423  49.989  18.491  38.925 0.0000000000
98930  49.915  15.557  36.999 0.0000000000
98941  50.099  16.762  36.584 0.0000000000
98955  49.615  16.401  35.645 0.0000000000
98972  49.322  16.484  34.651 0.0000000000
99720  49.292  17.138  34.455 0.0000000000
105466  45.278  25.272  34.311 0.0000000000
105465  45.357  25.822  35.007 0.0000000000
105444  45.358  24.878  36.840 0.0000000000
105429  46.414  25.285  39.545 0.0000000000
104868  45.944  24.515  40.446 0.0000000000
104316  45.090  23.363  41.282 0.0000000000
105394  44.559  26.074  43.046 0.0000000000
105969  44.644  26.763  42.450 0.0000000000
105383  45.154  25.491  43.551 0.0000000000
147419  46.915  21.359  45.327 0.0000000000
103092  46.746  21.982  45.189 0.0000000000
102404  47.629  20.913  45.564 0.0000000000
103091  47.840  21.770  45.539 0.0000000000
138045  48.227  21.502  45.325 0.0000000000
103097  48.470  21.320  44.995 0.0000000000
102409  48.556  20.523  44.698 0.0000000000
101761  48.851  19.401  43.796 0.0000000000
98877  47.593  15.319  43.315 0.0000000000
98876  48.704  15.251  43.174 0.0000000000
137769  39.464  40.310  33.301 0.0000000000
114565  40.762  41.331  33.035 0.0000000000
115175  41.761  41.824  33.025 0.0000000000
114564  41.801  41.331  33.470 0.0000000000
114553  43.196  41.765  34.727 0.0000000000
113294  38.922  39.110  40.168 0.0000000000
113307  38.932  39.481  39.253 0.0000000000
113891  39.351  39.363  39.905 0.0000000000
113890  40.298  39.398  39.643 0.0000000000
112060  45.654  37.403  40.098 0.0000000000
143595  44.788  38.628  39.985 0.0000000000
112660  45.560  38.155  40.018 0.0000000000
113305  44.607  39.319  39.312 0.0000000000
113317  45.038  38.865  38.801 0.0000000000
133595  45.182  37.889  37.715 0.0000000000
147570  45.438  37.135  36.944 0.0000000000
149337  46.296  35.705  36.562 0.0000000000
111005  46.834  34.167  36.568 0.0000000000
108593  46.735  30.869  37.280 0.0000000000
109224  47.142  31.573  36.633 0.0000000000
107890  46.649  29.623  35.421 0.0000000000
107906  46.476  29.316  34.842 0.0000000000
141085  46.152  29.020  34.645 0.0000000000
107232  46.099  28.463  34.892 0.0000000000
103764  42.304  22.706  36.146 0.0000000000
103756  42.583  22.488  36.939 0.0000000000
103146  42.181  22.031  37.441 0.0000000000
101120  42.132  18.678  39.326 0.0000000000
101123  41.566  18.460  38.793 0.0000000000
100427  40.936  17.887  38.276 0.0000000000
100439  40.358  17.463  37.612 0.0000000000
99700  40.350  16.336  36.663 0.0000000000
99669  46.483  16.709  38.479 0.0000000000
99670  45.479  16.523  38.533 0.0000000000
126578  45.876  16.300  37.868 0.0000000000
143221  45.372  15.940  37.375 0.0000000000
98944  44.492  15.551  36.413 0.0000000000
145021  37.365  22.655  31.990 0.0000000000
103179  36.432  21.683  33.170 0.0000000000
103781  37.170  22.265  32.727 0.0000000000
103172  37.852  21.867  34.632 0.0000000000
103779  38.764  22.515  33.100 0.0000000000
103165  38.187  21.589  35.397 0.0000000000
103158  38.562  21.199  36.151 0.0000000000
102471  39.060  20.719  36.685 0.0000000000
126926  44.345  30.973  34.697 0.0000000000
108621  42.874  30.011  34.826 0.0000000000
127146  42.453  27.920  34.600 0.0000000000
104913  39.338  24.668  33.425 0.0000000000
104927  37.648  23.595  32.399 0.0000000000
103798  37.514  23.008  31.710 0.0000000000
109216  38.365  31.533  38.759 0.0000000000
108577  38.644  30.738  39.038 0.0000000000
108576  39.249  30.059  39.319 0.0000000000
98912  49.904  16.548  40.634 0.0000000000
128034  49.987  16.441  39.565 0.0000000000
98918  49.802  15.474  37.891 0.0000000000
98199  49.446  14.250  39.088 0.0000000000
98202  49.711  14.345  38.215 0.0000000000
142060  49.725  14.524  36.472 0.0000000000
143328  45.790  27.637  39.646 0.0000000000
137000  46.419  25.825  39.620 0.0000000000
105421  47.051  25.319  41.299 0.0000000000
104294  43.912  23.350  43.558 0.0000000000
147019  44.222  22.534  43.669 0.0000000000
103099  44.545  21.825  43.865 0.0000000000
140659  44.862  21.209  44.096 0.0000000000
126872  44.489  20.057  43.749 0.0000000000
102412  45.176  20.590  44.225 0.0000000000
102405  46.400  20.536  44.873 0.0000000000
101744  46.447  19.639  44.655 0.0000000000
150924  47.356  19.480  44.953 0.0000000000
101066  47.686  19.076  44.617 0.0000000000
99626  46.867  16.386  43.157 0.0000000000
144588  46.872  15.701  43.175 0.0000000000
98176  46.968  14.512  43.619 0.0000000000
113347  41.404  39.002  35.123 0.0000000000
111546  41.779  35.570  38.524 0.0000000000
112678  41.707  37.477  39.003 0.0000000000
111545  42.738  35.545  38.634 0.0000000000
151874  43.116  36.150  38.796 0.0000000000
111544  43.843  35.785  38.982 0.0000000000
110417  44.908  34.026  39.500 0.0000000000
111543  45.146  35.776  39.539 0.0000000000
112077  44.885  36.725  39.623 0.0000000000
133942  45.857  36.631  40.112 0.0000000000
131909  46.254  36.408  40.065 0.0000000000
111542  46.662  35.556  39.504 0.0000000000
110988  46.941  34.657  39.130 0.0000000000
109211  47.259  31.679  39.689 0.0000000000
109221  47.040  31.676  38.180 0.0000000000
108594  46.276  30.219  37.980 0.0000000000
107886  45.861  29.409  37.445 0.0000000000
103134  43.218  22.178  39.341 0.0000000000
102447  42.598  20.126  39.969 0.0000000000
101787  43.437  19.616  40.563 0.0000000000
101790  42.424  19.368  39.687 0.0000000000
100420  42.242  17.993  39.134 0.0000000000
100425  42.499  17.236  38.779 0.0000000000
99722  47.250  17.198  34.643 0.0000000000
99724  46.054  16.519  34.555 0.0000000000
99730  45.842  16.661  33.507 0.0000000000
102484  35.549  20.006  35.081 0.0000000000
101815  36.143  19.648  35.746 0.0000000000
101145  35.383  18.605  35.824 0.0000000000
100461  35.016  17.051  35.599 0.0000000000
99714  35.470  16.217  35.313 0.0000000000
98965  36.893  15.747  34.879 0.0000000000
112117  44.827  36.721  34.310 0.0000000000
109847  43.898  32.490  35.180 0.0000000000
126485  43.031  32.963  35.449 0.0000000000
107860  45.715  29.627  41.437 0.0000000000
106566  44.023  27.502  41.617 0.0000000000
135501  43.180  28.258  40.652 0.0000000000
106576  43.643  27.891  41.175 0.0000000000
105981  43.808  26.957  41.954 0.0000000000
105970  43.632  26.341  42.473 0.0000000000
105395  43.404  25.681  42.930 0.0000000000
103708  43.319  22.586  43.155 0.0000000000
103101  42.826  21.810  42.869 0.0000000000
112681  37.105  38.861  39.728 0.0000000000
113297  36.496  38.664  40.077 0.0000000000
113296  37.563  38.912  40.067 0.0000000000
113295  38.390  39.189  40.075 0.0000000000
112665  39.171  38.436  40.012 0.0000000000
112680  39.675  37.508  39.417 0.0000000000
112080  40.268  36.554  38.694 0.0000000000
138765  38.717  32.964  38.565 0.0000000000
111548  39.895  35.603  38.468 0.0000000000
111547  40.826  35.600  38.475 0.0000000000
109820  43.206  33.185  38.747 0.0000000000
109212  41.967  31.944  38.701 0.0000000000
109821  42.646  32.501  38.710 0.0000000000
109811  43.643  32.384  39.205 0.0000000000
109200  44.271  31.614  39.785 0.0000000000
101112  46.448  18.271  41.004 0.0000000000
99662  47.169  17.195  39.186 0.0000000000
135023  47.131  16.699  37.024 0.0000000000
99661  50.349  17.707  38.996 0.0000000000
139095  50.152  18.139  37.844 0.0000000000
100435  49.991  18.162  37.409 0.0000000000
128786  49.771  17.921  36.724 0.0000000000
100436  49.510  18.157  37.215 0.0000000000
99708  47.652  17.238  35.514 0.0000000000
104911  43.408  24.358  32.977 0.0000000000
104376  42.749  24.019  32.589 0.0000000000
104364  43.805  23.907  34.005 0.0000000000
104355  43.707  23.720  35.430 0.0000000000
104898  44.275  23.970  35.748 0.0000000000
104349  43.956  23.530  36.532 0.0000000000
104342  43.974  23.328  37.507 0.0000000000
105443  45.594  25.489  37.470 0.0000000000
104876  46.075  24.909  38.748 0.0000000000
104883  45.390  24.373  38.215 0.0000000000
104334  44.609  23.878  38.751 0.0000000000
104332  43.918  23.381  39.239 0.0000000000
146374  43.583  22.787  39.527 0.0000000000
103741  43.586  22.309  40.159 0.0000000000
103125  44.006  21.508  41.337 0.0000000000
143216  45.666  28.438  41.523 0.0000000000
144136  45.478  26.500  42.712 0.0000000000
105980  46.546  26.551  41.902 0.0000000000
105967  46.947  26.037  42.250 0.0000000000
105409  47.327  25.498  42.229 0.0000000000
103707  44.961  23.289  44.047 0.0000000000
104292  46.049  24.101  44.261 0.0000000000
104286  47.427  23.996  44.612 0.0000000000
104841  47.376  24.772  44.110 0.0000000000
104840  48.084  24.680  43.949 0.0000000000
137195  48.064  24.571  43.726 0.0000000000
103714  46.486  22.500  43.134 0.0000000000
103107  46.576  21.582  43.284 0.0000000000
103098  47.656  21.532  44.204 0.0000000000
101107  47.101  18.766  41.806 0.0000000000
101111  49.166  18.717  41.468 0.0000000000
99656  50.059  17.600  41.040 0.0000000000
129397  48.897  18.212  43.228 0.0000000000
99641  49.297  16.938  42.521 0.0000000000
145715  49.920  17.400  41.735 0.0000000000
97398  49.976  13.458  41.476 0.0000000000
115207  43.371  41.380  31.227 0.0000000000
115185  42.283  42.022  32.639 0.0000000000
115195  43.693  41.859  31.765 0.0000000000
115183  44.538  42.318  32.769 0.0000000000
115182  45.389  41.750  32.794 0.0000000000
114562  45.847  40.852  33.813 0.0000000000
113329  41.518  39.118  36.229 0.0000000000
112663  41.992  38.422  39.427 0.0000000000
113290  43.870  39.177  39.764 0.0000000000
113921  42.257  40.034  36.993 0.0000000000
113920  42.903  40.955  36.483 0.0000000000
114540  43.537  41.804  35.902 0.0000000000
114539  44.064  42.099  36.244 0.0000000000
143165  44.389  41.279  37.233 0.0000000000
130061  44.427  41.857  36.664 0.0000000000
115155  44.496  42.450  35.224 0.0000000000
114551  45.238  41.875  34.991 0.0000000000
114550  45.729  40.906  34.607 0.0000000000
113946  45.894  40.119  34.216 0.0000000000
113360  45.798  39.315  34.287 0.0000000000
112109  45.818  36.795  35.110 0.0000000000
111560  46.004  35.863  34.892 0.0000000000
111563  46.190  35.011  34.749 0.0000000000
111012  46.067  34.220  34.658 0.0000000000
138758  46.172  32.720  34.655 0.0000000000
111001  46.687  34.801  37.701 0.0000000000
109834  47.413  32.228  36.105 0.0000000000
148773  47.378  32.563  35.809 0.0000000000
137346  47.162  32.923  35.490 0.0000000000
148930  46.874  32.610  34.980 0.0000000000
109845  45.787  31.942  34.535 0.0000000000
108619  45.237  30.136  34.435 0.0000000000
107930  44.973  29.300  34.435 0.0000000000
136153  44.597  28.543  34.395 0.0000000000
134266  45.773  28.348  34.679 0.0000000000
107246  45.240  27.744  34.385 0.0000000000
106049  44.175  26.172  33.695 0.0000000000
104366  42.203  23.623  33.283 0.0000000000
104358  41.566  23.177  34.424 0.0000000000
125336  41.164  22.604  35.385 0.0000000000
103765  41.543  22.371  36.151 0.0000000000
103156  40.209  21.837  36.378 0.0000000000
103149  39.859  21.072  36.820 0.0000000000
103138  41.647  21.048  38.078 0.0000000000
102462  41.145  20.838  37.676 0.0000000000
101793  41.352  19.345  38.653 0.0000000000
102454  40.796  20.248  37.770 0.0000000000
101803  39.431  19.455  37.395 0.0000000000
100409  44.989  17.800  40.252 0.0000000000
100417  44.575  17.395  39.664 0.0000000000
99665  44.166  16.933  39.071 0.0000000000
99673  42.829  16.384  38.361 0.0000000000
99686  42.201  16.130  37.873 0.0000000000
145639  45.763  16.171  35.394 0.0000000000
98958  44.435  15.527  35.562 0.0000000000
98976  43.544  15.532  34.344 0.0000000000
98959  43.625  15.424  35.266 0.0000000000
98945  43.696  15.433  36.151 0.0000000000
98946  43.015  15.513  36.818 0.0000000000
98934  42.054  15.732  37.145 0.0000000000
98948  40.834  15.823  36.164 0.0000000000
95936  50.273  11.669  38.986 0.0000000000
96630  50.167  12.229  37.833 0.0000000000
150457  49.633  12.079  37.397 0.0000000000
96638  49.637  12.683  37.036 0.0000000000
98943  45.291  15.789  36.684 0.0000000000
99721  49.124  17.280  33.962 0.0000000000
100458  49.347  17.579  35.719 0.0000000000
101741  48.609  19.973  45.137 0.0000000000
102394  48.207  20.730  45.573 0.0000000000
102403  48.523  20.972  45.071 0.0000000000
103086  48.141  21.051  45.651 0.0000000000
104285  48.089  23.725  44.837 0.0000000000
105385  43.063  25.108  43.220 0.0000000000
107192  41.217  28.986  39.614 0.0000000000
107858  46.898  30.401  41.040 0.0000000000
108564  47.085  30.937  40.964 0.0000000000
109193  46.912  31.372  41.004 0.0000000000
109203  37.931  31.024  38.952 0.0000000000
109214  40.600  31.640  38.729 0.0000000000
109232  47.056  31.236  34.805 0.0000000000
109234  45.496  31.083  34.439 0.0000000000
109235  43.668  31.662  35.113 0.0000000000
109819  47.300  33.013  39.156 0.0000000000
109823  40.310  32.435  38.568 0.0000000000
109839  43.159  32.197  35.403 0.0000000000
110440  42.051  34.158  35.026 0.0000000000
111533  46.419  35.685  39.835 0.0000000000
111534  46.074  35.786  40.046 0.0000000000
112089  45.855  36.341  36.961 0.0000000000
113291  42.154  39.343  39.636 0.0000000000
113293  39.732  38.933  40.006 0.0000000000
113892  38.878  39.458  40.006 0.0000000000
113901  43.283  40.171  39.203 0.0000000000
114538  44.850  41.974  35.886 0.0000000000
115172  45.519  41.771  33.615 0.0000000000
115176  40.925  41.601  32.643 0.0000000000
115186  41.422  41.801  32.523 0.0000000000
127353  37.922  39.177  39.797 0.0000000000
128760  47.259  33.506  39.957 0.0000000000
129849  44.244  42.756  34.383 0.0000000000
131179  42.745  41.899  31.962 0.0000000000
134029  42.933  39.521  39.694 0.0000000000
135869  46.179  30.514  34.375 0.0000000000
139483  43.839  35.544  34.575 0.0000000000
141101  41.730  25.302  33.432 0.0000000000
142390  49.726  15.590  36.308 0.0000000000
146821  50.103  11.705  38.329 0.0000000000
149678  42.275  19.986  39.588 0.0000000000
151474  39.228  39.533  39.768 0.0000000000
