#!ascii label  , from subject sub-v1s22x0050467_ses-1 vox2ras=TkReg
998
9896  29.209  -77.750  -0.138 0.3000000119
18079  31.037  -67.051  -2.701 0.6000000238
19747  33.076  -64.245  -1.903 0.6999999881
123168  32.612  -63.750  -1.415 0.6999999881
9897  28.150  -77.743  0.235 0.4000000060
13414  27.505  -72.550  -2.227 0.4000000060
10529  28.675  -77.001  0.665 0.5000000000
10528  29.597  -77.021  0.576 0.5000000000
16427  31.389  -68.253  -2.903 0.6999999881
18897  31.998  -65.947  -2.942 0.6999999881
18088  32.582  -66.770  -3.348 0.5000000000
114862  34.485  -64.748  -2.814 0.6000000238
19755  33.694  -64.682  -2.452 0.6000000238
126651  33.860  -64.067  -1.872 0.6999999881
20608  33.089  -63.094  -0.836 0.6999999881
10530  27.629  -76.572  0.496 0.5000000000
133399  27.333  -73.087  -1.948 0.4000000060
14182  28.318  -71.313  -2.482 0.4000000060
14891  29.052  -70.974  -2.555 0.5000000000
11154  27.719  -75.594  0.620 0.6000000238
123197  29.680  -70.213  -2.554 0.6000000238
121591  30.237  -69.550  -2.669 0.6000000238
10515  29.069  -76.251  1.040 0.6000000238
114960  32.383  -68.765  -3.302 0.6000000238
18895  33.644  -65.915  -3.469 0.6000000238
19766  34.066  -65.297  -3.059 0.6000000238
19753  35.808  -63.966  -3.230 0.6999999881
132601  35.335  -63.813  -2.618 0.6999999881
127801  35.149  -63.274  -2.078 0.6999999881
21470  33.543  -62.215  -0.642 0.6999999881
21502  36.239  -62.351  -2.973 0.6999999881
21494  35.529  -62.415  -2.291 0.6999999881
122868  34.211  -62.016  -1.058 0.6999999881
132180  35.803  -61.702  -2.583 0.6999999881
10531  26.702  -76.495  -0.065 0.5000000000
11916  26.556  -74.290  -0.753 0.5000000000
11928  26.091  -74.083  -1.321 0.5000000000
116343  28.704  -71.690  -2.355 0.4000000060
123411  27.205  -75.099  0.264 0.5000000000
14890  30.001  -70.927  -2.463 0.5000000000
15655  31.122  -69.842  -2.755 0.6000000238
11140  28.549  -75.355  1.169 0.6000000238
11900  27.779  -74.639  0.665 0.5000000000
12632  28.180  -73.606  0.814 0.5000000000
17285  32.844  -67.849  -3.494 0.6999999881
18087  33.363  -66.606  -3.711 0.6000000238
118963  33.269  -67.283  -3.803 0.6999999881
19764  35.726  -64.793  -3.727 0.6000000238
18894  34.557  -65.789  -3.701 0.6000000238
19763  36.457  -64.290  -4.034 0.6000000238
19754  35.152  -64.442  -2.999 0.6000000238
20631  36.354  -63.311  -3.435 0.6000000238
22377  33.992  -61.205  -0.814 0.6999999881
22412  37.222  -62.130  -4.336 0.6000000238
22399  35.287  -61.534  -2.041 0.6999999881
22389  34.644  -61.386  -1.445 0.6999999881
22406  36.618  -61.817  -3.634 0.6999999881
13412  28.970  -71.936  -2.133 0.4000000060
11170  26.651  -75.019  -0.286 0.5000000000
13400  27.498  -73.185  -1.311 0.4000000060
14181  29.437  -71.446  -2.299 0.5000000000
14897  31.972  -70.101  -2.843 0.6000000238
12649  27.166  -73.762  -0.587 0.4000000060
16436  31.716  -69.373  -2.998 0.6000000238
12633  27.534  -73.893  0.170 0.4000000060
117545  28.419  -72.487  -0.246 0.4000000060
13385  28.520  -72.711  0.530 0.4000000060
13384  29.027  -71.990  0.145 0.4000000060
17284  33.771  -68.254  -3.871 0.6999999881
123282  33.937  -67.271  -4.101 0.6000000238
18902  35.186  -66.459  -4.282 0.6000000238
18893  35.519  -65.645  -4.090 0.6000000238
20634  37.042  -63.664  -4.365 0.6000000238
23347  34.449  -60.623  -1.400 0.6999999881
22398  35.619  -60.932  -2.656 0.6999999881
117812  36.476  -61.000  -3.699 0.6000000238
23371  35.937  -60.554  -3.327 0.6000000238
13406  28.538  -72.334  -1.780 0.4000000060
14177  29.606  -71.672  -1.970 0.4000000060
15654  32.557  -69.895  -3.332 0.6999999881
14170  29.499  -71.646  -0.937 0.4000000060
120084  33.871  -69.524  -3.651 0.8000000119
18094  34.861  -67.249  -4.361 0.6999999881
18901  36.381  -66.615  -4.691 0.6000000238
19770  37.549  -64.868  -4.891 0.5000000000
23332  33.426  -60.598  -0.394 0.6999999881
22410  38.961  -62.066  -5.721 0.6000000238
21506  37.618  -63.083  -4.763 0.6000000238
23362  34.993  -60.555  -2.075 0.8000000119
23348  34.049  -60.159  -0.986 0.8000000119
22411  37.666  -61.441  -4.849 0.6000000238
133274  36.906  -61.381  -4.160 0.6000000238
14175  30.938  -70.810  -2.062 0.5000000000
14889  30.790  -70.627  -2.306 0.6000000238
14176  30.254  -71.295  -1.655 0.5000000000
14874  31.850  -70.504  -0.575 0.6999999881
14168  30.987  -70.735  -1.111 0.4000000060
17290  35.658  -68.158  -4.430 0.6999999881
18093  35.989  -67.405  -4.549 0.6999999881
116095  38.034  -66.058  -5.204 0.6000000238
18900  37.700  -66.823  -5.106 0.6000000238
19769  39.047  -65.557  -5.196 0.6000000238
24348  33.441  -59.733  -0.583 0.6000000238
21505  39.005  -63.560  -5.521 0.6000000238
23361  35.335  -60.129  -2.899 0.6999999881
118297  34.793  -59.773  -2.509 0.6999999881
22416  38.616  -61.094  -5.601 0.6999999881
23378  37.460  -60.313  -4.884 0.6999999881
24381  35.736  -59.754  -3.602 0.6999999881
14887  32.696  -70.474  -2.607 0.5000000000
123734  33.318  -70.485  -3.038 0.6000000238
14896  32.823  -70.407  -3.134 0.6000000238
14881  33.174  -70.176  -1.402 0.6999999881
127796  32.734  -70.465  -1.916 0.6000000238
15652  34.704  -69.768  -3.529 0.6999999881
14873  32.949  -69.989  -0.622 0.6999999881
14160  31.104  -70.763  -0.001 0.6999999881
16433  35.650  -69.432  -3.955 0.6999999881
17289  36.590  -68.261  -4.477 0.6999999881
18899  38.708  -66.585  -5.038 0.5000000000
18091  38.206  -67.229  -4.770 0.6000000238
25429  31.791  -58.312  0.589 0.5000000000
19772  40.659  -64.528  -5.266 0.6000000238
19768  40.131  -65.276  -5.098 0.6000000238
25442  33.264  -59.051  -0.827 0.6000000238
25444  32.293  -58.012  -0.192 0.5000000000
117100  40.387  -62.622  -6.030 0.6000000238
118196  39.886  -64.609  -5.446 0.6000000238
24374  34.909  -59.379  -3.148 0.6000000238
25465  33.652  -58.522  -2.187 0.5000000000
25457  33.178  -57.855  -2.020 0.5000000000
22415  39.962  -61.719  -6.136 0.6999999881
129746  38.695  -60.135  -5.708 0.6999999881
112886  36.831  -59.386  -4.597 0.6999999881
25481  35.657  -58.327  -4.174 0.5000000000
131215  37.165  -58.827  -4.856 0.6000000238
14885  34.159  -70.114  -3.423 0.6000000238
15642  33.815  -69.981  -1.845 0.6999999881
14886  33.955  -70.347  -2.978 0.6000000238
16421  34.111  -69.217  -1.413 0.6999999881
16432  36.238  -69.267  -4.016 0.6999999881
17287  37.580  -67.794  -4.296 0.6999999881
16437  36.662  -68.833  -4.102 0.6999999881
18084  38.899  -66.659  -4.679 0.6000000238
26498  31.656  -57.436  0.230 0.4000000060
18890  39.990  -65.525  -4.996 0.5000000000
26516  32.731  -57.269  -1.887 0.4000000060
22414  41.143  -62.096  -6.165 0.6000000238
21504  40.520  -63.612  -5.747 0.6000000238
25472  34.481  -58.561  -3.271 0.5000000000
25473  34.008  -58.043  -3.089 0.5000000000
25480  36.478  -58.590  -4.479 0.5000000000
129791  35.378  -57.418  -4.201 0.4000000060
23383  40.182  -60.366  -6.332 0.6000000238
127047  38.875  -58.888  -5.960 0.6999999881
25479  37.911  -58.636  -5.423 0.6000000238
26551  37.877  -57.684  -5.381 0.5000000000
16420  34.928  -68.864  -1.894 0.6000000238
16419  35.717  -68.903  -2.616 0.6999999881
16425  36.050  -69.219  -3.504 0.6999999881
16416  34.179  -68.442  -1.189 0.6999999881
17269  34.618  -67.811  -1.364 0.6999999881
16424  36.656  -68.864  -3.834 0.6000000238
17276  37.627  -67.804  -3.760 0.6000000238
20629  40.535  -64.565  -4.557 0.6000000238
19761  40.024  -65.285  -4.624 0.5000000000
19767  40.554  -64.960  -5.055 0.6000000238
126452  41.458  -62.181  -5.939 0.6000000238
120067  40.832  -63.522  -5.416 0.6000000238
26529  34.394  -57.805  -3.483 0.4000000060
26530  33.739  -57.382  -3.214 0.5000000000
26524  32.992  -57.186  -2.678 0.4000000060
23382  41.343  -60.507  -6.353 0.6000000238
27528  34.413  -57.149  -3.625 0.4000000060
25489  40.040  -58.749  -6.497 0.6000000238
118879  38.860  -58.168  -5.967 0.5000000000
17273  35.552  -68.169  -2.005 0.6999999881
17272  36.420  -68.513  -2.945 0.6000000238
18075  35.124  -67.080  -1.602 0.6999999881
18074  36.055  -67.457  -2.254 0.6000000238
17277  36.967  -67.769  -3.041 0.6000000238
18070  34.271  -66.783  -1.050 0.6999999881
18077  38.150  -67.036  -3.640 0.5000000000
21500  40.093  -63.282  -3.843 0.6000000238
19762  39.684  -64.641  -3.793 0.6000000238
21499  40.992  -63.379  -4.913 0.6000000238
22404  41.086  -62.272  -5.100 0.5000000000
23381  41.556  -60.763  -6.111 0.6000000238
24396  40.737  -59.656  -6.492 0.6000000238
26549  40.007  -57.723  -6.556 0.5000000000
18877  35.742  -65.652  -1.600 0.6999999881
18073  36.540  -66.578  -2.346 0.6999999881
19751  38.241  -64.852  -2.778 0.6000000238
19750  38.841  -64.537  -3.148 0.5000000000
22405  40.046  -62.393  -3.985 0.6000000238
21492  39.217  -63.274  -3.206 0.6000000238
23377  41.084  -61.303  -5.145 0.6000000238
24389  41.547  -60.176  -5.916 0.6000000238
114858  41.078  -58.135  -6.764 0.5000000000
12601  30.217  -73.568  2.548 0.5000000000
126213  30.643  -71.390  1.431 0.5000000000
129928  30.510  -73.010  2.795 0.5000000000
14151  30.211  -71.980  1.883 0.5000000000
14150  31.267  -70.936  0.939 0.6999999881
110748  31.688  -70.388  1.787 0.6999999881
113538  31.348  -70.972  1.704 0.5000000000
14136  30.926  -71.542  2.242 0.5000000000
14867  32.468  -70.052  0.578 0.6999999881
14862  32.175  -70.168  1.183 0.6999999881
15628  33.056  -69.007  -0.170 0.6999999881
9895  30.068  -77.412  -0.419 0.3000000119
114013  33.504  -63.575  -1.425 0.6999999881
18884  33.171  -65.372  -2.880 0.6000000238
21485  33.932  -62.806  -1.143 0.6999999881
22378  33.164  -61.500  -0.251 0.6999999881
119276  29.715  -71.473  0.119 0.6000000238
20633  38.320  -64.253  -5.201 0.6000000238
23370  36.486  -59.959  -4.224 0.6999999881
24365  33.796  -59.249  -1.478 0.6000000238
24392  36.039  -59.146  -4.097 0.6999999881
24375  34.260  -59.115  -2.498 0.6000000238
24391  37.646  -59.436  -5.208 0.6999999881
26510  32.757  -57.726  -1.110 0.5000000000
26511  32.168  -57.314  -0.572 0.5000000000
26539  37.120  -58.106  -4.828 0.5000000000
18892  38.888  -66.632  -4.167 0.5000000000
125077  35.612  -66.498  -1.791 0.6999999881
18881  39.194  -65.566  -3.794 0.5000000000
23376  41.617  -61.080  -5.899 0.6000000238
24395  41.441  -59.967  -6.154 0.6000000238
18883  37.471  -66.265  -2.733 0.6000000238
19752  37.423  -65.117  -2.384 0.5000000000
15614  31.636  -69.484  2.706 0.6000000238
15578  32.165  -69.104  5.983 0.6000000238
17191  32.240  -67.640  6.192 0.4000000060
115236  31.433  -69.261  3.705 0.5000000000
128299  31.934  -69.690  1.753 0.6000000238
121101  28.139  -68.710  -2.347 0.5000000000
17190  33.058  -67.692  6.364 0.4000000060
16429  29.894  -68.560  -2.564 0.5000000000
17279  29.600  -67.567  -2.394 0.5000000000
15579  31.770  -69.763  5.404 0.5000000000
17984  33.036  -66.246  6.372 0.4000000060
17278  30.474  -67.886  -2.617 0.5000000000
18080  30.261  -66.205  -2.582 0.5000000000
125021  31.692  -68.886  5.583 0.6000000238
16391  31.532  -68.624  2.935 0.5000000000
15619  32.421  -69.634  0.904 0.6000000238
18796  34.272  -65.223  6.068 0.4000000060
19668  34.822  -64.641  5.953 0.4000000060
17207  31.762  -67.514  5.755 0.4000000060
19760  29.102  -64.687  -2.531 0.5000000000
15594  31.368  -68.926  4.809 0.5000000000
18887  30.435  -65.360  -2.599 0.5000000000
19759  29.641  -64.103  -2.572 0.5000000000
16397  31.761  -68.794  2.080 0.6000000238
16396  32.206  -68.913  1.298 0.6000000238
16408  32.634  -68.935  0.500 0.6000000238
18885  32.225  -65.373  -2.780 0.5000000000
20626  30.138  -63.733  -2.471 0.5000000000
20628  29.062  -63.561  -2.596 0.4000000060
17242  31.593  -67.962  2.372 0.5000000000
128615  31.465  -67.934  3.106 0.5000000000
128462  32.061  -67.432  1.300 0.6000000238
17265  32.457  -67.222  0.690 0.6000000238
17264  32.835  -68.036  0.006 0.6000000238
18067  32.977  -66.883  -0.070 0.6000000238
17985  32.326  -66.363  6.276 0.4000000060
18780  33.296  -65.322  6.403 0.4000000060
119212  31.614  -63.805  -1.572 0.5000000000
20627  29.457  -63.315  -2.559 0.5000000000
21497  28.869  -61.980  -3.006 0.4000000060
20618  32.070  -64.279  -2.058 0.6000000238
121757  29.115  -62.651  -2.756 0.4000000060
17228  31.357  -67.516  3.737 0.6000000238
18056  32.158  -66.682  1.364 0.6000000238
18068  32.638  -66.277  0.695 0.6000000238
18867  33.307  -65.818  -0.003 0.6000000238
20532  34.451  -63.580  6.695 0.4000000060
21486  31.181  -63.311  -1.025 0.5000000000
22390  28.948  -61.610  -2.938 0.4000000060
21490  27.883  -61.442  -2.639 0.4000000060
18012  31.340  -66.477  4.866 0.6000000238
17986  31.620  -66.670  5.546 0.4000000060
130750  31.422  -65.967  3.361 0.6000000238
116105  31.346  -67.056  4.399 0.6000000238
18041  31.552  -66.518  2.701 0.5000000000
18856  32.286  -65.757  1.476 0.6000000238
131061  31.919  -65.725  2.022 0.5000000000
18874  34.072  -65.892  -0.633 0.6000000238
133191  35.158  -63.585  6.611 0.4000000060
18781  32.461  -65.702  6.337 0.4000000060
21472  31.612  -62.797  -0.291 0.6000000238
120116  29.156  -61.556  -2.180 0.5000000000
23349  27.876  -60.281  -2.124 0.5000000000
21491  26.894  -60.853  -2.339 0.5000000000
116608  31.551  -65.235  5.710 0.4000000060
124324  31.972  -65.163  6.231 0.4000000060
18816  31.260  -65.221  4.765 0.5000000000
19709  31.835  -64.438  2.468 0.5000000000
19708  32.285  -64.395  1.962 0.5000000000
113850  33.456  -64.905  0.406 0.6000000238
18866  34.053  -65.080  -0.159 0.6000000238
18878  34.863  -65.978  -1.244 0.6000000238
21410  33.058  -62.966  7.077 0.4000000060
20533  33.511  -63.665  6.803 0.4000000060
20515  33.993  -62.969  7.135 0.4000000060
20514  34.873  -63.082  7.047 0.4000000060
21471  32.577  -62.438  -0.270 0.6000000238
21411  32.329  -62.984  6.727 0.4000000060
19645  33.021  -64.467  6.634 0.4000000060
22379  29.413  -61.762  -0.676 0.6000000238
23334  28.191  -60.517  -0.815 0.5000000000
23350  27.115  -59.666  -2.259 0.4000000060
19647  31.738  -64.512  6.074 0.4000000060
119717  31.323  -65.363  3.747 0.5000000000
130513  33.439  -64.191  0.917 0.5000000000
19733  34.158  -64.278  0.323 0.6000000238
18873  34.590  -65.270  -0.646 0.6000000238
19746  35.965  -64.703  -1.298 0.6000000238
121483  33.559  -62.194  7.509 0.4000000060
22364  32.374  -61.591  0.247 0.6000000238
21459  31.130  -62.285  0.244 0.6000000238
22368  28.942  -61.301  -0.014 0.5000000000
24351  26.247  -59.332  -1.507 0.5000000000
21412  31.766  -62.967  6.252 0.4000000060
19680  31.231  -64.174  4.754 0.4000000060
20569  31.340  -63.653  3.927 0.5000000000
20578  32.295  -63.678  2.386 0.5000000000
19741  34.820  -64.428  -0.307 0.5000000000
22306  34.161  -61.969  8.005 0.4000000060
23317  31.155  -60.942  1.065 0.6000000238
23318  29.362  -61.128  1.022 0.5000000000
23320  27.837  -60.255  0.168 0.5000000000
20579  31.556  -64.057  3.094 0.5000000000
20587  33.646  -63.304  1.324 0.4000000060
20596  34.807  -63.583  0.269 0.4000000060
19740  35.534  -64.276  -0.706 0.4000000060
19745  36.739  -64.380  -1.622 0.6000000238
20623  38.189  -63.879  -2.520 0.4000000060
23245  33.912  -60.513  8.569 0.4000000060
21397  32.629  -62.198  7.145 0.4000000060
23316  32.096  -60.716  0.566 0.6000000238
121937  31.968  -62.208  6.661 0.4000000060
24330  32.219  -59.716  0.454 0.5000000000
22357  30.211  -61.056  1.281 0.5000000000
23308  28.390  -60.361  1.243 0.5000000000
111763  26.906  -59.735  1.004 0.4000000060
114037  29.911  -60.347  1.628 0.4000000060
21451  32.701  -62.738  2.605 0.5000000000
21450  33.381  -62.390  2.189 0.5000000000
20586  34.273  -62.724  1.113 0.6000000238
21469  35.962  -62.903  -0.373 0.4000000060
122663  36.547  -63.004  -0.809 0.4000000060
20615  37.582  -63.244  -1.835 0.4000000060
121902  35.786  -62.079  -0.133 0.5000000000
24331  31.682  -59.161  0.869 0.5000000000
23306  30.676  -60.266  1.441 0.6000000238
24311  31.004  -59.413  1.457 0.4000000060
22387  37.272  -61.830  -1.676 0.5000000000
21493  38.328  -63.063  -2.460 0.5000000000
22362  35.313  -61.091  0.605 0.5000000000
21457  34.808  -62.218  0.833 0.5000000000
21468  36.364  -62.356  -0.648 0.5000000000
22388  36.644  -61.883  -1.039 0.5000000000
23259  32.428  -60.639  7.372 0.4000000060
114509  40.994  -60.374  -5.169 0.5000000000
116437  38.901  -62.484  -3.013 0.4000000060
119142  37.936  -62.331  -2.289 0.5000000000
22375  36.189  -61.559  -0.498 0.5000000000
22376  35.690  -61.283  0.075 0.5000000000
25411  31.229  -58.554  1.318 0.4000000060
23368  39.974  -60.449  -4.250 0.4000000060
23369  38.933  -60.540  -3.485 0.4000000060
117265  39.983  -61.387  -4.118 0.5000000000
22396  38.920  -61.489  -3.242 0.5000000000
23346  37.287  -60.732  -2.003 0.5000000000
22397  37.982  -61.591  -2.493 0.5000000000
23330  36.563  -61.003  -1.158 0.5000000000
24364  36.699  -60.197  -1.518 0.5000000000
130182  37.599  -60.052  -2.465 0.4000000060
19757  31.604  -64.758  -2.447 0.5000000000
20609  32.141  -63.313  -0.780 0.6000000238
18886  31.328  -65.303  -2.610 0.6000000238
121337  29.262  -69.180  -2.486 0.5000000000
25428  32.304  -58.842  0.178 0.5000000000
18876  36.586  -65.391  -1.998 0.6000000238
19744  37.487  -64.100  -2.037 0.4000000060
124630  29.814  -64.826  -2.603 0.5000000000
19758  30.543  -64.591  -2.484 0.5000000000
21495  29.663  -62.848  -2.480 0.4000000060
21489  28.455  -61.945  -2.834 0.4000000060
118082  31.319  -66.019  4.248 0.6000000238
21487  30.270  -62.828  -1.707 0.6000000238
22391  28.489  -61.049  -2.620 0.4000000060
19646  32.273  -64.459  6.429 0.4000000060
21458  31.880  -62.200  0.216 0.6000000238
21473  30.725  -62.735  -0.589 0.6000000238
22380  28.673  -61.039  -1.564 0.5000000000
126151  26.841  -59.981  -2.344 0.5000000000
21476  26.576  -61.862  -1.289 0.5000000000
23336  26.829  -59.216  -1.937 0.5000000000
22367  29.752  -61.667  0.508 0.5000000000
23335  27.365  -59.623  -1.439 0.5000000000
23319  28.608  -60.786  0.631 0.5000000000
20597  34.184  -63.489  0.749 0.5000000000
24332  27.133  -59.715  -0.199 0.5000000000
20568  31.922  -63.184  3.178 0.5000000000
122728  31.473  -60.058  1.019 0.6000000238
20616  36.905  -63.481  -1.373 0.3000000119
24372  38.146  -59.835  -3.049 0.4000000060
128852  37.655  -83.309  2.489 0.3000000119
6132  39.114  -83.865  2.336 0.3000000119
6734  38.696  -83.173  2.513 0.3000000119
122998  40.213  -82.903  0.980 0.3000000119
6131  39.551  -83.727  1.805 0.3000000119
7315  40.348  -82.377  1.604 0.3000000119
6790  39.275  -82.560  0.220 0.3000000119
6789  40.313  -82.167  0.367 0.3000000119
8526  40.596  -79.938  0.555 0.3000000119
7340  41.098  -81.521  1.096 0.3000000119
7373  40.518  -81.433  -0.009 0.3000000119
7374  39.407  -81.721  -0.137 0.3000000119
7928  41.050  -80.944  0.902 0.3000000119
8525  40.913  -79.385  -0.257 0.3000000119
8532  40.887  -80.016  -0.059 0.3000000119
7944  40.835  -80.269  -0.256 0.4000000060
7945  40.558  -80.742  -0.268 0.4000000060
8534  38.742  -80.041  -0.733 0.4000000060
113008  37.667  -79.950  -0.429 0.3000000119
9197  41.050  -78.221  -1.523 0.3000000119
118279  40.978  -78.977  -1.050 0.4000000060
9198  40.268  -78.692  -1.576 0.4000000060
8533  40.037  -80.083  -0.948 0.4000000060
9907  41.792  -77.041  -1.544 0.3000000119
8554  37.843  -79.252  -0.890 0.4000000060
11191  42.280  -75.958  -2.236 0.4000000060
10567  41.992  -76.386  -2.281 0.4000000060
8555  36.839  -78.585  -1.271 0.3000000119
9220  40.935  -77.439  -1.951 0.4000000060
9221  40.321  -77.954  -1.922 0.3000000119
9222  39.394  -78.001  -2.117 0.4000000060
11192  41.417  -75.643  -2.634 0.4000000060
9223  38.224  -77.936  -2.223 0.5000000000
9199  39.135  -78.610  -1.691 0.4000000060
10514  29.895  -76.263  1.094 0.5000000000
128561  41.448  -74.196  -2.607 0.4000000060
9200  38.014  -78.589  -1.556 0.4000000060
10542  30.796  -77.108  -0.728 0.3000000119
116790  31.252  -76.779  0.147 0.4000000060
9928  34.517  -77.429  -2.148 0.3000000119
14893  27.037  -70.147  -2.447 0.4000000060
15648  27.581  -69.490  -2.419 0.4000000060
113247  29.047  -72.301  0.992 0.4000000060
13369  29.555  -72.492  1.584 0.4000000060
132759  28.650  -73.730  1.333 0.4000000060
126227  40.545  -75.835  -2.680 0.4000000060
9943  39.767  -77.192  -2.351 0.3000000119
122218  38.762  -77.396  -2.453 0.5000000000
12619  29.085  -73.926  1.686 0.4000000060
11139  29.450  -75.581  1.430 0.4000000060
115259  40.531  -75.159  -2.775 0.4000000060
10527  30.473  -76.909  0.397 0.4000000060
9925  37.175  -77.972  -1.920 0.4000000060
10526  31.574  -76.336  0.748 0.5000000000
9926  36.178  -77.798  -1.748 0.5000000000
111905  31.998  -76.551  -0.089 0.4000000060
10541  31.472  -76.774  -1.061 0.4000000060
9947  34.675  -77.109  -2.298 0.3000000119
10540  32.258  -76.506  -1.375 0.4000000060
16430  28.972  -68.198  -2.319 0.4000000060
14161  30.436  -71.213  0.551 0.4000000060
116177  39.727  -75.290  -2.630 0.4000000060
116364  39.641  -76.163  -2.612 0.4000000060
11868  29.828  -74.288  2.201 0.4000000060
11138  30.111  -75.695  1.520 0.5000000000
11193  38.645  -75.564  -2.396 0.4000000060
10570  38.710  -76.565  -2.550 0.4000000060
11124  30.659  -75.446  1.910 0.5000000000
11936  39.043  -74.780  -2.238 0.4000000060
11181  38.299  -75.047  -1.926 0.4000000060
124257  37.799  -76.121  -2.323 0.4000000060
11194  37.109  -75.873  -1.983 0.5000000000
11195  36.347  -75.983  -1.873 0.5000000000
126883  30.471  -74.843  2.408 0.4000000060
11137  31.448  -75.862  1.499 0.5000000000
12647  39.120  -73.930  -0.990 0.4000000060
10554  35.502  -76.221  -1.807 0.5000000000
11153  32.260  -76.205  0.876 0.4000000060
10573  35.048  -76.728  -2.075 0.4000000060
10556  33.940  -76.559  -2.208 0.4000000060
112329  32.975  -76.391  -1.670 0.4000000060
10525  33.035  -76.288  -0.287 0.4000000060
121227  30.573  -74.239  2.813 0.4000000060
13330  31.009  -72.780  3.268 0.3000000119
11182  37.706  -75.496  -1.955 0.4000000060
11183  36.877  -75.555  -1.533 0.4000000060
11867  31.125  -74.819  2.926 0.4000000060
21475  27.347  -62.018  -1.836 0.4000000060
12631  38.851  -73.543  -0.008 0.4000000060
11926  38.556  -74.557  -1.397 0.4000000060
117107  35.975  -75.736  -1.467 0.5000000000
11184  35.187  -75.965  -1.402 0.5000000000
11122  32.016  -75.270  2.908 0.5000000000
11136  32.197  -75.745  1.928 0.4000000060
11912  38.499  -74.209  -0.510 0.4000000060
11185  34.410  -76.179  -1.428 0.4000000060
11135  33.120  -76.002  1.191 0.4000000060
11169  34.056  -76.100  -0.455 0.4000000060
112513  33.796  -76.037  0.493 0.4000000060
13346  31.250  -71.882  3.037 0.4000000060
11851  31.095  -74.173  3.359 0.3000000119
11913  37.849  -74.684  -0.616 0.4000000060
11914  37.100  -75.171  -0.774 0.4000000060
117294  31.865  -74.473  3.603 0.3000000119
11899  37.288  -74.933  0.163 0.4000000060
11150  36.522  -75.326  -0.148 0.4000000060
11167  35.703  -75.576  -0.633 0.5000000000
12616  38.465  -73.473  1.025 0.4000000060
11879  37.329  -74.619  1.119 0.4000000060
119678  35.229  -75.658  0.163 0.4000000060
11152  34.547  -75.835  0.382 0.4000000060
14135  31.491  -71.010  2.556 0.4000000060
11151  35.892  -75.444  0.496 0.4000000060
131032  32.770  -81.523  -0.313 0.3000000119
9165  40.903  -79.149  0.023 0.3000000119
129776  41.507  -78.094  -0.857 0.3000000119
10539  42.262  -76.503  -1.948 0.4000000060
12666  40.646  -73.864  -2.550 0.4000000060
12667  39.992  -74.448  -2.599 0.4000000060
12658  40.613  -73.082  -2.131 0.4000000060
12646  39.553  -73.257  -0.751 0.4000000060
12580  31.483  -73.514  3.804 0.3000000119
13383  38.972  -72.981  0.704 0.4000000060
13329  31.583  -72.400  3.935 0.4000000060
12579  32.282  -73.856  4.235 0.4000000060
11866  32.797  -74.884  3.333 0.4000000060
13368  38.128  -73.168  1.859 0.4000000060
11880  36.732  -74.794  1.573 0.4000000060
11881  35.996  -75.175  1.532 0.4000000060
131216  35.394  -75.275  1.795 0.4000000060
126645  34.118  -75.359  2.400 0.3000000119
117960  33.150  -75.505  2.410 0.4000000060
12598  37.449  -73.553  2.271 0.4000000060
10513  30.773  -76.165  1.105 0.4000000060
14122  31.526  -71.420  3.504 0.4000000060
5585  39.045  -84.520  1.738 0.3000000119
122925  39.531  -82.720  2.174 0.3000000119
6154  39.611  -83.541  0.934 0.3000000119
6794  33.778  -82.656  -0.727 0.3000000119
111540  34.009  -82.060  -0.099 0.3000000119
6778  40.613  -82.372  0.856 0.3000000119
129969  40.895  -80.424  0.228 0.3000000119
124161  41.020  -81.241  0.648 0.4000000060
7946  39.647  -80.864  -0.497 0.4000000060
8552  40.836  -79.586  -0.502 0.3000000119
9196  41.364  -78.393  -1.047 0.3000000119
119416  40.575  -79.531  -1.019 0.4000000060
8553  38.963  -79.279  -1.212 0.4000000060
121403  41.705  -77.460  -1.171 0.3000000119
113145  42.364  -74.733  -2.181 0.4000000060
9944  37.940  -77.035  -2.434 0.4000000060
9946  35.591  -77.122  -2.046 0.5000000000
10574  34.194  -76.890  -2.422 0.3000000119
9945  36.535  -77.240  -2.036 0.5000000000
117772  39.634  -73.608  -1.507 0.4000000060
11168  34.855  -75.857  -0.586 0.4000000060
11134  34.122  -75.682  1.445 0.4000000060
14820  33.020  -70.744  5.781 0.4000000060
14094  32.080  -71.276  5.137 0.4000000060
112614  33.573  -70.010  5.874 0.4000000060
15577  33.187  -69.126  6.173 0.3000000119
14822  31.733  -70.706  4.923 0.4000000060
15605  31.558  -70.126  3.403 0.4000000060
18039  40.882  -66.463  2.548 0.3000000119
114017  39.931  -66.679  2.246 0.3000000119
18813  37.585  -65.395  4.340 0.3000000119
18815  36.012  -65.763  4.489 0.3000000119
18795  35.737  -65.219  5.010 0.3000000119
18797  33.865  -66.017  6.100 0.3000000119
123389  39.256  -66.441  2.665 0.3000000119
112991  38.834  -65.732  3.615 0.3000000119
18812  38.550  -65.433  4.242 0.3000000119
114602  42.129  -66.270  2.608 0.3000000119
18024  41.403  -66.016  3.200 0.3000000119
19666  36.323  -64.812  5.192 0.3000000119
19667  35.576  -64.584  5.666 0.3000000119
18811  39.535  -65.550  4.139 0.3000000119
19664  38.776  -64.908  5.738 0.3000000119
111600  37.022  -64.719  5.478 0.3000000119
18790  40.977  -65.173  4.857 0.3000000119
18791  40.054  -65.249  4.916 0.3000000119
19639  39.340  -64.650  6.514 0.3000000119
19662  40.595  -64.950  5.597 0.3000000119
19622  39.951  -64.296  7.232 0.3000000119
113553  41.355  -65.362  4.230 0.3000000119
19641  37.196  -64.450  6.394 0.3000000119
20529  37.064  -64.092  7.157 0.3000000119
21394  36.041  -62.969  7.914 0.3000000119
19637  41.166  -64.539  6.246 0.3000000119
19640  38.445  -64.614  6.536 0.3000000119
20499  37.746  -63.209  8.485 0.3000000119
20528  40.829  -64.219  7.044 0.3000000119
111043  39.713  -63.753  7.929 0.3000000119
20509  39.028  -63.668  8.139 0.3000000119
117479  39.029  -62.453  9.105 0.3000000119
21381  35.602  -62.322  8.394 0.3000000119
20500  36.865  -63.152  8.264 0.3000000119
22292  35.981  -61.781  8.916 0.3000000119
23244  34.747  -60.785  9.038 0.3000000119
23258  33.092  -60.614  7.933 0.3000000119
121455  34.538  -60.045  9.052 0.3000000119
24247  34.032  -59.484  8.699 0.3000000119
122851  32.646  -59.988  7.685 0.3000000119
16353  34.028  -68.540  6.026 0.3000000119
120623  32.561  -69.927  5.858 0.4000000060
121236  34.597  -65.778  5.661 0.3000000119
20530  36.398  -63.995  6.668 0.3000000119
14819  33.947  -70.809  5.719 0.5000000000
18827  40.489  -66.082  3.233 0.3000000119
111849  37.860  -64.812  5.814 0.3000000119
18814  36.734  -65.591  4.284 0.3000000119
17998  35.237  -65.957  5.016 0.3000000119
17204  35.080  -66.913  4.991 0.3000000119
18792  39.128  -65.193  4.940 0.3000000119
18810  40.506  -65.508  4.276 0.3000000119
19642  36.366  -64.399  5.906 0.3000000119
19663  39.674  -64.966  5.680 0.3000000119
20496  40.306  -63.167  8.307 0.3000000119
21377  40.005  -62.495  8.824 0.3000000119
19624  37.876  -64.284  7.175 0.3000000119
20527  41.623  -63.894  6.750 0.3000000119
21378  38.108  -62.623  9.057 0.3000000119
11849  33.407  -74.480  3.759 0.3000000119
11848  34.261  -74.555  3.585 0.4000000060
13327  36.531  -72.705  3.573 0.4000000060
13328  35.735  -73.033  4.121 0.4000000060
11832  33.092  -73.973  4.310 0.3000000119
13310  36.111  -72.257  4.133 0.4000000060
14121  36.642  -71.805  3.683 0.3000000119
12578  33.906  -74.054  4.206 0.4000000060
13311  35.459  -72.261  4.638 0.4000000060
14106  36.030  -71.383  4.403 0.3000000119
13313  33.258  -72.854  5.127 0.3000000119
13312  34.074  -72.940  5.003 0.4000000060
14107  35.181  -71.521  5.067 0.4000000060
13298  32.958  -72.153  5.377 0.3000000119
13297  33.762  -72.255  5.346 0.4000000060
14818  34.814  -70.808  5.377 0.4000000060
12559  32.777  -73.356  4.712 0.3000000119
14109  32.284  -71.951  5.115 0.3000000119
14110  31.793  -71.606  4.512 0.3000000119
12560  32.058  -73.082  4.487 0.3000000119
14108  34.635  -72.284  5.109 0.4000000060
132773  35.059  -73.492  4.250 0.4000000060
11164  42.381  -76.125  -1.931 0.3000000119
11863  35.519  -74.930  2.420 0.3000000119
11878  41.757  -73.758  0.998 0.3000000119
11896  41.845  -74.336  -0.067 0.3000000119
11910  42.399  -75.334  -1.629 0.3000000119
11933  42.444  -75.581  -2.071 0.3000000119
11847  35.146  -74.504  3.312 0.3000000119
11862  36.387  -74.588  2.226 0.3000000119
111168  43.442  -73.351  0.689 0.3000000119
11909  42.740  -74.297  -1.212 0.3000000119
12630  43.035  -73.574  -0.362 0.3000000119
12657  42.675  -74.075  -1.837 0.3000000119
13410  41.905  -72.862  -2.304 0.3000000119
12575  36.294  -73.497  3.356 0.3000000119
12614  44.722  -73.349  1.705 0.3000000119
118335  43.700  -73.231  0.232 0.3000000119
12628  44.312  -73.106  0.898 0.3000000119
12656  42.942  -73.979  -1.319 0.3000000119
12645  43.224  -73.522  -0.654 0.3000000119
13403  42.607  -73.170  -2.010 0.3000000119
13381  44.462  -72.737  0.567 0.3000000119
13394  44.010  -72.681  -0.494 0.3000000119
131146  43.074  -73.339  -1.482 0.3000000119
114076  43.537  -72.796  -1.208 0.3000000119
13411  41.231  -72.509  -2.101 0.3000000119
13397  40.023  -72.502  -0.677 0.3000000119
13382  39.447  -72.755  0.084 0.3000000119
13365  44.946  -72.992  1.519 0.3000000119
14179  41.858  -72.184  -2.103 0.3000000119
14173  43.135  -71.486  -1.673 0.3000000119
13396  40.653  -72.243  -1.497 0.3000000119
13345  37.050  -73.155  2.971 0.3000000119
14165  44.794  -71.089  0.136 0.3000000119
122796  45.591  -71.358  1.018 0.3000000119
14876  44.214  -70.966  -0.701 0.3000000119
14172  43.752  -71.850  -1.159 0.3000000119
14174  41.468  -71.656  -1.685 0.3000000119
14159  39.924  -71.882  0.208 0.3000000119
13367  38.681  -72.723  1.375 0.3000000119
13344  37.683  -72.770  2.516 0.3000000119
13326  37.216  -72.309  3.143 0.3000000119
11864  34.638  -75.035  2.855 0.3000000119
14871  44.031  -70.236  -0.761 0.3000000119
14878  42.702  -70.886  -1.598 0.3000000119
14167  40.395  -71.825  -0.618 0.3000000119
13366  39.242  -72.300  0.854 0.3000000119
11924  42.519  -74.957  -1.754 0.3000000119
12615  42.517  -73.670  0.271 0.3000000119
11895  42.536  -74.375  -0.774 0.3000000119
5568  38.930  -84.550  2.155 0.3000000119
6148  39.884  -83.218  1.280 0.3000000119
6733  39.419  -83.351  2.194 0.3000000119
6760  40.932  -81.971  1.114 0.3000000119
6761  40.346  -82.673  1.217 0.3000000119
6779  40.006  -82.818  0.692 0.3000000119
6795  33.074  -82.183  -0.585 0.3000000119
7357  40.978  -81.680  0.656 0.3000000119
7372  40.966  -81.031  0.259 0.4000000060
7938  40.915  -80.755  0.225 0.3000000119
8551  40.970  -79.139  -0.526 0.3000000119
9177  41.228  -78.514  -0.672 0.3000000119
9908  41.617  -77.844  -1.077 0.3000000119
9909  30.934  -76.889  -1.956 0.4000000060
9924  41.572  -77.492  -1.535 0.3000000119
9942  41.595  -76.866  -2.095 0.4000000060
10553  42.006  -76.819  -2.026 0.4000000060
10555  34.701  -76.468  -1.928 0.4000000060
10566  42.343  -76.392  -2.057 0.4000000060
10568  41.296  -76.283  -2.485 0.4000000060
10569  40.641  -76.640  -2.392 0.4000000060
10571  36.993  -76.561  -2.114 0.5000000000
10572  35.970  -76.566  -2.007 0.5000000000
11120  35.160  -75.529  1.135 0.4000000060
11121  34.850  -75.352  2.031 0.3000000119
11123  31.347  -75.386  2.329 0.4000000060
11133  36.682  -75.176  0.834 0.4000000060
11155  26.963  -75.724  0.169 0.5000000000
11165  42.202  -75.895  -1.466 0.3000000119
11166  36.394  -75.397  -0.994 0.4000000060
11180  42.427  -76.127  -2.051 0.4000000060
11850  32.674  -74.347  3.883 0.4000000060
11865  33.734  -75.042  3.123 0.3000000119
11882  29.924  -75.118  1.893 0.5000000000
11883  29.209  -74.773  1.649 0.4000000060
11884  28.529  -74.339  1.304 0.4000000060
11898  38.063  -74.259  0.421 0.4000000060
11911  42.193  -75.118  -0.955 0.3000000119
11915  27.096  -74.463  -0.056 0.5000000000
11925  39.374  -74.146  -1.885 0.4000000060
11927  37.713  -75.085  -1.415 0.4000000060
11934  41.936  -75.067  -2.520 0.4000000060
11935  40.975  -74.700  -2.788 0.4000000060
12556  34.892  -72.940  4.642 0.4000000060
12557  34.368  -73.514  4.503 0.4000000060
12558  33.568  -73.476  4.692 0.3000000119
12576  35.503  -73.819  3.713 0.3000000119
12577  34.722  -74.041  4.005 0.4000000060
12581  30.772  -73.590  3.160 0.3000000119
12599  36.735  -73.889  2.638 0.3000000119
12600  35.990  -74.262  3.000 0.3000000119
12602  29.585  -73.357  1.971 0.4000000060
12617  37.786  -73.915  1.475 0.4000000060
12618  37.132  -74.282  1.952 0.4000000060
12629  44.157  -73.277  1.073 0.3000000119
12644  43.832  -73.123  -0.056 0.3000000119
12648  27.826  -73.115  -0.167 0.4000000060
12650  26.751  -73.552  -1.429 0.4000000060
12659  40.022  -73.650  -2.174 0.4000000060
12664  42.099  -73.832  -2.346 0.4000000060
12665  41.255  -73.337  -2.422 0.3000000119
12668  26.707  -73.034  -2.005 0.4000000060
13314  32.549  -72.661  4.980 0.3000000119
13315  32.031  -72.379  4.652 0.3000000119
13347  30.645  -72.309  2.602 0.5000000000
13348  30.085  -72.769  2.252 0.5000000000
13370  28.891  -73.113  1.334 0.4000000060
13380  45.203  -72.404  1.284 0.3000000119
13395  43.432  -73.299  -0.895 0.3000000119
13398  28.762  -72.165  -0.920 0.4000000060
13399  28.127  -72.660  -1.057 0.4000000060
13404  40.102  -73.053  -1.518 0.4000000060
13405  29.084  -71.968  -1.649 0.4000000060
13407  27.922  -72.767  -1.899 0.4000000060
13413  28.295  -72.244  -2.206 0.4000000060
14091  34.318  -71.555  5.444 0.4000000060
14092  33.423  -71.503  5.579 0.4000000060
14093  32.638  -71.392  5.451 0.4000000060
14157  44.771  -72.000  0.484 0.3000000119
14158  40.419  -71.149  -0.236 0.3000000119
14162  29.683  -71.716  1.034 0.4000000060
14166  40.888  -71.360  -0.992 0.3000000119
14169  30.303  -71.160  -0.505 0.4000000060
14180  30.161  -71.195  -2.225 0.5000000000
14821  32.240  -70.639  5.444 0.4000000060
14833  31.580  -70.808  4.011 0.4000000060
14846  31.584  -70.755  3.151 0.4000000060
14855  31.637  -70.257  2.524 0.6000000238
14882  32.543  -70.322  -1.079 0.6999999881
14883  31.931  -70.579  -1.797 0.6000000238
14888  31.813  -70.422  -2.495 0.6000000238
14895  33.636  -70.303  -3.313 0.6000000238
15576  34.238  -69.288  5.789 0.3000000119
15629  32.767  -69.632  0.037 0.6999999881
15637  33.355  -69.522  -0.845 0.6999999881
15641  34.525  -69.715  -2.397 0.6999999881
15644  35.482  -69.531  -3.735 0.6999999881
15645  34.668  -69.888  -3.378 0.6000000238
15646  31.307  -70.292  -2.529 0.6000000238
15647  28.646  -69.841  -2.439 0.6000000238
15649  26.638  -69.264  -2.447 0.4000000060
15653  33.358  -70.133  -3.444 0.6000000238
16337  32.595  -68.395  6.247 0.4000000060
16354  33.371  -68.327  6.270 0.4000000060
16355  31.915  -68.320  5.930 0.6000000238
16356  31.520  -68.161  5.371 0.6000000238
16368  31.314  -67.876  4.577 0.6000000238
16378  31.341  -68.339  3.818 0.5000000000
16417  33.565  -68.683  -0.671 0.6999999881
16426  35.318  -69.513  -2.966 0.6999999881
16428  30.788  -68.941  -2.828 0.6000000238
16434  34.769  -69.121  -3.956 0.8000000119
16435  33.050  -69.516  -3.563 0.6999999881
16438  36.334  -68.908  -4.222 0.6999999881
16439  35.499  -68.889  -4.232 0.6999999881
17192  31.977  -66.867  6.092 0.4000000060
17253  32.288  -68.094  0.880 0.6000000238
17254  31.839  -68.045  1.608 0.6000000238
17270  33.686  -67.592  -0.700 0.6000000238
17283  37.108  -68.446  -4.037 0.6999999881
17286  32.007  -67.518  -3.053 0.6999999881
17288  36.971  -68.430  -4.335 0.6999999881
17291  34.698  -68.114  -4.226 0.6999999881
17999  34.503  -66.490  5.598 0.3000000119
18000  33.627  -66.946  6.133 0.4000000060
18011  35.752  -66.550  4.427 0.3000000119
18027  31.384  -66.697  3.661 0.6000000238
18057  31.853  -66.267  2.004 0.6000000238
18071  33.616  -66.570  -0.518 0.6000000238
18078  37.496  -67.228  -3.118 0.6000000238
18085  38.290  -67.208  -4.281 0.6999999881
18086  34.206  -66.518  -3.960 0.6000000238
18089  31.793  -66.605  -2.898 0.5000000000
18090  31.153  -66.022  -2.687 0.5000000000
18092  37.224  -67.657  -4.688 0.6000000238
18782  31.836  -65.990  6.013 0.4000000060
18793  38.240  -65.130  5.020 0.3000000119
18794  36.336  -65.257  4.702 0.3000000119
18798  31.448  -65.909  5.326 0.4000000060
18828  39.553  -66.001  3.318 0.3000000119
18844  40.007  -66.321  2.787 0.3000000119
18845  31.630  -65.716  2.587 0.6000000238
18868  32.838  -65.372  0.760 0.6000000238
18872  35.219  -65.025  -0.962 0.6000000238
18882  38.323  -66.022  -3.264 0.6000000238
18891  39.466  -66.050  -4.687 0.5000000000
18896  32.786  -65.967  -3.284 0.6000000238
18898  39.483  -66.019  -4.896 0.5000000000
19623  38.957  -64.229  7.419 0.3000000119
19638  40.256  -64.653  6.405 0.3000000119
19643  34.989  -64.069  6.233 0.4000000060
19644  34.030  -64.401  6.433 0.4000000060
19661  41.488  -64.736  5.392 0.3000000119
19665  37.519  -65.004  5.060 0.3000000119
19679  36.913  -65.077  4.797 0.3000000119
19692  31.249  -64.560  3.873 0.5000000000
19721  32.623  -64.783  1.343 0.5000000000
19722  31.925  -65.104  2.069 0.5000000000
19756  32.621  -64.803  -2.445 0.6000000238
19765  34.893  -65.091  -3.405 0.6000000238
19771  36.697  -65.552  -4.649 0.6000000238
20497  39.469  -63.161  8.528 0.3000000119
20498  38.629  -63.187  8.594 0.3000000119
20508  40.505  -63.717  7.691 0.3000000119
20510  38.289  -63.759  7.979 0.3000000119
20511  37.407  -63.711  7.790 0.3000000119
20512  36.552  -63.574  7.477 0.3000000119
20513  35.688  -63.419  7.053 0.4000000060
20531  35.692  -63.988  6.305 0.4000000060
20534  32.656  -63.731  6.705 0.4000000060
20535  31.993  -63.755  6.387 0.4000000060
20577  33.119  -63.059  1.925 0.5000000000
20588  32.873  -63.893  1.611 0.4000000060
20606  36.193  -63.730  -0.858 0.4000000060
20607  35.443  -63.591  -0.274 0.4000000060
20617  34.357  -63.428  -1.621 0.6999999881
20619  30.640  -63.508  -1.957 0.5000000000
20622  38.991  -63.830  -3.126 0.5000000000
20624  34.606  -64.110  -2.295 0.6999999881
20625  31.042  -64.182  -2.162 0.6000000238
20630  39.998  -63.928  -3.753 0.6000000238
20632  40.941  -64.325  -5.017 0.6000000238
21379  37.227  -62.575  8.884 0.3000000119
21380  36.400  -62.461  8.609 0.3000000119
21382  34.821  -62.153  8.226 0.4000000060
21395  35.248  -62.750  7.659 0.4000000060
21396  34.459  -62.523  7.576 0.4000000060
21443  31.643  -62.809  3.935 0.5000000000
21453  34.353  -61.975  1.457 0.6000000238
21454  33.795  -62.527  1.664 0.6000000238
21456  35.313  -62.719  0.257 0.5000000000
21460  30.217  -62.250  0.004 0.6000000238
21474  29.840  -62.292  -1.228 0.5000000000
21482  37.596  -62.625  -1.841 0.5000000000
21483  36.974  -62.628  -1.272 0.5000000000
21484  34.781  -62.430  -1.572 0.6999999881
21488  29.425  -62.167  -2.443 0.4000000060
21496  29.137  -62.143  -2.889 0.4000000060
21498  28.523  -61.425  -2.801 0.4000000060
21501  36.759  -62.684  -3.866 0.6000000238
21503  41.257  -62.596  -5.721 0.6000000238
21507  41.153  -62.784  -5.929 0.6000000238
22293  35.228  -61.553  8.834 0.3000000119
22294  34.392  -61.421  8.505 0.4000000060
22307  33.640  -61.378  8.050 0.4000000060
22308  32.896  -61.401  7.529 0.3000000119
22316  32.180  -61.421  7.045 0.4000000060
22365  31.573  -61.572  0.570 0.6000000238
22366  30.691  -61.682  0.719 0.6000000238
22381  26.094  -61.043  -1.655 0.5000000000
22392  27.674  -60.612  -2.486 0.5000000000
22393  26.093  -60.101  -2.039 0.5000000000
22407  36.182  -61.361  -3.107 0.6999999881
22409  41.571  -61.883  -5.829 0.6000000238
22413  41.567  -61.444  -6.070 0.6000000238
23307  29.173  -60.466  1.490 0.5000000000
23333  32.843  -60.172  0.031 0.5000000000
23351  26.515  -59.477  -2.148 0.5000000000
23360  38.069  -60.696  -2.780 0.5000000000
23379  36.814  -60.728  -4.294 0.6999999881
24255  33.237  -59.758  8.190 0.3000000119
24349  32.817  -59.338  -0.217 0.5000000000
24350  26.826  -59.294  -1.281 0.5000000000
24379  40.104  -59.722  -4.429 0.4000000060
24382  35.251  -58.883  -3.706 0.5000000000
24397  39.473  -59.530  -6.184 0.6000000238
24398  38.441  -59.323  -5.666 0.6999999881
24399  41.342  -59.656  -6.417 0.6000000238
25443  32.813  -58.561  -0.591 0.6000000238
25456  33.270  -58.482  -1.396 0.6000000238
25466  33.579  -57.915  -2.676 0.5000000000
25482  34.941  -58.103  -3.851 0.5000000000
25491  41.299  -58.849  -6.583 0.5000000000
26481  31.360  -57.854  1.047 0.4000000060
111744  42.022  -71.045  -1.612 0.3000000119
111766  33.294  -70.415  -2.359 0.5000000000
112689  38.180  -62.516  -5.210 0.6000000238
112778  40.956  -65.764  3.751 0.3000000119
113149  39.889  -79.286  -1.390 0.4000000060
113812  30.152  -67.027  -2.471 0.5000000000
114451  42.434  -75.777  -1.973 0.3000000119
114675  32.507  -70.199  -0.125 0.6999999881
116558  34.416  -59.888  -1.820 0.6999999881
116892  31.708  -67.167  1.979 0.5000000000
117024  35.794  -63.185  -2.695 0.6999999881
117280  35.050  -65.215  5.522 0.3000000119
118562  31.396  -64.586  5.426 0.4000000060
119828  32.666  -66.970  6.320 0.4000000060
120072  42.411  -71.688  -1.918 0.3000000119
120354  34.515  -70.070  5.574 0.4000000060
120620  32.824  -60.930  0.101 0.6000000238
120936  31.512  -69.965  4.453 0.5000000000
121304  31.488  -67.292  2.874 0.5000000000
121890  31.415  -67.289  5.129 0.6000000238
122084  43.074  -72.416  -1.724 0.3000000119
122102  42.036  -76.616  -1.580 0.3000000119
122205  44.360  -71.857  -0.324 0.3000000119
122284  31.956  -70.464  0.521 0.6999999881
122588  31.469  -64.939  2.961 0.5000000000
122761  29.742  -77.738  -1.267 0.3000000119
123165  33.637  -76.286  -1.468 0.4000000060
124504  40.820  -61.239  -6.345 0.6000000238
124940  42.411  -72.444  -2.090 0.3000000119
125010  28.311  -76.159  0.825 0.6000000238
125132  32.571  -65.041  6.447 0.4000000060
125135  33.170  -68.771  -3.611 0.6999999881
126481  27.965  -71.892  -2.452 0.4000000060
127398  29.680  -60.770  1.408 0.5000000000
128044  39.641  -60.934  -6.108 0.6000000238
128106  40.731  -63.988  -4.467 0.6000000238
128246  31.726  -70.582  1.241 0.6999999881
128343  34.694  -62.936  0.648 0.5000000000
128545  39.421  -62.918  -5.762 0.6000000238
129326  30.572  -70.327  -2.538 0.6000000238
129372  33.313  -76.558  -2.293 0.4000000060
129591  39.897  -83.018  1.692 0.3000000119
130066  35.324  -61.770  0.481 0.5000000000
130280  33.994  -70.134  -3.436 0.6999999881
130955  31.435  -65.492  3.173 0.6000000238
131211  39.910  -83.106  1.434 0.3000000119
131281  41.986  -74.462  -2.442 0.4000000060
131530  40.198  -65.792  3.740 0.3000000119
131569  37.352  -77.391  -2.199 0.4000000060
131968  37.024  -68.346  -3.591 0.6000000238
132084  41.110  -81.601  0.912 0.4000000060
132696  44.389  -72.390  0.046 0.3000000119
132817  37.846  -64.566  6.485 0.3000000119
132975  31.350  -66.554  4.318 0.6000000238
133099  33.998  -58.422  -2.752 0.5000000000
133344  31.304  -65.901  4.828 0.6000000238
133426  33.040  -64.802  0.827 0.5000000000
133473  34.824  -57.498  -3.835 0.4000000060
133780  36.311  -60.363  -3.819 0.6999999881
133796  30.876  -75.124  2.441 0.4000000060
