#!ascii label  , from subject sub-v1s22x0050439_ses-1 vox2ras=TkReg
1859
153113  -55.693  13.983  37.999 0.0000000000
117124  -44.603  34.193  26.510 0.0000000000
106768  -44.574  20.036  37.675 0.0000000000
108586  -53.177  20.784  27.787 0.0000000000
113447  -44.179  27.359  21.254 0.0000000000
114687  -51.265  29.190  24.882 0.0000000000
108674  -49.172  21.473  19.328 0.0000000000
109459  -49.093  22.079  27.325 0.0000000000
93706  -54.624  4.491  44.112 0.0000000000
96544  -52.525  7.458  39.269 0.0000000000
121069  -41.354  40.581  29.388 0.0000000000
120075  -45.949  38.653  22.636 0.0000000000
135362  -49.903  33.317  18.847 0.0000000000
104098  -50.768  16.206  40.570 0.0000000000
148148  -45.144  26.353  29.924 0.0000000000
110303  -50.162  25.697  35.412 0.0000000000
107650  -52.918  20.542  37.288 0.0000000000
135957  -48.809  17.789  29.048 0.0000000000
104248  -44.678  16.915  23.454 0.0000000000
102589  -52.663  14.498  36.516 0.0000000000
112063  -44.191  25.161  17.598 0.0000000000
110471  -46.077  23.431  19.715 0.0000000000
107811  -44.713  19.871  17.604 0.0000000000
109557  -45.108  21.835  20.490 0.0000000000
95593  -56.467  5.735  43.016 0.0000000000
152729  -53.876  6.523  44.288 0.0000000000
121053  -39.233  39.813  32.569 0.0000000000
118954  -48.670  36.856  21.025 0.0000000000
101801  -48.396  13.401  39.386 0.0000000000
104950  -47.627  17.680  38.139 0.0000000000
117690  -41.646  34.239  28.233 0.0000000000
144669  -46.490  32.463  28.241 0.0000000000
111989  -52.265  24.903  25.814 0.0000000000
112673  -50.802  26.075  30.546 0.0000000000
109422  -51.562  22.645  31.378 0.0000000000
108503  -52.585  21.617  37.246 0.0000000000
107684  -53.395  20.198  32.428 0.0000000000
106796  -50.797  19.956  33.125 0.0000000000
105895  -52.742  17.987  28.316 0.0000000000
105911  -47.066  18.428  25.215 0.0000000000
114669  -44.734  30.219  24.891 0.0000000000
157864  -48.985  31.258  26.359 0.0000000000
113430  -47.390  26.997  24.010 0.0000000000
112043  -50.365  25.109  21.421 0.0000000000
109507  -52.768  22.507  23.258 0.0000000000
107740  -52.952  19.733  25.705 0.0000000000
110413  -49.479  23.299  23.496 0.0000000000
131839  -45.988  23.753  24.176 0.0000000000
93751  -56.172  4.809  39.849 0.0000000000
96553  -54.919  7.270  38.258 0.0000000000
99238  -52.493  10.489  37.141 0.0000000000
118882  -38.852  36.292  32.204 0.0000000000
119493  -36.979  37.305  28.745 0.0000000000
119506  -40.098  37.464  25.544 0.0000000000
144135  -42.708  35.167  22.440 0.0000000000
144972  -45.569  32.669  21.622 0.0000000000
115388  -46.909  30.222  18.681 0.0000000000
113482  -47.268  27.459  16.133 0.0000000000
116038  -48.430  31.278  16.106 0.0000000000
96535  -49.201  7.572  40.224 0.0000000000
100127  -50.607  11.449  40.112 0.0000000000
101776  -54.131  14.385  42.421 0.0000000000
132450  -44.708  24.206  35.496 0.0000000000
114639  -49.404  29.443  28.196 0.0000000000
111188  -48.318  25.182  32.962 0.0000000000
109388  -47.481  23.965  37.851 0.0000000000
107610  -50.230  21.627  40.489 0.0000000000
106718  -53.237  19.277  42.295 0.0000000000
104110  -52.706  16.624  40.076 0.0000000000
105818  -49.851  18.045  37.246 0.0000000000
145253  -47.763  17.824  34.024 0.0000000000
104173  -45.980  16.929  31.122 0.0000000000
105927  -50.573  17.056  25.191 0.0000000000
137170  -47.476  16.598  25.946 0.0000000000
103405  -43.393  15.843  27.889 0.0000000000
100146  -54.614  12.113  35.945 0.0000000000
101823  -55.763  14.060  36.308 0.0000000000
135188  -54.689  14.499  37.412 0.0000000000
110489  -44.001  23.506  15.416 0.0000000000
109582  -43.754  22.263  17.694 0.0000000000
145776  -42.905  21.740  16.084 0.0000000000
106902  -42.899  19.530  17.372 0.0000000000
105817  -46.632  18.548  37.712 0.0000000000
117703  -43.717  34.356  27.769 0.0000000000
109460  -53.030  22.409  26.943 0.0000000000
111218  -52.347  24.242  28.951 0.0000000000
108568  -52.800  21.359  29.416 0.0000000000
108536  -52.363  21.643  32.073 0.0000000000
107717  -53.847  20.126  29.858 0.0000000000
105877  -53.646  19.163  29.993 0.0000000000
106837  -54.120  18.800  28.487 0.0000000000
150435  -44.350  28.527  22.601 0.0000000000
114074  -45.312  28.372  24.567 0.0000000000
112746  -45.377  26.594  22.457 0.0000000000
109571  -47.829  22.050  18.706 0.0000000000
111287  -48.401  24.130  20.483 0.0000000000
110461  -49.719  23.190  19.745 0.0000000000
111267  -51.583  24.313  22.056 0.0000000000
109543  -51.011  22.848  21.285 0.0000000000
109505  -51.488  22.617  22.644 0.0000000000
109540  -48.440  22.428  20.962 0.0000000000
110427  -45.330  23.420  22.514 0.0000000000
150019  -55.092  6.557  41.637 0.0000000000
133385  -55.547  6.539  40.241 0.0000000000
96552  -53.753  7.440  38.348 0.0000000000
97398  -53.594  8.186  36.982 0.0000000000
97397  -52.004  8.844  37.547 0.0000000000
121062  -39.287  40.475  30.827 0.0000000000
120561  -37.690  38.922  30.242 0.0000000000
120567  -38.673  39.071  28.893 0.0000000000
120051  -38.840  37.852  26.969 0.0000000000
120575  -40.405  39.252  27.539 0.0000000000
120061  -44.336  39.159  23.906 0.0000000000
120063  -42.501  38.062  23.852 0.0000000000
118937  -43.827  36.691  21.902 0.0000000000
117166  -43.937  34.362  21.600 0.0000000000
118375  -45.314  35.570  20.868 0.0000000000
117784  -49.937  34.862  20.172 0.0000000000
116567  -47.987  32.655  20.287 0.0000000000
115999  -48.647  31.717  19.186 0.0000000000
114129  -47.742  28.097  17.196 0.0000000000
115406  -48.723  30.028  17.150 0.0000000000
114772  -48.234  29.469  16.271 0.0000000000
116030  -49.162  31.539  17.264 0.0000000000
151084  -45.780  8.213  41.590 0.0000000000
136494  -47.496  7.155  43.260 0.0000000000
96529  -47.345  7.857  41.404 0.0000000000
138947  -49.693  6.830  41.744 0.0000000000
97387  -47.789  8.698  40.395 0.0000000000
102553  -50.132  14.714  39.899 0.0000000000
100111  -49.652  11.637  40.585 0.0000000000
151512  -51.137  13.336  41.145 0.0000000000
100994  -52.509  12.679  41.296 0.0000000000
103292  -52.517  15.267  41.975 0.0000000000
111939  -43.656  25.127  31.162 0.0000000000
110309  -43.447  23.591  33.617 0.0000000000
157878  -45.076  24.318  32.277 0.0000000000
115332  -50.605  30.542  25.731 0.0000000000
115289  -50.806  31.753  27.318 0.0000000000
114647  -51.102  30.135  26.766 0.0000000000
111928  -51.220  26.189  32.738 0.0000000000
111945  -49.882  26.168  31.878 0.0000000000
153258  -49.758  26.243  34.359 0.0000000000
111905  -47.807  25.512  36.430 0.0000000000
111888  -49.018  25.379  37.624 0.0000000000
141300  -48.666  23.219  38.902 0.0000000000
109364  -49.476  23.473  38.782 0.0000000000
107656  -53.283  21.100  36.972 0.0000000000
108469  -52.712  21.246  40.379 0.0000000000
106742  -53.391  20.500  39.721 0.0000000000
104929  -54.015  17.690  41.793 0.0000000000
105795  -52.157  18.191  39.444 0.0000000000
104119  -51.247  16.666  38.679 0.0000000000
105820  -51.286  19.079  38.013 0.0000000000
105867  -49.861  19.027  31.049 0.0000000000
106794  -48.780  19.214  33.875 0.0000000000
105864  -47.832  18.322  31.971 0.0000000000
104996  -46.759  17.293  32.267 0.0000000000
105012  -47.551  17.689  29.916 0.0000000000
108598  -50.362  21.200  27.227 0.0000000000
142756  -51.844  18.534  26.180 0.0000000000
106860  -49.676  18.647  26.256 0.0000000000
105922  -45.637  18.118  24.277 0.0000000000
105935  -47.526  17.298  24.256 0.0000000000
104237  -45.814  16.812  24.146 0.0000000000
104210  -45.494  16.551  26.928 0.0000000000
144555  -44.324  16.316  24.548 0.0000000000
103419  -43.045  15.504  26.206 0.0000000000
133851  -55.464  8.637  35.105 0.0000000000
139464  -50.983  14.574  36.366 0.0000000000
112767  -43.803  26.259  19.260 0.0000000000
112039  -44.718  25.362  20.686 0.0000000000
110469  -43.701  23.903  18.881 0.0000000000
109584  -45.911  21.315  18.364 0.0000000000
107781  -46.850  20.544  18.668 0.0000000000
108671  -46.727  20.994  19.624 0.0000000000
108686  -45.355  20.036  19.047 0.0000000000
93707  -56.200  4.749  43.398 0.0000000000
156728  -56.097  4.602  45.148 0.0000000000
95600  -53.333  6.540  41.942 0.0000000000
122148  -41.875  42.190  31.143 0.0000000000
144656  -47.196  37.509  21.389 0.0000000000
118391  -50.371  35.808  19.882 0.0000000000
117802  -49.914  34.575  18.455 0.0000000000
100125  -47.065  11.423  39.786 0.0000000000
103325  -48.296  15.757  38.780 0.0000000000
104107  -49.307  16.707  39.454 0.0000000000
114635  -45.731  29.383  28.428 0.0000000000
112713  -51.603  26.545  25.099 0.0000000000
113393  -50.465  27.627  26.913 0.0000000000
111977  -51.744  25.294  28.358 0.0000000000
142888  -51.787  25.301  31.012 0.0000000000
110317  -50.820  24.666  33.086 0.0000000000
109402  -49.777  23.132  36.071 0.0000000000
109407  -51.336  22.075  33.984 0.0000000000
108517  -53.376  21.122  34.119 0.0000000000
107665  -53.251  20.647  34.961 0.0000000000
107658  -51.453  20.227  35.529 0.0000000000
106806  -52.195  19.750  32.412 0.0000000000
106828  -51.655  19.263  30.748 0.0000000000
105885  -50.683  18.322  29.344 0.0000000000
106849  -48.197  19.478  27.120 0.0000000000
106766  -42.926  20.102  37.922 0.0000000000
115951  -45.622  32.371  25.680 0.0000000000
116516  -47.272  33.347  26.369 0.0000000000
115330  -46.063  30.318  26.125 0.0000000000
114062  -47.883  28.645  25.483 0.0000000000
113418  -48.994  27.962  24.467 0.0000000000
112026  -46.523  25.659  21.896 0.0000000000
152378  -48.609  26.293  22.673 0.0000000000
112735  -50.754  26.827  23.063 0.0000000000
131617  -51.666  25.838  23.714 0.0000000000
110397  -53.029  23.205  24.226 0.0000000000
109486  -53.748  21.812  24.939 0.0000000000
107742  -53.614  19.372  25.657 0.0000000000
108631  -53.143  21.386  23.778 0.0000000000
109484  -51.012  22.443  25.163 0.0000000000
110368  -49.220  23.168  26.189 0.0000000000
110448  -46.820  23.033  21.836 0.0000000000
133664  -47.788  23.621  24.266 0.0000000000
94671  -56.615  5.595  41.523 0.0000000000
95616  -56.590  5.920  39.247 0.0000000000
96558  -56.131  7.010  37.041 0.0000000000
143198  -54.146  8.346  36.366 0.0000000000
99244  -53.650  10.539  35.986 0.0000000000
100142  -53.940  11.995  37.259 0.0000000000
117677  -37.324  34.447  31.518 0.0000000000
119480  -37.038  37.074  31.140 0.0000000000
135327  -37.240  35.006  29.125 0.0000000000
118319  -39.010  35.146  27.466 0.0000000000
118326  -39.884  35.283  26.215 0.0000000000
117731  -41.275  34.491  25.274 0.0000000000
120571  -42.227  39.999  27.876 0.0000000000
120056  -41.413  38.401  25.131 0.0000000000
118356  -41.515  36.087  23.734 0.0000000000
117145  -42.803  33.789  24.358 0.0000000000
117153  -43.878  33.047  23.381 0.0000000000
115971  -44.929  30.808  22.744 0.0000000000
115359  -44.842  30.116  21.458 0.0000000000
117782  -46.572  34.701  20.594 0.0000000000
143533  -46.788  31.783  21.087 0.0000000000
114112  -44.779  28.860  19.105 0.0000000000
113465  -45.385  27.685  17.771 0.0000000000
112780  -46.284  25.913  16.263 0.0000000000
113497  -46.362  27.008  15.300 0.0000000000
114770  -46.689  29.626  15.741 0.0000000000
117218  -49.097  33.821  16.579 0.0000000000
95598  -51.625  6.681  41.644 0.0000000000
96537  -51.223  7.261  39.976 0.0000000000
99230  -48.525  10.202  40.088 0.0000000000
98294  -49.535  9.612  39.088 0.0000000000
98297  -51.077  9.412  37.946 0.0000000000
100136  -51.596  11.455  38.734 0.0000000000
101016  -53.223  12.492  39.338 0.0000000000
158491  -55.281  13.756  40.039 0.0000000000
109384  -44.143  22.644  37.242 0.0000000000
117106  -49.310  33.927  27.997 0.0000000000
153036  -48.401  31.055  28.572 0.0000000000
134826  -46.862  27.387  29.294 0.0000000000
113385  -49.288  27.869  28.315 0.0000000000
112670  -47.769  26.421  30.213 0.0000000000
111942  -46.666  25.381  31.120 0.0000000000
131322  -46.311  24.212  34.317 0.0000000000
111114  -45.723  24.854  37.064 0.0000000000
108502  -46.026  21.446  37.856 0.0000000000
106760  -47.423  20.053  38.299 0.0000000000
106739  -48.824  19.300  39.101 0.0000000000
104925  -50.255  18.188  40.327 0.0000000000
109358  -51.408  22.048  39.253 0.0000000000
107604  -51.762  20.799  41.465 0.0000000000
104912  -52.274  17.434  42.174 0.0000000000
104082  -54.177  16.669  42.593 0.0000000000
103306  -54.457  15.795  41.720 0.0000000000
135997  -54.855  14.524  39.923 0.0000000000
102569  -52.841  14.894  38.852 0.0000000000
103326  -51.008  15.888  38.233 0.0000000000
103336  -49.794  15.992  36.970 0.0000000000
106781  -50.138  19.786  35.448 0.0000000000
105822  -48.802  17.983  36.215 0.0000000000
133080  -48.233  15.909  35.545 0.0000000000
104147  -47.122  16.199  34.251 0.0000000000
104163  -45.644  16.229  32.459 0.0000000000
105917  -53.869  17.837  25.794 0.0000000000
105050  -52.478  16.948  26.203 0.0000000000
105043  -50.342  16.987  27.273 0.0000000000
105912  -48.294  18.110  24.950 0.0000000000
104226  -48.448  16.595  25.394 0.0000000000
105041  -48.286  16.889  27.367 0.0000000000
104191  -46.537  17.199  28.640 0.0000000000
104189  -44.479  16.485  29.539 0.0000000000
143141  -55.373  13.131  37.061 0.0000000000
101031  -55.591  13.559  35.882 0.0000000000
101820  -55.792  14.002  37.213 0.0000000000
154201  -55.499  14.288  36.236 0.0000000000
154730  -55.689  14.046  37.642 0.0000000000
110493  -43.944  23.574  15.079 0.0000000000
151856  -43.457  23.126  15.592 0.0000000000
109600  -43.243  22.883  15.636 0.0000000000
104960  -45.403  17.803  37.462 0.0000000000
145422  -45.058  19.534  37.610 0.0000000000
117718  -44.208  34.399  27.208 0.0000000000
117705  -45.644  34.600  27.698 0.0000000000
154327  -45.998  34.671  27.248 0.0000000000
108600  -53.094  21.726  27.308 0.0000000000
109445  -52.729  22.552  27.797 0.0000000000
108585  -52.793  21.632  28.320 0.0000000000
145168  -53.357  20.782  30.324 0.0000000000
107726  -53.154  20.742  28.773 0.0000000000
148177  -54.046  19.221  29.449 0.0000000000
107727  -53.792  19.675  28.503 0.0000000000
146920  -44.257  28.729  21.851 0.0000000000
113427  -44.575  27.849  23.066 0.0000000000
112745  -44.591  26.950  21.937 0.0000000000
109587  -48.935  21.495  18.717 0.0000000000
110474  -49.187  22.559  19.202 0.0000000000
109574  -49.437  21.876  19.168 0.0000000000
109563  -50.405  22.794  20.494 0.0000000000
109562  -49.723  22.072  20.035 0.0000000000
109541  -49.491  22.425  20.823 0.0000000000
109561  -49.091  21.717  20.066 0.0000000000
154900  -54.542  4.529  43.432 0.0000000000
144363  -53.792  6.712  40.698 0.0000000000
95611  -54.399  6.820  39.937 0.0000000000
96545  -53.526  7.294  39.202 0.0000000000
96551  -52.763  7.676  38.524 0.0000000000
121068  -40.417  40.479  29.664 0.0000000000
121067  -39.527  40.258  29.982 0.0000000000
120564  -39.944  39.904  29.205 0.0000000000
120574  -39.733  39.210  28.029 0.0000000000
120569  -40.308  39.584  28.461 0.0000000000
120606  -46.061  39.544  23.805 0.0000000000
120605  -45.251  39.516  24.112 0.0000000000
143398  -45.106  39.060  23.438 0.0000000000
120065  -44.302  38.521  23.118 0.0000000000
142250  -44.964  37.649  21.993 0.0000000000
119537  -44.607  36.958  21.672 0.0000000000
119538  -45.502  37.304  21.560 0.0000000000
117184  -49.806  33.502  19.436 0.0000000000
116569  -49.269  33.032  19.750 0.0000000000
116013  -49.280  31.857  18.661 0.0000000000
115390  -48.583  30.519  18.117 0.0000000000
116022  -49.363  31.634  17.966 0.0000000000
115407  -49.022  30.874  17.521 0.0000000000
116599  -49.437  32.350  17.670 0.0000000000
98287  -44.843  9.532  40.558 0.0000000000
97385  -46.125  8.933  40.985 0.0000000000
96528  -46.582  7.729  41.894 0.0000000000
97383  -46.677  8.351  41.273 0.0000000000
97386  -47.316  8.364  40.910 0.0000000000
103315  -50.151  15.665  39.951 0.0000000000
102543  -50.686  14.014  40.507 0.0000000000
103304  -50.914  15.059  40.576 0.0000000000
102537  -52.293  14.166  41.724 0.0000000000
103305  -51.596  15.772  41.266 0.0000000000
151926  -44.737  27.290  29.303 0.0000000000
111959  -44.214  25.556  30.651 0.0000000000
111200  -44.036  24.622  31.710 0.0000000000
152944  -44.992  25.270  30.977 0.0000000000
114675  -50.814  29.911  25.347 0.0000000000
115333  -51.304  30.466  26.025 0.0000000000
114658  -51.457  30.035  25.908 0.0000000000
111922  -50.682  26.054  34.403 0.0000000000
111921  -50.488  26.286  34.107 0.0000000000
111907  -49.868  25.884  35.741 0.0000000000
131604  -49.325  25.940  36.584 0.0000000000
137561  -49.428  25.729  36.596 0.0000000000
111118  -49.024  24.884  38.048 0.0000000000
109398  -49.511  24.140  37.063 0.0000000000
107651  -53.332  20.969  37.543 0.0000000000
107635  -53.428  20.992  38.742 0.0000000000
138964  -53.217  20.425  38.937 0.0000000000
106741  -52.807  19.443  39.481 0.0000000000
106762  -52.384  19.675  38.516 0.0000000000
105810  -51.707  18.705  38.746 0.0000000000
106773  -52.025  19.872  37.582 0.0000000000
105874  -49.462  18.630  30.515 0.0000000000
105865  -49.097  18.815  31.370 0.0000000000
105873  -48.557  18.310  30.647 0.0000000000
105872  -47.813  18.078  31.178 0.0000000000
105013  -48.297  17.921  29.822 0.0000000000
108609  -50.000  21.965  27.063 0.0000000000
106851  -50.191  19.483  27.024 0.0000000000
107734  -49.772  20.478  27.449 0.0000000000
105932  -45.121  17.434  23.681 0.0000000000
104249  -45.927  17.079  23.854 0.0000000000
151543  -45.272  16.988  23.566 0.0000000000
145941  -45.156  16.562  24.629 0.0000000000
104235  -43.899  16.638  23.424 0.0000000000
149112  -43.533  15.953  23.978 0.0000000000
104247  -43.440  16.484  23.378 0.0000000000
98307  -54.829  9.535  34.914 0.0000000000
102601  -53.005  14.388  35.649 0.0000000000
142677  -51.753  14.550  36.565 0.0000000000
141002  -43.744  25.477  18.724 0.0000000000
112055  -43.636  24.812  19.067 0.0000000000
111301  -43.616  24.133  18.240 0.0000000000
109592  -43.987  21.198  17.396 0.0000000000
109583  -44.489  21.789  18.189 0.0000000000
108698  -45.144  20.430  17.827 0.0000000000
137480  -46.481  20.590  18.385 0.0000000000
107797  -45.626  19.979  18.093 0.0000000000
107780  -45.726  19.980  18.530 0.0000000000
107796  -45.076  19.687  18.140 0.0000000000
152512  -42.558  20.171  18.873 0.0000000000
93672  -56.008  4.208  45.924 0.0000000000
131862  -54.304  6.573  43.096 0.0000000000
131863  -53.273  6.537  42.820 0.0000000000
122137  -41.503  42.622  32.018 0.0000000000
119551  -50.145  37.079  20.630 0.0000000000
119574  -50.101  36.895  19.403 0.0000000000
119561  -49.937  37.705  19.657 0.0000000000
104127  -47.158  17.110  37.937 0.0000000000
103324  -47.435  15.559  38.416 0.0000000000
146040  -47.864  16.267  38.487 0.0000000000
104106  -48.986  15.958  39.242 0.0000000000
104951  -48.297  17.591  38.601 0.0000000000
117098  -41.265  33.709  28.510 0.0000000000
115285  -46.847  31.098  28.361 0.0000000000
111994  -51.866  25.692  25.478 0.0000000000
112708  -51.429  26.358  25.983 0.0000000000
111983  -52.210  24.789  26.730 0.0000000000
110331  -52.061  23.430  30.020 0.0000000000
111217  -52.140  24.910  29.662 0.0000000000
138033  -51.815  24.673  30.917 0.0000000000
111204  -51.606  25.289  31.741 0.0000000000
109413  -50.812  23.311  32.570 0.0000000000
109410  -50.433  23.227  33.415 0.0000000000
109414  -51.481  22.397  32.287 0.0000000000
108527  -53.457  20.439  32.285 0.0000000000
148391  -53.283  21.217  33.475 0.0000000000
108518  -53.512  20.914  33.591 0.0000000000
107674  -53.393  20.820  34.380 0.0000000000
139664  -53.356  20.559  33.420 0.0000000000
107673  -53.047  20.407  33.959 0.0000000000
107683  -53.145  20.012  32.968 0.0000000000
105887  -53.232  18.607  29.195 0.0000000000
106829  -53.003  19.362  30.712 0.0000000000
105886  -51.941  18.431  29.219 0.0000000000
133659  -51.375  18.788  29.941 0.0000000000
105894  -51.507  17.769  28.443 0.0000000000
145911  -44.837  31.079  25.056 0.0000000000
115314  -45.829  31.251  26.055 0.0000000000
115329  -45.244  30.478  25.537 0.0000000000
113416  -46.749  27.536  24.493 0.0000000000
114061  -46.762  28.708  25.428 0.0000000000
114076  -47.223  28.057  25.050 0.0000000000
114077  -48.178  28.122  25.040 0.0000000000
113431  -48.454  27.230  23.910 0.0000000000
111286  -45.796  24.174  20.307 0.0000000000
112040  -45.551  25.521  21.377 0.0000000000
136986  -46.462  24.418  20.672 0.0000000000
112042  -49.500  25.244  21.478 0.0000000000
112041  -48.371  25.332  21.707 0.0000000000
112029  -50.026  25.808  21.929 0.0000000000
112734  -50.033  26.979  22.923 0.0000000000
112750  -50.417  26.294  22.507 0.0000000000
112736  -51.224  26.592  23.424 0.0000000000
112031  -51.265  25.312  22.280 0.0000000000
109520  -52.253  22.878  22.526 0.0000000000
111246  -52.479  23.986  23.553 0.0000000000
110415  -52.942  22.848  23.437 0.0000000000
110398  -53.464  22.257  24.495 0.0000000000
109494  -53.354  22.017  23.817 0.0000000000
108623  -53.431  21.477  24.388 0.0000000000
109493  -53.074  21.961  23.549 0.0000000000
110414  -50.641  22.820  23.644 0.0000000000
109492  -51.238  22.475  24.255 0.0000000000
110383  -50.351  23.013  24.872 0.0000000000
109483  -50.063  22.964  25.843 0.0000000000
109558  -46.095  21.739  20.476 0.0000000000
109559  -47.042  21.757  20.417 0.0000000000
109538  -46.444  22.448  21.173 0.0000000000
110409  -45.673  23.623  23.310 0.0000000000
110410  -46.579  23.594  23.369 0.0000000000
94667  -56.564  5.289  43.374 0.0000000000
93708  -56.548  5.019  42.934 0.0000000000
94669  -56.594  5.485  42.503 0.0000000000
142616  -55.340  6.743  39.572 0.0000000000
95612  -56.187  6.347  39.611 0.0000000000
96547  -55.628  6.798  38.911 0.0000000000
96554  -55.986  6.808  38.044 0.0000000000
96557  -55.188  7.412  37.376 0.0000000000
96560  -55.284  7.718  36.401 0.0000000000
97399  -54.411  7.781  36.913 0.0000000000
98302  -52.934  9.387  36.624 0.0000000000
98303  -53.396  9.566  36.145 0.0000000000
99239  -53.285  11.014  36.770 0.0000000000
118274  -41.023  35.571  32.792 0.0000000000
155708  -40.696  34.607  32.965 0.0000000000
146610  -39.416  35.113  32.553 0.0000000000
158085  -37.851  34.148  32.164 0.0000000000
118288  -37.300  35.390  31.537 0.0000000000
120021  -40.209  39.026  33.313 0.0000000000
120551  -39.321  39.122  32.810 0.0000000000
120040  -37.557  38.577  29.555 0.0000000000
119486  -37.181  37.855  30.957 0.0000000000
119492  -36.700  37.118  29.283 0.0000000000
118303  -36.535  35.828  29.878 0.0000000000
118899  -36.693  36.522  28.905 0.0000000000
117686  -37.787  35.135  28.460 0.0000000000
118903  -37.616  36.521  27.722 0.0000000000
119505  -39.510  37.230  25.952 0.0000000000
118908  -39.216  36.625  26.133 0.0000000000
118334  -40.114  35.849  25.347 0.0000000000
117730  -40.551  34.896  25.757 0.0000000000
118335  -40.836  35.398  24.757 0.0000000000
120577  -42.086  39.651  27.126 0.0000000000
120588  -42.693  39.433  25.649 0.0000000000
118926  -42.374  36.711  23.081 0.0000000000
119516  -42.233  37.384  23.530 0.0000000000
118357  -42.071  36.070  23.225 0.0000000000
117742  -42.219  34.464  23.907 0.0000000000
117151  -42.795  34.041  23.430 0.0000000000
146209  -43.379  33.508  23.845 0.0000000000
117152  -43.337  33.649  22.920 0.0000000000
117168  -45.037  33.360  21.537 0.0000000000
116556  -44.775  32.629  22.131 0.0000000000
116557  -45.651  31.916  21.958 0.0000000000
115353  -45.205  30.632  22.112 0.0000000000
115979  -46.118  31.522  21.545 0.0000000000
118953  -47.484  36.885  20.933 0.0000000000
118969  -46.794  36.188  20.661 0.0000000000
118388  -47.173  35.399  20.519 0.0000000000
115998  -47.308  31.293  19.670 0.0000000000
115988  -47.521  31.941  20.371 0.0000000000
115374  -46.512  30.734  19.633 0.0000000000
115373  -45.553  30.351  19.981 0.0000000000
114716  -46.008  30.020  19.077 0.0000000000
114119  -44.530  27.929  18.709 0.0000000000
114120  -45.502  28.415  18.198 0.0000000000
113473  -47.748  27.884  16.757 0.0000000000
113471  -46.108  26.882  16.886 0.0000000000
112781  -46.728  26.363  16.111 0.0000000000
112075  -46.032  25.389  15.097 0.0000000000
112798  -46.411  26.109  15.195 0.0000000000
112799  -46.764  26.785  15.575 0.0000000000
115424  -48.360  30.411  16.184 0.0000000000
114771  -47.472  29.514  15.788 0.0000000000
115422  -47.093  30.171  15.758 0.0000000000
115416  -46.444  30.495  16.153 0.0000000000
116036  -47.230  30.850  15.869 0.0000000000
117211  -49.582  34.022  17.709 0.0000000000
134467  -51.226  6.692  44.041 0.0000000000
96532  -49.910  7.101  40.884 0.0000000000
95597  -50.615  6.779  41.634 0.0000000000
95605  -50.907  6.962  40.787 0.0000000000
96536  -50.202  7.393  40.050 0.0000000000
101003  -48.107  12.633  39.574 0.0000000000
100109  -47.648  11.016  40.288 0.0000000000
153947  -48.451  12.083  40.114 0.0000000000
100112  -50.455  11.777  40.727 0.0000000000
99220  -49.828  11.108  40.133 0.0000000000
146259  -50.263  10.904  39.431 0.0000000000
98296  -50.295  9.772  38.537 0.0000000000
99234  -50.440  10.553  38.789 0.0000000000
99235  -51.072  10.501  38.231 0.0000000000
100128  -51.349  11.695  39.857 0.0000000000
101787  -53.811  13.555  42.086 0.0000000000
101005  -52.901  12.522  40.428 0.0000000000
100987  -53.639  12.986  41.331 0.0000000000
133102  -54.858  13.328  39.786 0.0000000000
101793  -54.448  13.693  41.418 0.0000000000
111165  -44.070  23.911  35.186 0.0000000000
110271  -43.788  23.690  36.919 0.0000000000
143247  -48.431  33.138  26.497 0.0000000000
116517  -48.179  34.119  26.718 0.0000000000
115943  -49.498  32.920  26.697 0.0000000000
115288  -50.403  31.123  27.771 0.0000000000
115287  -49.437  31.327  28.390 0.0000000000
142071  -48.580  30.257  28.532 0.0000000000
114637  -47.834  29.292  28.611 0.0000000000
114037  -48.281  28.611  28.694 0.0000000000
112696  -50.363  26.415  28.308 0.0000000000
113386  -49.939  27.256  27.797 0.0000000000
144625  -50.291  26.179  29.405 0.0000000000
111927  -49.179  25.734  32.453 0.0000000000
112671  -48.740  26.410  30.280 0.0000000000
111943  -47.598  25.452  31.418 0.0000000000
111962  -47.212  25.827  30.600 0.0000000000
143548  -47.518  24.950  32.256 0.0000000000
111186  -46.630  24.563  32.421 0.0000000000
111187  -47.386  24.659  32.955 0.0000000000
111886  -47.610  25.342  37.303 0.0000000000
111892  -46.891  25.396  37.064 0.0000000000
110273  -46.435  24.281  37.419 0.0000000000
109386  -46.001  23.061  37.485 0.0000000000
108479  -46.593  22.233  37.899 0.0000000000
107632  -46.678  21.310  38.117 0.0000000000
108480  -47.414  21.933  38.444 0.0000000000
108465  -48.947  22.552  39.557 0.0000000000
107616  -48.811  21.483  39.608 0.0000000000
107617  -49.452  21.100  40.077 0.0000000000
105777  -50.004  18.961  40.002 0.0000000000
106728  -50.405  19.953  40.510 0.0000000000
109391  -51.262  21.960  36.863 0.0000000000
109390  -50.447  22.419  37.785 0.0000000000
109366  -51.377  21.978  38.074 0.0000000000
107613  -53.222  20.676  40.756 0.0000000000
107612  -51.767  21.419  41.005 0.0000000000
106723  -52.107  20.125  42.000 0.0000000000
105769  -51.454  19.329  41.619 0.0000000000
105771  -52.765  18.847  42.437 0.0000000000
104087  -53.144  16.976  42.578 0.0000000000
105766  -53.449  18.389  42.463 0.0000000000
104928  -53.459  17.147  40.903 0.0000000000
104101  -54.233  16.802  41.775 0.0000000000
104100  -53.617  16.204  40.887 0.0000000000
102545  -54.555  14.738  40.985 0.0000000000
102555  -54.072  15.290  40.708 0.0000000000
102554  -53.514  14.996  39.689 0.0000000000
138115  -52.944  15.783  40.006 0.0000000000
104952  -50.705  17.426  38.218 0.0000000000
104118  -50.525  16.618  38.005 0.0000000000
103337  -50.387  15.942  37.566 0.0000000000
104963  -49.700  17.267  37.215 0.0000000000
107663  -50.861  20.207  34.671 0.0000000000
106776  -50.701  19.706  36.359 0.0000000000
106786  -50.421  20.071  33.923 0.0000000000
105833  -48.225  18.467  34.171 0.0000000000
106784  -48.692  19.100  34.752 0.0000000000
104980  -47.943  17.861  34.726 0.0000000000
104971  -48.337  17.809  35.551 0.0000000000
104970  -47.851  17.273  35.090 0.0000000000
104138  -47.667  16.523  35.016 0.0000000000
157421  -47.152  16.895  33.706 0.0000000000
104164  -46.143  16.817  31.927 0.0000000000
138558  -46.336  16.688  32.741 0.0000000000
104172  -45.440  16.453  31.649 0.0000000000
103380  -44.921  15.858  32.162 0.0000000000
104171  -44.677  16.192  31.370 0.0000000000
107741  -53.531  19.632  25.807 0.0000000000
106863  -53.772  18.470  25.742 0.0000000000
106862  -53.131  18.664  25.572 0.0000000000
105915  -51.305  17.599  25.696 0.0000000000
143699  -52.642  17.121  25.760 0.0000000000
105061  -51.713  16.974  25.708 0.0000000000
105044  -51.484  16.888  26.693 0.0000000000
104228  -50.360  16.637  25.560 0.0000000000
153047  -47.400  19.379  27.069 0.0000000000
149546  -47.678  18.302  25.018 0.0000000000
104238  -47.589  16.699  24.737 0.0000000000
104239  -48.231  16.836  24.535 0.0000000000
104212  -48.121  16.642  26.514 0.0000000000
104213  -48.935  16.600  26.420 0.0000000000
104201  -47.444  16.788  27.158 0.0000000000
105028  -47.507  17.203  28.229 0.0000000000
104200  -46.782  16.946  27.768 0.0000000000
104209  -44.691  16.408  27.152 0.0000000000
157424  -45.090  16.655  28.742 0.0000000000
152783  -44.371  16.441  28.838 0.0000000000
104180  -43.640  16.102  30.066 0.0000000000
100149  -54.190  11.321  35.734 0.0000000000
101030  -55.200  12.667  35.441 0.0000000000
102604  -55.236  14.271  34.725 0.0000000000
112067  -43.989  24.323  17.201 0.0000000000
110480  -43.600  23.272  17.965 0.0000000000
110484  -43.514  22.690  16.465 0.0000000000
109591  -43.446  21.788  16.709 0.0000000000
108705  -43.429  20.350  16.623 0.0000000000
106916  -43.523  19.594  17.061 0.0000000000
107818  -42.587  20.454  16.524 0.0000000000
156931  -46.601  17.295  37.708 0.0000000000
105807  -47.385  18.429  37.948 0.0000000000
117691  -43.239  34.187  28.107 0.0000000000
117692  -44.122  34.231  28.015 0.0000000000
117103  -46.589  34.190  28.145 0.0000000000
111235  -52.593  24.077  26.059 0.0000000000
111229  -52.512  24.062  27.000 0.0000000000
110345  -52.515  23.405  28.308 0.0000000000
110338  -52.351  23.442  29.231 0.0000000000
109428  -51.970  22.524  30.503 0.0000000000
108550  -52.405  21.664  31.171 0.0000000000
145058  -52.601  21.607  30.328 0.0000000000
108551  -53.316  20.922  31.026 0.0000000000
107709  -53.860  19.944  31.201 0.0000000000
106808  -53.616  19.956  31.711 0.0000000000
107718  -53.864  19.743  30.544 0.0000000000
105888  -53.999  18.896  29.300 0.0000000000
105896  -53.790  18.317  28.133 0.0000000000
114692  -44.513  29.355  23.755 0.0000000000
152963  -44.991  28.944  24.816 0.0000000000
114089  -44.898  27.986  23.906 0.0000000000
113428  -45.360  27.257  23.354 0.0000000000
112731  -46.153  26.549  23.055 0.0000000000
110472  -47.216  22.974  19.465 0.0000000000
142136  -47.344  24.263  20.673 0.0000000000
110473  -48.370  22.730  19.251 0.0000000000
111288  -49.416  24.009  20.287 0.0000000000
111280  -50.640  24.320  20.936 0.0000000000
112044  -51.019  24.816  21.584 0.0000000000
111290  -50.708  23.477  20.675 0.0000000000
152555  -51.305  22.971  21.523 0.0000000000
109519  -51.604  22.834  22.099 0.0000000000
109518  -50.941  22.716  21.758 0.0000000000
109517  -49.990  22.689  21.659 0.0000000000
110431  -49.207  23.217  22.588 0.0000000000
109537  -45.508  22.477  21.180 0.0000000000
93724  -56.288  4.877  41.341 0.0000000000
95602  -55.964  6.308  41.852 0.0000000000
95609  -55.790  6.382  41.016 0.0000000000
96546  -54.617  7.095  39.066 0.0000000000
96556  -54.075  7.607  37.547 0.0000000000
97401  -52.806  8.797  37.002 0.0000000000
98300  -52.423  9.567  37.018 0.0000000000
118884  -40.484  36.875  32.512 0.0000000000
121058  -39.245  40.497  31.655 0.0000000000
120554  -38.348  39.376  31.427 0.0000000000
121061  -38.720  39.953  31.131 0.0000000000
120562  -38.211  39.224  29.721 0.0000000000
120041  -38.026  38.716  29.021 0.0000000000
119498  -37.977  37.852  27.815 0.0000000000
120047  -38.717  38.241  27.481 0.0000000000
120052  -39.256  38.144  26.855 0.0000000000
120053  -40.354  38.279  26.025 0.0000000000
120590  -44.560  39.983  25.377 0.0000000000
120595  -42.971  39.197  24.844 0.0000000000
137145  -43.238  38.726  24.050 0.0000000000
120073  -43.605  37.853  22.841 0.0000000000
118936  -43.197  36.360  22.165 0.0000000000
117759  -43.227  34.741  21.911 0.0000000000
117767  -43.859  35.336  21.484 0.0000000000
117768  -44.704  34.824  21.157 0.0000000000
117769  -45.349  34.092  21.164 0.0000000000
143653  -49.245  34.975  20.422 0.0000000000
142609  -48.524  34.326  20.469 0.0000000000
117183  -48.668  33.410  20.293 0.0000000000
115989  -48.300  32.206  19.793 0.0000000000
115375  -48.046  31.122  18.903 0.0000000000
114724  -46.672  29.477  18.292 0.0000000000
114725  -47.581  29.578  18.002 0.0000000000
114743  -48.114  28.879  17.386 0.0000000000
114130  -48.261  28.421  17.034 0.0000000000
113499  -47.497  28.091  15.975 0.0000000000
114763  -48.518  29.171  16.863 0.0000000000
115417  -48.784  30.765  16.768 0.0000000000
116029  -48.826  31.586  16.584 0.0000000000
149161  -43.917  10.128  40.052 0.0000000000
97382  -44.792  8.367  41.601 0.0000000000
151723  -45.890  7.652  42.245 0.0000000000
96525  -46.486  7.390  42.836 0.0000000000
95578  -49.956  6.729  43.329 0.0000000000
95596  -48.823  6.933  41.900 0.0000000000
148014  -48.536  7.633  40.699 0.0000000000
96534  -48.485  8.098  40.218 0.0000000000
101802  -49.206  13.571  39.708 0.0000000000
101004  -48.920  12.636  40.107 0.0000000000
101803  -49.976  13.797  40.024 0.0000000000
101792  -50.483  13.111  40.799 0.0000000000
100993  -51.134  12.355  41.046 0.0000000000
141376  -51.704  12.473  41.105 0.0000000000
100985  -52.051  12.829  41.490 0.0000000000
101786  -52.910  13.450  41.969 0.0000000000
101775  -53.635  14.005  42.373 0.0000000000
111183  -43.614  24.180  32.328 0.0000000000
110316  -43.937  23.690  32.960 0.0000000000
110311  -45.019  23.728  33.716 0.0000000000
115317  -49.969  31.008  26.064 0.0000000000
151752  -50.060  31.928  26.520 0.0000000000
115318  -50.878  31.202  26.352 0.0000000000
115302  -51.221  31.107  27.056 0.0000000000
114646  -50.312  30.042  27.595 0.0000000000
151851  -51.304  26.162  31.794 0.0000000000
112653  -50.510  26.246  31.251 0.0000000000
149462  -50.786  26.328  32.179 0.0000000000
111920  -49.545  26.033  33.477 0.0000000000
111168  -48.769  25.579  33.991 0.0000000000
111167  -48.135  25.186  34.681 0.0000000000
111913  -48.546  25.717  35.690 0.0000000000
111893  -48.176  25.653  37.045 0.0000000000
110274  -48.222  24.664  38.012 0.0000000000
109362  -47.639  22.968  38.302 0.0000000000
110257  -48.848  24.486  38.334 0.0000000000
109363  -49.279  23.260  39.175 0.0000000000
109356  -49.772  22.696  39.868 0.0000000000
108504  -53.130  21.324  37.541 0.0000000000
108482  -52.467  21.625  38.344 0.0000000000
108483  -53.222  21.239  38.518 0.0000000000
107618  -53.402  20.814  39.914 0.0000000000
106731  -53.567  19.743  41.175 0.0000000000
105781  -53.694  18.988  41.740 0.0000000000
105780  -53.657  19.123  41.118 0.0000000000
105796  -53.060  18.740  40.272 0.0000000000
104942  -52.698  17.619  40.133 0.0000000000
104941  -51.930  17.131  39.391 0.0000000000
105809  -50.922  18.261  38.189 0.0000000000
105819  -50.520  18.604  37.553 0.0000000000
105866  -49.855  19.302  31.753 0.0000000000
106795  -49.638  19.642  33.470 0.0000000000
105855  -49.170  19.186  32.119 0.0000000000
136963  -48.536  18.757  32.095 0.0000000000
105853  -48.118  18.485  32.746 0.0000000000
104997  -47.421  17.828  32.676 0.0000000000
105005  -47.257  17.737  31.716 0.0000000000
133389  -47.211  17.639  30.770 0.0000000000
148778  -46.453  17.317  30.578 0.0000000000
108599  -51.343  20.853  26.744 0.0000000000
157781  -52.180  19.256  26.311 0.0000000000
106852  -51.198  19.414  26.758 0.0000000000
106861  -50.728  18.563  26.338 0.0000000000
105914  -50.169  17.755  25.439 0.0000000000
105910  -46.190  18.490  25.285 0.0000000000
105924  -47.474  17.913  24.472 0.0000000000
105934  -46.826  17.552  24.210 0.0000000000
149085  -46.749  16.914  24.253 0.0000000000
104225  -46.692  16.634  25.128 0.0000000000
104211  -46.504  16.676  26.683 0.0000000000
104224  -45.752  16.591  25.584 0.0000000000
135947  -44.907  16.457  25.901 0.0000000000
104223  -44.161  16.214  26.253 0.0000000000
103414  -43.519  15.867  26.821 0.0000000000
103420  -43.628  15.862  25.511 0.0000000000
157575  -43.139  15.529  25.059 0.0000000000
97403  -55.833  7.925  35.579 0.0000000000
142780  -43.877  26.960  19.862 0.0000000000
141683  -44.331  26.580  21.169 0.0000000000
112762  -43.954  26.119  20.293 0.0000000000
145903  -44.009  25.196  19.915 0.0000000000
111295  -45.051  23.899  19.824 0.0000000000
110470  -43.999  22.965  18.587 0.0000000000
109569  -44.911  22.540  18.873 0.0000000000
158959  -45.283  23.166  19.399 0.0000000000
109570  -46.366  22.359  18.940 0.0000000000
108699  -47.441  20.847  18.543 0.0000000000
107782  -47.818  20.694  18.904 0.0000000000
108672  -47.665  21.163  19.566 0.0000000000
108688  -47.355  20.571  19.033 0.0000000000
108687  -46.358  20.283  19.014 0.0000000000
108669  -44.681  21.116  19.769 0.0000000000
107795  -44.086  19.532  18.116 0.0000000000
108685  -44.205  20.370  19.224 0.0000000000
136145  -55.495  4.531  43.854 0.0000000000
93692  -55.430  4.341  44.887 0.0000000000
93680  -56.308  4.788  44.538 0.0000000000
95570  -56.429  5.475  43.764 0.0000000000
94657  -55.934  5.088  45.541 0.0000000000
95569  -56.068  5.788  44.141 0.0000000000
95584  -56.060  6.071  43.534 0.0000000000
95591  -55.079  6.557  42.442 0.0000000000
95601  -54.167  6.581  41.545 0.0000000000
95607  -52.839  6.821  40.647 0.0000000000
121572  -40.102  41.015  33.138 0.0000000000
144149  -40.233  41.613  32.003 0.0000000000
121585  -40.476  41.430  30.887 0.0000000000
121586  -41.357  41.583  30.596 0.0000000000
119539  -46.481  37.799  21.672 0.0000000000
118955  -49.702  36.987  20.916 0.0000000000
118972  -49.961  36.283  20.417 0.0000000000
118390  -50.212  35.619  20.111 0.0000000000
117196  -50.127  34.076  19.297 0.0000000000
117204  -50.014  33.924  18.673 0.0000000000
118398  -50.266  35.354  19.440 0.0000000000
118987  -49.825  36.292  18.556 0.0000000000
102567  -47.260  14.653  38.533 0.0000000000
102551  -48.626  14.261  39.193 0.0000000000
103313  -48.810  15.135  39.155 0.0000000000
155605  -49.579  16.059  39.611 0.0000000000
104108  -50.009  16.562  39.992 0.0000000000
114034  -45.236  28.502  28.705 0.0000000000
113372  -45.324  27.687  29.089 0.0000000000
157311  -51.474  27.853  25.005 0.0000000000
113399  -51.102  28.112  26.065 0.0000000000
112707  -50.871  26.957  26.433 0.0000000000
111981  -51.008  25.892  27.829 0.0000000000
111976  -51.083  25.747  28.890 0.0000000000
111222  -52.194  24.804  28.749 0.0000000000
111972  -51.836  25.299  29.439 0.0000000000
111971  -51.255  25.730  30.030 0.0000000000
111929  -51.445  25.945  32.343 0.0000000000
111189  -51.026  25.882  33.703 0.0000000000
110304  -50.084  24.789  35.011 0.0000000000
110295  -49.825  24.654  35.965 0.0000000000
110296  -49.865  23.501  35.331 0.0000000000
109403  -50.324  22.519  35.375 0.0000000000
109404  -51.369  21.950  34.879 0.0000000000
108525  -52.455  21.661  32.920 0.0000000000
108512  -52.585  21.472  34.510 0.0000000000
108509  -52.703  21.445  35.382 0.0000000000
108510  -53.373  21.138  35.774 0.0000000000
107661  -53.478  21.015  36.054 0.0000000000
107654  -52.998  20.361  36.052 0.0000000000
107653  -51.960  20.197  36.205 0.0000000000
107659  -52.844  20.350  35.550 0.0000000000
147062  -51.594  20.273  33.933 0.0000000000
158214  -51.495  19.838  32.729 0.0000000000
106819  -52.548  19.522  31.426 0.0000000000
140406  -51.633  19.517  31.659 0.0000000000
106805  -50.859  19.615  32.210 0.0000000000
106818  -50.654  19.317  31.285 0.0000000000
105884  -49.828  18.476  29.825 0.0000000000
105021  -49.678  18.020  29.120 0.0000000000
107733  -48.724  20.631  27.704 0.0000000000
108596  -48.038  21.399  27.860 0.0000000000
107732  -47.615  20.431  27.744 0.0000000000
106848  -46.828  19.792  27.537 0.0000000000
106856  -45.798  18.780  26.576 0.0000000000
105909  -45.340  18.511  25.413 0.0000000000
105921  -44.824  18.090  24.381 0.0000000000
105057  -44.379  17.369  23.652 0.0000000000
116527  -45.695  33.400  25.877 0.0000000000
116515  -46.497  33.893  26.389 0.0000000000
115941  -46.323  33.119  26.005 0.0000000000
115942  -46.526  32.205  26.182 0.0000000000
115316  -47.883  31.071  26.460 0.0000000000
114060  -45.670  28.923  25.243 0.0000000000
114655  -47.123  30.195  26.336 0.0000000000
114656  -48.447  30.315  26.222 0.0000000000
114673  -48.651  29.442  25.715 0.0000000000
114685  -50.178  29.387  24.899 0.0000000000
114078  -50.093  28.739  24.383 0.0000000000
112758  -45.003  26.237  21.684 0.0000000000
150206  -46.091  26.133  22.405 0.0000000000
112747  -46.836  26.136  22.548 0.0000000000
111277  -47.862  24.699  21.233 0.0000000000
112027  -47.504  25.717  22.139 0.0000000000
112733  -48.033  26.649  23.366 0.0000000000
148985  -49.038  26.795  23.221 0.0000000000
113432  -49.657  27.554  23.612 0.0000000000
113419  -51.169  28.175  24.168 0.0000000000
113420  -51.283  27.442  24.041 0.0000000000
112723  -51.517  26.613  24.187 0.0000000000
111995  -52.227  25.014  24.942 0.0000000000
150512  -51.666  24.963  22.637 0.0000000000
153917  -52.486  24.296  24.413 0.0000000000
111242  -52.593  24.122  25.158 0.0000000000
110384  -53.070  23.260  25.275 0.0000000000
109474  -53.565  21.917  25.423 0.0000000000
108601  -53.315  20.917  26.753 0.0000000000
107737  -53.521  19.825  26.894 0.0000000000
134434  -53.441  20.572  25.700 0.0000000000
107745  -53.338  20.768  25.023 0.0000000000
108612  -53.242  20.497  25.108 0.0000000000
146111  -51.997  22.323  23.385 0.0000000000
109485  -52.290  21.869  24.209 0.0000000000
108611  -51.976  21.112  25.772 0.0000000000
109471  -50.609  22.272  26.222 0.0000000000
109470  -49.451  22.622  26.676 0.0000000000
109560  -48.068  21.746  20.277 0.0000000000
110449  -47.792  22.970  21.807 0.0000000000
110430  -48.158  23.300  22.600 0.0000000000
110447  -45.888  23.064  21.838 0.0000000000
110429  -47.179  23.349  22.593 0.0000000000
110412  -48.466  23.458  23.437 0.0000000000
93717  -56.223  4.820  42.367 0.0000000000
93725  -56.553  5.240  40.973 0.0000000000
95610  -56.523  5.956  41.077 0.0000000000
94672  -56.609  5.585  40.565 0.0000000000
94673  -56.560  5.552  39.712 0.0000000000
95617  -56.524  6.295  37.502 0.0000000000
96561  -56.427  7.216  36.142 0.0000000000
97407  -54.690  8.634  35.658 0.0000000000
98306  -53.991  9.584  35.517 0.0000000000
97402  -53.374  8.856  36.453 0.0000000000
97406  -53.817  8.930  35.936 0.0000000000
100145  -54.008  11.581  36.402 0.0000000000
100143  -54.681  12.444  36.777 0.0000000000
101022  -54.933  12.909  37.765 0.0000000000
119473  -38.923  37.131  32.251 0.0000000000
135501  -38.183  38.798  31.809 0.0000000000
119481  -37.576  37.332  31.542 0.0000000000
149905  -37.328  36.384  31.465 0.0000000000
118287  -36.854  35.803  31.157 0.0000000000
117683  -37.073  34.665  29.855 0.0000000000
117684  -37.893  34.399  29.324 0.0000000000
117687  -38.607  34.538  28.633 0.0000000000
117698  -39.259  34.640  28.179 0.0000000000
117700  -40.443  34.605  27.867 0.0000000000
118904  -38.160  36.565  27.237 0.0000000000
117714  -39.774  34.916  27.140 0.0000000000
152637  -41.276  34.516  27.939 0.0000000000
117701  -41.732  34.466  27.480 0.0000000000
117717  -42.785  34.024  26.415 0.0000000000
117137  -42.926  33.704  25.486 0.0000000000
138621  -42.038  40.259  28.502 0.0000000000
120576  -41.383  39.489  27.333 0.0000000000
120580  -40.737  38.999  26.622 0.0000000000
119507  -40.744  37.970  25.280 0.0000000000
120060  -42.393  38.472  24.388 0.0000000000
119511  -41.249  37.584  24.554 0.0000000000
118916  -40.892  36.842  24.500 0.0000000000
117741  -41.505  34.836  24.326 0.0000000000
117732  -42.009  34.054  24.815 0.0000000000
117138  -43.990  33.688  25.696 0.0000000000
117147  -44.300  33.207  25.025 0.0000000000
116535  -44.353  32.489  24.259 0.0000000000
115963  -44.554  31.557  23.752 0.0000000000
117159  -43.979  33.176  22.521 0.0000000000
116543  -44.368  32.235  23.024 0.0000000000
146943  -44.675  30.809  23.526 0.0000000000
115345  -44.582  30.118  23.221 0.0000000000
114701  -44.428  29.446  21.949 0.0000000000
114708  -44.337  29.261  21.010 0.0000000000
118952  -46.339  36.910  21.093 0.0000000000
118387  -46.209  35.490  20.648 0.0000000000
117770  -46.107  34.152  20.799 0.0000000000
147886  -47.866  33.806  20.493 0.0000000000
142172  -46.874  32.923  20.879 0.0000000000
116558  -46.405  32.291  21.363 0.0000000000
115366  -45.414  30.406  20.836 0.0000000000
114709  -44.833  29.893  20.447 0.0000000000
114105  -44.191  28.606  20.455 0.0000000000
151708  -44.051  27.614  19.546 0.0000000000
113458  -44.032  27.058  18.898 0.0000000000
112773  -44.267  26.168  18.041 0.0000000000
114128  -46.532  27.800  17.340 0.0000000000
112779  -45.331  25.520  16.665 0.0000000000
112068  -45.255  24.628  16.033 0.0000000000
111316  -44.877  24.232  14.971 0.0000000000
113498  -46.911  27.748  15.573 0.0000000000
114164  -46.018  27.981  15.482 0.0000000000
133481  -49.718  33.177  18.141 0.0000000000
143419  -49.330  33.101  17.187 0.0000000000
116605  -48.550  32.088  15.989 0.0000000000
132511  -52.627  6.565  44.008 0.0000000000
95579  -50.856  6.661  43.451 0.0000000000
95580  -51.846  6.572  43.482 0.0000000000
132107  -52.425  6.526  42.929 0.0000000000
95590  -52.502  6.543  42.232 0.0000000000
95606  -51.896  6.892  40.711 0.0000000000
96538  -52.209  7.154  39.951 0.0000000000
99217  -47.259  10.390  40.360 0.0000000000
98291  -48.127  9.488  40.116 0.0000000000
97389  -48.550  8.728  39.794 0.0000000000
156370  -49.087  11.424  40.476 0.0000000000
99231  -49.166  10.296  39.699 0.0000000000
97390  -49.303  8.763  39.247 0.0000000000
97391  -50.018  8.433  38.913 0.0000000000
96549  -51.075  8.087  38.739 0.0000000000
96550  -51.904  7.860  38.669 0.0000000000
97394  -51.434  8.505  38.215 0.0000000000
98299  -51.718  9.908  37.458 0.0000000000
100140  -51.961  11.023  37.801 0.0000000000
100129  -52.213  12.095  39.551 0.0000000000
100137  -52.560  11.927  38.481 0.0000000000
100141  -52.961  11.540  37.561 0.0000000000
100138  -53.785  12.455  38.334 0.0000000000
101018  -54.863  13.202  38.840 0.0000000000
101816  -55.652  13.978  38.671 0.0000000000
151287  -42.902  22.053  37.211 0.0000000000
108499  -43.482  22.022  37.294 0.0000000000
155693  -44.647  21.246  37.660 0.0000000000
117126  -47.376  34.376  26.765 0.0000000000
116499  -48.165  33.374  28.439 0.0000000000
116501  -49.817  33.249  27.829 0.0000000000
115918  -48.637  32.188  28.563 0.0000000000
143754  -47.726  31.333  28.528 0.0000000000
115286  -47.519  30.344  28.501 0.0000000000
114035  -46.248  28.675  28.634 0.0000000000
113373  -46.134  27.493  29.209 0.0000000000
114051  -50.859  28.967  26.574 0.0000000000
113392  -50.019  28.234  27.453 0.0000000000
114038  -48.966  28.684  28.461 0.0000000000
112689  -49.323  26.629  29.578 0.0000000000
113376  -48.868  27.234  29.107 0.0000000000
113384  -48.553  27.957  28.777 0.0000000000
112687  -47.404  26.966  29.624 0.0000000000
112669  -46.838  26.324  30.033 0.0000000000
111941  -45.837  25.326  30.993 0.0000000000
138681  -45.659  24.462  32.167 0.0000000000
111175  -45.819  23.967  33.624 0.0000000000
110302  -45.484  24.040  34.704 0.0000000000
111166  -47.140  24.559  34.482 0.0000000000
132094  -46.411  24.556  35.385 0.0000000000
111137  -45.383  24.651  36.832 0.0000000000
110293  -44.973  24.350  36.881 0.0000000000
139573  -44.803  21.857  37.535 0.0000000000
107648  -45.184  20.342  37.751 0.0000000000
106769  -45.798  19.802  37.759 0.0000000000
106771  -47.054  19.223  37.886 0.0000000000
146499  -47.800  19.095  38.221 0.0000000000
108481  -48.161  21.704  38.948 0.0000000000
106761  -48.263  19.718  38.698 0.0000000000
105793  -48.645  18.387  38.858 0.0000000000
105794  -49.301  18.685  39.408 0.0000000000
104940  -49.791  17.399  39.886 0.0000000000
104926  -50.646  17.325  40.652 0.0000000000
109389  -49.671  23.338  38.052 0.0000000000
109365  -50.307  22.690  38.905 0.0000000000
108467  -50.402  22.270  40.318 0.0000000000
108468  -51.455  21.974  40.294 0.0000000000
107611  -50.950  21.030  40.906 0.0000000000
105778  -50.695  19.137  40.766 0.0000000000
105779  -50.959  18.378  41.110 0.0000000000
104099  -51.469  16.820  41.377 0.0000000000
104086  -52.318  16.392  42.017 0.0000000000
140883  -53.078  16.064  42.546 0.0000000000
102528  -54.148  15.235  42.584 0.0000000000
104909  -54.111  17.293  42.424 0.0000000000
103283  -54.306  16.283  42.510 0.0000000000
102539  -54.446  14.976  42.240 0.0000000000
102546  -54.617  14.415  41.301 0.0000000000
102556  -55.256  14.157  40.059 0.0000000000
102570  -55.446  14.185  39.040 0.0000000000
102581  -54.149  14.560  38.621 0.0000000000
102580  -52.761  14.706  38.157 0.0000000000
103327  -51.612  15.870  38.778 0.0000000000
102579  -51.852  15.226  38.355 0.0000000000
132056  -52.075  14.672  37.340 0.0000000000
102588  -51.235  14.798  36.919 0.0000000000
103343  -50.420  15.249  36.844 0.0000000000
106777  -51.505  19.874  36.856 0.0000000000
105824  -50.050  18.934  36.901 0.0000000000
106785  -49.582  19.686  34.513 0.0000000000
106780  -49.155  19.296  35.369 0.0000000000
105823  -49.357  18.426  36.524 0.0000000000
104967  -49.259  17.531  36.678 0.0000000000
104132  -48.705  16.432  36.070 0.0000000000
136463  -48.687  15.176  35.593 0.0000000000
103348  -48.071  15.191  35.292 0.0000000000
103354  -46.973  15.198  34.382 0.0000000000
104988  -46.914  17.177  33.069 0.0000000000
104155  -45.938  15.980  33.207 0.0000000000
106853  -54.071  18.656  26.263 0.0000000000
144753  -54.202  18.280  26.708 0.0000000000
105034  -53.904  17.707  26.960 0.0000000000
148703  -52.558  17.724  25.574 0.0000000000
105051  -53.085  17.061  25.918 0.0000000000
105032  -52.311  17.315  27.327 0.0000000000
131260  -51.181  17.275  27.641 0.0000000000
105031  -50.433  17.616  28.403 0.0000000000
105030  -49.471  17.467  28.262 0.0000000000
106850  -49.191  19.514  27.137 0.0000000000
105925  -48.265  17.400  24.483 0.0000000000
105058  -49.160  17.056  24.647 0.0000000000
150822  -49.700  16.891  24.851 0.0000000000
104214  -49.881  16.609  26.349 0.0000000000
105042  -49.222  16.936  27.359 0.0000000000
105029  -48.519  17.334  28.225 0.0000000000
137954  -47.958  17.564  29.094 0.0000000000
105020  -47.094  17.461  29.275 0.0000000000
104183  -46.244  17.293  29.668 0.0000000000
104199  -45.919  16.816  27.961 0.0000000000
104190  -45.797  17.057  28.953 0.0000000000
104182  -45.319  16.827  29.798 0.0000000000
92706  -55.984  3.984  45.987 0.0000000000
93691  -54.026  4.454  44.698 0.0000000000
93693  -56.130  4.686  44.382 0.0000000000
93694  -56.493  4.932  43.822 0.0000000000
93718  -56.535  5.174  41.944 0.0000000000
93737  -56.391  4.936  40.546 0.0000000000
93738  -56.547  5.203  40.134 0.0000000000
94661  -56.295  5.167  44.546 0.0000000000
94662  -56.555  5.091  44.023 0.0000000000
95567  -53.228  6.540  44.318 0.0000000000
95581  -52.729  6.532  43.401 0.0000000000
95582  -53.501  6.539  43.692 0.0000000000
95587  -49.444  6.711  42.576 0.0000000000
95588  -50.421  6.666  42.562 0.0000000000
95589  -51.794  6.562  42.593 0.0000000000
95592  -56.001  6.221  42.728 0.0000000000
95595  -48.239  7.174  42.188 0.0000000000
95599  -52.590  6.645  41.400 0.0000000000
95603  -56.531  5.879  42.131 0.0000000000
95608  -54.809  6.621  40.857 0.0000000000
95613  -56.588  5.928  40.097 0.0000000000
95615  -56.358  6.325  38.746 0.0000000000
96530  -48.181  7.459  41.428 0.0000000000
96531  -49.014  7.209  41.090 0.0000000000
96533  -47.898  7.954  40.764 0.0000000000
96539  -53.203  7.065  39.943 0.0000000000
96540  -48.994  8.140  39.706 0.0000000000
96541  -49.664  7.942  39.491 0.0000000000
96542  -50.564  7.804  39.265 0.0000000000
96543  -51.577  7.578  39.289 0.0000000000
96555  -52.967  8.021  37.678 0.0000000000
97377  -45.141  7.799  42.188 0.0000000000
97393  -50.539  8.826  38.458 0.0000000000
97395  -52.184  8.164  38.120 0.0000000000
98280  -44.371  8.970  41.020 0.0000000000
98281  -45.272  8.903  41.039 0.0000000000
98286  -43.925  9.641  40.482 0.0000000000
98288  -45.693  9.536  40.615 0.0000000000
98290  -47.309  9.643  40.473 0.0000000000
98293  -48.825  9.481  39.605 0.0000000000
99218  -47.854  10.276  40.362 0.0000000000
99219  -49.038  10.933  40.358 0.0000000000
99233  -49.851  10.360  39.168 0.0000000000
99242  -52.963  10.089  36.573 0.0000000000
100110  -48.492  11.397  40.362 0.0000000000
100113  -51.159  11.956  40.726 0.0000000000
100114  -51.922  12.254  40.569 0.0000000000
100126  -47.729  11.901  39.781 0.0000000000
100135  -50.807  11.168  39.050 0.0000000000
100984  -51.196  12.737  41.207 0.0000000000
100986  -53.005  13.012  41.793 0.0000000000
100990  -49.030  11.847  40.516 0.0000000000
100991  -49.519  12.186  40.668 0.0000000000
100992  -50.324  12.269  40.886 0.0000000000
101006  -53.964  12.890  40.205 0.0000000000
101017  -54.190  12.878  39.320 0.0000000000
101019  -55.484  13.683  38.392 0.0000000000
101023  -55.590  13.644  37.557 0.0000000000
101025  -55.326  12.935  36.321 0.0000000000
101026  -55.681  13.685  36.770 0.0000000000
101785  -51.862  13.258  41.546 0.0000000000
101788  -54.396  14.137  42.093 0.0000000000
101791  -49.714  12.881  40.471 0.0000000000
101794  -55.437  13.946  39.823 0.0000000000
101804  -55.474  13.821  39.316 0.0000000000
101832  -55.586  13.953  35.315 0.0000000000
102527  -53.830  14.751  42.601 0.0000000000
102538  -53.168  14.388  42.315 0.0000000000
102544  -51.455  14.086  41.133 0.0000000000
102552  -49.394  14.466  39.520 0.0000000000
102557  -55.562  13.996  39.194 0.0000000000
102568  -48.063  14.909  38.777 0.0000000000
102571  -55.634  14.010  38.431 0.0000000000
102582  -55.395  14.247  38.075 0.0000000000
102583  -55.674  14.151  36.891 0.0000000000
102591  -55.190  14.466  36.650 0.0000000000
103281  -53.873  15.491  42.740 0.0000000000
103282  -54.188  15.971  42.705 0.0000000000
103293  -53.448  15.366  42.593 0.0000000000
103294  -54.531  15.827  42.131 0.0000000000
103307  -54.548  15.193  41.788 0.0000000000
103314  -49.502  15.355  39.533 0.0000000000
103316  -52.396  15.484  39.177 0.0000000000
103338  -51.101  15.274  37.539 0.0000000000
103355  -47.576  15.611  34.924 0.0000000000
103371  -45.202  15.552  32.926 0.0000000000
104081  -53.877  16.298  42.804 0.0000000000
104083  -54.266  16.779  42.453 0.0000000000
104088  -54.413  16.467  42.293 0.0000000000
104109  -52.042  16.223  39.334 0.0000000000
104115  -47.235  16.379  38.142 0.0000000000
104116  -47.795  16.945  38.347 0.0000000000
104117  -48.522  16.688  38.850 0.0000000000
104128  -49.484  16.712  36.871 0.0000000000
104129  -49.967  16.628  37.422 0.0000000000
104133  -49.053  16.809  36.462 0.0000000000
104139  -48.226  16.862  35.596 0.0000000000
104148  -47.531  17.138  34.346 0.0000000000
104156  -46.648  16.465  33.478 0.0000000000
104197  -43.866  16.252  28.447 0.0000000000
104198  -44.513  16.449  28.121 0.0000000000
104208  -43.986  16.248  27.490 0.0000000000
104215  -50.817  16.648  26.110 0.0000000000
104216  -51.692  16.825  25.906 0.0000000000
104227  -49.596  16.618  25.360 0.0000000000
104229  -50.916  16.801  25.533 0.0000000000
104236  -44.875  16.767  23.631 0.0000000000
104240  -48.968  16.874  24.751 0.0000000000
104241  -50.276  16.802  25.142 0.0000000000
104250  -47.550  17.015  24.293 0.0000000000
104908  -53.794  17.390  42.609 0.0000000000
104913  -52.988  17.985  42.615 0.0000000000
104914  -54.262  17.190  42.277 0.0000000000
104927  -51.492  17.821  41.588 0.0000000000
104939  -49.055  17.629  39.247 0.0000000000
104953  -51.367  17.724  38.772 0.0000000000
104961  -46.230  17.877  37.590 0.0000000000
104962  -46.970  17.803  37.763 0.0000000000
104964  -50.159  17.321  37.676 0.0000000000
104966  -48.692  17.263  36.137 0.0000000000
104989  -47.427  17.505  33.519 0.0000000000
105004  -46.616  17.304  31.409 0.0000000000
105011  -46.889  17.520  30.050 0.0000000000
105033  -53.361  17.653  27.448 0.0000000000
105045  -53.282  17.274  26.531 0.0000000000
105052  -53.705  17.450  26.144 0.0000000000
105059  -50.026  16.913  24.903 0.0000000000
105060  -50.790  16.923  25.348 0.0000000000
105062  -53.323  17.420  25.730 0.0000000000
105068  -45.329  17.072  23.570 0.0000000000
105069  -48.302  17.050  24.407 0.0000000000
105770  -52.131  19.219  42.151 0.0000000000
105772  -53.665  18.711  42.147 0.0000000000
105808  -48.048  18.329  38.348 0.0000000000
105816  -45.750  18.775  37.602 0.0000000000
105826  -48.817  18.634  35.814 0.0000000000
105834  -48.385  18.503  35.096 0.0000000000
105844  -47.840  18.144  33.422 0.0000000000
105854  -48.850  19.141  32.885 0.0000000000
105875  -50.452  18.867  30.386 0.0000000000
105876  -52.478  18.934  29.989 0.0000000000
105878  -53.850  19.362  30.004 0.0000000000
105883  -49.070  18.274  29.797 0.0000000000
105897  -54.080  18.226  27.392 0.0000000000
105902  -54.091  17.872  26.427 0.0000000000
105916  -53.349  17.889  25.529 0.0000000000
105923  -46.531  18.080  24.341 0.0000000000
105928  -51.794  17.175  25.629 0.0000000000
105933  -45.960  17.447  23.934 0.0000000000
106724  -52.629  19.566  42.259 0.0000000000
106725  -53.440  19.554  41.843 0.0000000000
106729  -51.260  20.149  41.310 0.0000000000
106730  -53.487  19.811  40.441 0.0000000000
106740  -49.556  19.842  39.808 0.0000000000
106743  -53.454  20.331  40.545 0.0000000000
106759  -46.791  20.629  38.125 0.0000000000
106763  -53.052  20.555  38.094 0.0000000000
106770  -46.550  19.976  37.935 0.0000000000
106772  -50.892  19.344  37.246 0.0000000000
106775  -49.597  19.181  36.131 0.0000000000
106779  -48.700  18.902  35.303 0.0000000000
106804  -49.803  19.524  32.575 0.0000000000
106807  -53.173  19.811  32.070 0.0000000000
106820  -53.494  19.712  31.340 0.0000000000
106821  -53.797  19.882  31.203 0.0000000000
106830  -53.730  19.612  30.637 0.0000000000
106844  -54.175  18.763  27.620 0.0000000000
106857  -46.735  18.917  26.540 0.0000000000
106858  -47.726  18.714  26.053 0.0000000000
106864  -54.143  18.148  26.035 0.0000000000
106901  -42.338  19.946  17.131 0.0000000000
106903  -43.558  19.496  17.604 0.0000000000
106904  -44.314  19.676  17.588 0.0000000000
106905  -44.996  19.763  17.822 0.0000000000
106915  -42.988  19.739  16.711 0.0000000000
107605  -52.549  20.680  41.405 0.0000000000
107606  -53.304  20.240  41.374 0.0000000000
107633  -47.412  21.051  38.469 0.0000000000
107634  -48.171  20.701  38.866 0.0000000000
107636  -53.291  21.115  37.832 0.0000000000
107646  -43.078  21.200  37.564 0.0000000000
107647  -44.472  20.691  37.693 0.0000000000
107649  -46.019  20.676  37.908 0.0000000000
107655  -53.252  20.781  36.519 0.0000000000
107660  -53.330  20.710  35.657 0.0000000000
107664  -52.427  20.423  34.789 0.0000000000
107666  -53.473  20.899  35.300 0.0000000000
107672  -52.239  20.044  33.180 0.0000000000
107696  -53.662  20.001  31.700 0.0000000000
107708  -53.855  20.197  30.848 0.0000000000
107735  -50.762  20.341  27.155 0.0000000000
107736  -51.798  20.063  26.653 0.0000000000
107778  -43.598  19.976  18.698 0.0000000000
107779  -44.728  19.764  18.615 0.0000000000
107783  -48.356  20.811  18.876 0.0000000000
107794  -42.919  19.643  18.173 0.0000000000
107798  -47.994  20.832  18.752 0.0000000000
107809  -43.372  19.890  16.712 0.0000000000
107810  -43.912  19.841  17.064 0.0000000000
107819  -43.089  20.351  16.395 0.0000000000
108461  -50.966  21.811  40.686 0.0000000000
108466  -49.572  22.101  40.147 0.0000000000
108500  -44.052  21.439  37.539 0.0000000000
108501  -45.244  21.151  37.767 0.0000000000
108506  -52.692  21.553  36.274 0.0000000000
108507  -53.229  21.255  36.611 0.0000000000
108513  -53.373  21.071  34.961 0.0000000000
108516  -52.506  21.573  33.691 0.0000000000
108526  -53.363  21.111  32.842 0.0000000000
108537  -53.236  21.013  31.839 0.0000000000
108538  -53.645  20.300  31.522 0.0000000000
108597  -49.443  21.364  27.521 0.0000000000
108610  -50.846  21.600  26.605 0.0000000000
108613  -53.722  21.269  25.262 0.0000000000
108621  -52.874  21.102  24.519 0.0000000000
108622  -53.334  21.303  24.410 0.0000000000
108632  -53.413  21.629  24.153 0.0000000000
108633  -53.456  21.627  24.209 0.0000000000
108670  -45.754  20.976  19.704 0.0000000000
108673  -48.593  21.237  19.379 0.0000000000
108675  -49.390  21.763  19.363 0.0000000000
108689  -48.205  20.764  19.008 0.0000000000
108690  -48.786  20.991  18.942 0.0000000000
108691  -49.163  21.410  18.938 0.0000000000
108700  -48.693  21.036  18.808 0.0000000000
108706  -44.027  20.296  17.172 0.0000000000
108711  -42.853  20.965  16.240 0.0000000000
108712  -43.089  21.046  16.248 0.0000000000
109357  -50.501  22.570  39.844 0.0000000000
109385  -45.086  22.862  37.349 0.0000000000
109387  -46.838  23.238  37.700 0.0000000000
109399  -49.979  22.696  36.956 0.0000000000
109400  -51.362  21.855  35.768 0.0000000000
109406  -50.092  23.061  34.457 0.0000000000
109411  -51.402  22.257  33.099 0.0000000000
109429  -52.295  22.472  29.673 0.0000000000
109435  -52.535  22.539  28.753 0.0000000000
109461  -53.482  21.666  26.128 0.0000000000
109472  -51.689  21.757  25.307 0.0000000000
109473  -53.258  22.561  26.241 0.0000000000
109506  -52.345  22.599  22.949 0.0000000000
109516  -48.850  22.901  21.736 0.0000000000
109539  -47.406  22.460  21.089 0.0000000000
109542  -50.369  22.625  20.919 0.0000000000
109572  -48.827  21.960  18.648 0.0000000000
109573  -49.294  21.867  18.878 0.0000000000
109575  -49.694  22.281  19.740 0.0000000000
109585  -47.198  21.268  18.473 0.0000000000
109586  -48.231  21.292  18.592 0.0000000000
109596  -43.131  22.046  16.080 0.0000000000
110256  -48.353  23.882  38.384 0.0000000000
110258  -49.079  24.062  38.551 0.0000000000
110272  -44.571  23.716  37.075 0.0000000000
110275  -49.277  24.327  38.115 0.0000000000
110299  -42.917  23.665  34.370 0.0000000000
110300  -43.760  23.660  34.453 0.0000000000
110301  -44.566  23.759  34.527 0.0000000000
110310  -44.241  23.608  33.693 0.0000000000
110312  -50.371  24.805  34.039 0.0000000000
110315  -43.159  23.746  32.901 0.0000000000
110318  -51.188  24.429  32.228 0.0000000000
110324  -51.430  24.027  31.435 0.0000000000
110330  -51.732  23.609  30.721 0.0000000000
110337  -52.193  24.282  29.744 0.0000000000
110355  -52.687  23.226  27.209 0.0000000000
110369  -52.914  23.303  26.220 0.0000000000
110382  -49.436  23.307  25.483 0.0000000000
110411  -47.501  23.541  23.410 0.0000000000
110428  -46.251  23.385  22.568 0.0000000000
110432  -50.357  22.865  22.585 0.0000000000
110433  -51.582  23.262  21.814 0.0000000000
110450  -51.023  23.149  21.052 0.0000000000
110458  -46.790  23.808  20.197 0.0000000000
110459  -47.835  23.547  20.028 0.0000000000
110460  -48.941  23.441  19.678 0.0000000000
110462  -50.286  22.925  20.082 0.0000000000
110475  -49.610  22.377  19.505 0.0000000000
110490  -44.446  23.867  14.942 0.0000000000
111115  -46.564  25.200  37.178 0.0000000000
111116  -47.374  24.904  37.608 0.0000000000
111117  -48.790  25.093  37.905 0.0000000000
111138  -46.089  25.010  36.643 0.0000000000
111139  -49.228  25.252  37.421 0.0000000000
111154  -45.423  24.555  35.963 0.0000000000
111155  -46.883  25.149  36.294 0.0000000000
111156  -47.475  25.039  35.459 0.0000000000
111157  -49.782  25.600  36.043 0.0000000000
111176  -46.712  24.346  33.465 0.0000000000
111177  -47.730  24.794  33.725 0.0000000000
111178  -50.580  25.850  34.670 0.0000000000
111184  -44.496  24.158  32.412 0.0000000000
111185  -45.269  23.959  32.844 0.0000000000
111190  -51.351  25.645  32.736 0.0000000000
111201  -44.870  24.657  31.700 0.0000000000
111202  -46.217  24.869  31.641 0.0000000000
111203  -46.917  24.997  31.755 0.0000000000
111211  -52.026  24.924  30.370 0.0000000000
111223  -52.393  24.105  28.002 0.0000000000
111228  -52.175  24.737  27.721 0.0000000000
111256  -52.116  24.207  22.729 0.0000000000
111268  -52.071  23.529  22.368 0.0000000000
111276  -46.695  24.928  21.243 0.0000000000
111278  -48.952  24.694  20.993 0.0000000000
111279  -49.911  24.602  20.828 0.0000000000
111281  -51.142  23.891  21.267 0.0000000000
111285  -44.823  24.630  20.274 0.0000000000
111289  -50.205  23.750  20.368 0.0000000000
111294  -44.093  24.365  19.581 0.0000000000
111306  -43.721  23.539  16.870 0.0000000000
111307  -44.668  24.029  15.424 0.0000000000
111315  -44.448  23.875  14.926 0.0000000000
111887  -48.684  25.534  37.411 0.0000000000
111894  -48.943  25.939  37.037 0.0000000000
111895  -49.115  25.750  37.155 0.0000000000
111906  -49.534  26.025  35.851 0.0000000000
111914  -50.242  26.212  35.000 0.0000000000
111915  -50.403  26.022  35.031 0.0000000000
111926  -48.246  25.344  32.128 0.0000000000
111940  -44.356  25.056  31.231 0.0000000000
111944  -48.706  25.697  31.537 0.0000000000
111946  -51.566  25.765  31.451 0.0000000000
111960  -45.364  25.807  30.405 0.0000000000
111961  -46.303  25.788  30.463 0.0000000000
111963  -48.178  25.951  30.789 0.0000000000
111964  -49.261  26.072  30.921 0.0000000000
111965  -51.450  26.016  31.025 0.0000000000
111966  -51.754  25.424  30.512 0.0000000000
111982  -51.659  25.372  27.314 0.0000000000
111988  -51.745  25.528  26.376 0.0000000000
112004  -51.854  25.816  24.575 0.0000000000
112005  -52.144  25.048  24.081 0.0000000000
112016  -51.920  25.009  23.263 0.0000000000
112025  -45.687  25.990  21.977 0.0000000000
112028  -49.063  25.774  22.128 0.0000000000
112030  -50.732  25.603  22.038 0.0000000000
112049  -45.671  24.825  20.816 0.0000000000
112056  -43.777  25.594  19.453 0.0000000000
112062  -43.729  24.814  18.319 0.0000000000
112069  -46.013  25.290  15.593 0.0000000000
112074  -45.495  24.730  15.129 0.0000000000
112667  -44.618  26.040  30.197 0.0000000000
112668  -45.915  26.319  29.949 0.0000000000
112672  -49.780  26.226  30.244 0.0000000000
112684  -44.439  26.664  29.651 0.0000000000
112685  -45.439  26.927  29.503 0.0000000000
112686  -46.432  26.868  29.574 0.0000000000
112688  -48.385  26.860  29.728 0.0000000000
112695  -49.612  26.860  28.731 0.0000000000
112701  -51.120  26.091  26.875 0.0000000000
112732  -47.066  26.548  23.301 0.0000000000
112748  -47.706  26.217  22.674 0.0000000000
112749  -49.572  26.351  22.520 0.0000000000
112751  -51.016  26.083  22.693 0.0000000000
112788  -46.485  25.848  15.597 0.0000000000
112789  -46.762  26.509  15.779 0.0000000000
113371  -44.529  27.874  28.958 0.0000000000
113374  -47.501  27.681  29.169 0.0000000000
113375  -48.139  27.474  29.321 0.0000000000
113383  -48.024  28.039  29.001 0.0000000000
113400  -51.316  27.351  25.514 0.0000000000
113406  -51.372  28.174  24.651 0.0000000000
113415  -45.736  27.674  24.233 0.0000000000
113417  -47.807  27.580  24.576 0.0000000000
113429  -46.371  27.024  23.822 0.0000000000
113433  -50.986  27.447  23.622 0.0000000000
113440  -44.320  27.827  22.103 0.0000000000
113441  -44.788  27.277  22.613 0.0000000000
113452  -44.029  27.717  20.398 0.0000000000
113464  -44.789  27.078  17.887 0.0000000000
113470  -45.390  26.276  17.116 0.0000000000
113472  -47.129  27.289  16.459 0.0000000000
114022  -45.943  28.065  28.864 0.0000000000
114023  -46.804  28.033  28.871 0.0000000000
114036  -47.633  28.376  28.806 0.0000000000
114045  -49.640  28.880  27.884 0.0000000000
114046  -50.397  29.224  27.268 0.0000000000
114052  -51.425  29.308  25.812 0.0000000000
114063  -49.067  28.759  25.168 0.0000000000
114064  -51.411  29.153  25.237 0.0000000000
114073  -44.724  28.723  24.223 0.0000000000
114075  -46.201  28.174  24.863 0.0000000000
114079  -50.951  28.783  24.401 0.0000000000
114080  -51.320  28.742  24.715 0.0000000000
114088  -44.496  28.579  23.432 0.0000000000
114090  -50.533  28.113  23.847 0.0000000000
114099  -44.156  28.264  21.182 0.0000000000
114111  -44.239  28.349  19.700 0.0000000000
114121  -46.582  28.686  17.820 0.0000000000
114148  -47.856  28.135  16.583 0.0000000000
114149  -48.248  28.685  16.681 0.0000000000
114165  -47.115  28.771  15.663 0.0000000000
114166  -47.805  28.743  16.097 0.0000000000
114636  -46.773  29.416  28.478 0.0000000000
114638  -48.749  29.411  28.497 0.0000000000
114657  -51.418  29.959  26.206 0.0000000000
114670  -45.047  29.562  25.164 0.0000000000
114671  -46.400  29.474  25.813 0.0000000000
114672  -47.517  29.386  25.932 0.0000000000
114674  -49.810  29.779  25.349 0.0000000000
114676  -51.297  29.669  25.475 0.0000000000
114684  -44.718  29.445  24.540 0.0000000000
114686  -50.843  29.349  24.810 0.0000000000
114696  -44.406  29.321  22.802 0.0000000000
114714  -44.434  29.193  20.016 0.0000000000
114715  -45.112  29.666  19.540 0.0000000000
114723  -45.712  29.234  18.643 0.0000000000
114726  -48.246  29.717  17.738 0.0000000000
114742  -47.377  28.941  17.683 0.0000000000
114744  -48.456  29.291  17.237 0.0000000000
114769  -46.184  28.862  15.640 0.0000000000
115315  -46.748  31.097  26.376 0.0000000000
115319  -51.105  31.280  26.782 0.0000000000
115331  -49.487  30.265  25.754 0.0000000000
115340  -44.633  30.125  24.092 0.0000000000
115352  -44.679  30.103  22.376 0.0000000000
115360  -45.745  30.821  21.479 0.0000000000
115367  -46.096  30.809  20.649 0.0000000000
115376  -48.811  31.252  18.549 0.0000000000
115389  -47.820  30.312  18.414 0.0000000000
115391  -49.128  31.038  18.085 0.0000000000
115423  -47.794  30.237  15.788 0.0000000000
115916  -46.425  31.722  28.241 0.0000000000
115917  -47.322  32.184  28.435 0.0000000000
115919  -49.766  32.493  28.214 0.0000000000
115920  -50.364  32.383  27.611 0.0000000000
115944  -50.800  32.050  27.099 0.0000000000
115950  -44.831  32.003  25.105 0.0000000000
115957  -44.621  31.633  24.534 0.0000000000
115970  -44.699  31.395  23.110 0.0000000000
115978  -45.535  31.164  22.113 0.0000000000
115987  -46.752  31.329  20.456 0.0000000000
116000  -49.033  32.352  19.434 0.0000000000
116037  -47.950  31.020  15.762 0.0000000000
116498  -47.067  33.335  28.306 0.0000000000
116500  -49.202  33.402  28.260 0.0000000000
116509  -50.259  32.717  27.379 0.0000000000
116518  -49.031  33.725  26.851 0.0000000000
116526  -44.913  32.887  25.292 0.0000000000
116550  -44.996  31.650  22.569 0.0000000000
116566  -47.203  32.387  20.772 0.0000000000
116568  -48.685  32.724  19.957 0.0000000000
116582  -49.613  32.728  19.087 0.0000000000
116592  -49.585  32.512  18.406 0.0000000000
116606  -49.059  32.273  16.799 0.0000000000
117095  -38.761  33.995  29.142 0.0000000000
117096  -39.461  33.756  28.856 0.0000000000
117099  -42.039  33.756  28.417 0.0000000000
117105  -48.631  34.159  28.117 0.0000000000
117113  -48.785  34.241  27.765 0.0000000000
117114  -49.467  33.754  27.777 0.0000000000
117123  -43.648  34.047  26.473 0.0000000000
117125  -45.648  34.292  26.517 0.0000000000
117127  -48.004  34.649  26.997 0.0000000000
117128  -48.565  34.327  27.186 0.0000000000
117129  -49.313  33.836  27.376 0.0000000000
117139  -44.881  33.648  25.775 0.0000000000
117146  -43.570  33.445  24.792 0.0000000000
117158  -43.515  33.945  22.143 0.0000000000
117167  -44.214  33.554  21.848 0.0000000000
117169  -46.050  33.309  21.151 0.0000000000
117181  -46.921  33.784  20.599 0.0000000000
117182  -47.623  33.117  20.540 0.0000000000
117668  -37.861  34.892  32.136 0.0000000000
117676  -36.793  35.137  31.004 0.0000000000
117679  -36.674  35.169  30.259 0.0000000000
117680  -37.063  34.481  30.676 0.0000000000
117682  -36.744  35.354  29.488 0.0000000000
117688  -39.976  34.330  28.357 0.0000000000
117689  -40.888  34.313  28.306 0.0000000000
117693  -45.103  34.368  28.006 0.0000000000
117699  -39.733  34.715  27.838 0.0000000000
117702  -42.673  34.374  27.753 0.0000000000
117704  -44.690  34.468  27.745 0.0000000000
117715  -40.655  34.643  27.026 0.0000000000
117716  -41.339  34.394  26.417 0.0000000000
117719  -45.162  34.565  27.218 0.0000000000
117720  -46.647  34.623  26.934 0.0000000000
117721  -47.437  34.701  27.230 0.0000000000
117750  -41.876  35.333  23.574 0.0000000000
117751  -42.475  34.816  23.144 0.0000000000
117752  -42.926  34.351  22.583 0.0000000000
117781  -45.654  34.804  20.810 0.0000000000
117783  -47.531  34.535  20.489 0.0000000000
117792  -49.921  34.196  19.837 0.0000000000
117793  -50.251  34.911  19.781 0.0000000000
117803  -50.199  34.666  19.126 0.0000000000
118272  -38.691  35.412  32.323 0.0000000000
118273  -39.467  35.870  32.375 0.0000000000
118289  -38.037  35.860  31.931 0.0000000000
118296  -36.636  35.772  30.602 0.0000000000
118310  -36.586  35.955  29.258 0.0000000000
118311  -36.955  35.695  28.704 0.0000000000
118317  -37.447  35.845  28.085 0.0000000000
118318  -38.106  35.672  27.649 0.0000000000
118324  -38.574  35.901  27.054 0.0000000000
118325  -39.170  35.713  26.579 0.0000000000
118333  -39.532  35.998  25.879 0.0000000000
118345  -40.566  36.181  24.724 0.0000000000
118346  -41.054  36.141  24.281 0.0000000000
118365  -43.122  35.607  21.953 0.0000000000
118374  -44.614  35.666  21.176 0.0000000000
118389  -48.232  35.225  20.507 0.0000000000
118406  -50.030  35.384  18.688 0.0000000000
118883  -39.640  36.638  32.375 0.0000000000
118892  -36.767  36.462  30.951 0.0000000000
118893  -38.192  36.763  31.900 0.0000000000
118895  -36.598  36.492  30.261 0.0000000000
118898  -36.578  36.512  29.552 0.0000000000
118900  -37.116  36.536  28.302 0.0000000000
118907  -38.669  36.613  26.669 0.0000000000
118910  -39.730  36.648  25.588 0.0000000000
118911  -40.268  36.736  25.040 0.0000000000
118917  -41.353  36.698  24.042 0.0000000000
118925  -41.811  36.720  23.563 0.0000000000
118935  -42.816  36.714  22.619 0.0000000000
118949  -43.601  36.042  21.720 0.0000000000
118950  -44.238  36.191  21.467 0.0000000000
118951  -45.171  36.402  21.169 0.0000000000
118968  -45.909  36.145  20.777 0.0000000000
118970  -47.870  36.100  20.625 0.0000000000
118971  -49.115  35.977  20.594 0.0000000000
118973  -50.286  36.419  20.188 0.0000000000
118980  -50.344  36.610  19.888 0.0000000000
119482  -38.216  37.608  32.037 0.0000000000
119485  -36.808  37.166  30.618 0.0000000000
119489  -36.664  37.196  29.911 0.0000000000
119494  -37.532  38.089  28.672 0.0000000000
119497  -37.463  37.318  28.089 0.0000000000
119500  -38.428  37.447  27.136 0.0000000000
119501  -39.058  37.446  26.526 0.0000000000
119502  -39.687  37.865  26.247 0.0000000000
119510  -40.627  37.336  24.928 0.0000000000
119512  -41.918  37.779  24.123 0.0000000000
119515  -41.603  37.215  23.977 0.0000000000
119522  -42.837  37.296  22.950 0.0000000000
119523  -44.189  37.526  22.258 0.0000000000
119524  -45.733  38.089  22.068 0.0000000000
119525  -46.658  38.535  22.344 0.0000000000
119552  -50.263  37.794  20.641 0.0000000000
120034  -37.754  38.158  31.627 0.0000000000
120037  -36.968  37.845  29.502 0.0000000000
120038  -37.235  38.342  30.281 0.0000000000
120044  -38.294  38.495  28.312 0.0000000000
120045  -39.058  38.876  28.134 0.0000000000
120048  -39.511  38.740  27.445 0.0000000000
120049  -39.971  38.569  26.761 0.0000000000
120054  -41.060  38.696  25.851 0.0000000000
120057  -42.126  38.847  25.010 0.0000000000
120064  -42.976  37.954  23.412 0.0000000000
120066  -45.746  39.000  23.116 0.0000000000
120074  -44.994  38.343  22.626 0.0000000000
120544  -39.833  39.726  33.205 0.0000000000
120550  -38.714  39.298  32.194 0.0000000000
120557  -38.170  39.391  30.635 0.0000000000
120558  -38.783  39.853  30.297 0.0000000000
120563  -39.076  39.625  29.478 0.0000000000
120568  -39.475  39.383  28.705 0.0000000000
120570  -41.305  39.805  28.241 0.0000000000
120581  -41.541  39.284  26.493 0.0000000000
120582  -42.376  39.573  26.456 0.0000000000
120587  -41.814  39.095  25.722 0.0000000000
120591  -45.304  40.162  25.249 0.0000000000
120597  -44.891  39.713  24.689 0.0000000000
121054  -39.656  40.412  32.871 0.0000000000
121057  -38.881  39.911  31.880 0.0000000000
121063  -40.007  40.858  30.467 0.0000000000
121064  -40.871  41.055  30.099 0.0000000000
121070  -42.259  40.614  29.095 0.0000000000
121074  -40.850  40.130  28.935 0.0000000000
121075  -41.591  40.293  28.815 0.0000000000
121076  -42.725  40.446  28.509 0.0000000000
121098  -45.194  40.394  25.929 0.0000000000
121576  -39.724  41.020  32.318 0.0000000000
121580  -39.801  41.149  31.383 0.0000000000
121581  -40.883  41.915  31.494 0.0000000000
122136  -40.756  42.184  32.441 0.0000000000
131363  -52.535  21.580  39.422 0.0000000000
131405  -49.290  26.028  34.973 0.0000000000
131571  -51.017  26.107  33.592 0.0000000000
131843  -45.424  23.771  24.951 0.0000000000
131861  -54.133  6.554  42.326 0.0000000000
132210  -41.971  33.948  25.851 0.0000000000
133361  -48.573  29.997  17.550 0.0000000000
133368  -45.398  23.973  37.197 0.0000000000
133580  -54.612  13.421  40.585 0.0000000000
134556  -51.441  25.684  22.966 0.0000000000
134661  -45.310  16.663  30.800 0.0000000000
134680  -38.547  34.990  28.053 0.0000000000
134807  -53.977  18.034  42.179 0.0000000000
134821  -43.378  37.071  22.424 0.0000000000
135190  -51.132  6.636  42.260 0.0000000000
135244  -45.624  22.052  37.637 0.0000000000
135370  -50.507  26.315  33.000 0.0000000000
135632  -44.775  24.432  36.292 0.0000000000
135650  -48.842  25.975  36.592 0.0000000000
135875  -43.403  21.050  16.571 0.0000000000
135920  -50.294  37.071  20.264 0.0000000000
135984  -43.248  34.337  27.161 0.0000000000
136346  -47.284  30.775  19.035 0.0000000000
136371  -50.254  36.059  19.368 0.0000000000
136574  -45.253  31.397  25.498 0.0000000000
136579  -40.992  36.426  32.592 0.0000000000
136637  -49.399  34.183  20.276 0.0000000000
136704  -48.564  29.911  16.645 0.0000000000
136835  -43.902  16.716  23.387 0.0000000000
136967  -45.610  29.694  25.617 0.0000000000
137136  -48.194  22.479  38.820 0.0000000000
137153  -46.311  30.217  28.293 0.0000000000
137241  -49.251  16.130  36.456 0.0000000000
138321  -47.090  28.731  28.637 0.0000000000
138679  -44.346  23.507  19.268 0.0000000000
138817  -52.423  20.311  36.779 0.0000000000
138869  -39.271  34.252  28.629 0.0000000000
140126  -51.736  14.872  41.308 0.0000000000
140225  -46.350  19.263  37.756 0.0000000000
140348  -49.568  25.238  36.640 0.0000000000
140747  -43.203  22.915  36.995 0.0000000000
141103  -44.005  26.936  20.611 0.0000000000
141407  -48.714  21.533  27.670 0.0000000000
141417  -48.353  18.667  33.412 0.0000000000
141492  -48.810  20.346  39.398 0.0000000000
141542  -50.540  26.667  27.349 0.0000000000
141552  -51.445  27.331  24.697 0.0000000000
142135  -47.395  25.295  21.655 0.0000000000
142147  -40.247  36.055  32.482 0.0000000000
142247  -48.891  17.428  24.767 0.0000000000
142386  -47.944  31.706  19.569 0.0000000000
143003  -52.221  18.372  42.216 0.0000000000
143007  -53.287  21.153  39.386 0.0000000000
143032  -44.280  19.378  37.563 0.0000000000
143712  -42.309  34.376  26.934 0.0000000000
143864  -50.299  31.881  27.945 0.0000000000
144233  -48.805  30.482  17.657 0.0000000000
144379  -51.284  26.049  33.071 0.0000000000
144442  -49.823  22.966  39.440 0.0000000000
144540  -50.069  20.728  40.423 0.0000000000
144644  -49.656  18.139  39.753 0.0000000000
144761  -46.023  24.183  32.875 0.0000000000
145173  -38.764  38.631  32.387 0.0000000000
145507  -48.320  10.783  40.352 0.0000000000
145613  -49.485  30.247  28.237 0.0000000000
145989  -48.161  25.153  37.667 0.0000000000
146394  -44.611  34.034  21.450 0.0000000000
147083  -51.428  28.421  25.288 0.0000000000
147102  -53.482  18.143  40.969 0.0000000000
147109  -53.867  17.954  42.368 0.0000000000
147327  -50.439  27.407  23.383 0.0000000000
147674  -44.677  30.896  24.359 0.0000000000
148019  -53.406  22.511  25.402 0.0000000000
148573  -52.331  20.462  26.072 0.0000000000
148871  -43.932  33.182  24.260 0.0000000000
148971  -50.748  31.842  26.818 0.0000000000
149265  -51.162  23.333  31.926 0.0000000000
149267  -45.275  19.781  18.572 0.0000000000
149513  -51.175  26.199  31.210 0.0000000000
149698  -50.262  32.643  26.964 0.0000000000
149849  -49.839  33.281  27.409 0.0000000000
149934  -51.451  28.691  24.941 0.0000000000
149964  -48.754  32.069  26.475 0.0000000000
149966  -52.838  17.446  25.575 0.0000000000
150160  -49.715  33.340  26.994 0.0000000000
150263  -48.945  23.851  38.732 0.0000000000
150409  -43.668  38.471  23.434 0.0000000000
150493  -50.405  17.936  37.778 0.0000000000
150720  -47.548  32.094  26.400 0.0000000000
151099  -51.623  18.628  41.769 0.0000000000
151292  -55.122  13.969  40.490 0.0000000000
151546  -38.215  33.669  29.696 0.0000000000
151770  -54.295  15.701  42.505 0.0000000000
151901  -42.593  36.023  22.564 0.0000000000
151970  -46.072  25.097  37.061 0.0000000000
152016  -36.875  37.738  30.272 0.0000000000
152159  -52.925  20.027  42.061 0.0000000000
152223  -40.155  35.200  32.700 0.0000000000
152371  -38.300  38.239  32.115 0.0000000000
152666  -41.771  38.210  24.601 0.0000000000
152972  -46.745  17.179  24.096 0.0000000000
152986  -37.868  37.215  27.546 0.0000000000
153052  -53.788  18.478  41.694 0.0000000000
153235  -48.346  18.457  31.464 0.0000000000
153264  -49.813  35.509  20.335 0.0000000000
153306  -51.223  6.595  42.902 0.0000000000
153540  -42.381  34.177  28.176 0.0000000000
153654  -51.287  30.556  26.383 0.0000000000
153684  -45.845  17.059  30.395 0.0000000000
153730  -50.424  22.323  36.137 0.0000000000
154125  -48.649  22.567  27.158 0.0000000000
154382  -56.301  6.187  40.400 0.0000000000
154401  -49.869  9.094  38.731 0.0000000000
154450  -54.622  6.553  42.006 0.0000000000
154536  -37.676  38.762  31.019 0.0000000000
154632  -39.317  40.355  32.263 0.0000000000
154643  -46.346  31.240  21.105 0.0000000000
155121  -53.490  20.625  33.004 0.0000000000
155207  -39.829  35.587  32.513 0.0000000000
155364  -50.645  23.100  20.543 0.0000000000
155520  -51.382  29.606  25.650 0.0000000000
155592  -50.515  8.271  38.804 0.0000000000
155638  -49.502  33.632  19.998 0.0000000000
155736  -44.322  29.005  22.294 0.0000000000
155913  -44.237  38.079  22.665 0.0000000000
156127  -48.347  18.944  38.586 0.0000000000
156135  -51.226  21.789  26.083 0.0000000000
156200  -45.526  24.883  31.494 0.0000000000
156213  -44.791  25.670  30.538 0.0000000000
156307  -40.325  41.535  31.454 0.0000000000
156469  -41.264  37.085  24.245 0.0000000000
156485  -52.534  23.243  22.894 0.0000000000
156611  -54.252  18.975  28.641 0.0000000000
157094  -44.608  23.716  33.088 0.0000000000
157153  -51.068  31.605  27.050 0.0000000000
157227  -49.864  28.149  23.994 0.0000000000
157614  -41.337  35.565  24.112 0.0000000000
157724  -52.358  19.623  31.908 0.0000000000
157879  -52.427  16.960  25.867 0.0000000000
157886  -45.150  16.584  27.826 0.0000000000
157925  -53.349  6.623  41.253 0.0000000000
158190  -43.884  16.285  29.200 0.0000000000
158223  -55.452  14.294  37.313 0.0000000000
158299  -51.989  24.234  30.337 0.0000000000
158402  -48.247  25.849  22.276 0.0000000000
158434  -44.621  25.923  21.100 0.0000000000
158567  -47.885  17.916  30.459 0.0000000000
158679  -42.379  35.512  22.996 0.0000000000
158705  -41.950  34.391  27.985 0.0000000000
158884  -56.457  6.279  38.180 0.0000000000
