#!ascii label  , from subject sub-v1s22x0050439_ses-1 vox2ras=TkReg
559
14147  -42.591  -77.041  -4.498 0.0000000000
15121  -34.365  -75.462  -5.875 0.0000000000
18546  -40.745  -71.140  -0.888 0.0000000000
13187  -36.234  -77.864  -3.547 0.0000000000
143622  -36.176  -69.999  -1.884 0.0000000000
17700  -46.766  -72.727  0.442 0.0000000000
151157  -40.281  -70.347  3.152 0.0000000000
16741  -38.130  -73.477  6.978 0.0000000000
22290  -40.444  -66.533  -0.460 0.0000000000
18535  -37.727  -70.940  0.158 0.0000000000
22287  -36.814  -67.580  -1.008 0.0000000000
18513  -43.608  -71.782  2.472 0.0000000000
141909  -41.886  -73.328  3.459 0.0000000000
137539  -40.099  -70.129  8.648 0.0000000000
20251  -36.978  -69.570  7.575 0.0000000000
10708  -39.675  -80.991  -5.493 0.0000000000
13165  -33.521  -76.692  -3.147 0.0000000000
10687  -32.707  -80.239  -4.541 0.0000000000
12331  -31.016  -78.719  -5.614 0.0000000000
133543  -42.130  -73.914  -2.616 0.0000000000
143296  -39.163  -76.868  -3.709 0.0000000000
15963  -35.635  -74.295  -1.582 0.0000000000
16866  -34.730  -73.077  -3.304 0.0000000000
18556  -44.508  -70.865  -1.833 0.0000000000
20330  -42.160  -68.160  -0.735 0.0000000000
21245  -39.512  -67.731  1.423 0.0000000000
152600  -39.140  -75.898  4.626 0.0000000000
147194  -38.650  -71.887  4.962 0.0000000000
21218  -37.270  -68.711  4.205 0.0000000000
144936  -36.763  -64.684  2.871 0.0000000000
10705  -36.764  -80.483  -4.736 0.0000000000
18627  -41.365  -71.737  -7.116 0.0000000000
139989  -37.284  -74.294  -7.557 0.0000000000
13268  -37.268  -77.354  -9.389 0.0000000000
23266  -39.084  -65.673  0.013 0.0000000000
144485  -38.023  -67.008  -0.340 0.0000000000
136926  -41.633  -78.367  -4.824 0.0000000000
15098  -33.297  -75.479  -4.354 0.0000000000
142906  -31.838  -78.274  -4.300 0.0000000000
13226  -31.909  -77.415  -5.434 0.0000000000
13251  -31.608  -78.084  -7.114 0.0000000000
14188  -33.967  -76.783  -7.143 0.0000000000
17721  -41.306  -72.843  -1.663 0.0000000000
16822  -39.623  -72.961  -0.944 0.0000000000
158581  -36.550  -71.247  -0.336 0.0000000000
16819  -36.591  -73.154  -0.703 0.0000000000
138506  -35.612  -72.170  -1.223 0.0000000000
16832  -34.863  -73.544  -2.215 0.0000000000
18561  -35.527  -71.665  -2.122 0.0000000000
17724  -45.201  -71.559  -2.078 0.0000000000
18549  -45.189  -71.312  -1.233 0.0000000000
19369  -41.641  -70.802  2.546 0.0000000000
19386  -42.475  -70.623  0.812 0.0000000000
19384  -41.047  -70.194  1.766 0.0000000000
159015  -40.774  -68.119  0.681 0.0000000000
20304  -39.692  -69.447  2.248 0.0000000000
15871  -38.316  -74.740  5.966 0.0000000000
16772  -39.082  -73.858  4.232 0.0000000000
16758  -37.599  -72.865  6.001 0.0000000000
22213  -36.583  -67.522  6.809 0.0000000000
20261  -36.720  -68.922  5.914 0.0000000000
22243  -36.495  -67.468  5.001 0.0000000000
148509  -36.555  -67.218  3.580 0.0000000000
13188  -37.675  -77.272  -3.560 0.0000000000
12310  -37.932  -78.574  -4.178 0.0000000000
12291  -36.422  -78.691  -3.905 0.0000000000
9924  -33.611  -81.575  -5.458 0.0000000000
153330  -43.874  -71.397  -7.717 0.0000000000
17802  -39.208  -72.865  -7.257 0.0000000000
15150  -38.909  -75.879  -9.089 0.0000000000
138738  -40.692  -69.032  -0.785 0.0000000000
18545  -39.816  -70.971  -0.344 0.0000000000
20329  -38.347  -69.240  0.032 0.0000000000
20340  -37.234  -68.927  -0.198 0.0000000000
21283  -36.623  -68.373  -1.146 0.0000000000
18528  -44.861  -71.999  1.066 0.0000000000
152657  -42.859  -71.856  3.115 0.0000000000
18505  -41.127  -71.610  3.812 0.0000000000
18463  -38.528  -72.117  8.131 0.0000000000
18461  -37.471  -71.573  7.500 0.0000000000
19323  -38.140  -70.575  8.368 0.0000000000
21168  -37.295  -67.916  8.293 0.0000000000
23171  -37.170  -66.272  7.878 0.0000000000
13166  -34.528  -77.064  -2.920 0.0000000000
11438  -34.928  -79.071  -3.833 0.0000000000
11436  -32.901  -78.953  -3.779 0.0000000000
10685  -31.462  -79.879  -5.092 0.0000000000
153361  -30.609  -80.578  -6.702 0.0000000000
12358  -30.654  -79.211  -7.502 0.0000000000
12369  -31.293  -78.805  -8.817 0.0000000000
12384  -32.690  -78.615  -9.700 0.0000000000
15999  -42.174  -75.074  -3.321 0.0000000000
149826  -40.606  -76.841  -4.012 0.0000000000
15071  -39.207  -75.429  -2.784 0.0000000000
15069  -37.657  -75.487  -2.381 0.0000000000
16821  -38.606  -72.968  -0.669 0.0000000000
15965  -37.652  -74.630  -1.594 0.0000000000
15067  -35.610  -75.659  -2.247 0.0000000000
15066  -34.712  -75.564  -2.385 0.0000000000
15981  -33.861  -74.898  -3.064 0.0000000000
16009  -34.222  -74.272  -4.367 0.0000000000
15986  -43.433  -74.203  -3.077 0.0000000000
17722  -43.128  -72.175  -2.117 0.0000000000
18554  -42.914  -70.361  -1.722 0.0000000000
18527  -43.810  -71.103  0.013 0.0000000000
19419  -42.970  -69.583  -1.277 0.0000000000
138440  -42.261  -68.801  -1.570 0.0000000000
21260  -41.407  -67.412  -0.569 0.0000000000
22283  -40.468  -66.188  -0.117 0.0000000000
23244  -39.313  -65.816  0.765 0.0000000000
15904  -39.935  -74.693  3.661 0.0000000000
16773  -39.753  -72.937  4.232 0.0000000000
19356  -40.033  -70.866  4.203 0.0000000000
18487  -37.316  -71.263  6.164 0.0000000000
20278  -37.957  -69.976  4.972 0.0000000000
20289  -39.057  -69.848  3.866 0.0000000000
21234  -37.888  -67.973  2.519 0.0000000000
23229  -37.680  -66.391  2.112 0.0000000000
12311  -39.527  -78.560  -4.553 0.0000000000
10706  -37.658  -80.686  -5.024 0.0000000000
10688  -34.283  -80.503  -4.458 0.0000000000
9171  -35.205  -82.414  -5.769 0.0000000000
17765  -36.717  -71.542  -4.215 0.0000000000
17776  -36.692  -72.447  -5.102 0.0000000000
16906  -35.631  -73.781  -5.672 0.0000000000
16909  -37.873  -72.959  -6.821 0.0000000000
16049  -35.799  -74.873  -6.829 0.0000000000
132811  -35.118  -76.573  -7.714 0.0000000000
13266  -35.396  -77.787  -8.813 0.0000000000
24211  -38.672  -65.409  0.540 0.0000000000
156017  -38.030  -65.689  -0.127 0.0000000000
12313  -42.465  -78.655  -4.811 0.0000000000
13210  -42.082  -77.766  -4.686 0.0000000000
15107  -33.572  -75.675  -5.246 0.0000000000
14158  -32.587  -76.704  -5.334 0.0000000000
14159  -33.269  -76.208  -5.535 0.0000000000
14173  -33.374  -76.569  -6.292 0.0000000000
15120  -33.795  -76.011  -5.938 0.0000000000
17710  -41.085  -72.003  -1.279 0.0000000000
17720  -40.447  -72.896  -1.301 0.0000000000
17709  -40.172  -72.235  -0.807 0.0000000000
19423  -36.107  -70.722  -0.970 0.0000000000
18541  -35.849  -71.931  -0.796 0.0000000000
18553  -35.729  -71.554  -1.294 0.0000000000
136734  -35.408  -72.264  -1.759 0.0000000000
17711  -47.280  -73.145  -0.512 0.0000000000
138910  -46.779  -72.748  -1.211 0.0000000000
18558  -46.015  -72.018  -1.471 0.0000000000
18550  -45.793  -71.930  -0.682 0.0000000000
19368  -40.875  -70.573  2.816 0.0000000000
20297  -40.306  -69.936  2.230 0.0000000000
20296  -39.702  -69.893  3.064 0.0000000000
16742  -39.477  -73.580  7.639 0.0000000000
15866  -39.506  -74.808  7.269 0.0000000000
15865  -38.575  -74.259  6.884 0.0000000000
15872  -38.817  -75.032  6.616 0.0000000000
133951  -38.092  -74.133  5.390 0.0000000000
16740  -37.743  -72.950  6.789 0.0000000000
23174  -36.542  -66.623  6.480 0.0000000000
22223  -36.516  -67.469  5.899 0.0000000000
143372  -36.390  -66.680  4.425 0.0000000000
150833  -36.454  -65.222  4.985 0.0000000000
150315  -36.861  -77.437  -3.460 0.0000000000
12292  -37.205  -78.106  -3.840 0.0000000000
16936  -40.499  -73.870  -8.191 0.0000000000
16061  -39.017  -75.135  -8.628 0.0000000000
132058  -39.751  -75.597  -9.314 0.0000000000
21271  -40.704  -67.224  -0.791 0.0000000000
19405  -39.297  -69.427  -0.195 0.0000000000
20341  -39.215  -68.310  -0.339 0.0000000000
133468  -37.294  -67.576  -0.574 0.0000000000
21269  -37.696  -68.008  -0.326 0.0000000000
21268  -36.952  -68.285  -0.593 0.0000000000
20352  -36.621  -69.218  -0.688 0.0000000000
141252  -41.999  -71.690  3.543 0.0000000000
17666  -41.452  -72.491  3.796 0.0000000000
18450  -40.181  -71.854  8.429 0.0000000000
144822  -38.749  -71.223  8.412 0.0000000000
19324  -39.111  -70.398  8.628 0.0000000000
22210  -37.062  -67.143  8.133 0.0000000000
10707  -38.615  -80.867  -5.372 0.0000000000
137994  -33.849  -77.600  -3.266 0.0000000000
13184  -32.965  -77.457  -3.519 0.0000000000
12308  -31.346  -78.502  -4.975 0.0000000000
11455  -31.647  -79.135  -4.562 0.0000000000
11476  -31.064  -79.210  -5.305 0.0000000000
12330  -30.699  -79.325  -6.126 0.0000000000
11492  -30.492  -79.881  -7.102 0.0000000000
152176  -32.261  -77.902  -7.663 0.0000000000
12360  -31.671  -78.398  -8.029 0.0000000000
13263  -32.665  -78.086  -8.279 0.0000000000
12370  -32.196  -78.481  -8.899 0.0000000000
12371  -33.189  -78.326  -8.975 0.0000000000
139643  -42.432  -74.582  -3.070 0.0000000000
15087  -41.439  -75.504  -3.411 0.0000000000
15070  -38.526  -75.660  -2.773 0.0000000000
15982  -38.530  -75.050  -2.253 0.0000000000
19415  -38.843  -70.732  0.060 0.0000000000
140075  -38.615  -72.203  -0.313 0.0000000000
17707  -37.830  -72.372  -0.320 0.0000000000
16835  -37.091  -73.908  -0.936 0.0000000000
15964  -36.552  -74.466  -1.419 0.0000000000
15049  -36.892  -75.082  -1.853 0.0000000000
15048  -36.022  -75.042  -1.790 0.0000000000
17735  -34.717  -73.297  -2.658 0.0000000000
16851  -34.389  -74.012  -2.707 0.0000000000
15998  -34.108  -74.220  -3.394 0.0000000000
15997  -33.665  -74.848  -3.865 0.0000000000
133643  -34.471  -73.620  -3.831 0.0000000000
17737  -43.895  -72.512  -2.371 0.0000000000
17723  -44.211  -71.388  -2.088 0.0000000000
143375  -43.344  -71.080  -1.971 0.0000000000
18555  -43.758  -70.447  -1.745 0.0000000000
18514  -44.401  -71.948  2.051 0.0000000000
154751  -44.354  -71.453  0.269 0.0000000000
138954  -43.840  -71.535  1.219 0.0000000000
19406  -42.343  -69.497  -0.073 0.0000000000
19407  -42.884  -69.924  -0.485 0.0000000000
20331  -42.549  -68.846  -1.148 0.0000000000
20345  -42.471  -68.944  -1.441 0.0000000000
21261  -41.709  -67.750  -1.118 0.0000000000
21246  -40.306  -67.926  0.986 0.0000000000
22273  -40.418  -66.735  0.459 0.0000000000
139216  -40.018  -66.049  0.391 0.0000000000
22272  -39.391  -66.636  1.177 0.0000000000
14974  -39.328  -75.273  4.119 0.0000000000
16771  -38.742  -73.192  4.602 0.0000000000
17657  -39.214  -72.362  4.639 0.0000000000
17658  -39.973  -72.080  4.427 0.0000000000
18498  -39.547  -71.444  4.570 0.0000000000
19322  -37.390  -70.647  7.758 0.0000000000
144601  -37.089  -71.065  7.039 0.0000000000
19332  -36.947  -70.326  7.115 0.0000000000
20276  -36.948  -68.847  5.022 0.0000000000
20277  -37.201  -69.499  5.423 0.0000000000
20287  -37.669  -69.335  4.624 0.0000000000
20288  -38.333  -69.709  4.332 0.0000000000
21219  -38.120  -69.234  3.731 0.0000000000
21228  -38.159  -68.809  2.898 0.0000000000
21227  -37.486  -68.483  3.374 0.0000000000
24178  -36.560  -65.439  3.206 0.0000000000
22260  -36.855  -66.871  2.797 0.0000000000
146552  -37.016  -65.258  2.582 0.0000000000
23242  -37.689  -65.433  2.053 0.0000000000
13190  -39.955  -77.166  -4.027 0.0000000000
134356  -40.034  -77.866  -4.387 0.0000000000
13208  -39.278  -77.639  -4.097 0.0000000000
10691  -37.373  -79.873  -4.607 0.0000000000
11460  -37.978  -79.348  -4.514 0.0000000000
9927  -37.047  -81.357  -5.216 0.0000000000
142345  -36.351  -81.730  -5.352 0.0000000000
11457  -33.434  -79.836  -4.097 0.0000000000
11458  -34.550  -79.807  -4.057 0.0000000000
9189  -33.759  -82.686  -6.508 0.0000000000
9170  -34.174  -82.242  -5.902 0.0000000000
18574  -36.898  -70.947  -3.792 0.0000000000
19434  -37.414  -70.388  -3.969 0.0000000000
17777  -37.436  -72.240  -5.458 0.0000000000
16891  -36.201  -73.059  -5.378 0.0000000000
16892  -36.945  -72.799  -5.835 0.0000000000
153166  -38.411  -73.796  -7.672 0.0000000000
16923  -38.408  -73.166  -7.251 0.0000000000
16922  -37.689  -73.616  -7.299 0.0000000000
16921  -36.857  -73.836  -6.980 0.0000000000
16050  -36.559  -74.653  -7.378 0.0000000000
15136  -34.971  -76.063  -7.147 0.0000000000
15138  -36.640  -75.321  -7.923 0.0000000000
14201  -37.649  -76.596  -9.110 0.0000000000
14200  -36.691  -76.621  -8.675 0.0000000000
13267  -36.200  -77.475  -8.879 0.0000000000
23267  -40.240  -66.088  -0.174 0.0000000000
21270  -38.995  -67.278  -0.367 0.0000000000
22289  -39.355  -66.104  -0.288 0.0000000000
131772  -38.110  -66.106  -0.296 0.0000000000
22288  -37.289  -66.830  -0.674 0.0000000000
20239  -39.359  -69.563  8.770 0.0000000000
135287  -39.544  -68.696  8.936 0.0000000000
11462  -40.282  -79.413  -5.109 0.0000000000
15082  -32.803  -75.967  -4.007 0.0000000000
151058  -32.204  -77.416  -4.064 0.0000000000
14144  -32.482  -76.631  -4.385 0.0000000000
138346  -32.078  -77.165  -4.719 0.0000000000
13225  -31.381  -78.127  -5.509 0.0000000000
12349  -31.022  -78.513  -6.353 0.0000000000
13239  -31.717  -77.749  -6.275 0.0000000000
13240  -33.178  -77.144  -7.039 0.0000000000
13253  -33.828  -77.372  -7.728 0.0000000000
143448  -41.426  -73.520  -2.150 0.0000000000
16838  -40.604  -73.661  -1.876 0.0000000000
138193  -39.926  -73.464  -1.438 0.0000000000
16837  -39.147  -73.685  -1.332 0.0000000000
18534  -36.921  -71.133  -0.028 0.0000000000
18543  -37.296  -71.723  -0.083 0.0000000000
18542  -36.531  -71.774  -0.361 0.0000000000
17705  -36.203  -72.477  -0.654 0.0000000000
16833  -35.392  -73.477  -1.596 0.0000000000
15962  -34.900  -74.136  -2.046 0.0000000000
17718  -35.093  -72.950  -2.028 0.0000000000
17736  -35.150  -72.547  -2.575 0.0000000000
18557  -45.157  -71.353  -1.809 0.0000000000
18548  -44.592  -70.897  -1.609 0.0000000000
149700  -42.773  -71.465  2.605 0.0000000000
18512  -42.971  -71.289  1.682 0.0000000000
19370  -42.280  -71.027  2.127 0.0000000000
19385  -41.765  -70.374  1.279 0.0000000000
20313  -41.532  -69.440  0.635 0.0000000000
146045  -41.320  -68.267  0.332 0.0000000000
20312  -40.851  -69.430  1.291 0.0000000000
20311  -40.327  -68.915  1.367 0.0000000000
21236  -39.495  -68.738  1.794 0.0000000000
13996  -38.928  -76.057  5.902 0.0000000000
14973  -38.772  -75.388  4.753 0.0000000000
15897  -38.813  -74.643  4.435 0.0000000000
15884  -38.362  -74.765  5.052 0.0000000000
16759  -37.998  -73.327  5.252 0.0000000000
17648  -37.946  -72.409  5.400 0.0000000000
20250  -36.692  -68.888  6.850 0.0000000000
20262  -36.851  -69.698  6.461 0.0000000000
21188  -36.609  -68.219  6.304 0.0000000000
21202  -36.623  -68.201  5.439 0.0000000000
21217  -36.683  -68.155  4.603 0.0000000000
21226  -36.784  -68.008  3.806 0.0000000000
136300  -36.520  -67.525  4.263 0.0000000000
23215  -36.485  -66.318  3.426 0.0000000000
13189  -38.516  -77.413  -3.793 0.0000000000
13207  -38.627  -78.154  -4.161 0.0000000000
12293  -37.994  -77.907  -3.881 0.0000000000
12309  -37.226  -79.017  -4.250 0.0000000000
147113  -36.457  -79.598  -4.317 0.0000000000
10704  -33.065  -80.938  -4.983 0.0000000000
17805  -42.698  -72.630  -7.927 0.0000000000
17804  -41.694  -72.701  -7.646 0.0000000000
17803  -40.651  -72.301  -7.233 0.0000000000
16924  -39.890  -73.384  -7.718 0.0000000000
139198  -39.067  -73.567  -7.699 0.0000000000
16051  -38.111  -74.476  -7.978 0.0000000000
15139  -37.360  -75.055  -8.116 0.0000000000
134196  -37.960  -75.872  -8.776 0.0000000000
14202  -38.576  -76.517  -9.477 0.0000000000
19417  -40.812  -69.980  -0.824 0.0000000000
19416  -39.831  -70.105  -0.378 0.0000000000
19404  -38.109  -70.066  0.163 0.0000000000
21259  -38.074  -68.611  -0.057 0.0000000000
19403  -37.239  -70.344  0.097 0.0000000000
20339  -36.849  -69.764  -0.168 0.0000000000
137798  -36.440  -70.074  -0.648 0.0000000000
19424  -36.223  -70.003  -1.181 0.0000000000
18538  -45.821  -72.268  0.264 0.0000000000
17676  -43.691  -72.217  2.921 0.0000000000
18511  -42.206  -71.297  3.029 0.0000000000
19363  -41.465  -71.115  3.321 0.0000000000
19362  -40.618  -70.876  3.652 0.0000000000
17625  -39.039  -72.953  7.854 0.0000000000
17624  -38.115  -72.782  7.465 0.0000000000
147075  -37.818  -72.055  7.766 0.0000000000
20252  -37.723  -69.784  8.318 0.0000000000
20238  -38.474  -69.024  8.729 0.0000000000
21181  -37.435  -68.876  8.292 0.0000000000
21180  -36.858  -68.550  7.689 0.0000000000
22209  -36.784  -67.717  7.650 0.0000000000
145845  -36.729  -66.895  7.430 0.0000000000
24112  -36.705  -65.686  6.559 0.0000000000
13186  -35.367  -77.546  -3.245 0.0000000000
12290  -35.421  -78.343  -3.619 0.0000000000
13185  -34.696  -77.775  -3.329 0.0000000000
11437  -33.895  -79.069  -3.723 0.0000000000
10686  -31.989  -79.887  -4.620 0.0000000000
10715  -30.963  -80.741  -6.110 0.0000000000
12359  -30.984  -78.675  -7.308 0.0000000000
12368  -30.877  -78.914  -8.103 0.0000000000
11520  -30.492  -79.660  -9.166 0.0000000000
11521  -30.894  -79.153  -9.544 0.0000000000
12399  -32.204  -78.909  -10.352 0.0000000000
15088  -42.552  -75.648  -3.738 0.0000000000
14146  -41.467  -76.903  -4.325 0.0000000000
14133  -41.951  -76.246  -4.043 0.0000000000
14132  -40.938  -76.262  -3.722 0.0000000000
14131  -39.941  -76.347  -3.609 0.0000000000
15085  -39.696  -75.728  -3.204 0.0000000000
14130  -38.369  -76.704  -3.464 0.0000000000
156114  -37.699  -76.606  -3.243 0.0000000000
14129  -36.975  -76.809  -3.158 0.0000000000
154114  -39.809  -71.725  -0.470 0.0000000000
16820  -37.514  -73.159  -0.604 0.0000000000
16836  -38.122  -73.848  -1.020 0.0000000000
15068  -36.612  -75.646  -2.283 0.0000000000
14106  -36.281  -76.331  -2.654 0.0000000000
14105  -35.185  -76.447  -2.608 0.0000000000
14104  -34.229  -76.174  -2.724 0.0000000000
15046  -34.416  -74.755  -2.465 0.0000000000
148305  -34.082  -75.400  -2.715 0.0000000000
15065  -33.597  -75.756  -3.071 0.0000000000
15083  -33.362  -75.511  -3.627 0.0000000000
15108  -33.902  -74.985  -4.876 0.0000000000
16000  -43.089  -75.039  -3.491 0.0000000000
16853  -43.111  -73.210  -2.483 0.0000000000
16854  -44.279  -73.353  -2.787 0.0000000000
16839  -42.193  -72.960  -2.027 0.0000000000
144634  -42.246  -71.822  -1.664 0.0000000000
18547  -41.883  -70.773  -1.476 0.0000000000
18537  -45.048  -71.617  -0.198 0.0000000000
18536  -44.444  -70.832  -0.865 0.0000000000
19387  -43.171  -70.924  0.382 0.0000000000
19408  -43.646  -70.255  -0.821 0.0000000000
19420  -43.811  -70.358  -1.491 0.0000000000
19426  -42.991  -69.705  -1.438 0.0000000000
19425  -42.442  -69.461  -1.575 0.0000000000
19418  -41.807  -69.649  -1.497 0.0000000000
143169  -41.842  -68.677  -1.556 0.0000000000
20343  -41.573  -67.814  -1.206 0.0000000000
22291  -40.968  -66.779  -0.653 0.0000000000
21247  -41.085  -67.324  0.221 0.0000000000
22284  -41.006  -66.732  -0.370 0.0000000000
23268  -40.740  -66.485  -0.359 0.0000000000
23256  -39.711  -65.835  0.228 0.0000000000
15898  -39.364  -74.475  3.983 0.0000000000
16781  -39.859  -73.870  3.853 0.0000000000
138907  -40.595  -73.157  3.871 0.0000000000
17665  -40.603  -72.265  4.124 0.0000000000
18499  -40.386  -71.481  4.203 0.0000000000
19361  -39.875  -70.385  3.778 0.0000000000
17636  -37.507  -72.410  6.582 0.0000000000
17647  -37.512  -72.055  6.010 0.0000000000
18488  -37.963  -71.430  5.341 0.0000000000
142807  -37.307  -70.040  5.709 0.0000000000
19345  -37.638  -70.615  5.509 0.0000000000
19354  -38.405  -70.613  4.886 0.0000000000
19355  -39.284  -70.550  4.420 0.0000000000
20295  -38.926  -69.307  2.798 0.0000000000
21235  -38.730  -68.456  2.197 0.0000000000
144773  -38.703  -67.646  1.809 0.0000000000
22252  -37.013  -67.686  3.045 0.0000000000
22261  -37.440  -67.239  2.478 0.0000000000
22262  -38.190  -67.098  1.869 0.0000000000
23243  -38.494  -65.572  1.395 0.0000000000
24197  -38.140  -64.937  1.363 0.0000000000
13209  -40.895  -77.602  -4.466 0.0000000000
12312  -40.749  -78.614  -4.813 0.0000000000
135032  -39.322  -79.487  -4.892 0.0000000000
138734  -38.637  -78.942  -4.501 0.0000000000
157910  -38.612  -79.616  -4.769 0.0000000000
9928  -38.081  -81.502  -5.445 0.0000000000
11439  -35.784  -79.114  -3.948 0.0000000000
11459  -35.522  -79.737  -4.177 0.0000000000
10689  -35.249  -80.434  -4.482 0.0000000000
9913  -34.004  -81.110  -4.899 0.0000000000
9914  -34.980  -81.136  -4.850 0.0000000000
9915  -36.012  -81.042  -4.899 0.0000000000
24224  -36.832  -65.267  -1.296 0.0000000000
22302  -36.685  -67.599  -2.205 0.0000000000
21296  -36.591  -68.312  -1.979 0.0000000000
20358  -36.717  -68.926  -2.634 0.0000000000
19430  -36.277  -70.463  -2.525 0.0000000000
18562  -35.960  -71.153  -2.659 0.0000000000
18573  -36.311  -71.381  -3.478 0.0000000000
17752  -36.012  -71.947  -3.954 0.0000000000
18591  -37.510  -71.176  -4.463 0.0000000000
153497  -36.490  -72.088  -4.543 0.0000000000
16877  -35.045  -73.074  -4.174 0.0000000000
16890  -35.522  -73.246  -4.913 0.0000000000
16018  -34.790  -74.519  -5.474 0.0000000000
17793  -39.633  -72.126  -6.761 0.0000000000
17792  -38.538  -72.467  -6.594 0.0000000000
17791  -37.683  -72.584  -6.188 0.0000000000
16907  -36.504  -73.467  -6.169 0.0000000000
16035  -35.496  -74.473  -6.200 0.0000000000
15122  -35.135  -75.104  -6.335 0.0000000000
14174  -34.303  -76.171  -6.610 0.0000000000
14189  -34.577  -76.518  -7.284 0.0000000000
13254  -34.551  -77.038  -7.753 0.0000000000
153874  -35.257  -77.202  -8.291 0.0000000000
13265  -34.540  -77.683  -8.430 0.0000000000
12372  -34.133  -78.244  -8.991 0.0000000000
9925  -34.610  -81.721  -5.349 0.0000000000
9938  -33.182  -82.053  -6.011 0.0000000000
10690  -36.011  -80.267  -4.520 0.0000000000
10692  -38.197  -80.105  -4.877 0.0000000000
11461  -39.050  -80.208  -5.190 0.0000000000
11477  -39.973  -80.175  -5.392 0.0000000000
11509  -30.786  -79.207  -8.757 0.0000000000
12288  -33.354  -78.262  -3.537 0.0000000000
12289  -34.362  -78.355  -3.526 0.0000000000
12332  -41.826  -79.139  -5.110 0.0000000000
12383  -31.680  -78.809  -9.660 0.0000000000
13206  -31.719  -77.796  -4.772 0.0000000000
13252  -32.995  -77.626  -7.688 0.0000000000
14107  -37.236  -76.179  -2.796 0.0000000000
14108  -38.109  -76.126  -3.030 0.0000000000
14126  -32.749  -76.671  -3.697 0.0000000000
14127  -33.116  -76.064  -3.495 0.0000000000
14128  -36.038  -77.099  -3.057 0.0000000000
14145  -32.929  -76.076  -4.771 0.0000000000
14172  -32.512  -77.166  -6.238 0.0000000000
14190  -35.591  -75.977  -7.630 0.0000000000
14949  -38.719  -75.445  6.139 0.0000000000
14962  -38.609  -75.443  5.459 0.0000000000
15084  -39.003  -76.099  -3.278 0.0000000000
15137  -35.408  -75.513  -6.993 0.0000000000
16036  -36.131  -74.157  -6.561 0.0000000000
16053  -39.809  -74.081  -8.222 0.0000000000
16747  -37.948  -73.736  6.231 0.0000000000
16818  -35.860  -73.015  -0.994 0.0000000000
16876  -34.907  -73.724  -4.754 0.0000000000
16908  -37.238  -73.181  -6.569 0.0000000000
16925  -40.833  -73.241  -7.786 0.0000000000
17604  -39.593  -72.426  8.223 0.0000000000
17623  -37.573  -72.283  7.222 0.0000000000
17656  -38.443  -72.645  4.914 0.0000000000
17701  -47.423  -73.159  0.181 0.0000000000
17704  -35.759  -72.468  -0.970 0.0000000000
17706  -36.945  -72.464  -0.373 0.0000000000
17708  -39.325  -72.316  -0.515 0.0000000000
17719  -35.506  -72.717  -1.430 0.0000000000
17738  -44.920  -72.415  -2.431 0.0000000000
17751  -35.339  -72.484  -3.610 0.0000000000
17764  -35.857  -72.586  -4.562 0.0000000000
18449  -39.360  -71.735  8.395 0.0000000000
18462  -37.895  -71.418  8.083 0.0000000000
18474  -37.281  -71.814  6.821 0.0000000000
18497  -38.794  -71.165  4.834 0.0000000000
18544  -38.222  -71.616  -0.037 0.0000000000
18572  -35.644  -71.844  -3.054 0.0000000000
18629  -42.991  -71.803  -7.650 0.0000000000
19344  -37.078  -70.499  6.380 0.0000000000
19413  -36.175  -71.312  -0.672 0.0000000000
19414  -36.561  -70.664  -0.349 0.0000000000
19429  -35.878  -70.782  -1.717 0.0000000000
20253  -38.540  -69.871  8.622 0.0000000000
20328  -37.585  -69.520  0.060 0.0000000000
20342  -40.442  -68.197  -0.766 0.0000000000
20344  -42.204  -68.319  -1.407 0.0000000000
20357  -36.435  -69.189  -1.638 0.0000000000
20366  -36.551  -69.715  -2.579 0.0000000000
21179  -36.661  -68.197  7.083 0.0000000000
21272  -41.233  -67.199  -0.871 0.0000000000
22296  -36.652  -67.823  -1.551 0.0000000000
23170  -36.756  -66.209  7.175 0.0000000000
23228  -36.914  -66.001  2.641 0.0000000000
24108  -37.024  -65.742  7.294 0.0000000000
24142  -36.400  -65.920  5.104 0.0000000000
24198  -38.821  -65.434  0.773 0.0000000000
24222  -37.903  -65.382  0.032 0.0000000000
133130  -39.297  -74.085  7.385 0.0000000000
134039  -36.050  -75.354  -7.481 0.0000000000
134096  -32.355  -77.550  -7.026 0.0000000000
134275  -40.026  -72.753  -7.360 0.0000000000
137813  -38.710  -73.534  7.368 0.0000000000
137989  -38.659  -70.116  4.481 0.0000000000
143858  -39.100  -71.632  -0.177 0.0000000000
144599  -46.782  -72.607  -0.547 0.0000000000
145404  -38.365  -74.019  4.742 0.0000000000
145799  -40.594  -74.037  3.599 0.0000000000
146414  -38.688  -66.243  1.460 0.0000000000
149984  -36.468  -70.865  -3.164 0.0000000000
151667  -34.404  -73.624  -3.137 0.0000000000
155720  -35.266  -77.066  -2.915 0.0000000000
155877  -30.638  -80.084  -6.304 0.0000000000
156061  -34.853  -75.672  -6.595 0.0000000000
157324  -33.489  -80.540  -4.576 0.0000000000
