#!ascii label  , from subject sub-v1s22x0050488_ses-1 vox2ras=TkReg
1770
70488  45.921  -2.238  39.937 0.0000000000
61289  36.535  -11.994  59.788 0.0000000000
50583  31.086  -21.281  59.045 0.0000000000
48446  22.186  -22.735  62.162 0.0000000000
54827  37.826  -17.659  64.835 0.0000000000
51608  40.332  -20.532  58.206 0.0000000000
63509  43.954  -10.074  42.202 0.0000000000
76338  52.623  3.849  36.366 0.0000000000
63376  45.799  -9.687  51.119 0.0000000000
63361  35.796  -9.849  51.065 0.0000000000
53850  33.360  -18.722  51.067 0.0000000000
139392  30.754  -22.208  64.151 0.0000000000
48469  26.906  -22.788  60.185 0.0000000000
49493  26.752  -21.859  66.262 0.0000000000
52615  35.282  -19.350  62.232 0.0000000000
66363  49.445  -6.914  50.142 0.0000000000
64263  34.359  -8.527  64.458 0.0000000000
66248  35.213  -6.205  60.686 0.0000000000
65317  38.455  -6.842  56.419 0.0000000000
61311  34.896  -11.110  55.819 0.0000000000
59295  34.563  -13.538  50.605 0.0000000000
58258  37.568  -14.424  53.550 0.0000000000
49594  37.473  -22.909  57.144 0.0000000000
48553  38.359  -23.636  54.238 0.0000000000
75350  48.550  2.243  38.150 0.0000000000
72375  49.212  0.093  33.377 0.0000000000
50632  32.757  -21.376  53.945 0.0000000000
48545  27.415  -23.368  54.240 0.0000000000
133669  39.443  -12.854  62.646 0.0000000000
57204  40.952  -15.325  56.904 0.0000000000
57173  39.541  -15.667  59.825 0.0000000000
54972  35.087  -17.691  56.688 0.0000000000
67487  43.770  -5.707  41.786 0.0000000000
51491  23.092  -20.047  69.725 0.0000000000
47403  19.603  -24.622  66.735 0.0000000000
127901  51.827  2.159  42.168 0.0000000000
70434  48.678  -2.370  43.547 0.0000000000
149383  46.182  -6.011  45.987 0.0000000000
62375  46.147  -11.126  45.949 0.0000000000
63467  42.079  -9.734  45.548 0.0000000000
141512  43.659  -7.989  56.718 0.0000000000
148316  40.495  -8.689  51.511 0.0000000000
138966  37.143  -9.541  46.025 0.0000000000
60358  33.248  -12.670  45.668 0.0000000000
52732  36.935  -19.479  54.222 0.0000000000
142489  30.550  -21.538  67.132 0.0000000000
142049  28.629  -22.124  65.718 0.0000000000
50494  28.737  -21.274  67.669 0.0000000000
50529  33.085  -21.544  65.914 0.0000000000
62207  36.158  -10.276  63.063 0.0000000000
63266  34.568  -9.041  60.535 0.0000000000
64320  35.153  -8.439  58.373 0.0000000000
61303  35.257  -11.696  57.454 0.0000000000
136591  35.372  -12.752  54.993 0.0000000000
59219  37.363  -13.410  56.837 0.0000000000
47471  36.413  -24.562  55.855 0.0000000000
126140  38.507  -24.924  56.488 0.0000000000
147548  46.847  0.020  38.785 0.0000000000
73288  46.468  0.046  36.275 0.0000000000
71438  45.425  -1.903  37.260 0.0000000000
51644  31.319  -20.171  55.670 0.0000000000
49635  30.338  -22.492  53.620 0.0000000000
50608  29.572  -21.775  56.146 0.0000000000
125649  25.109  -22.901  61.326 0.0000000000
144579  24.828  -23.331  57.910 0.0000000000
48483  22.420  -23.144  59.331 0.0000000000
47437  20.331  -24.275  60.692 0.0000000000
60196  36.882  -12.252  64.883 0.0000000000
58180  38.926  -14.985  63.681 0.0000000000
57143  40.962  -15.133  61.757 0.0000000000
54885  38.985  -17.213  63.204 0.0000000000
51600  32.826  -20.164  60.149 0.0000000000
54922  34.693  -17.711  59.806 0.0000000000
53741  32.835  -18.800  58.068 0.0000000000
52714  33.716  -19.412  55.140 0.0000000000
128038  43.853  -8.181  41.810 0.0000000000
65476  44.315  -7.480  40.720 0.0000000000
63531  44.381  -9.557  40.107 0.0000000000
47394  18.201  -24.446  67.766 0.0000000000
68449  47.564  -4.252  44.843 0.0000000000
132429  48.971  -4.211  46.207 0.0000000000
63396  48.038  -9.138  50.668 0.0000000000
63435  46.991  -9.778  48.275 0.0000000000
61362  46.124  -11.206  47.655 0.0000000000
129839  44.016  -11.324  45.695 0.0000000000
62337  44.245  -10.077  48.101 0.0000000000
64390  36.888  -8.734  53.974 0.0000000000
64387  39.736  -8.154  53.517 0.0000000000
124509  38.180  -9.238  50.987 0.0000000000
124587  38.803  -9.360  48.594 0.0000000000
62338  36.319  -10.213  48.584 0.0000000000
62380  34.446  -10.849  45.506 0.0000000000
62340  34.688  -10.850  48.619 0.0000000000
56278  33.041  -15.962  48.712 0.0000000000
54956  41.281  -18.061  57.907 0.0000000000
149556  39.147  -17.015  55.940 0.0000000000
131116  39.417  -20.249  56.335 0.0000000000
148659  36.439  -23.821  52.666 0.0000000000
74309  55.330  1.574  34.763 0.0000000000
75409  52.982  2.379  33.846 0.0000000000
49554  31.060  -21.886  60.981 0.0000000000
49567  28.931  -22.543  59.175 0.0000000000
49538  29.050  -22.705  62.266 0.0000000000
48425  26.650  -22.710  62.716 0.0000000000
49517  25.234  -22.292  64.464 0.0000000000
52550  36.111  -19.396  65.848 0.0000000000
52583  37.907  -19.351  63.893 0.0000000000
51548  35.299  -20.797  64.625 0.0000000000
50557  33.330  -21.080  63.108 0.0000000000
68403  50.816  -4.394  48.409 0.0000000000
147217  48.106  -8.825  53.003 0.0000000000
65287  37.190  -6.722  57.993 0.0000000000
64340  36.140  -8.320  56.498 0.0000000000
62285  34.749  -10.555  53.195 0.0000000000
139556  34.357  -11.701  51.114 0.0000000000
60297  34.511  -12.247  53.448 0.0000000000
58270  35.926  -14.195  52.082 0.0000000000
56227  35.670  -16.622  52.447 0.0000000000
49582  38.979  -22.199  58.161 0.0000000000
49606  39.162  -22.631  56.103 0.0000000000
47457  39.182  -23.848  56.553 0.0000000000
76325  50.285  3.689  37.368 0.0000000000
75394  50.694  2.663  34.632 0.0000000000
148134  48.492  1.668  35.167 0.0000000000
143466  27.000  -23.327  56.906 0.0000000000
62183  36.682  -10.550  64.223 0.0000000000
61277  38.659  -12.137  61.559 0.0000000000
59207  39.327  -13.277  58.203 0.0000000000
136503  41.531  -13.607  59.648 0.0000000000
56095  42.176  -16.117  59.165 0.0000000000
54946  39.514  -17.805  58.410 0.0000000000
54907  36.660  -17.231  61.528 0.0000000000
56125  37.232  -16.479  58.339 0.0000000000
52672  38.009  -19.883  57.597 0.0000000000
51626  36.613  -20.931  56.585 0.0000000000
49607  35.334  -22.441  55.623 0.0000000000
69477  45.101  -3.732  40.405 0.0000000000
144346  44.637  -3.973  38.352 0.0000000000
67527  44.146  -5.639  39.391 0.0000000000
143949  24.637  -20.929  67.967 0.0000000000
50517  22.718  -21.562  66.650 0.0000000000
49466  21.053  -22.594  68.482 0.0000000000
48431  20.608  -23.909  63.924 0.0000000000
77265  51.480  4.723  39.478 0.0000000000
75332  49.695  2.371  39.934 0.0000000000
72309  48.049  -0.130  40.829 0.0000000000
70476  46.952  -2.032  41.425 0.0000000000
68462  45.911  -4.067  42.865 0.0000000000
67470  45.039  -5.393  43.892 0.0000000000
65418  44.299  -7.516  44.348 0.0000000000
66399  47.208  -6.724  47.763 0.0000000000
64457  45.632  -8.258  46.324 0.0000000000
63479  45.179  -10.726  44.008 0.0000000000
61400  44.167  -12.264  44.200 0.0000000000
62401  42.560  -11.414  43.636 0.0000000000
63318  44.862  -9.140  53.624 0.0000000000
65315  41.581  -7.277  56.329 0.0000000000
126018  42.198  -8.327  54.072 0.0000000000
126315  43.288  -9.061  51.319 0.0000000000
124591  41.201  -8.814  49.045 0.0000000000
63469  39.578  -9.250  45.538 0.0000000000
60331  33.495  -12.937  48.609 0.0000000000
57222  39.083  -14.642  55.041 0.0000000000
56198  37.166  -16.964  54.297 0.0000000000
133728  35.130  -19.064  52.812 0.0000000000
133795  37.566  -22.091  54.194 0.0000000000
130457  35.624  -20.816  53.036 0.0000000000
50493  29.637  -21.450  67.460 0.0000000000
51499  29.318  -20.419  68.331 0.0000000000
62227  36.031  -11.206  61.477 0.0000000000
63255  34.916  -9.703  61.420 0.0000000000
145140  35.683  -11.171  60.536 0.0000000000
62247  34.777  -10.368  58.761 0.0000000000
61297  35.978  -11.988  58.987 0.0000000000
60268  35.751  -12.560  57.272 0.0000000000
60260  36.662  -12.594  58.445 0.0000000000
72316  46.805  -0.541  39.531 0.0000000000
71429  45.806  -1.221  37.943 0.0000000000
71430  45.469  -2.132  38.308 0.0000000000
51617  31.180  -20.673  57.695 0.0000000000
50607  30.161  -21.228  56.617 0.0000000000
50598  30.499  -21.383  57.682 0.0000000000
48461  23.924  -22.759  61.602 0.0000000000
48472  23.444  -22.748  60.407 0.0000000000
48473  22.577  -22.846  60.601 0.0000000000
48484  21.613  -23.442  59.532 0.0000000000
48463  21.463  -23.164  61.664 0.0000000000
137274  36.122  -16.924  66.411 0.0000000000
57121  37.330  -15.972  65.253 0.0000000000
138339  37.593  -15.113  64.844 0.0000000000
56013  38.735  -16.603  63.846 0.0000000000
56012  39.329  -16.418  63.297 0.0000000000
54866  38.687  -17.399  63.695 0.0000000000
51601  32.234  -20.546  59.802 0.0000000000
52656  33.014  -19.143  58.938 0.0000000000
52658  31.746  -20.058  58.176 0.0000000000
52694  32.244  -19.277  56.756 0.0000000000
64501  44.043  -9.061  41.605 0.0000000000
65459  44.204  -8.299  41.146 0.0000000000
63532  43.973  -9.888  40.498 0.0000000000
70391  51.921  -2.245  46.505 0.0000000000
69412  50.084  -3.302  45.511 0.0000000000
68422  51.176  -3.510  46.960 0.0000000000
62308  47.079  -10.029  50.392 0.0000000000
62333  47.103  -10.234  49.173 0.0000000000
62319  46.359  -10.274  49.442 0.0000000000
62336  45.275  -10.478  48.281 0.0000000000
63399  44.739  -9.456  49.929 0.0000000000
63340  36.494  -9.166  52.690 0.0000000000
63339  37.521  -8.803  52.446 0.0000000000
63360  36.536  -9.485  51.295 0.0000000000
127423  37.205  -9.856  49.879 0.0000000000
63404  36.477  -10.050  49.763 0.0000000000
62339  35.516  -10.424  48.411 0.0000000000
62322  35.128  -10.571  49.898 0.0000000000
52671  40.900  -19.663  58.359 0.0000000000
52690  40.029  -19.684  56.999 0.0000000000
51625  40.087  -20.631  57.448 0.0000000000
75376  54.404  2.768  35.487 0.0000000000
75378  52.335  3.212  35.160 0.0000000000
49536  31.303  -21.827  62.618 0.0000000000
125946  29.738  -22.479  61.836 0.0000000000
138254  29.800  -22.488  62.707 0.0000000000
49503  27.606  -22.044  65.663 0.0000000000
128468  27.877  -22.364  64.038 0.0000000000
49504  26.784  -22.011  65.611 0.0000000000
49529  25.518  -22.503  63.893 0.0000000000
126019  26.097  -21.922  65.724 0.0000000000
52551  35.297  -19.776  66.327 0.0000000000
51536  36.478  -20.330  65.003 0.0000000000
50509  34.851  -20.715  65.622 0.0000000000
49499  32.300  -21.795  65.416 0.0000000000
124242  33.145  -21.590  64.318 0.0000000000
50551  32.148  -21.552  63.007 0.0000000000
50559  31.971  -21.555  62.074 0.0000000000
66229  34.799  -5.986  61.704 0.0000000000
67235  35.463  -5.451  61.527 0.0000000000
67244  36.839  -5.179  60.759 0.0000000000
66258  38.002  -5.314  59.694 0.0000000000
66259  36.296  -6.316  59.353 0.0000000000
63288  35.024  -9.935  57.019 0.0000000000
64341  35.580  -9.029  56.924 0.0000000000
63294  35.300  -9.685  56.228 0.0000000000
63310  35.561  -9.513  54.577 0.0000000000
62279  35.001  -10.157  54.719 0.0000000000
61328  34.536  -11.320  53.754 0.0000000000
60290  34.598  -12.045  54.407 0.0000000000
59254  36.822  -13.532  54.329 0.0000000000
59264  35.418  -13.521  53.340 0.0000000000
58259  36.969  -14.221  53.186 0.0000000000
57255  36.070  -14.797  52.047 0.0000000000
57246  37.085  -14.780  53.046 0.0000000000
149291  38.026  -22.641  57.693 0.0000000000
48498  39.069  -23.233  57.599 0.0000000000
47449  38.715  -23.811  57.238 0.0000000000
76326  49.549  3.271  37.587 0.0000000000
75367  49.324  2.725  36.126 0.0000000000
74293  47.875  1.693  36.625 0.0000000000
73299  46.781  -0.115  35.454 0.0000000000
49620  33.353  -22.640  54.318 0.0000000000
138472  32.567  -22.918  53.844 0.0000000000
48478  27.647  -22.732  59.783 0.0000000000
48487  27.971  -22.848  58.124 0.0000000000
147536  26.894  -23.035  58.467 0.0000000000
48518  23.597  -23.602  56.431 0.0000000000
48516  25.349  -23.496  56.425 0.0000000000
125899  38.122  -12.688  63.921 0.0000000000
61241  37.204  -11.226  64.282 0.0000000000
61250  38.242  -11.543  63.213 0.0000000000
62205  38.155  -11.311  62.908 0.0000000000
147919  39.231  -12.269  62.225 0.0000000000
60249  40.307  -12.894  60.330 0.0000000000
60232  40.601  -13.117  61.347 0.0000000000
57162  40.419  -15.479  60.543 0.0000000000
57160  41.935  -15.138  60.346 0.0000000000
57172  40.625  -15.713  59.814 0.0000000000
56123  40.990  -16.918  58.953 0.0000000000
56097  39.936  -16.202  59.118 0.0000000000
52600  36.749  -19.679  63.395 0.0000000000
54887  37.323  -18.010  62.409 0.0000000000
53708  35.575  -18.653  61.793 0.0000000000
54947  34.883  -17.183  58.066 0.0000000000
56127  35.767  -16.667  58.969 0.0000000000
135614  36.426  -16.906  57.678 0.0000000000
54958  37.720  -17.575  57.540 0.0000000000
53754  36.663  -18.284  56.753 0.0000000000
52673  37.154  -19.598  56.935 0.0000000000
52691  36.216  -19.015  56.361 0.0000000000
51655  33.061  -20.631  54.246 0.0000000000
129349  34.807  -20.924  55.328 0.0000000000
50631  34.253  -21.868  54.873 0.0000000000
68473  44.272  -4.962  41.535 0.0000000000
68483  44.302  -4.565  39.847 0.0000000000
66545  43.697  -6.087  40.408 0.0000000000
65475  45.067  -7.581  40.350 0.0000000000
51504  23.218  -20.642  68.778 0.0000000000
50516  23.671  -21.366  66.716 0.0000000000
50480  22.835  -21.013  67.996 0.0000000000
47391  19.998  -24.360  68.012 0.0000000000
48405  20.521  -23.977  66.775 0.0000000000
48407  20.986  -23.404  66.280 0.0000000000
47412  20.112  -24.394  65.555 0.0000000000
47425  20.165  -24.410  63.446 0.0000000000
46438  19.182  -25.018  64.627 0.0000000000
77273  51.831  5.117  38.788 0.0000000000
76305  50.917  3.485  40.361 0.0000000000
75331  50.537  2.552  40.631 0.0000000000
74259  48.794  1.245  40.067 0.0000000000
73256  49.171  0.926  40.879 0.0000000000
71390  49.424  -0.968  42.727 0.0000000000
71407  48.226  -1.148  41.885 0.0000000000
70457  47.563  -2.384  42.502 0.0000000000
70458  46.867  -2.694  41.999 0.0000000000
69456  47.113  -2.973  42.854 0.0000000000
68435  46.901  -4.801  45.070 0.0000000000
68450  46.490  -4.621  44.378 0.0000000000
67457  45.266  -5.614  44.526 0.0000000000
66446  44.323  -6.725  44.297 0.0000000000
66429  45.050  -6.690  45.529 0.0000000000
143137  49.803  -5.729  49.266 0.0000000000
67411  48.839  -5.414  47.948 0.0000000000
66381  48.378  -6.797  48.946 0.0000000000
62364  46.343  -10.912  46.801 0.0000000000
64447  46.420  -8.663  47.315 0.0000000000
63465  46.296  -10.378  46.238 0.0000000000
64472  45.257  -9.178  45.044 0.0000000000
62386  45.294  -11.570  44.429 0.0000000000
61413  44.422  -12.261  44.019 0.0000000000
61398  45.196  -12.073  44.945 0.0000000000
62367  43.176  -10.411  45.907 0.0000000000
62377  43.645  -11.296  45.238 0.0000000000
146557  42.165  -10.015  44.872 0.0000000000
141903  41.550  -9.741  44.805 0.0000000000
124266  44.267  -8.539  55.065 0.0000000000
140645  39.227  -6.435  57.486 0.0000000000
65284  40.401  -6.308  57.522 0.0000000000
65316  39.378  -6.709  56.395 0.0000000000
64404  40.071  -8.427  52.753 0.0000000000
64386  40.635  -8.280  53.476 0.0000000000
63336  41.081  -8.791  51.923 0.0000000000
63335  42.586  -8.710  52.423 0.0000000000
63355  41.635  -8.806  51.511 0.0000000000
124867  42.186  -8.775  50.204 0.0000000000
63402  41.294  -8.812  49.982 0.0000000000
127575  38.177  -9.438  47.054 0.0000000000
125741  38.933  -9.252  46.725 0.0000000000
150067  38.453  -9.390  46.431 0.0000000000
63483  38.385  -9.408  44.197 0.0000000000
63484  37.535  -9.522  44.360 0.0000000000
62390  36.058  -10.026  43.919 0.0000000000
61388  33.906  -11.396  45.785 0.0000000000
130035  33.937  -11.282  44.893 0.0000000000
60321  34.306  -12.633  50.880 0.0000000000
60330  33.922  -12.645  49.704 0.0000000000
59301  34.258  -13.475  49.851 0.0000000000
57301  32.696  -15.374  47.161 0.0000000000
59228  40.457  -13.939  57.049 0.0000000000
59229  39.814  -13.690  56.586 0.0000000000
57214  40.298  -14.756  56.205 0.0000000000
53785  38.230  -18.093  55.402 0.0000000000
54983  37.864  -17.204  55.035 0.0000000000
54994  37.204  -17.901  54.623 0.0000000000
55006  36.081  -17.574  53.472 0.0000000000
141697  36.464  -19.027  53.951 0.0000000000
140097  38.961  -23.162  55.541 0.0000000000
49617  38.689  -22.369  55.353 0.0000000000
49631  37.898  -22.905  53.981 0.0000000000
49641  36.304  -22.453  53.104 0.0000000000
50648  34.496  -21.367  52.165 0.0000000000
74328  49.438  1.443  33.930 0.0000000000
126981  51.129  1.788  33.340 0.0000000000
68520  45.365  -4.205  37.467 0.0000000000
49489  30.623  -21.905  66.376 0.0000000000
125576  30.086  -22.324  64.622 0.0000000000
49490  29.747  -22.063  66.240 0.0000000000
49476  28.887  -21.719  67.003 0.0000000000
134689  27.320  -21.631  67.116 0.0000000000
49487  32.015  -21.528  66.135 0.0000000000
64276  34.864  -8.993  64.327 0.0000000000
65240  34.295  -7.447  63.805 0.0000000000
64300  34.947  -9.309  62.904 0.0000000000
144128  34.521  -8.114  61.452 0.0000000000
65276  34.666  -7.691  60.143 0.0000000000
65275  35.038  -7.459  59.441 0.0000000000
64321  34.693  -8.977  58.989 0.0000000000
62255  34.740  -10.060  57.910 0.0000000000
61310  35.047  -11.403  56.568 0.0000000000
61318  34.980  -11.901  55.865 0.0000000000
60275  35.349  -12.203  56.578 0.0000000000
145449  36.281  -13.156  55.692 0.0000000000
59242  38.029  -13.663  55.102 0.0000000000
48512  37.018  -23.617  56.515 0.0000000000
47459  38.405  -24.413  56.915 0.0000000000
125690  38.170  -24.956  56.703 0.0000000000
74277  47.587  1.163  38.078 0.0000000000
74284  47.366  1.235  37.212 0.0000000000
73278  46.967  0.697  37.641 0.0000000000
72329  46.115  -0.571  36.749 0.0000000000
129517  31.538  -20.242  54.861 0.0000000000
50641  31.468  -21.571  53.727 0.0000000000
50633  30.743  -21.338  54.170 0.0000000000
50622  29.555  -21.845  54.945 0.0000000000
49610  28.233  -22.654  55.383 0.0000000000
48459  25.729  -22.937  60.943 0.0000000000
48480  25.646  -23.025  59.212 0.0000000000
124645  24.986  -22.975  59.652 0.0000000000
48492  23.256  -23.100  58.825 0.0000000000
47446  20.395  -24.333  58.759 0.0000000000
59141  37.955  -13.470  64.303 0.0000000000
58190  39.274  -14.099  63.276 0.0000000000
59174  40.818  -14.064  61.908 0.0000000000
57135  40.282  -15.480  62.527 0.0000000000
56049  40.295  -15.659  62.397 0.0000000000
56050  39.621  -16.038  61.957 0.0000000000
52617  33.807  -20.075  61.477 0.0000000000
53718  34.582  -18.439  60.504 0.0000000000
53719  33.827  -18.958  60.146 0.0000000000
53740  33.452  -18.385  58.488 0.0000000000
54962  33.920  -17.727  57.311 0.0000000000
53768  34.507  -18.185  56.121 0.0000000000
53770  32.777  -18.836  56.195 0.0000000000
51643  32.118  -19.692  55.194 0.0000000000
66491  43.586  -6.450  41.993 0.0000000000
66530  43.729  -6.748  40.820 0.0000000000
65460  43.813  -7.465  41.284 0.0000000000
64519  44.752  -8.970  40.081 0.0000000000
47381  19.438  -24.359  68.458 0.0000000000
46417  19.137  -24.759  67.085 0.0000000000
127417  18.233  -25.005  65.104 0.0000000000
46425  17.917  -24.566  66.583 0.0000000000
70416  49.108  -2.685  44.226 0.0000000000
69443  48.255  -3.035  43.879 0.0000000000
69429  48.649  -3.301  44.587 0.0000000000
68433  48.199  -4.206  45.503 0.0000000000
67439  47.223  -5.105  45.836 0.0000000000
65376  48.769  -7.805  50.470 0.0000000000
65383  47.837  -7.844  49.118 0.0000000000
63416  47.327  -9.811  49.003 0.0000000000
63417  46.793  -10.368  48.381 0.0000000000
61368  46.075  -11.393  47.042 0.0000000000
143648  45.281  -11.795  46.089 0.0000000000
61370  45.539  -11.448  46.747 0.0000000000
62354  44.128  -10.290  47.192 0.0000000000
63453  43.246  -9.886  46.883 0.0000000000
64354  37.990  -7.587  55.067 0.0000000000
64353  38.943  -7.441  55.010 0.0000000000
64388  38.760  -8.183  53.601 0.0000000000
124138  38.596  -8.649  52.262 0.0000000000
143809  39.587  -8.889  50.880 0.0000000000
63381  39.757  -9.176  50.291 0.0000000000
124592  38.174  -9.645  50.093 0.0000000000
63423  37.572  -9.857  48.509 0.0000000000
63444  36.770  -9.822  47.335 0.0000000000
63474  35.834  -10.057  46.034 0.0000000000
62356  35.418  -10.463  46.902 0.0000000000
149110  34.796  -10.781  46.882 0.0000000000
61372  33.754  -11.828  47.573 0.0000000000
136370  34.784  -14.796  50.461 0.0000000000
57276  33.843  -15.186  49.264 0.0000000000
57264  34.072  -15.584  49.920 0.0000000000
56265  32.814  -16.733  48.964 0.0000000000
55080  32.032  -17.872  48.040 0.0000000000
56146  41.756  -17.040  57.899 0.0000000000
57205  40.282  -15.929  56.421 0.0000000000
54969  40.344  -17.976  56.971 0.0000000000
53784  38.878  -18.401  55.833 0.0000000000
52712  38.211  -19.101  55.295 0.0000000000
48554  37.537  -23.400  53.550 0.0000000000
47510  36.704  -24.550  52.456 0.0000000000
75375  55.303  2.864  35.398 0.0000000000
75408  53.944  2.111  34.032 0.0000000000
74325  53.302  1.841  33.269 0.0000000000
50574  31.281  -21.330  59.866 0.0000000000
49574  29.982  -22.097  59.322 0.0000000000
49565  30.076  -22.125  60.009 0.0000000000
48455  29.048  -22.626  60.618 0.0000000000
48457  27.881  -22.783  61.328 0.0000000000
49526  28.512  -22.539  63.568 0.0000000000
48424  27.433  -22.713  62.542 0.0000000000
48442  26.938  -22.871  61.945 0.0000000000
48443  26.146  -22.801  62.105 0.0000000000
142006  24.790  -22.764  63.031 0.0000000000
48428  23.882  -22.559  63.228 0.0000000000
132025  36.826  -18.302  65.689 0.0000000000
53673  38.065  -18.910  64.563 0.0000000000
52561  37.514  -19.446  64.947 0.0000000000
51558  36.634  -20.456  64.215 0.0000000000
51569  35.484  -20.308  63.438 0.0000000000
50538  34.622  -21.156  65.147 0.0000000000
50548  34.457  -20.999  64.370 0.0000000000
51581  33.875  -20.486  62.311 0.0000000000
51582  33.151  -20.617  61.610 0.0000000000
50569  32.174  -21.300  60.825 0.0000000000
62420  43.673  -11.068  41.820 0.0000000000
62436  43.584  -10.654  40.752 0.0000000000
60420  42.970  -12.165  39.818 0.0000000000
69389  51.765  -3.084  47.736 0.0000000000
65375  49.528  -7.058  50.778 0.0000000000
64416  48.873  -7.893  51.649 0.0000000000
63350  48.160  -9.236  51.789 0.0000000000
63351  46.621  -9.571  52.104 0.0000000000
140628  38.044  -6.310  58.237 0.0000000000
146826  37.998  -6.840  57.020 0.0000000000
65288  36.197  -7.226  58.215 0.0000000000
65303  36.577  -7.486  57.594 0.0000000000
64339  36.856  -7.844  56.142 0.0000000000
64374  36.575  -8.582  54.708 0.0000000000
63321  36.220  -9.140  53.463 0.0000000000
62289  35.196  -9.985  52.630 0.0000000000
62310  35.193  -10.463  50.789 0.0000000000
62290  34.752  -10.720  52.293 0.0000000000
61340  34.512  -11.569  51.992 0.0000000000
59286  34.608  -13.265  51.381 0.0000000000
60296  34.819  -12.887  53.893 0.0000000000
59276  35.326  -13.685  52.437 0.0000000000
59285  35.181  -13.793  51.714 0.0000000000
57256  35.569  -15.291  51.600 0.0000000000
56238  34.838  -16.616  51.642 0.0000000000
55019  34.847  -17.188  51.936 0.0000000000
50582  39.310  -21.578  58.226 0.0000000000
129206  39.820  -21.481  57.419 0.0000000000
49593  39.410  -22.717  57.665 0.0000000000
48527  39.248  -23.347  56.331 0.0000000000
48528  39.124  -23.802  55.822 0.0000000000
47458  38.891  -24.268  56.675 0.0000000000
136095  38.776  -24.927  55.642 0.0000000000
76339  51.603  3.713  36.481 0.0000000000
75379  51.331  3.160  35.163 0.0000000000
75366  50.126  3.075  35.989 0.0000000000
74311  49.469  2.109  34.713 0.0000000000
74312  48.577  0.923  34.224 0.0000000000
74294  47.513  1.212  35.729 0.0000000000
73312  47.990  0.347  34.502 0.0000000000
49585  29.260  -22.234  57.778 0.0000000000
49598  28.392  -22.668  56.473 0.0000000000
49611  27.484  -22.975  55.050 0.0000000000
124643  26.112  -23.239  57.952 0.0000000000
48515  26.234  -23.475  56.114 0.0000000000
63218  35.205  -9.554  64.654 0.0000000000
62206  37.031  -10.562  63.512 0.0000000000
61267  37.655  -11.432  62.299 0.0000000000
60243  38.397  -12.378  60.558 0.0000000000
60258  38.741  -12.950  58.859 0.0000000000
60250  39.122  -12.744  59.815 0.0000000000
148616  40.401  -13.321  59.220 0.0000000000
58229  41.977  -14.761  58.064 0.0000000000
137055  41.614  -14.409  60.794 0.0000000000
57180  42.606  -15.191  59.167 0.0000000000
56145  42.210  -16.406  58.362 0.0000000000
54943  41.723  -17.570  58.772 0.0000000000
53736  41.193  -18.697  58.622 0.0000000000
53737  40.514  -19.175  58.734 0.0000000000
53696  38.435  -18.060  63.671 0.0000000000
54906  37.700  -17.129  62.065 0.0000000000
129011  38.052  -15.985  60.851 0.0000000000
54921  35.263  -17.563  60.415 0.0000000000
56100  36.666  -16.322  59.307 0.0000000000
56099  37.756  -16.029  59.175 0.0000000000
56147  38.244  -17.203  57.957 0.0000000000
54957  38.530  -18.155  57.855 0.0000000000
131524  38.832  -20.347  58.222 0.0000000000
51615  38.137  -20.803  57.675 0.0000000000
50595  37.785  -21.506  57.533 0.0000000000
49595  36.908  -22.166  56.680 0.0000000000
51640  35.156  -20.343  55.566 0.0000000000
50619  35.473  -21.200  55.748 0.0000000000
49596  36.087  -22.325  56.156 0.0000000000
135151  35.864  -23.306  55.852 0.0000000000
70489  45.522  -2.996  40.068 0.0000000000
70501  45.413  -2.685  39.177 0.0000000000
69488  44.849  -3.689  39.241 0.0000000000
137147  43.975  -6.491  40.230 0.0000000000
66528  45.477  -7.050  40.047 0.0000000000
62459  43.942  -10.917  39.632 0.0000000000
145177  28.386  -19.430  69.241 0.0000000000
50464  27.406  -20.607  68.968 0.0000000000
50477  27.019  -20.866  68.397 0.0000000000
51502  25.986  -20.434  69.122 0.0000000000
124136  26.218  -21.402  67.195 0.0000000000
50515  24.474  -21.471  66.353 0.0000000000
150302  23.556  -21.623  65.559 0.0000000000
49520  22.558  -22.226  64.352 0.0000000000
50465  21.921  -21.084  69.480 0.0000000000
49479  21.738  -21.935  67.037 0.0000000000
49521  21.562  -22.560  64.791 0.0000000000
48430  21.191  -23.255  63.437 0.0000000000
47428  20.761  -23.781  62.086 0.0000000000
134458  52.520  4.716  37.470 0.0000000000
77284  51.579  4.604  37.847 0.0000000000
77285  50.725  4.130  37.854 0.0000000000
147482  49.431  3.150  38.263 0.0000000000
76310  51.407  4.304  40.225 0.0000000000
75339  50.010  3.058  39.736 0.0000000000
75341  48.744  2.144  38.918 0.0000000000
74268  48.458  1.462  39.278 0.0000000000
73258  47.660  0.075  40.032 0.0000000000
72311  46.786  -1.160  40.299 0.0000000000
72299  48.644  -0.365  41.604 0.0000000000
72300  47.788  -0.843  41.259 0.0000000000
71416  46.486  -1.903  40.631 0.0000000000
70477  46.388  -2.602  41.220 0.0000000000
69458  45.792  -3.823  42.102 0.0000000000
150252  44.696  -4.779  42.172 0.0000000000
69431  47.024  -4.010  44.105 0.0000000000
146259  45.583  -4.558  43.379 0.0000000000
67471  44.524  -5.435  43.310 0.0000000000
66463  44.110  -6.292  43.505 0.0000000000
64480  43.983  -8.146  43.143 0.0000000000
64490  44.354  -9.109  43.406 0.0000000000
68411  49.872  -4.669  47.764 0.0000000000
67425  48.667  -4.820  47.045 0.0000000000
66410  46.970  -6.048  47.004 0.0000000000
65393  47.178  -7.781  48.312 0.0000000000
66400  46.418  -6.875  47.182 0.0000000000
65401  45.636  -7.405  46.465 0.0000000000
64467  45.038  -8.208  45.441 0.0000000000
137781  44.850  -9.394  44.167 0.0000000000
63508  44.328  -10.204  43.001 0.0000000000
62419  44.047  -11.452  42.824 0.0000000000
61431  43.479  -12.093  42.732 0.0000000000
61387  44.394  -12.058  45.039 0.0000000000
61401  43.512  -12.114  43.793 0.0000000000
140328  46.520  -9.240  53.407 0.0000000000
145749  45.291  -9.542  52.409 0.0000000000
65314  42.567  -7.717  56.748 0.0000000000
126017  40.044  -7.476  55.091 0.0000000000
147588  41.495  -8.010  55.081 0.0000000000
146942  42.632  -8.271  55.425 0.0000000000
63319  44.014  -8.858  53.712 0.0000000000
63334  43.568  -9.035  52.201 0.0000000000
63377  44.906  -9.581  50.950 0.0000000000
63400  43.775  -9.261  49.726 0.0000000000
63420  42.755  -9.181  48.749 0.0000000000
63439  41.630  -9.240  47.334 0.0000000000
63421  40.331  -8.935  48.791 0.0000000000
127035  40.664  -9.089  47.157 0.0000000000
63468  40.978  -9.405  45.474 0.0000000000
138451  39.755  -9.328  44.720 0.0000000000
146190  34.937  -10.881  43.818 0.0000000000
145251  34.962  -12.186  42.802 0.0000000000
62323  34.490  -11.182  49.520 0.0000000000
61364  33.702  -12.033  48.519 0.0000000000
126115  33.350  -13.252  47.282 0.0000000000
58295  33.702  -14.550  48.809 0.0000000000
140525  33.279  -14.058  47.503 0.0000000000
59218  38.295  -13.374  57.025 0.0000000000
59241  38.821  -13.752  55.357 0.0000000000
58251  38.514  -14.356  54.538 0.0000000000
57216  38.894  -15.609  55.231 0.0000000000
57223  38.541  -15.090  54.497 0.0000000000
57235  37.595  -15.124  53.494 0.0000000000
56214  36.625  -16.682  53.525 0.0000000000
55007  35.585  -17.485  52.896 0.0000000000
131532  34.541  -18.711  52.268 0.0000000000
51638  39.476  -21.158  56.558 0.0000000000
50629  38.364  -21.424  55.238 0.0000000000
51653  37.338  -20.333  54.376 0.0000000000
49632  37.143  -22.629  53.568 0.0000000000
50638  36.727  -21.801  53.567 0.0000000000
51665  36.699  -20.267  53.827 0.0000000000
131115  35.354  -19.980  52.882 0.0000000000
52757  34.573  -19.748  52.324 0.0000000000
75393  51.603  2.811  34.526 0.0000000000
74326  52.163  1.882  33.145 0.0000000000
139161  52.123  0.511  32.029 0.0000000000
70511  45.200  -2.837  37.562 0.0000000000
61278  36.536  -11.688  60.681 0.0000000000
61279  35.790  -11.478  59.788 0.0000000000
60252  37.074  -12.388  59.276 0.0000000000
129069  46.320  -1.494  39.773 0.0000000000
125266  46.086  -1.289  38.895 0.0000000000
71422  45.829  -1.944  39.231 0.0000000000
50597  30.973  -21.238  58.317 0.0000000000
124885  23.163  -22.667  61.861 0.0000000000
126932  23.313  -22.693  61.118 0.0000000000
48462  22.367  -22.766  61.328 0.0000000000
48474  21.679  -23.182  60.810 0.0000000000
54828  36.966  -17.540  65.636 0.0000000000
134875  36.594  -16.509  65.905 0.0000000000
56006  37.441  -16.965  65.265 0.0000000000
56005  38.094  -16.822  64.585 0.0000000000
131701  38.444  -17.447  64.186 0.0000000000
51602  31.637  -20.867  59.451 0.0000000000
51610  31.991  -20.305  59.028 0.0000000000
51611  31.428  -20.776  58.627 0.0000000000
63518  43.842  -9.924  41.254 0.0000000000
69411  51.158  -3.009  46.145 0.0000000000
69400  51.880  -2.621  47.080 0.0000000000
62309  46.524  -9.979  50.341 0.0000000000
62320  45.503  -10.093  49.211 0.0000000000
63398  45.654  -9.710  50.147 0.0000000000
63341  35.876  -9.577  52.037 0.0000000000
128770  36.726  -9.239  52.009 0.0000000000
63384  36.486  -9.776  50.463 0.0000000000
63385  35.823  -10.147  50.194 0.0000000000
52653  40.677  -19.914  58.406 0.0000000000
52689  40.701  -19.976  57.832 0.0000000000
51624  40.568  -20.305  58.166 0.0000000000
76337  53.617  3.753  36.337 0.0000000000
76351  53.010  3.448  35.822 0.0000000000
49524  30.616  -22.166  63.163 0.0000000000
141360  27.267  -21.928  66.180 0.0000000000
49516  26.035  -22.236  64.777 0.0000000000
52536  34.840  -19.354  66.649 0.0000000000
51526  34.925  -20.438  65.896 0.0000000000
51527  34.352  -20.660  66.163 0.0000000000
49511  31.533  -22.040  64.767 0.0000000000
49510  32.423  -21.812  64.553 0.0000000000
49523  31.589  -21.897  63.720 0.0000000000
66249  34.636  -6.730  61.129 0.0000000000
67234  36.330  -4.995  61.385 0.0000000000
130830  36.036  -5.589  60.688 0.0000000000
124166  35.939  -6.087  60.071 0.0000000000
66260  35.464  -6.654  59.761 0.0000000000
62262  35.020  -10.547  56.413 0.0000000000
62271  35.057  -10.283  55.627 0.0000000000
62272  34.803  -10.837  55.190 0.0000000000
62280  34.660  -11.085  54.551 0.0000000000
61319  34.774  -11.563  55.172 0.0000000000
59262  37.403  -13.928  53.752 0.0000000000
59263  36.519  -13.759  53.552 0.0000000000
48499  38.335  -23.238  57.574 0.0000000000
48511  37.929  -23.818  57.195 0.0000000000
75349  48.995  2.772  37.814 0.0000000000
75357  49.080  2.800  36.978 0.0000000000
75358  48.490  2.275  37.267 0.0000000000
49621  32.769  -22.108  53.880 0.0000000000
48488  27.417  -22.810  58.753 0.0000000000
48479  26.886  -22.831  59.216 0.0000000000
48534  23.900  -23.911  55.687 0.0000000000
59165  39.078  -12.975  63.121 0.0000000000
127670  38.280  -11.826  63.448 0.0000000000
60216  38.856  -12.186  62.963 0.0000000000
61260  38.757  -11.920  62.673 0.0000000000
60224  39.508  -12.551  62.306 0.0000000000
60233  39.926  -12.604  61.802 0.0000000000
60223  40.374  -13.141  61.835 0.0000000000
57163  39.514  -15.564  60.766 0.0000000000
56098  38.704  -15.993  59.137 0.0000000000
52601  35.815  -19.795  63.026 0.0000000000
53699  36.110  -19.104  62.588 0.0000000000
54961  34.570  -17.490  57.350 0.0000000000
54960  35.442  -17.220  57.446 0.0000000000
54971  36.039  -17.489  56.973 0.0000000000
149428  35.859  -18.115  56.514 0.0000000000
53767  35.361  -18.485  56.136 0.0000000000
51654  34.103  -21.020  54.820 0.0000000000
136581  33.507  -21.730  54.393 0.0000000000
49619  33.974  -22.374  54.683 0.0000000000
130602  44.025  -4.969  40.593 0.0000000000
67500  43.728  -5.580  40.860 0.0000000000
51490  23.987  -19.956  69.502 0.0000000000
51505  22.523  -20.646  69.292 0.0000000000
126226  19.626  -24.551  67.355 0.0000000000
47402  20.071  -24.379  67.182 0.0000000000
130901  20.103  -24.405  66.377 0.0000000000
47413  19.645  -24.650  65.956 0.0000000000
47421  19.711  -24.629  65.004 0.0000000000
46431  19.203  -24.868  65.493 0.0000000000
78313  53.392  6.602  40.589 0.0000000000
75320  51.409  2.319  41.606 0.0000000000
75330  51.791  3.193  41.450 0.0000000000
74257  50.581  1.872  41.187 0.0000000000
74246  50.157  1.209  41.378 0.0000000000
71374  49.267  -1.629  43.268 0.0000000000
71391  48.620  -1.388  42.526 0.0000000000
70456  48.282  -2.027  42.880 0.0000000000
70435  47.876  -2.686  43.199 0.0000000000
67440  46.490  -5.471  45.552 0.0000000000
67456  46.099  -5.261  44.795 0.0000000000
66428  45.595  -5.966  45.369 0.0000000000
66445  44.789  -6.313  44.876 0.0000000000
66380  49.217  -6.521  49.450 0.0000000000
67399  48.978  -5.952  48.729 0.0000000000
63466  45.902  -10.151  45.533 0.0000000000
62376  45.718  -11.317  45.172 0.0000000000
62378  42.868  -10.675  44.951 0.0000000000
64350  43.877  -8.190  55.904 0.0000000000
65301  38.567  -6.661  57.104 0.0000000000
139507  39.061  -6.610  56.875 0.0000000000
63337  40.370  -8.640  52.027 0.0000000000
64403  40.890  -8.542  52.655 0.0000000000
63356  40.858  -8.795  51.269 0.0000000000
63379  41.428  -8.826  50.836 0.0000000000
63380  40.593  -8.863  50.564 0.0000000000
63457  37.334  -9.574  46.772 0.0000000000
132939  37.914  -9.460  46.080 0.0000000000
63471  38.152  -9.379  45.107 0.0000000000
63472  37.320  -9.475  45.277 0.0000000000
63485  36.667  -9.615  44.581 0.0000000000
146866  33.655  -11.796  46.000 0.0000000000
61389  33.476  -11.950  45.364 0.0000000000
135291  33.150  -12.698  44.865 0.0000000000
149132  34.173  -12.867  50.258 0.0000000000
58238  40.746  -14.512  56.858 0.0000000000
53801  37.402  -18.834  54.689 0.0000000000
53786  37.729  -18.244  55.074 0.0000000000
53802  36.761  -18.551  54.277 0.0000000000
48541  38.794  -23.544  55.093 0.0000000000
49618  38.452  -22.843  54.681 0.0000000000
73330  49.731  0.706  33.263 0.0000000000
49501  30.324  -22.202  65.591 0.0000000000
49474  30.320  -21.734  66.877 0.0000000000
49477  27.991  -21.648  67.029 0.0000000000
50495  27.782  -21.234  67.605 0.0000000000
50491  30.887  -21.469  67.048 0.0000000000
50513  31.556  -21.380  66.694 0.0000000000
49473  30.955  -21.646  66.667 0.0000000000
49488  31.221  -21.684  66.457 0.0000000000
63242  35.604  -9.720  63.455 0.0000000000
64288  34.936  -9.088  63.648 0.0000000000
63256  34.604  -8.814  61.451 0.0000000000
65269  34.550  -7.518  60.854 0.0000000000
64310  34.556  -8.259  60.669 0.0000000000
64314  34.639  -8.383  59.756 0.0000000000
139078  34.603  -9.210  59.764 0.0000000000
62254  34.928  -10.950  58.091 0.0000000000
132972  34.956  -10.794  57.246 0.0000000000
60267  36.498  -13.175  57.088 0.0000000000
60274  35.933  -12.936  56.463 0.0000000000
59232  36.908  -13.429  56.161 0.0000000000
59243  37.121  -13.431  55.134 0.0000000000
149636  37.539  -13.534  55.586 0.0000000000
47460  37.611  -24.473  56.681 0.0000000000
46488  37.489  -25.278  56.372 0.0000000000
72322  47.217  0.560  38.459 0.0000000000
73273  46.610  0.117  38.058 0.0000000000
130607  46.158  -0.507  37.612 0.0000000000
148244  45.601  -1.601  36.811 0.0000000000
71448  45.620  -1.956  36.512 0.0000000000
51657  31.468  -20.779  54.246 0.0000000000
51645  30.798  -20.756  55.018 0.0000000000
50621  30.123  -21.234  55.561 0.0000000000
49623  28.855  -22.472  54.701 0.0000000000
49609  28.967  -22.299  55.732 0.0000000000
48470  25.671  -22.948  60.106 0.0000000000
124647  25.035  -22.928  60.527 0.0000000000
48482  23.386  -22.885  59.645 0.0000000000
145742  23.112  -23.290  58.054 0.0000000000
48493  22.437  -23.309  58.367 0.0000000000
48504  21.662  -23.580  57.686 0.0000000000
48494  21.649  -23.475  58.744 0.0000000000
47436  21.088  -23.663  60.183 0.0000000000
47441  20.989  -23.805  59.202 0.0000000000
46470  19.800  -24.750  59.247 0.0000000000
46464  19.726  -24.759  60.195 0.0000000000
59126  35.925  -13.571  65.820 0.0000000000
58168  38.186  -14.614  64.325 0.0000000000
58169  37.337  -14.186  64.915 0.0000000000
132475  38.605  -14.083  63.838 0.0000000000
128159  39.947  -14.517  62.772 0.0000000000
58189  39.798  -15.230  63.012 0.0000000000
54865  39.259  -16.713  63.252 0.0000000000
56022  39.718  -16.200  63.003 0.0000000000
56033  39.691  -16.272  62.859 0.0000000000
56034  39.197  -16.733  62.601 0.0000000000
52628  33.484  -19.765  60.564 0.0000000000
52627  34.185  -19.347  60.993 0.0000000000
53755  33.431  -18.168  57.659 0.0000000000
140724  33.538  -18.026  57.002 0.0000000000
53756  32.846  -18.569  57.089 0.0000000000
52695  31.766  -19.718  56.260 0.0000000000
131401  32.307  -19.329  55.975 0.0000000000
65440  43.625  -7.308  42.075 0.0000000000
66514  43.595  -6.846  41.428 0.0000000000
64512  44.557  -8.661  40.579 0.0000000000
63538  44.835  -9.482  39.747 0.0000000000
47382  18.653  -24.329  68.411 0.0000000000
47393  18.951  -24.602  67.736 0.0000000000
46418  18.528  -24.646  67.138 0.0000000000
47404  17.780  -24.449  67.222 0.0000000000
69428  49.611  -3.042  44.879 0.0000000000
69413  49.038  -3.601  45.416 0.0000000000
68424  47.979  -4.668  46.144 0.0000000000
64431  48.125  -8.774  50.303 0.0000000000
64432  47.686  -8.866  49.536 0.0000000000
63397  47.598  -9.555  49.955 0.0000000000
62334  46.539  -10.643  48.321 0.0000000000
62351  46.387  -10.933  47.669 0.0000000000
61369  45.917  -11.488  47.119 0.0000000000
62352  45.881  -11.286  47.610 0.0000000000
62353  45.069  -10.735  47.375 0.0000000000
63437  43.196  -9.617  47.940 0.0000000000
64373  37.427  -8.217  54.470 0.0000000000
64372  38.374  -7.911  54.321 0.0000000000
64389  37.769  -8.398  53.686 0.0000000000
142143  38.136  -8.893  51.713 0.0000000000
63358  38.992  -8.875  51.409 0.0000000000
63382  38.973  -9.251  50.573 0.0000000000
125945  36.909  -10.086  49.084 0.0000000000
124822  37.776  -9.854  49.295 0.0000000000
63424  36.892  -10.004  48.184 0.0000000000
63443  37.474  -9.678  47.650 0.0000000000
63445  36.112  -10.102  47.039 0.0000000000
62355  36.224  -10.164  47.872 0.0000000000
62357  34.868  -10.672  47.693 0.0000000000
61371  34.305  -11.209  47.215 0.0000000000
61363  34.209  -11.289  48.088 0.0000000000
57263  34.553  -15.531  50.575 0.0000000000
56252  33.869  -16.285  50.392 0.0000000000
55064  32.642  -17.544  49.176 0.0000000000
55079  32.409  -17.319  48.455 0.0000000000
53881  32.229  -18.117  48.709 0.0000000000
56166  40.824  -17.068  57.074 0.0000000000
53766  39.761  -18.696  56.588 0.0000000000
52710  39.167  -19.324  56.056 0.0000000000
52711  38.713  -19.939  55.651 0.0000000000
75391  53.719  2.543  34.702 0.0000000000
50571  30.766  -21.706  60.306 0.0000000000
49555  30.273  -22.168  60.712 0.0000000000
49548  29.712  -22.479  61.052 0.0000000000
48439  29.067  -22.656  61.469 0.0000000000
48456  28.493  -22.715  61.190 0.0000000000
48440  28.375  -22.729  61.812 0.0000000000
49502  29.449  -22.254  65.185 0.0000000000
49513  29.282  -22.417  64.119 0.0000000000
49514  28.619  -22.291  64.607 0.0000000000
49527  27.219  -22.519  63.419 0.0000000000
128335  27.867  -22.619  63.169 0.0000000000
146959  25.172  -22.680  63.460 0.0000000000
48427  24.710  -22.484  63.821 0.0000000000
53641  35.408  -18.698  66.677 0.0000000000
53621  35.138  -17.633  66.977 0.0000000000
53640  36.214  -18.511  66.126 0.0000000000
53658  36.960  -19.107  65.485 0.0000000000
52562  36.830  -19.881  65.273 0.0000000000
51547  36.067  -20.583  64.690 0.0000000000
51546  36.752  -20.355  64.562 0.0000000000
52586  36.364  -20.314  63.752 0.0000000000
51559  35.962  -20.615  64.127 0.0000000000
50511  33.611  -21.187  66.150 0.0000000000
50510  34.139  -21.070  66.020 0.0000000000
50528  33.963  -21.371  65.683 0.0000000000
50549  33.658  -21.219  63.912 0.0000000000
51571  34.021  -20.759  63.314 0.0000000000
50565  33.248  -20.846  62.405 0.0000000000
50567  31.851  -21.656  61.194 0.0000000000
50570  31.579  -21.523  60.588 0.0000000000
61450  43.127  -11.827  41.413 0.0000000000
64424  49.038  -7.704  51.112 0.0000000000
65365  49.106  -7.256  52.007 0.0000000000
64382  48.509  -8.194  53.076 0.0000000000
63328  48.406  -8.780  52.426 0.0000000000
63329  47.864  -9.220  52.500 0.0000000000
62298  47.431  -9.510  51.742 0.0000000000
142974  37.331  -6.014  58.853 0.0000000000
65286  38.185  -6.594  57.600 0.0000000000
64313  34.882  -8.151  58.983 0.0000000000
65289  35.447  -7.685  58.617 0.0000000000
64328  36.023  -8.160  57.259 0.0000000000
65319  36.728  -7.693  56.939 0.0000000000
64355  37.089  -8.006  55.279 0.0000000000
64356  36.198  -8.537  55.549 0.0000000000
63322  35.318  -9.768  53.707 0.0000000000
63309  36.031  -9.083  54.217 0.0000000000
133914  35.749  -9.500  52.900 0.0000000000
61333  34.511  -11.446  52.873 0.0000000000
60307  34.481  -12.396  52.565 0.0000000000
60314  34.422  -12.479  51.707 0.0000000000
59277  34.660  -13.172  52.169 0.0000000000
60283  34.906  -12.235  55.142 0.0000000000
59275  36.269  -13.975  52.758 0.0000000000
58279  35.453  -14.449  51.450 0.0000000000
57248  35.956  -15.656  52.204 0.0000000000
56237  35.397  -16.135  51.859 0.0000000000
56228  35.197  -16.788  52.043 0.0000000000
50593  39.702  -22.118  57.966 0.0000000000
49581  39.396  -22.641  57.843 0.0000000000
48510  39.127  -23.618  57.141 0.0000000000
48509  39.295  -23.321  57.086 0.0000000000
125061  38.728  -24.945  56.209 0.0000000000
145085  38.629  -24.895  54.832 0.0000000000
76340  50.658  3.517  36.614 0.0000000000
76353  51.003  3.350  35.858 0.0000000000
74299  48.899  2.160  35.412 0.0000000000
74298  49.707  2.574  35.386 0.0000000000
130370  48.796  1.600  34.699 0.0000000000
73287  46.818  0.715  36.766 0.0000000000
139579  47.241  1.136  36.430 0.0000000000
133168  46.919  0.642  35.911 0.0000000000
73298  47.370  0.502  35.156 0.0000000000
143998  30.699  -21.885  53.718 0.0000000000
49634  31.134  -22.383  53.564 0.0000000000
48556  30.806  -23.121  53.572 0.0000000000
49575  29.548  -22.243  58.740 0.0000000000
136550  27.277  -23.173  57.897 0.0000000000
49586  28.545  -22.634  57.465 0.0000000000
49587  27.820  -23.059  57.189 0.0000000000
49599  27.630  -22.978  56.134 0.0000000000
48490  25.572  -23.199  58.380 0.0000000000
48489  26.337  -23.040  58.676 0.0000000000
48533  24.714  -23.848  55.574 0.0000000000
48532  25.570  -23.810  55.401 0.0000000000
129248  35.952  -12.641  65.524 0.0000000000
60197  36.156  -12.049  65.102 0.0000000000
62182  37.267  -10.896  64.048 0.0000000000
62171  36.729  -10.972  64.438 0.0000000000
62172  35.904  -10.555  64.653 0.0000000000
63217  35.954  -10.072  64.455 0.0000000000
63229  36.583  -10.316  64.084 0.0000000000
62193  37.205  -10.700  63.846 0.0000000000
128134  38.284  -11.729  62.125 0.0000000000
61261  38.222  -11.446  62.683 0.0000000000
128682  37.708  -11.875  61.301 0.0000000000
60242  39.254  -12.527  60.901 0.0000000000
59197  40.785  -13.239  59.817 0.0000000000
59205  41.023  -13.571  58.941 0.0000000000
59214  41.580  -14.116  58.369 0.0000000000
59204  41.986  -13.938  59.191 0.0000000000
58197  41.089  -14.718  61.694 0.0000000000
59183  41.263  -14.238  61.364 0.0000000000
145482  41.336  -14.805  61.230 0.0000000000
57171  41.705  -15.594  59.794 0.0000000000
57170  42.303  -15.333  59.637 0.0000000000
56094  42.456  -15.697  59.114 0.0000000000
56120  42.490  -15.822  58.742 0.0000000000
56121  42.131  -16.642  58.803 0.0000000000
136828  41.977  -17.175  58.613 0.0000000000
54945  40.787  -18.235  58.784 0.0000000000
54944  41.517  -17.970  58.775 0.0000000000
53688  38.246  -18.906  64.059 0.0000000000
53697  37.991  -18.617  63.322 0.0000000000
56052  37.401  -16.449  61.176 0.0000000000
53717  35.193  -18.298  61.077 0.0000000000
56126  36.335  -16.590  58.442 0.0000000000
135841  38.048  -16.285  58.589 0.0000000000
129144  37.916  -16.662  58.151 0.0000000000
53753  37.667  -18.589  57.347 0.0000000000
53752  38.702  -19.356  58.033 0.0000000000
131774  36.476  -20.127  56.490 0.0000000000
51616  37.283  -20.720  57.051 0.0000000000
50596  37.126  -21.495  56.875 0.0000000000
53787  34.115  -18.735  55.623 0.0000000000
52693  34.850  -18.809  55.754 0.0000000000
52713  34.655  -19.489  55.454 0.0000000000
50620  34.905  -21.707  55.364 0.0000000000
132755  35.621  -21.858  55.854 0.0000000000
68493  44.129  -5.081  39.315 0.0000000000
66542  46.036  -6.639  39.714 0.0000000000
61469  43.577  -11.588  39.643 0.0000000000
51487  27.746  -20.044  69.507 0.0000000000
51488  27.040  -20.115  69.610 0.0000000000
51501  26.733  -20.613  68.972 0.0000000000
50479  25.328  -20.696  68.450 0.0000000000
50478  26.297  -20.861  68.124 0.0000000000
50497  25.400  -21.075  67.565 0.0000000000
50514  25.366  -21.438  66.746 0.0000000000
126622  24.371  -21.173  67.204 0.0000000000
50530  23.600  -21.534  66.100 0.0000000000
145135  22.886  -21.679  65.748 0.0000000000
49507  23.376  -21.754  64.932 0.0000000000
49508  22.240  -21.995  65.236 0.0000000000
48401  20.741  -23.354  68.072 0.0000000000
49458  20.958  -22.484  69.386 0.0000000000
50482  21.464  -21.787  68.914 0.0000000000
50500  21.540  -21.827  67.966 0.0000000000
49480  21.248  -22.705  67.544 0.0000000000
132606  20.925  -23.265  65.332 0.0000000000
48414  21.002  -23.238  64.362 0.0000000000
49531  21.787  -22.684  63.888 0.0000000000
48447  21.329  -23.224  62.556 0.0000000000
48448  20.680  -23.833  62.993 0.0000000000
47435  19.679  -24.843  62.037 0.0000000000
46439  18.537  -25.197  64.335 0.0000000000
77283  53.302  5.182  37.659 0.0000000000
77272  52.495  5.239  38.163 0.0000000000
77274  50.920  4.417  38.592 0.0000000000
76317  50.064  3.713  38.299 0.0000000000
76311  50.518  3.871  39.349 0.0000000000
77256  53.008  5.647  41.289 0.0000000000
77257  52.349  4.664  41.181 0.0000000000
75340  49.349  2.593  39.270 0.0000000000
74267  49.090  1.942  39.657 0.0000000000
73257  48.412  0.530  40.412 0.0000000000
73265  48.113  0.762  39.639 0.0000000000
72310  47.352  -0.648  40.485 0.0000000000
72298  49.621  0.365  41.671 0.0000000000
124156  49.535  -0.367  42.245 0.0000000000
71408  47.581  -1.566  41.617 0.0000000000
71415  47.143  -1.355  40.967 0.0000000000
69457  46.441  -3.403  42.448 0.0000000000
69465  46.149  -3.234  41.671 0.0000000000
68463  45.110  -4.363  41.895 0.0000000000
150089  45.503  -4.213  42.404 0.0000000000
69430  47.872  -3.651  44.291 0.0000000000
69444  47.473  -3.341  43.585 0.0000000000
68451  45.711  -4.981  44.008 0.0000000000
68457  45.174  -5.003  43.479 0.0000000000
66490  43.895  -5.924  42.681 0.0000000000
65425  43.983  -7.285  43.581 0.0000000000
64479  44.279  -8.252  43.915 0.0000000000
132828  51.371  -3.675  48.186 0.0000000000
68410  51.077  -3.954  47.714 0.0000000000
66398  48.078  -6.211  48.244 0.0000000000
67412  47.825  -5.698  47.461 0.0000000000
67426  47.565  -5.329  46.609 0.0000000000
64438  47.292  -8.845  48.754 0.0000000000
64446  46.791  -8.719  48.023 0.0000000000
64456  46.105  -8.772  46.741 0.0000000000
65400  46.045  -7.789  46.954 0.0000000000
131151  45.948  -6.979  46.723 0.0000000000
65408  45.210  -7.505  45.895 0.0000000000
149198  45.336  -8.196  45.875 0.0000000000
63478  45.502  -10.418  44.655 0.0000000000
63496  44.728  -10.168  43.577 0.0000000000
62400  44.717  -11.611  43.710 0.0000000000
61430  44.131  -12.137  43.470 0.0000000000
61414  43.746  -12.187  43.596 0.0000000000
60375  43.117  -12.243  42.883 0.0000000000
61378  44.750  -11.785  45.911 0.0000000000
61386  44.982  -12.125  45.386 0.0000000000
62388  42.990  -11.373  44.247 0.0000000000
62387  43.683  -11.812  44.546 0.0000000000
61415  42.950  -12.219  43.113 0.0000000000
146932  45.279  -9.044  54.159 0.0000000000
63317  45.706  -9.292  53.558 0.0000000000
147782  45.652  -9.505  52.789 0.0000000000
63332  45.090  -9.340  52.957 0.0000000000
65299  41.025  -6.608  56.886 0.0000000000
65283  41.509  -6.540  57.728 0.0000000000
65298  42.099  -7.094  57.220 0.0000000000
64371  39.384  -7.796  54.263 0.0000000000
64370  40.341  -7.929  54.235 0.0000000000
64385  41.506  -8.390  53.371 0.0000000000
64369  41.286  -8.183  54.324 0.0000000000
64351  42.051  -8.258  54.955 0.0000000000
64368  42.817  -8.421  54.723 0.0000000000
64367  43.702  -8.631  54.491 0.0000000000
64383  43.104  -8.539  53.858 0.0000000000
139875  42.532  -8.867  51.762 0.0000000000
63354  44.246  -9.375  51.584 0.0000000000
143548  43.988  -9.285  50.691 0.0000000000
143452  43.078  -8.970  50.441 0.0000000000
126087  42.079  -8.816  49.289 0.0000000000
128925  42.063  -9.069  48.254 0.0000000000
124590  39.494  -9.298  49.362 0.0000000000
124588  39.585  -8.981  48.366 0.0000000000
140627  39.468  -9.187  46.277 0.0000000000
125328  39.735  -8.932  47.085 0.0000000000
63456  40.259  -9.142  46.169 0.0000000000
141231  40.225  -9.299  45.305 0.0000000000
63500  37.831  -9.766  43.525 0.0000000000
62379  35.153  -10.315  45.261 0.0000000000
62392  34.618  -10.740  44.627 0.0000000000
60380  33.905  -12.862  43.508 0.0000000000
60379  34.421  -12.164  43.363 0.0000000000
131489  34.668  -12.815  43.095 0.0000000000
62301  34.682  -10.914  51.404 0.0000000000
62311  34.565  -11.080  50.496 0.0000000000
147168  33.675  -12.535  49.114 0.0000000000
61357  33.958  -11.949  49.345 0.0000000000
60346  33.487  -12.619  47.845 0.0000000000
57285  33.368  -15.168  48.517 0.0000000000
57300  33.079  -14.841  47.724 0.0000000000
58313  32.948  -14.545  46.938 0.0000000000
60265  38.485  -13.204  57.990 0.0000000000
59217  39.211  -13.379  57.239 0.0000000000
59240  39.526  -13.849  55.753 0.0000000000
59230  39.071  -13.515  56.219 0.0000000000
58246  39.065  -14.061  55.096 0.0000000000
59252  38.424  -13.961  54.684 0.0000000000
56179  39.371  -16.197  55.860 0.0000000000
56197  37.696  -16.358  54.409 0.0000000000
56196  38.266  -16.064  54.770 0.0000000000
57224  37.961  -15.531  54.094 0.0000000000
56213  37.349  -16.036  53.797 0.0000000000
57236  36.925  -15.618  53.189 0.0000000000
53819  35.635  -18.414  53.296 0.0000000000
53834  35.074  -18.131  52.665 0.0000000000
50617  39.505  -22.026  56.764 0.0000000000
129528  38.194  -22.033  54.796 0.0000000000
50630  37.714  -21.231  54.619 0.0000000000
52730  38.075  -20.337  55.068 0.0000000000
48564  36.719  -23.232  53.105 0.0000000000
50646  35.947  -21.620  53.095 0.0000000000
50639  36.359  -20.948  53.465 0.0000000000
51666  36.024  -20.166  53.379 0.0000000000
51681  34.233  -20.589  52.010 0.0000000000
131117  34.910  -20.662  52.521 0.0000000000
128512  33.975  -19.965  51.791 0.0000000000
74308  56.063  1.626  34.609 0.0000000000
74342  51.393  1.077  32.580 0.0000000000
74341  52.589  1.275  32.566 0.0000000000
69504  45.037  -3.201  38.336 0.0000000000
68521  44.907  -3.729  37.742 0.0000000000
50472  30.547  -21.340  67.324 0.0000000000
50492  30.197  -21.518  67.288 0.0000000000
50473  29.901  -21.232  67.680 0.0000000000
50474  29.516  -21.065  67.901 0.0000000000
50475  28.834  -20.747  68.318 0.0000000000
62221  35.693  -10.477  62.050 0.0000000000
129473  35.357  -9.780  62.522 0.0000000000
62228  35.328  -10.513  60.910 0.0000000000
63265  34.724  -9.842  60.283 0.0000000000
144918  35.075  -10.641  59.787 0.0000000000
62246  35.210  -11.190  58.954 0.0000000000
127691  35.365  -11.598  58.294 0.0000000000
60261  35.775  -12.252  58.063 0.0000000000
131883  36.327  -12.776  57.752 0.0000000000
60266  37.329  -13.137  57.743 0.0000000000
72323  46.361  -0.532  38.501 0.0000000000
51628  31.187  -20.280  56.700 0.0000000000
51629  30.627  -20.650  56.086 0.0000000000
51618  30.691  -20.785  56.980 0.0000000000
50599  29.729  -21.777  57.204 0.0000000000
141282  24.546  -22.832  61.686 0.0000000000
48460  24.272  -22.806  60.981 0.0000000000
127429  22.749  -22.927  60.019 0.0000000000
138910  22.000  -23.186  60.086 0.0000000000
47433  20.862  -23.698  61.168 0.0000000000
57122  36.252  -15.563  66.125 0.0000000000
129171  36.801  -14.896  65.516 0.0000000000
57120  38.347  -15.771  64.270 0.0000000000
57128  39.227  -15.883  63.486 0.0000000000
142849  38.892  -16.923  63.623 0.0000000000
52638  32.594  -19.883  59.396 0.0000000000
52657  32.380  -19.576  58.558 0.0000000000
52674  32.253  -19.336  57.656 0.0000000000
52675  31.665  -19.849  57.238 0.0000000000
63517  44.216  -9.212  40.782 0.0000000000
129304  17.751  -24.220  68.443 0.0000000000
70403  50.711  -2.806  45.234 0.0000000000
68423  50.054  -3.681  46.159 0.0000000000
132129  50.005  -4.162  46.981 0.0000000000
63375  47.717  -9.475  50.641 0.0000000000
62317  47.339  -9.941  50.101 0.0000000000
62318  46.994  -10.268  49.701 0.0000000000
128872  46.704  -10.452  48.936 0.0000000000
62335  46.179  -10.769  48.435 0.0000000000
63418  44.496  -9.729  48.983 0.0000000000
141785  37.079  -8.759  53.245 0.0000000000
63359  37.377  -9.188  51.524 0.0000000000
63383  37.299  -9.512  50.691 0.0000000000
62321  35.910  -10.299  49.291 0.0000000000
138035  35.106  -10.605  49.151 0.0000000000
53751  41.213  -18.770  58.574 0.0000000000
53765  40.792  -19.109  57.717 0.0000000000
76349  54.770  3.294  35.867 0.0000000000
75377  53.388  2.981  35.342 0.0000000000
75392  52.670  2.785  34.564 0.0000000000
49546  31.203  -21.897  61.680 0.0000000000
49547  30.419  -22.213  61.383 0.0000000000
49537  30.503  -22.213  62.205 0.0000000000
125642  27.959  -22.149  64.965 0.0000000000
49515  27.100  -22.230  64.620 0.0000000000
49528  26.354  -22.483  63.733 0.0000000000
49505  25.305  -21.982  65.162 0.0000000000
52563  35.892  -20.138  65.565 0.0000000000
51537  35.580  -20.535  65.292 0.0000000000
50526  35.172  -20.808  65.172 0.0000000000
50540  33.231  -21.690  65.195 0.0000000000
50550  32.461  -21.661  63.811 0.0000000000
132874  32.930  -21.402  63.428 0.0000000000
50558  32.698  -21.248  62.566 0.0000000000
66240  34.577  -6.682  61.994 0.0000000000
66230  34.575  -6.144  62.733 0.0000000000
67224  34.990  -5.138  62.666 0.0000000000
67233  37.318  -4.665  61.268 0.0000000000
67243  37.686  -4.918  60.544 0.0000000000
66247  36.846  -5.631  59.971 0.0000000000
66271  36.577  -6.637  58.625 0.0000000000
148783  35.077  -9.390  57.526 0.0000000000
64329  35.436  -8.692  57.683 0.0000000000
64357  35.676  -8.940  56.095 0.0000000000
63300  35.523  -9.443  55.376 0.0000000000
62284  34.764  -10.535  53.981 0.0000000000
59244  36.124  -13.126  55.036 0.0000000000
59255  35.622  -13.250  54.284 0.0000000000
58269  36.518  -14.498  52.621 0.0000000000
57247  36.562  -15.175  52.574 0.0000000000
56226  36.324  -16.092  52.789 0.0000000000
49583  38.235  -22.151  57.887 0.0000000000
144240  38.727  -22.737  57.907 0.0000000000
76341  49.782  3.247  36.758 0.0000000000
75368  48.597  2.283  36.324 0.0000000000
129226  48.208  1.721  35.676 0.0000000000
72338  46.326  -0.836  35.891 0.0000000000
49636  29.572  -22.640  53.733 0.0000000000
48466  28.604  -22.660  59.837 0.0000000000
48477  28.201  -22.683  59.030 0.0000000000
127741  24.161  -23.399  57.212 0.0000000000
48501  24.840  -23.403  57.074 0.0000000000
48517  24.406  -23.551  56.357 0.0000000000
60195  37.583  -12.501  64.442 0.0000000000
61229  36.769  -11.551  64.654 0.0000000000
60208  37.375  -11.747  64.375 0.0000000000
61240  37.721  -11.386  63.820 0.0000000000
62192  37.699  -11.070  63.564 0.0000000000
140940  37.614  -10.914  63.430 0.0000000000
61266  38.707  -11.880  62.377 0.0000000000
60234  39.362  -12.350  61.759 0.0000000000
60241  40.087  -12.686  61.100 0.0000000000
60240  40.800  -13.140  60.699 0.0000000000
59191  41.455  -13.574  60.295 0.0000000000
133520  41.031  -15.291  61.296 0.0000000000
57150  41.305  -15.078  61.141 0.0000000000
57161  41.299  -15.381  60.499 0.0000000000
56096  41.350  -16.230  59.339 0.0000000000
56122  41.895  -17.105  58.857 0.0000000000
130920  40.046  -17.018  58.683 0.0000000000
52599  37.477  -19.318  63.521 0.0000000000
53698  37.024  -18.852  62.864 0.0000000000
53707  36.382  -18.262  62.098 0.0000000000
54908  35.798  -17.826  61.288 0.0000000000
54933  34.535  -17.480  58.938 0.0000000000
54932  35.167  -17.125  59.456 0.0000000000
136134  35.182  -16.984  58.688 0.0000000000
56149  35.662  -16.842  58.163 0.0000000000
56148  37.390  -16.945  57.720 0.0000000000
54959  36.949  -17.492  57.246 0.0000000000
51642  33.610  -20.100  54.689 0.0000000000
51641  34.380  -20.205  55.099 0.0000000000
49608  34.602  -22.441  55.093 0.0000000000
48542  34.005  -23.143  54.705 0.0000000000
68472  44.670  -4.355  40.945 0.0000000000
67515  43.855  -5.439  39.980 0.0000000000
145747  43.856  -5.979  39.849 0.0000000000
138617  44.858  -8.288  40.400 0.0000000000
64511  45.618  -8.113  40.219 0.0000000000
51503  24.340  -20.593  68.648 0.0000000000
51517  23.771  -20.953  67.980 0.0000000000
50498  23.252  -21.232  67.334 0.0000000000
47380  20.068  -24.132  68.905 0.0000000000
48402  20.461  -23.973  67.654 0.0000000000
48404  20.940  -23.445  67.171 0.0000000000
48408  20.533  -23.983  65.895 0.0000000000
48415  20.458  -23.965  64.922 0.0000000000
47420  20.142  -24.406  64.372 0.0000000000
47426  19.596  -24.857  63.943 0.0000000000
78323  52.724  5.621  38.987 0.0000000000
78314  52.584  5.630  39.889 0.0000000000
76304  51.790  3.927  40.975 0.0000000000
74258  49.677  1.731  40.515 0.0000000000
124886  48.829  -0.816  42.214 0.0000000000
71392  47.926  -1.768  42.224 0.0000000000
142763  47.395  -2.125  41.947 0.0000000000
69445  46.670  -3.634  43.278 0.0000000000
149617  46.995  -4.426  44.596 0.0000000000
67458  44.610  -5.922  44.105 0.0000000000
65409  44.595  -7.271  45.100 0.0000000000
67398  50.552  -4.926  49.134 0.0000000000
67410  49.809  -5.203  48.525 0.0000000000
140086  46.663  -9.491  47.631 0.0000000000
63451  46.440  -9.747  46.925 0.0000000000
63452  46.038  -9.404  46.230 0.0000000000
64466  45.539  -8.864  45.746 0.0000000000
61412  44.908  -12.135  44.323 0.0000000000
61399  44.686  -12.190  44.602 0.0000000000
62389  42.162  -10.411  44.270 0.0000000000
62402  41.543  -10.583  43.467 0.0000000000
141272  41.321  -9.917  44.147 0.0000000000
63307  45.211  -8.697  54.855 0.0000000000
63308  44.595  -8.865  54.306 0.0000000000
66270  39.822  -5.989  58.121 0.0000000000
65300  39.901  -6.496  56.848 0.0000000000
65328  40.351  -6.908  56.068 0.0000000000
64402  41.717  -8.603  52.547 0.0000000000
64384  42.425  -8.492  53.185 0.0000000000
142515  41.872  -8.777  52.012 0.0000000000
63378  42.338  -8.875  51.044 0.0000000000
63442  38.176  -9.506  48.037 0.0000000000
63441  38.987  -9.125  47.661 0.0000000000
132353  38.787  -9.337  45.867 0.0000000000
63470  38.975  -9.259  44.891 0.0000000000
62408  35.554  -10.727  43.418 0.0000000000
61402  33.672  -12.140  44.219 0.0000000000
61352  34.159  -11.964  50.203 0.0000000000
59302  33.732  -13.244  49.257 0.0000000000
56279  32.566  -16.494  48.196 0.0000000000
57286  32.783  -15.646  47.977 0.0000000000
56294  32.428  -16.247  47.329 0.0000000000
59216  39.947  -13.567  57.566 0.0000000000
58239  40.171  -14.066  56.228 0.0000000000
58245  39.662  -14.301  55.624 0.0000000000
54982  38.665  -17.510  55.634 0.0000000000
56180  38.651  -16.600  55.433 0.0000000000
54995  36.605  -17.657  54.075 0.0000000000
53818  36.230  -18.369  53.822 0.0000000000
148613  36.079  -18.969  53.624 0.0000000000
48565  35.813  -23.245  52.519 0.0000000000
50647  35.223  -21.454  52.608 0.0000000000
74310  50.093  2.187  34.228 0.0000000000
75411  50.884  2.340  33.965 0.0000000000
68508  44.732  -4.655  38.024 0.0000000000
68507  45.506  -4.987  37.766 0.0000000000
49512  30.789  -22.211  64.982 0.0000000000
49491  29.013  -21.944  66.472 0.0000000000
49475  29.698  -21.756  66.940 0.0000000000
49492  28.060  -21.923  66.392 0.0000000000
129125  27.318  -21.842  66.600 0.0000000000
50512  32.664  -21.209  66.376 0.0000000000
49500  31.254  -21.953  65.727 0.0000000000
65225  34.456  -8.332  64.250 0.0000000000
64277  34.538  -8.203  63.679 0.0000000000
65250  34.477  -7.244  62.887 0.0000000000
134853  34.807  -9.217  62.152 0.0000000000
64289  34.595  -8.440  62.511 0.0000000000
65260  34.495  -7.458  61.797 0.0000000000
65268  34.827  -6.981  60.259 0.0000000000
62237  34.664  -9.791  59.355 0.0000000000
63280  34.705  -9.682  58.636 0.0000000000
63279  34.845  -9.205  58.174 0.0000000000
138687  35.470  -12.594  55.715 0.0000000000
59253  37.753  -13.745  54.401 0.0000000000
46487  38.237  -25.605  56.483 0.0000000000
74276  48.198  1.626  38.507 0.0000000000
74283  47.988  1.732  37.665 0.0000000000
73279  46.452  0.140  37.196 0.0000000000
72339  45.855  -1.309  36.467 0.0000000000
51667  32.207  -20.957  53.863 0.0000000000
50640  32.207  -21.632  53.707 0.0000000000
49622  30.013  -21.897  54.047 0.0000000000
131909  30.227  -21.388  54.716 0.0000000000
146273  29.365  -22.320  54.227 0.0000000000
131959  28.102  -22.855  54.400 0.0000000000
124648  26.323  -22.890  60.581 0.0000000000
124646  26.293  -22.887  59.654 0.0000000000
124644  24.892  -23.145  58.788 0.0000000000
48471  24.258  -22.832  60.075 0.0000000000
48481  24.166  -22.987  59.209 0.0000000000
48491  23.985  -23.256  58.221 0.0000000000
48502  23.348  -23.409  57.294 0.0000000000
47445  20.904  -23.856  58.136 0.0000000000
58170  36.521  -13.870  65.499 0.0000000000
59142  37.087  -13.147  64.961 0.0000000000
59154  38.581  -13.240  63.613 0.0000000000
59164  39.712  -13.663  62.733 0.0000000000
59175  40.129  -13.349  62.322 0.0000000000
59163  40.402  -14.302  62.425 0.0000000000
58198  40.769  -14.977  62.200 0.0000000000
57144  40.511  -15.423  62.239 0.0000000000
57136  39.889  -15.924  62.977 0.0000000000
56021  40.068  -15.755  62.667 0.0000000000
57151  40.828  -15.308  61.899 0.0000000000
57152  40.486  -15.518  61.641 0.0000000000
139003  38.772  -15.790  61.050 0.0000000000
52616  34.551  -19.638  61.842 0.0000000000
53709  34.858  -18.963  61.424 0.0000000000
53726  34.163  -18.195  59.616 0.0000000000
135766  33.247  -19.472  59.736 0.0000000000
53727  33.578  -18.679  59.313 0.0000000000
53739  33.904  -18.007  58.894 0.0000000000
54948  34.054  -17.672  58.076 0.0000000000
54973  34.143  -17.774  56.752 0.0000000000
53769  33.557  -18.328  56.316 0.0000000000
144695  33.354  -18.816  55.683 0.0000000000
52715  32.827  -19.214  55.413 0.0000000000
52733  32.927  -19.721  54.642 0.0000000000
51656  32.206  -20.242  54.397 0.0000000000
67501  43.552  -6.254  41.161 0.0000000000
64518  45.232  -8.823  39.899 0.0000000000
47369  20.028  -23.758  69.673 0.0000000000
47392  19.419  -24.547  67.721 0.0000000000
46423  19.161  -24.837  66.302 0.0000000000
46432  18.722  -24.916  65.769 0.0000000000
46424  18.665  -24.787  66.477 0.0000000000
46433  18.062  -24.786  65.836 0.0000000000
47405  16.852  -24.469  66.870 0.0000000000
68448  48.239  -3.788  44.929 0.0000000000
68434  47.569  -4.616  45.469 0.0000000000
67427  46.783  -5.681  46.273 0.0000000000
65382  48.658  -7.366  49.670 0.0000000000
65377  48.245  -8.196  49.815 0.0000000000
63436  46.621  -10.353  47.654 0.0000000000
61376  46.020  -11.424  46.398 0.0000000000
61385  45.561  -11.714  45.778 0.0000000000
61377  45.730  -11.584  46.524 0.0000000000
149058  45.181  -11.687  46.281 0.0000000000
62365  44.830  -11.149  46.617 0.0000000000
62366  44.015  -10.762  46.378 0.0000000000
63454  42.321  -9.583  46.601 0.0000000000
65313  43.324  -7.845  57.141 0.0000000000
65330  38.483  -7.180  55.649 0.0000000000
146661  37.645  -8.574  53.110 0.0000000000
142147  38.229  -8.455  53.000 0.0000000000
64405  39.143  -8.405  52.879 0.0000000000
63338  39.541  -8.599  52.114 0.0000000000
63357  39.897  -8.645  51.437 0.0000000000
127424  40.195  -8.721  50.949 0.0000000000
124593  39.029  -9.534  49.949 0.0000000000
124589  38.566  -9.632  49.354 0.0000000000
63422  38.171  -9.695  48.765 0.0000000000
63458  36.619  -9.723  46.459 0.0000000000
63473  36.539  -9.607  45.533 0.0000000000
62368  35.042  -10.621  46.173 0.0000000000
149992  35.631  -10.360  47.594 0.0000000000
62369  34.371  -11.077  46.375 0.0000000000
61379  33.814  -11.683  46.613 0.0000000000
140663  33.472  -12.253  46.201 0.0000000000
58285  34.930  -14.324  50.797 0.0000000000
58286  34.623  -14.233  50.105 0.0000000000
57275  34.480  -14.917  49.880 0.0000000000
147425  33.415  -15.615  49.014 0.0000000000
56264  33.421  -16.175  49.509 0.0000000000
135456  41.108  -16.245  57.137 0.0000000000
56167  39.863  -16.988  56.389 0.0000000000
54970  39.413  -17.765  56.212 0.0000000000
52731  37.587  -19.615  54.705 0.0000000000
47500  37.839  -24.176  53.558 0.0000000000
47501  37.114  -23.964  53.060 0.0000000000
47511  35.915  -24.252  52.154 0.0000000000
75390  54.795  2.169  34.958 0.0000000000
75407  54.596  1.743  34.379 0.0000000000
74324  54.159  1.610  33.581 0.0000000000
74340  53.724  1.292  32.814 0.0000000000
72383  49.816  0.072  32.912 0.0000000000
50584  30.392  -21.703  58.652 0.0000000000
50575  30.585  -21.666  59.544 0.0000000000
49566  29.437  -22.445  59.729 0.0000000000
49556  29.702  -22.411  60.419 0.0000000000
48467  28.190  -22.738  60.614 0.0000000000
48468  27.457  -22.814  60.769 0.0000000000
49525  29.931  -22.393  63.651 0.0000000000
129311  29.136  -22.657  63.141 0.0000000000
48423  28.273  -22.710  62.590 0.0000000000
48441  27.653  -22.770  61.939 0.0000000000
127657  27.264  -22.844  61.462 0.0000000000
48458  26.889  -22.889  61.028 0.0000000000
125650  26.417  -22.874  61.417 0.0000000000
142214  25.760  -22.878  61.596 0.0000000000
48426  25.684  -22.734  63.019 0.0000000000
48444  25.184  -22.818  62.153 0.0000000000
48445  24.107  -22.747  62.324 0.0000000000
49539  23.044  -22.639  62.687 0.0000000000
54829  36.211  -17.660  66.331 0.0000000000
53674  37.599  -18.542  65.099 0.0000000000
139272  38.118  -18.209  64.555 0.0000000000
52573  37.668  -19.563  64.381 0.0000000000
51535  37.154  -20.042  64.760 0.0000000000
51545  37.135  -20.182  64.284 0.0000000000
52584  37.402  -19.839  63.912 0.0000000000
52585  36.964  -20.287  63.926 0.0000000000
52602  34.997  -19.940  62.633 0.0000000000
141609  34.387  -20.836  65.980 0.0000000000
50527  34.496  -20.989  65.639 0.0000000000
50539  33.917  -21.428  64.837 0.0000000000
127809  35.017  -20.640  63.878 0.0000000000
51570  34.622  -20.381  62.968 0.0000000000
146179  34.362  -20.127  62.231 0.0000000000
51591  33.055  -20.406  60.865 0.0000000000
50566  32.506  -21.157  61.621 0.0000000000
51583  32.616  -20.840  61.066 0.0000000000
51592  32.430  -20.745  60.493 0.0000000000
50573  31.889  -21.071  60.210 0.0000000000
61462  43.306  -11.294  40.125 0.0000000000
140050  51.139  -4.090  48.878 0.0000000000
66362  50.353  -5.558  49.881 0.0000000000
147877  49.889  -6.273  49.849 0.0000000000
137209  49.980  -6.316  50.393 0.0000000000
140601  48.529  -8.537  51.049 0.0000000000
64401  48.763  -8.063  52.314 0.0000000000
64417  48.529  -8.691  51.752 0.0000000000
63374  48.174  -9.159  51.183 0.0000000000
136761  47.841  -9.422  51.200 0.0000000000
62299  46.705  -9.741  51.234 0.0000000000
65285  38.861  -6.226  58.176 0.0000000000
65274  35.742  -6.920  58.920 0.0000000000
64319  35.796  -7.947  57.937 0.0000000000
65302  37.362  -7.083  57.297 0.0000000000
65318  37.509  -7.272  56.659 0.0000000000
65331  37.711  -7.379  55.883 0.0000000000
63299  35.929  -8.985  54.870 0.0000000000
62300  35.237  -10.231  51.703 0.0000000000
59265  34.684  -13.098  53.023 0.0000000000
59294  34.971  -13.888  51.159 0.0000000000
57262  35.119  -15.019  50.996 0.0000000000
57257  34.956  -15.818  51.323 0.0000000000
134408  39.901  -21.464  58.088 0.0000000000
51613  40.066  -21.270  58.042 0.0000000000
50606  39.703  -22.134  57.710 0.0000000000
49605  39.443  -22.770  56.984 0.0000000000
48497  39.246  -23.085  57.514 0.0000000000
47470  39.053  -24.362  56.111 0.0000000000
47485  38.782  -24.233  55.168 0.0000000000
47499  38.425  -24.516  54.170 0.0000000000
76352  51.993  3.505  35.776 0.0000000000
75380  50.459  2.881  35.300 0.0000000000
75395  50.056  2.493  34.828 0.0000000000
74300  48.049  1.188  34.954 0.0000000000
49633  31.969  -22.280  53.592 0.0000000000
48555  31.682  -23.051  53.605 0.0000000000
50585  29.898  -21.868  58.037 0.0000000000
49597  29.079  -22.252  56.813 0.0000000000
49576  28.737  -22.535  58.399 0.0000000000
126041  26.707  -23.284  57.879 0.0000000000
48500  25.494  -23.345  57.494 0.0000000000
125505  26.193  -23.377  57.149 0.0000000000
48514  26.918  -23.297  55.707 0.0000000000
48530  26.915  -23.405  54.798 0.0000000000
61230  36.103  -11.284  64.789 0.0000000000
63207  34.865  -9.469  65.014 0.0000000000
64262  34.702  -9.013  64.640 0.0000000000
63230  35.688  -9.731  64.204 0.0000000000
63241  36.357  -10.095  63.803 0.0000000000
62220  36.761  -10.937  62.518 0.0000000000
61268  36.887  -11.509  61.684 0.0000000000
61288  37.390  -12.201  60.190 0.0000000000
60251  38.095  -12.586  59.548 0.0000000000
60257  39.427  -13.117  58.997 0.0000000000
137415  39.791  -12.723  60.362 0.0000000000
59198  39.969  -13.027  59.576 0.0000000000
59206  40.066  -13.399  58.613 0.0000000000
59215  40.684  -13.833  57.983 0.0000000000
58230  41.168  -14.336  57.575 0.0000000000
58237  41.530  -15.027  57.431 0.0000000000
59184  40.910  -13.650  61.471 0.0000000000
60231  41.278  -13.713  60.966 0.0000000000
148726  41.824  -13.994  60.453 0.0000000000
58211  41.798  -14.882  60.601 0.0000000000
58210  42.182  -14.517  60.179 0.0000000000
59203  42.388  -14.492  59.508 0.0000000000
58224  42.336  -14.582  58.778 0.0000000000
57192  42.227  -15.527  58.092 0.0000000000
56165  41.749  -15.917  57.583 0.0000000000
54955  41.647  -17.836  58.502 0.0000000000
53735  41.439  -18.178  58.754 0.0000000000
128264  40.866  -19.400  58.576 0.0000000000
52654  40.422  -19.952  58.544 0.0000000000
131620  38.380  -18.196  64.162 0.0000000000
150103  38.119  -17.884  62.702 0.0000000000
54905  38.603  -17.304  62.640 0.0000000000
56051  38.462  -16.449  61.737 0.0000000000
56071  38.506  -15.768  60.090 0.0000000000
54920  35.949  -17.100  60.755 0.0000000000
56074  35.827  -16.748  59.898 0.0000000000
56073  36.577  -16.524  60.504 0.0000000000
56072  37.459  -16.089  60.156 0.0000000000
56124  38.829  -16.648  58.515 0.0000000000
53738  39.441  -18.899  58.401 0.0000000000
52655  39.670  -19.851  58.545 0.0000000000
51609  39.677  -20.713  58.350 0.0000000000
51614  38.861  -21.049  58.251 0.0000000000
50594  38.522  -21.584  58.053 0.0000000000
147695  37.618  -20.307  57.328 0.0000000000
49584  37.569  -22.134  57.383 0.0000000000
52692  35.576  -19.551  55.897 0.0000000000
51627  35.944  -20.649  56.098 0.0000000000
138423  36.244  -21.527  56.305 0.0000000000
48513  36.676  -22.807  56.470 0.0000000000
48529  34.881  -23.126  55.247 0.0000000000
146876  35.616  -24.108  55.535 0.0000000000
69489  44.422  -4.553  38.849 0.0000000000
66544  44.268  -6.216  39.615 0.0000000000
66529  44.575  -6.841  40.129 0.0000000000
66543  44.972  -6.504  39.488 0.0000000000
62450  43.866  -10.351  40.005 0.0000000000
62458  44.420  -10.179  39.697 0.0000000000
137449  44.667  -10.785  39.428 0.0000000000
52515  28.660  -19.245  68.838 0.0000000000
51500  28.704  -20.295  68.726 0.0000000000
51486  28.363  -19.958  69.279 0.0000000000
50463  28.178  -20.529  68.837 0.0000000000
50476  27.588  -20.869  68.265 0.0000000000
50496  26.985  -21.309  67.653 0.0000000000
49478  26.803  -21.723  66.857 0.0000000000
132545  26.450  -20.121  69.597 0.0000000000
49494  26.164  -21.695  66.430 0.0000000000
49495  25.331  -21.719  65.973 0.0000000000
49506  24.338  -21.674  65.496 0.0000000000
49518  24.498  -22.043  64.603 0.0000000000
49519  23.679  -22.238  64.036 0.0000000000
49530  22.838  -22.498  63.517 0.0000000000
50481  22.093  -21.107  68.517 0.0000000000
50499  22.227  -21.399  67.564 0.0000000000
49496  21.999  -21.972  66.133 0.0000000000
49497  21.410  -22.724  66.642 0.0000000000
49509  21.481  -22.606  65.724 0.0000000000
48429  22.029  -22.771  63.026 0.0000000000
47434  20.260  -24.360  61.620 0.0000000000
47429  20.202  -24.389  62.521 0.0000000000
139767  18.781  -25.015  65.093 0.0000000000
46446  18.673  -25.330  63.583 0.0000000000
77299  53.198  4.418  36.885 0.0000000000
77300  52.110  4.205  36.995 0.0000000000
76324  51.141  3.972  37.171 0.0000000000
145962  49.106  2.697  38.562 0.0000000000
77264  52.116  4.988  40.400 0.0000000000
76318  49.654  3.229  38.931 0.0000000000
74269  47.821  1.006  38.885 0.0000000000
73266  47.405  0.326  39.238 0.0000000000
74245  51.335  1.628  41.995 0.0000000000
124699  48.727  0.296  41.100 0.0000000000
128490  46.024  -2.561  40.583 0.0000000000
70478  45.762  -3.113  40.920 0.0000000000
69466  45.435  -3.742  41.349 0.0000000000
127608  46.231  -4.302  43.672 0.0000000000
136154  45.075  -4.664  42.772 0.0000000000
139748  44.342  -5.229  42.403 0.0000000000
66464  43.726  -6.765  42.803 0.0000000000
65426  43.761  -7.480  42.824 0.0000000000
134318  43.817  -7.984  42.479 0.0000000000
64491  44.049  -8.934  42.559 0.0000000000
66382  47.679  -7.031  48.484 0.0000000000
65394  46.581  -7.723  47.635 0.0000000000
66411  46.335  -6.364  46.548 0.0000000000
66412  45.639  -6.668  46.143 0.0000000000
64473  44.624  -8.262  44.713 0.0000000000
63316  47.393  -9.056  53.231 0.0000000000
63331  46.194  -9.499  52.799 0.0000000000
63352  45.896  -9.680  52.087 0.0000000000
65297  42.986  -7.487  57.582 0.0000000000
64336  43.044  -8.129  56.212 0.0000000000
65329  39.284  -7.011  55.768 0.0000000000
64338  41.075  -7.597  55.517 0.0000000000
64352  40.864  -7.862  54.847 0.0000000000
64337  42.071  -7.991  55.769 0.0000000000
125098  43.360  -8.387  55.309 0.0000000000
63320  43.364  -8.704  53.027 0.0000000000
63333  44.282  -9.060  52.964 0.0000000000
134447  44.614  -9.380  52.331 0.0000000000
63353  45.122  -9.634  51.797 0.0000000000
63419  43.525  -9.478  48.827 0.0000000000
63401  42.905  -9.023  49.530 0.0000000000
63438  42.481  -9.451  47.419 0.0000000000
63403  40.412  -9.034  49.734 0.0000000000
141617  39.650  -8.881  47.761 0.0000000000
63440  40.181  -8.815  47.889 0.0000000000
124866  41.028  -8.897  48.088 0.0000000000
63455  41.296  -9.327  46.395 0.0000000000
63480  40.624  -9.522  44.594 0.0000000000
63482  39.200  -9.372  44.063 0.0000000000
63486  35.820  -9.743  44.900 0.0000000000
62391  35.319  -10.328  44.306 0.0000000000
140149  34.403  -11.412  43.991 0.0000000000
144798  34.210  -11.471  48.844 0.0000000000
60352  33.517  -12.436  47.003 0.0000000000
59323  33.248  -13.129  46.404 0.0000000000
58294  34.146  -14.214  49.365 0.0000000000
59309  33.656  -13.819  48.715 0.0000000000
58303  33.440  -14.331  48.210 0.0000000000
59316  33.429  -13.512  48.018 0.0000000000
60259  37.751  -12.821  58.662 0.0000000000
59231  38.012  -13.565  56.032 0.0000000000
58252  38.045  -14.130  54.042 0.0000000000
57215  39.650  -15.147  55.661 0.0000000000
57234  38.111  -14.687  53.932 0.0000000000
56215  36.055  -16.884  53.012 0.0000000000
55018  35.177  -17.342  52.340 0.0000000000
134791  34.642  -17.829  52.102 0.0000000000
53849  34.005  -18.252  51.715 0.0000000000
50618  38.951  -21.752  55.938 0.0000000000
51639  38.778  -20.794  55.771 0.0000000000
51664  37.069  -21.098  53.968 0.0000000000
52744  36.350  -19.573  53.708 0.0000000000
52745  35.742  -19.373  53.311 0.0000000000
52771  33.964  -19.203  51.781 0.0000000000
52772  33.414  -19.734  51.301 0.0000000000
75410  51.866  2.423  33.829 0.0000000000
73342  53.169  0.648  32.222 0.0000000000
69517  45.397  -3.427  37.148 0.0000000000
49573  39.588  -22.099  58.056 0.0000000000
54886  38.487  -17.891  63.169 0.0000000000
57159  42.327  -14.988  60.060 0.0000000000
57169  42.481  -15.148  59.523 0.0000000000
57191  42.479  -15.203  58.565 0.0000000000
58188  40.372  -14.972  62.574 0.0000000000
58218  42.476  -14.909  59.718 0.0000000000
59196  42.108  -13.921  59.930 0.0000000000
60207  37.892  -12.138  64.022 0.0000000000
60217  38.501  -12.409  63.465 0.0000000000
60289  34.946  -12.674  54.595 0.0000000000
62219  37.765  -10.939  62.978 0.0000000000
62307  47.411  -9.676  50.845 0.0000000000
63330  47.003  -9.371  52.639 0.0000000000
65215  33.835  -8.195  64.474 0.0000000000
71437  45.732  -1.157  37.129 0.0000000000
129008  28.241  -20.873  68.165 0.0000000000
138911  19.084  -25.227  63.944 0.0000000000
142775  20.116  -24.376  64.973 0.0000000000
147614  26.890  -22.878  61.521 0.0000000000
