#!ascii label  , from subject sub-v1s22x0050441_ses-1 vox2ras=TkReg
835
21445  -45.076  -54.898  -8.896 0.5000000000
21422  -42.651  -55.378  -7.680 0.8000000119
20454  -40.058  -56.067  -7.464 0.8000000119
143870  -41.491  -55.527  -7.426 0.8000000119
21443  -42.929  -55.031  -8.328 0.8000000119
22334  -47.732  -54.259  -10.199 0.5000000000
21444  -43.929  -54.905  -8.536 0.5000000000
22331  -43.463  -54.532  -9.098 0.6000000238
21401  -38.200  -56.090  -7.398 0.6999999881
20453  -39.153  -56.328  -7.489 0.6999999881
21442  -41.818  -55.116  -7.971 0.8000000119
22330  -42.376  -54.597  -8.895 0.6999999881
22335  -48.918  -54.620  -9.516 0.6000000238
22333  -46.133  -54.469  -9.969 0.5000000000
22346  -45.567  -53.935  -10.459 0.6000000238
132508  -36.916  -55.872  -4.476 0.6999999881
22332  -44.674  -54.512  -9.477 0.6000000238
123425  -37.540  -56.307  -6.114 0.6999999881
21441  -40.007  -55.484  -8.205 0.6999999881
22345  -44.171  -53.971  -10.000 0.6000000238
23260  -44.987  -53.310  -10.997 0.6000000238
22329  -41.306  -54.635  -8.862 0.8000000119
22344  -42.962  -54.024  -9.681 0.6999999881
23248  -47.883  -53.534  -9.945 0.4000000060
22347  -46.964  -53.756  -10.776 0.6000000238
21375  -36.786  -55.108  -4.218 0.6999999881
23269  -45.667  -52.492  -11.394 0.6000000238
22288  -37.316  -54.814  -5.152 0.6999999881
21400  -37.762  -55.898  -6.968 0.6999999881
20452  -38.654  -56.117  -7.595 0.6999999881
21440  -39.158  -55.254  -8.538 0.6999999881
22328  -40.080  -54.788  -8.941 0.6000000238
23258  -42.502  -53.506  -10.345 0.6999999881
23266  -41.158  -52.733  -11.085 0.5000000000
22327  -39.170  -54.625  -9.093 0.6000000238
22342  -40.809  -54.108  -9.666 0.6000000238
23256  -40.447  -53.427  -10.496 0.6000000238
22341  -39.662  -54.018  -9.780 0.6000000238
23255  -39.551  -53.262  -10.557 0.5000000000
23247  -47.141  -53.138  -9.184 0.4000000060
23262  -47.383  -53.200  -10.943 0.5000000000
22264  -36.303  -54.596  -3.204 0.6999999881
24175  -47.214  -52.882  -11.173 0.6000000238
124779  -46.312  -52.393  -11.224 0.6000000238
22309  -37.683  -54.873  -6.795 0.6999999881
23268  -44.269  -52.602  -11.309 0.6000000238
22317  -38.029  -55.274  -7.775 0.6999999881
24181  -43.371  -52.013  -11.460 0.5000000000
24180  -42.129  -51.982  -11.274 0.6000000238
21439  -38.551  -54.743  -8.642 0.6999999881
138818  -39.013  -53.554  -10.145 0.5000000000
23153  -33.874  -53.595  -0.697 0.6000000238
24092  -34.362  -52.902  -1.148 0.6000000238
137467  -46.784  -53.367  -8.122 0.5000000000
23238  -45.912  -53.079  -8.135 0.5000000000
23166  -35.293  -53.883  -1.917 0.6999999881
22254  -35.506  -54.688  -2.188 0.6999999881
24169  -47.162  -52.869  -10.464 0.5000000000
126934  -46.034  -52.312  -10.316 0.5000000000
24168  -45.177  -52.305  -9.349 0.4000000060
146486  -36.738  -54.020  -4.241 0.6999999881
24173  -45.781  -51.796  -11.072 0.5000000000
23203  -37.040  -53.952  -4.989 0.6999999881
22298  -37.481  -54.352  -5.830 0.6999999881
25102  -44.970  -50.999  -11.062 0.5000000000
130656  -37.796  -54.442  -7.460 0.6999999881
22326  -38.045  -54.299  -8.314 0.6000000238
24185  -44.080  -51.340  -11.512 0.5000000000
23246  -38.251  -53.815  -9.227 0.6000000238
25108  -43.305  -51.087  -11.264 0.5000000000
23245  -37.829  -53.229  -8.763 0.5000000000
23254  -38.451  -53.337  -10.041 0.5000000000
23263  -38.825  -53.012  -10.606 0.5000000000
25106  -40.649  -51.633  -10.660 0.5000000000
24178  -39.837  -52.262  -10.837 0.5000000000
26094  -40.886  -50.901  -10.120 0.3000000119
24159  -43.808  -52.583  -7.679 0.3000000119
131757  -32.322  -53.304  -0.043 0.6000000238
24083  -33.659  -52.777  -0.574 0.6000000238
24160  -44.940  -52.665  -8.337 0.4000000060
132601  -35.530  -53.219  -2.343 0.6000000238
25096  -45.003  -51.467  -10.317 0.5000000000
23191  -36.437  -53.717  -3.535 0.6999999881
23202  -36.684  -53.315  -4.362 0.6999999881
25101  -44.319  -50.621  -10.972 0.5000000000
23224  -37.593  -53.834  -6.585 0.5000000000
26097  -43.784  -50.462  -10.983 0.5000000000
23235  -37.726  -53.603  -7.579 0.5000000000
125042  -42.482  -49.875  -10.188 0.4000000060
25107  -42.018  -51.324  -10.956 0.3000000119
26086  -41.714  -49.980  -9.899 0.4000000060
24177  -38.787  -52.341  -10.735 0.5000000000
25105  -39.380  -51.935  -10.718 0.4000000060
24081  -31.994  -52.565  0.138 0.6000000238
25013  -33.452  -51.983  -0.467 0.6000000238
25014  -34.137  -52.120  -1.014 0.6000000238
24103  -34.716  -52.119  -1.702 0.6000000238
24104  -35.382  -52.328  -2.426 0.6000000238
25095  -43.547  -50.993  -9.223 0.3000000119
134226  -44.158  -50.651  -10.408 0.4000000060
24114  -36.361  -52.699  -3.749 0.6000000238
26067  -43.010  -49.835  -9.089 0.3000000119
24128  -36.522  -52.482  -4.622 0.6000000238
23214  -37.300  -53.543  -5.768 0.6999999881
26076  -42.973  -49.526  -9.458 0.3000000119
26088  -43.510  -50.159  -10.382 0.3000000119
23213  -36.861  -53.091  -5.192 0.6000000238
27038  -42.671  -48.831  -8.523 0.3000000119
26087  -42.996  -49.691  -10.092 0.3000000119
24147  -37.028  -52.232  -6.342 0.5000000000
24138  -37.158  -52.891  -5.932 0.5000000000
24157  -37.544  -52.729  -7.737 0.5000000000
27044  -41.621  -49.455  -9.129 0.3000000119
27045  -42.521  -49.376  -9.375 0.3000000119
134048  -37.489  -52.439  -8.657 0.5000000000
24166  -37.519  -52.394  -9.689 0.5000000000
26085  -40.618  -50.532  -9.509 0.3000000119
25086  -37.278  -51.947  -7.970 0.5000000000
25104  -38.426  -51.729  -10.584 0.4000000060
26093  -39.666  -51.408  -10.194 0.3000000119
24071  -31.616  -51.847  0.201 0.5000000000
25012  -32.543  -51.779  -0.007 0.6000000238
25026  -34.019  -51.231  -1.069 0.5000000000
24113  -35.822  -52.075  -3.248 0.6000000238
25038  -35.363  -51.475  -2.842 0.5000000000
27987  -42.168  -48.093  -7.958 0.3000000119
24127  -36.141  -51.824  -4.061 0.6000000238
27024  -40.906  -49.009  -7.669 0.3000000119
27025  -41.943  -48.219  -8.076 0.3000000119
25057  -36.288  -51.678  -4.988 0.6000000238
25076  -37.307  -52.239  -7.112 0.5000000000
25085  -36.709  -51.225  -8.518 0.5000000000
143615  -37.805  -51.704  -10.510 0.4000000060
25103  -37.407  -51.555  -10.358 0.4000000060
26001  -32.741  -50.857  -0.106 0.5000000000
26002  -33.457  -50.617  -0.671 0.5000000000
26015  -34.351  -50.591  -1.786 0.5000000000
144493  -34.373  -51.685  -1.428 0.5000000000
26016  -34.881  -50.840  -2.491 0.5000000000
28917  -41.835  -47.652  -5.838 0.3000000119
27977  -41.455  -47.882  -6.533 0.3000000119
25045  -35.614  -51.293  -3.588 0.6000000238
25067  -36.505  -51.564  -5.955 0.5000000000
25075  -36.852  -51.473  -7.103 0.5000000000
26092  -38.467  -51.065  -10.235 0.4000000060
27048  -36.817  -50.121  -10.449 0.4000000060
26944  -32.959  -50.043  -0.358 0.5000000000
140637  -33.934  -50.432  -1.216 0.5000000000
26977  -34.506  -49.889  -2.459 0.5000000000
28909  -41.774  -47.425  -4.864 0.4000000060
28897  -41.430  -46.897  -4.277 0.4000000060
26029  -35.289  -50.861  -3.146 0.5000000000
26038  -35.396  -50.563  -3.757 0.5000000000
28908  -41.225  -47.402  -4.976 0.4000000060
27966  -40.737  -47.804  -5.701 0.3000000119
26998  -35.115  -49.873  -3.904 0.4000000060
27013  -40.468  -48.781  -6.960 0.3000000119
25056  -35.755  -50.965  -4.474 0.5000000000
25066  -35.989  -50.877  -5.480 0.4000000060
26059  -36.227  -50.726  -6.519 0.4000000060
25099  -36.796  -50.911  -10.296 0.4000000060
27904  -33.123  -49.089  -0.592 0.5000000000
126549  -33.783  -49.345  -1.280 0.5000000000
26976  -34.198  -49.179  -1.917 0.5000000000
29826  -41.331  -46.559  -3.751 0.4000000060
27935  -34.388  -48.977  -2.775 0.4000000060
28896  -40.364  -47.183  -4.395 0.4000000060
28907  -39.785  -47.817  -4.962 0.4000000060
26987  -34.684  -49.477  -3.365 0.4000000060
142317  -35.429  -50.249  -4.361 0.4000000060
27965  -39.090  -48.453  -5.592 0.4000000060
26048  -35.573  -50.230  -5.071 0.4000000060
125501  -35.680  -50.141  -6.017 0.4000000060
26058  -35.860  -49.975  -7.091 0.4000000060
26073  -36.125  -50.506  -9.091 0.4000000060
26065  -35.728  -49.960  -8.323 0.4000000060
26089  -35.910  -49.618  -10.154 0.4000000060
27042  -37.057  -49.735  -10.269 0.4000000060
27047  -36.358  -49.513  -10.282 0.4000000060
126660  -32.621  -48.327  -0.302 0.5000000000
27920  -33.707  -48.648  -1.363 0.4000000060
144586  -41.095  -45.953  -3.081 0.4000000060
29825  -40.796  -46.529  -3.890 0.4000000060
27934  -34.131  -48.358  -2.145 0.5000000000
26997  -34.750  -49.205  -4.196 0.4000000060
28906  -38.437  -48.086  -5.053 0.4000000060
27005  -35.308  -49.521  -5.530 0.4000000060
27011  -35.414  -49.392  -6.540 0.4000000060
125750  -37.282  -49.273  -9.411 0.3000000119
26072  -35.626  -49.766  -9.503 0.4000000060
28836  -33.139  -48.109  -0.801 0.4000000060
28851  -33.628  -47.798  -1.526 0.5000000000
28864  -33.974  -47.447  -2.434 0.4000000060
29824  -39.608  -46.867  -3.893 0.4000000060
27947  -34.309  -48.140  -3.013 0.4000000060
27948  -34.486  -48.714  -3.635 0.4000000060
28879  -34.339  -47.918  -3.861 0.4000000060
27956  -34.555  -48.465  -4.490 0.4000000060
27004  -34.838  -48.992  -5.054 0.4000000060
27010  -35.037  -48.803  -5.987 0.4000000060
27021  -35.465  -49.339  -7.674 0.4000000060
27998  -36.244  -48.716  -10.069 0.4000000060
27041  -35.490  -49.175  -9.838 0.4000000060
124477  -35.973  -48.920  -10.259 0.4000000060
130434  -33.541  -46.943  -1.624 0.4000000060
28878  -34.182  -47.460  -3.277 0.4000000060
28891  -34.165  -47.015  -3.970 0.4000000060
28892  -34.419  -47.636  -4.679 0.4000000060
27963  -34.630  -48.195  -5.460 0.4000000060
27993  -36.776  -48.649  -9.428 0.4000000060
27972  -34.784  -48.258  -6.352 0.4000000060
27973  -35.100  -48.629  -7.113 0.4000000060
27983  -34.760  -48.076  -7.893 0.4000000060
27984  -35.124  -48.768  -8.488 0.4000000060
27031  -35.133  -48.712  -9.424 0.4000000060
29796  -33.763  -46.667  -2.361 0.4000000060
142564  -33.861  -46.333  -3.616 0.4000000060
29819  -33.880  -46.204  -4.368 0.4000000060
29834  -33.951  -46.089  -5.227 0.4000000060
29820  -34.263  -46.833  -4.889 0.4000000060
29835  -34.299  -46.762  -5.763 0.4000000060
125108  -34.458  -47.405  -5.404 0.4000000060
28903  -34.543  -47.574  -6.279 0.4000000060
28914  -34.526  -47.443  -7.325 0.4000000060
28002  -35.958  -48.141  -9.966 0.3000000119
27996  -35.044  -48.150  -9.546 0.4000000060
28001  -35.691  -48.537  -9.992 0.4000000060
131190  -33.472  -45.271  -2.015 0.4000000060
30719  -33.742  -45.980  -2.816 0.4000000060
131663  -33.610  -45.039  -3.038 0.4000000060
30734  -33.683  -45.612  -3.767 0.4000000060
30746  -33.659  -45.324  -4.720 0.4000000060
29843  -34.315  -46.751  -6.736 0.4000000060
29842  -34.092  -46.023  -7.235 0.4000000060
28931  -36.874  -48.134  -8.530 0.4000000060
27992  -36.422  -48.004  -9.522 0.3000000119
28924  -34.547  -47.423  -8.363 0.4000000060
28932  -35.235  -47.546  -9.571 0.5000000000
28933  -35.736  -47.426  -9.695 0.4000000060
28929  -34.758  -47.423  -9.209 0.5000000000
129481  -33.538  -44.087  -3.144 0.4000000060
32374  -33.454  -43.814  -4.077 0.4000000060
31580  -33.546  -44.712  -3.934 0.4000000060
31586  -33.532  -44.326  -4.762 0.4000000060
29853  -34.061  -45.948  -8.294 0.4000000060
29860  -34.748  -46.522  -9.326 0.5000000000
138163  -33.481  -43.327  -3.517 0.4000000060
143335  -33.462  -42.953  -4.151 0.4000000060
32385  -33.514  -43.404  -4.851 0.4000000060
29857  -34.169  -45.813  -9.047 0.4000000060
127003  -33.481  -42.505  -3.332 0.4000000060
123341  -33.471  -42.090  -4.165 0.4000000060
33217  -33.492  -42.485  -4.926 0.4000000060
130106  -34.525  -45.294  -9.446 0.5000000000
141854  -33.124  -39.616  -4.173 0.4000000060
34063  -33.464  -41.738  -3.540 0.4000000060
34927  -33.332  -40.784  -4.690 0.4000000060
34928  -33.433  -41.267  -4.089 0.4000000060
34939  -33.044  -40.769  -5.619 0.5000000000
125381  -33.311  -40.388  -3.915 0.4000000060
25094  -37.084  -51.815  -9.255 0.5000000000
25100  -37.136  -51.669  -10.161 0.5000000000
139401  -37.694  -51.280  -10.441 0.4000000060
21446  -46.439  -54.888  -9.254 0.5000000000
20431  -40.616  -56.518  -6.637 0.8000000119
20430  -39.572  -56.701  -6.953 0.8000000119
19499  -38.171  -57.240  -6.437 0.6999999881
20398  -37.272  -56.578  -5.275 0.6999999881
22318  -49.461  -54.367  -8.606 0.5000000000
20387  -36.619  -56.368  -3.776 0.6999999881
23239  -48.024  -53.467  -8.882 0.4000000060
23240  -48.876  -54.157  -9.218 0.4000000060
21363  -36.519  -55.368  -3.639 0.6999999881
23165  -34.585  -53.771  -1.307 0.6999999881
23229  -47.179  -53.663  -7.647 0.4000000060
23228  -45.825  -53.531  -7.123 0.4000000060
143735  -32.612  -53.939  -0.176 0.6000000238
23236  -43.908  -53.159  -6.897 0.4000000060
24080  -31.210  -52.469  -0.018 0.6000000238
25011  -30.978  -51.823  0.126 0.5000000000
126388  -31.913  -51.108  0.286 0.5000000000
25987  -32.164  -50.294  0.226 0.5000000000
138511  -32.481  -49.561  -0.000 0.4000000060
28835  -32.572  -47.591  -0.312 0.4000000060
29762  -32.587  -46.700  -0.319 0.4000000060
29763  -33.122  -47.250  -0.873 0.4000000060
29782  -33.138  -46.379  -0.966 0.4000000060
30705  -33.202  -45.578  -1.183 0.4000000060
31569  -33.520  -44.561  -2.411 0.4000000060
136558  -33.540  -43.886  -2.160 0.4000000060
32366  -33.529  -43.233  -2.716 0.4000000060
33203  -33.488  -42.438  -2.282 0.4000000060
35766  -33.193  -39.663  -3.366 0.4000000060
21402  -42.047  -55.655  -7.085 0.8000000119
21421  -40.883  -55.470  -7.683 0.8000000119
22348  -47.515  -53.545  -10.731 0.5000000000
20429  -38.560  -56.676  -7.106 0.6999999881
21419  -38.565  -55.584  -7.986 0.6999999881
23261  -46.381  -53.259  -11.215 0.6000000238
23259  -43.630  -53.409  -10.550 0.6999999881
22343  -41.883  -54.130  -9.653 0.6999999881
24183  -45.328  -51.536  -11.320 0.6000000238
23267  -42.230  -52.762  -10.973 0.6000000238
23257  -41.470  -53.488  -10.425 0.6000000238
23177  -35.904  -53.974  -2.658 0.6999999881
24186  -44.710  -51.201  -11.389 0.5000000000
24093  -35.039  -53.031  -1.756 0.6000000238
23237  -44.779  -53.153  -7.369 0.5000000000
24161  -46.035  -52.737  -9.234 0.5000000000
24167  -44.174  -51.989  -8.932 0.3000000119
24172  -38.189  -52.650  -10.464 0.5000000000
25037  -35.007  -51.595  -2.250 0.6000000238
132270  -37.657  -52.210  -10.307 0.5000000000
25093  -36.608  -51.095  -9.817 0.4000000060
26066  -36.334  -50.579  -7.724 0.4000000060
26082  -37.549  -50.508  -10.313 0.4000000060
132620  -35.389  -49.427  -8.711 0.4000000060
131547  -33.525  -46.132  -1.795 0.4000000060
126399  -34.772  -48.119  -8.953 0.4000000060
34070  -33.416  -41.532  -4.979 0.4000000060
15940  -36.665  -62.056  -9.977 0.4000000060
15058  -38.340  -62.289  -9.882 0.4000000060
15059  -39.212  -62.287  -9.604 0.4000000060
15060  -40.079  -62.077  -9.263 0.4000000060
15038  -37.553  -62.934  -8.958 0.4000000060
15039  -38.489  -62.751  -9.065 0.4000000060
15040  -39.459  -62.559  -8.769 0.4000000060
14142  -39.667  -62.817  -8.023 0.4000000060
15022  -41.720  -61.645  -7.601 0.5000000000
14140  -38.039  -63.239  -8.282 0.4000000060
14141  -38.949  -63.086  -8.202 0.4000000060
14117  -39.369  -63.234  -7.328 0.5000000000
14999  -40.552  -62.634  -6.569 0.5000000000
15887  -41.609  -61.707  -5.767 0.6000000238
129988  -36.556  -63.344  -7.424 0.4000000060
137007  -38.160  -63.646  -6.783 0.4000000060
136934  -38.902  -63.516  -6.605 0.4000000060
15000  -41.340  -62.079  -6.607 0.5000000000
23230  -48.650  -53.845  -8.360 0.3000000119
22311  -47.555  -54.184  -6.990 0.4000000060
23227  -44.527  -53.665  -6.438 0.3000000119
15895  -42.156  -61.576  -6.538 0.5000000000
21427  -49.105  -55.413  -8.417 0.5000000000
22313  -49.733  -54.650  -7.934 0.4000000060
141241  -36.916  -63.808  -4.762 0.4000000060
126047  -39.798  -63.221  -6.417 0.5000000000
14989  -40.855  -62.329  -5.919 0.5000000000
139212  -36.957  -63.791  -5.662 0.4000000060
14091  -38.303  -63.687  -6.033 0.4000000060
15888  -42.403  -61.205  -5.796 0.6000000238
125933  -43.098  -60.176  -5.394 0.6000000238
18575  -43.941  -58.379  -5.214 0.6999999881
21448  -48.952  -55.039  -9.241 0.5000000000
132391  -43.950  -59.132  -5.255 0.6999999881
20412  -45.882  -57.162  -5.857 0.6999999881
21407  -47.355  -55.905  -7.416 0.6999999881
19478  -44.404  -57.582  -5.492 0.6999999881
20411  -45.007  -56.978  -5.833 0.6999999881
14998  -39.739  -63.125  -5.593 0.5000000000
15886  -40.959  -61.905  -5.372 0.6000000238
15880  -41.311  -61.340  -5.038 0.6000000238
16787  -42.071  -59.896  -4.765 0.6000000238
14051  -37.802  -63.595  -4.605 0.4000000060
14052  -38.673  -63.168  -4.569 0.5000000000
15879  -40.637  -61.680  -4.862 0.6000000238
16808  -41.914  -61.109  -5.283 0.6000000238
17645  -42.241  -59.079  -4.735 0.6000000238
135704  -43.193  -58.163  -5.132 0.6000000238
17659  -42.758  -59.736  -5.023 0.6000000238
21426  -47.534  -55.435  -8.229 0.6000000238
21447  -47.933  -54.971  -9.442 0.5000000000
14960  -37.126  -63.012  -3.320 0.6000000238
14976  -38.444  -62.549  -3.917 0.6000000238
15877  -38.783  -61.528  -3.872 0.6999999881
127212  -40.197  -61.321  -4.516 0.6000000238
16785  -40.769  -60.808  -4.610 0.6000000238
128108  -42.535  -58.275  -4.949 0.6000000238
14036  -37.850  -63.216  -3.936 0.5000000000
14987  -39.549  -62.845  -4.931 0.6000000238
19477  -42.748  -57.515  -5.370 0.6000000238
20410  -44.085  -56.721  -5.965 0.6999999881
138716  -44.221  -56.073  -6.646 0.6999999881
20435  -44.938  -56.323  -6.492 0.6999999881
21425  -46.274  -55.327  -8.159 0.6000000238
15855  -38.057  -61.788  -3.512 0.6000000238
16783  -38.958  -60.413  -4.056 0.6999999881
16784  -39.934  -60.607  -4.307 0.6999999881
138500  -41.174  -58.355  -4.758 0.6000000238
130971  -44.354  -55.250  -7.944 0.5000000000
20409  -43.104  -56.787  -5.871 0.6999999881
20434  -43.465  -56.156  -6.496 0.6999999881
21424  -45.324  -55.202  -8.260 0.6000000238
135207  -39.022  -58.838  -4.770 0.6999999881
19501  -40.100  -57.178  -6.250 0.6999999881
17641  -38.564  -59.391  -4.370 0.6999999881
18573  -40.413  -58.166  -5.025 0.6000000238
19502  -41.171  -57.096  -5.815 0.5000000000
18550  -39.976  -58.859  -4.671 0.6999999881
20408  -42.191  -56.889  -5.799 0.6999999881
21423  -43.413  -55.337  -7.803 0.5000000000
19476  -41.939  -57.593  -5.226 0.6000000238
20433  -42.580  -56.228  -6.438 0.6999999881
21404  -43.863  -55.644  -7.164 0.6000000238
19473  -38.734  -57.728  -5.859 0.6999999881
21403  -42.996  -55.664  -7.058 0.6000000238
20455  -41.136  -55.876  -7.067 0.6999999881
21449  -49.576  -54.876  -9.012 0.5000000000
20432  -41.636  -56.358  -6.451 0.6000000238
132631  -37.803  -62.580  -9.502 0.4000000060
15021  -40.876  -62.241  -7.433 0.4000000060
14089  -36.402  -63.523  -6.363 0.4000000060
14116  -38.515  -63.429  -7.437 0.4000000060
14071  -39.125  -63.302  -5.222 0.4000000060
14069  -37.661  -63.756  -5.423 0.4000000060
20437  -46.679  -56.538  -6.578 0.6999999881
21406  -46.081  -55.929  -7.107 0.6999999881
17644  -41.601  -59.452  -4.595 0.6000000238
14977  -39.208  -62.331  -4.339 0.6000000238
126477  -40.380  -60.104  -4.387 0.6000000238
136985  -41.177  -57.786  -5.111 0.6000000238
19474  -39.694  -57.682  -5.739 0.6000000238
17631  -38.037  -59.845  -3.929 0.5000000000
14035  -36.382  -63.340  -3.364 0.4000000060
15854  -37.424  -62.065  -3.122 0.5000000000
17630  -37.399  -59.413  -3.794 0.6000000238
14009  -35.704  -63.121  -2.833 0.4000000060
136378  -35.138  -62.809  -2.417 0.5000000000
14933  -36.342  -62.875  -2.819 0.5000000000
16745  -36.905  -61.287  -2.663 0.5000000000
16758  -37.448  -60.179  -3.385 0.5000000000
17629  -36.877  -59.407  -3.373 0.5000000000
126773  -37.573  -61.102  -3.177 0.5000000000
18549  -38.114  -58.645  -4.760 0.6000000238
17640  -37.685  -59.056  -4.294 0.5000000000
18548  -37.328  -58.277  -4.657 0.6999999881
144725  -36.880  -58.163  -4.333 0.6000000238
19462  -36.961  -57.682  -4.602 0.6000000238
14931  -34.451  -62.736  -2.264 0.5000000000
14912  -34.911  -62.295  -1.798 0.5000000000
16743  -35.605  -60.291  -1.771 0.5000000000
17619  -36.370  -59.393  -2.769 0.5000000000
144243  -36.536  -60.699  -2.461 0.5000000000
19472  -37.939  -57.679  -5.715 0.6000000238
18522  -36.497  -58.674  -3.230 0.6000000238
18547  -36.593  -57.945  -3.801 0.5000000000
20397  -36.941  -56.862  -4.571 0.6000000238
15821  -34.248  -61.632  -1.229 0.5000000000
15822  -35.175  -61.259  -1.482 0.5000000000
17606  -34.395  -59.914  -0.771 0.5000000000
18521  -35.997  -58.683  -2.572 0.5000000000
133399  -37.583  -57.163  -5.953 0.6000000238
19441  -36.223  -57.939  -2.850 0.5000000000
126596  -36.367  -56.999  -3.066 0.6000000238
15820  -33.334  -61.758  -1.125 0.5000000000
15812  -33.640  -61.124  -0.740 0.5000000000
17605  -33.483  -59.862  -0.445 0.5000000000
129047  -33.006  -59.158  -0.328 0.5000000000
18491  -32.579  -58.380  -0.343 0.6000000238
18493  -33.929  -59.056  -0.637 0.4000000060
19410  -32.292  -57.536  -0.335 0.4000000060
126594  -33.881  -58.130  -0.772 0.5000000000
18507  -34.638  -58.567  -1.267 0.5000000000
17611  -35.102  -59.483  -1.399 0.4000000060
20350  -32.092  -56.710  -0.316 0.4000000060
20352  -33.372  -56.224  -0.502 0.5000000000
135455  -34.618  -57.025  -1.363 0.5000000000
21318  -31.603  -55.566  -0.458 0.4000000060
135454  -35.283  -56.938  -1.801 0.6000000238
19440  -35.743  -57.343  -2.342 0.6000000238
20382  -36.249  -55.933  -3.001 0.6000000238
21348  -35.787  -55.390  -2.506 0.6000000238
19412  -33.801  -57.146  -0.771 0.5000000000
21320  -32.993  -55.479  -0.308 0.5000000000
21321  -33.751  -55.472  -0.625 0.5000000000
20367  -34.193  -56.257  -0.939 0.5000000000
22241  -31.762  -54.796  -0.319 0.4000000060
22242  -32.587  -54.693  -0.232 0.5000000000
21332  -34.528  -55.432  -1.179 0.6000000238
20368  -34.961  -56.237  -1.521 0.6000000238
21333  -35.266  -55.449  -1.814 0.6000000238
22243  -33.342  -54.884  -0.419 0.5000000000
24079  -30.633  -52.142  -0.331 0.3000000119
23149  -30.771  -53.135  -0.501 0.4000000060
126245  -31.220  -54.040  -0.399 0.4000000060
23151  -31.954  -54.026  -0.127 0.5000000000
22244  -34.068  -54.562  -0.808 0.5000000000
22253  -34.904  -54.630  -1.498 0.6000000238
27903  -32.245  -48.857  0.065 0.3000000119
26930  -30.758  -50.048  0.428 0.3000000119
25986  -31.358  -50.524  0.416 0.4000000060
25010  -30.509  -51.315  0.010 0.4000000060
28834  -31.871  -47.161  0.210 0.3000000119
30688  -32.680  -45.662  -0.377 0.3000000119
29748  -32.077  -46.169  0.155 0.3000000119
32333  -33.006  -44.141  -0.829 0.3000000119
31554  -33.329  -44.524  -1.549 0.3000000119
139331  -33.317  -43.783  -1.394 0.3000000119
32352  -33.464  -43.158  -1.738 0.3000000119
33189  -33.246  -42.426  -1.342 0.3000000119
34054  -33.451  -41.713  -2.789 0.3000000119
23150  -31.535  -53.253  -0.110 0.5000000000
140400  -31.381  -47.867  0.374 0.3000000119
18571  -38.419  -58.227  -5.307 0.5000000000
141492  -35.629  -61.910  -1.998 0.5000000000
135453  -35.679  -58.083  -2.321 0.5000000000
20381  -35.677  -56.320  -2.281 0.6000000238
21428  -49.962  -55.068  -8.314 0.3000000119
21408  -48.153  -56.157  -7.227 0.6000000238
21368  -45.611  -55.745  -3.584 0.3000000119
21381  -46.925  -55.511  -4.581 0.3000000119
21390  -47.579  -55.176  -5.525 0.3000000119
22303  -47.218  -54.715  -6.057 0.3000000119
21382  -47.993  -55.630  -4.803 0.3000000119
22304  -48.602  -54.676  -6.711 0.3000000119
22312  -48.991  -54.187  -7.825 0.3000000119
124632  -47.663  -56.759  -6.554 0.6000000238
20456  -49.473  -55.557  -7.828 0.5000000000
21354  -45.329  -55.982  -2.798 0.3000000119
21380  -45.968  -55.402  -4.449 0.3000000119
21389  -46.506  -55.028  -5.286 0.3000000119
22302  -46.357  -54.458  -6.017 0.3000000119
21391  -48.838  -55.342  -5.872 0.3000000119
22305  -49.794  -55.200  -6.939 0.3000000119
20457  -50.021  -55.504  -7.224 0.4000000060
124176  -37.093  -63.541  -3.952 0.4000000060
21353  -44.509  -55.901  -2.449 0.3000000119
21379  -45.045  -55.342  -4.304 0.3000000119
22293  -45.457  -54.792  -5.237 0.3000000119
15945  -42.267  -60.724  -9.270 0.5000000000
16850  -43.115  -60.332  -9.075 0.5000000000
15941  -38.939  -61.871  -10.387 0.4000000060
15942  -39.833  -61.808  -10.093 0.4000000060
15943  -40.652  -61.500  -9.742 0.4000000060
16859  -42.138  -60.428  -10.089 0.5000000000
132331  -44.810  -60.166  -6.327 0.5000000000
15929  -43.289  -60.745  -8.152 0.5000000000
15927  -41.606  -61.353  -8.652 0.5000000000
15928  -42.426  -61.094  -8.374 0.5000000000
15926  -40.852  -61.677  -8.929 0.4000000060
17662  -46.178  -59.438  -5.926 0.6000000238
132108  -45.394  -59.268  -5.672 0.6000000238
16818  -43.865  -60.638  -6.598 0.5000000000
15914  -43.385  -60.900  -7.292 0.5000000000
15042  -41.075  -61.835  -8.202 0.3000000119
15913  -42.657  -61.266  -7.381 0.5000000000
19481  -47.431  -58.099  -5.740 0.6000000238
136803  -45.323  -58.569  -5.459 0.6000000238
17661  -44.519  -59.604  -5.676 0.6000000238
15896  -42.931  -61.085  -6.488 0.4000000060
20414  -48.121  -57.297  -6.246 0.6000000238
21383  -49.070  -55.900  -5.206 0.3000000119
20440  -50.223  -56.105  -6.428 0.4000000060
19480  -46.214  -58.103  -5.547 0.6000000238
15889  -43.099  -60.672  -5.766 0.4000000060
20399  -48.349  -56.214  -4.302 0.3000000119
21370  -47.364  -56.007  -3.946 0.3000000119
21392  -49.934  -55.761  -6.202 0.3000000119
20438  -49.132  -56.430  -6.914 0.5000000000
18576  -44.615  -58.916  -5.356 0.6000000238
20413  -46.894  -57.316  -5.992 0.6000000238
21384  -49.919  -56.216  -5.615 0.3000000119
18578  -47.021  -58.818  -5.741 0.5000000000
18580  -49.496  -58.682  -6.403 0.5000000000
19482  -48.720  -57.985  -6.168 0.5000000000
18595  -50.118  -58.681  -6.105 0.4000000060
19483  -50.006  -57.651  -6.290 0.5000000000
17665  -48.951  -59.210  -6.658 0.5000000000
17664  -47.898  -59.232  -6.290 0.5000000000
17677  -49.950  -59.431  -6.208 0.4000000060
18581  -50.382  -58.295  -5.459 0.4000000060
19484  -50.361  -57.264  -5.685 0.4000000060
19503  -49.360  -57.173  -6.476 0.5000000000
16810  -45.957  -59.796  -6.290 0.5000000000
17673  -46.955  -59.620  -6.390 0.5000000000
20415  -50.332  -56.559  -6.011 0.4000000060
16916  -40.746  -60.252  -14.789 0.3000000119
16008  -40.974  -61.622  -14.319 0.3000000119
16009  -41.403  -61.192  -14.150 0.3000000119
16002  -42.415  -60.296  -13.489 0.3000000119
15982  -42.805  -61.016  -12.161 0.4000000060
16907  -42.121  -59.891  -13.971 0.3000000119
17767  -41.963  -58.757  -14.341 0.3000000119
15964  -42.976  -61.511  -11.168 0.4000000060
15993  -43.361  -59.638  -13.048 0.4000000060
16908  -42.935  -59.411  -13.537 0.3000000119
137807  -42.189  -58.283  -13.985 0.3000000119
15965  -44.171  -60.846  -11.029 0.4000000060
16902  -44.389  -58.817  -12.788 0.4000000060
17758  -42.894  -58.839  -13.722 0.4000000060
18639  -41.829  -58.160  -13.919 0.4000000060
18641  -43.503  -58.167  -13.117 0.4000000060
15024  -45.481  -62.348  -8.005 0.3000000119
15946  -44.586  -61.351  -10.305 0.4000000060
15947  -45.752  -60.869  -10.356 0.4000000060
15966  -45.462  -60.283  -11.169 0.4000000060
16889  -45.697  -59.004  -11.686 0.4000000060
17734  -43.871  -58.205  -12.868 0.4000000060
17749  -43.143  -58.157  -12.949 0.4000000060
15002  -46.932  -61.930  -6.907 0.3000000119
15930  -46.024  -61.335  -9.692 0.4000000060
16863  -46.644  -59.455  -10.486 0.4000000060
15967  -46.262  -59.770  -10.987 0.4000000060
17728  -46.175  -58.968  -11.144 0.4000000060
17720  -46.055  -58.863  -10.720 0.4000000060
17726  -45.081  -58.623  -11.722 0.4000000060
17719  -45.077  -58.775  -10.802 0.4000000060
17725  -44.129  -58.405  -12.069 0.4000000060
16887  -43.041  -58.496  -12.317 0.4000000060
15915  -47.694  -60.512  -8.904 0.4000000060
15949  -47.604  -60.051  -9.549 0.4000000060
16862  -45.215  -59.214  -9.834 0.4000000060
17718  -44.079  -58.922  -10.929 0.4000000060
133530  -42.122  -59.723  -11.449 0.4000000060
16901  -41.062  -59.262  -12.730 0.4000000060
16853  -47.640  -59.590  -9.289 0.4000000060
17708  -46.607  -59.068  -9.913 0.4000000060
128941  -45.588  -59.593  -8.952 0.4000000060
16861  -44.009  -59.463  -9.871 0.4000000060
16870  -41.919  -60.310  -10.786 0.4000000060
16860  -43.081  -59.914  -10.037 0.4000000060
16843  -47.772  -59.505  -8.693 0.4000000060
16842  -45.989  -59.887  -8.126 0.4000000060
16841  -44.379  -60.443  -7.899 0.4000000060
144885  -49.160  -59.628  -6.847 0.4000000060
16820  -47.926  -59.718  -7.798 0.4000000060
17646  -50.171  -59.147  -4.973 0.3000000119
18553  -50.116  -58.459  -4.742 0.3000000119
16851  -44.154  -60.014  -8.919 0.4000000060
17674  -47.964  -59.578  -6.829 0.4000000060
19464  -50.183  -57.654  -4.843 0.3000000119
16819  -46.243  -60.053  -7.302 0.4000000060
140896  -43.822  -60.532  -11.733 0.4000000060
15983  -44.408  -59.503  -12.447 0.4000000060
16888  -45.224  -59.079  -12.235 0.4000000060
17750  -43.939  -58.352  -13.013 0.4000000060
15046  -46.458  -61.622  -8.630 0.4000000060
15045  -45.500  -61.909  -8.877 0.4000000060
131284  -46.051  -62.454  -6.778 0.3000000119
16873  -45.816  -59.318  -11.653 0.4000000060
15003  -48.015  -61.318  -6.969 0.3000000119
15948  -46.724  -60.308  -10.068 0.4000000060
141929  -46.603  -59.195  -10.387 0.4000000060
15917  -48.523  -60.177  -7.801 0.4000000060
16852  -47.271  -59.252  -9.293 0.4000000060
16871  -42.958  -59.440  -11.078 0.4000000060
16821  -48.566  -59.918  -7.873 0.4000000060
15043  -43.155  -62.769  -9.034 0.3000000119
14163  -42.020  -63.185  -10.221 0.3000000119
15075  -41.717  -63.005  -11.726 0.3000000119
14177  -42.275  -62.555  -10.768 0.3000000119
15062  -43.801  -62.076  -9.563 0.3000000119
15087  -42.256  -62.152  -11.557 0.3000000119
15076  -43.397  -61.833  -10.357 0.3000000119
15044  -44.213  -62.346  -8.839 0.3000000119
15063  -44.929  -61.680  -9.543 0.3000000119
15916  -47.987  -60.792  -7.983 0.3000000119
16822  -48.711  -59.949  -7.509 0.3000000119
16823  -49.617  -59.870  -6.453 0.3000000119
15023  -44.509  -62.606  -8.119 0.3000000119
16844  -48.147  -59.902  -8.405 0.3000000119
14070  -38.466  -63.566  -5.257 0.4000000060
14090  -37.387  -63.708  -6.453 0.4000000060
14092  -39.097  -63.486  -5.824 0.4000000060
14115  -37.623  -63.513  -7.456 0.4000000060
14119  -43.434  -63.062  -8.169 0.3000000119
14911  -33.932  -62.284  -1.642 0.5000000000
14932  -35.646  -62.561  -2.396 0.5000000000
14961  -37.793  -62.633  -3.553 0.6000000238
14978  -39.954  -62.072  -4.671 0.6000000238
14988  -40.312  -62.466  -5.323 0.6000000238
15020  -40.141  -62.803  -7.353 0.4000000060
15025  -46.566  -61.811  -7.785 0.3000000119
15041  -40.329  -62.312  -8.305 0.4000000060
15074  -37.512  -62.199  -10.027 0.4000000060
15813  -34.427  -60.829  -0.894 0.5000000000
15832  -36.276  -62.072  -2.401 0.5000000000
15833  -36.846  -62.326  -2.812 0.5000000000
15878  -39.541  -61.373  -4.230 0.6999999881
15931  -46.884  -61.016  -9.372 0.4000000060
15944  -41.462  -61.129  -9.468 0.5000000000
16729  -33.820  -60.482  -0.602 0.5000000000
16736  -34.993  -60.367  -1.195 0.5000000000
16744  -36.207  -60.162  -2.358 0.5000000000
16757  -36.824  -60.220  -2.827 0.5000000000
16759  -38.155  -60.779  -3.633 0.5000000000
16786  -41.629  -60.532  -4.808 0.6000000238
16809  -43.776  -60.167  -5.744 0.6000000238
16812  -49.985  -59.812  -5.930 0.3000000119
16864  -47.262  -59.449  -9.831 0.4000000060
16872  -45.105  -59.689  -11.885 0.4000000060
16874  -46.250  -59.177  -11.162 0.4000000060
16886  -41.645  -59.529  -12.082 0.4000000060
16909  -43.730  -58.863  -13.276 0.4000000060
16917  -41.525  -59.661  -14.519 0.3000000119
17618  -35.757  -59.424  -2.199 0.5000000000
17642  -39.625  -59.649  -4.377 0.6999999881
17643  -41.078  -59.926  -4.500 0.6000000238
17660  -43.512  -59.656  -5.359 0.6000000238
17663  -46.910  -59.344  -5.987 0.5000000000
17666  -50.226  -59.236  -5.722 0.3000000119
17675  -48.841  -59.839  -7.235 0.4000000060
17676  -49.507  -59.376  -6.581 0.4000000060
17709  -47.253  -59.263  -9.734 0.4000000060
17727  -45.728  -58.787  -11.312 0.4000000060
17735  -44.595  -58.705  -12.488 0.4000000060
17759  -43.520  -58.382  -13.242 0.4000000060
18492  -33.311  -58.500  -0.471 0.6000000238
18508  -35.404  -58.659  -1.928 0.5000000000
18536  -36.973  -58.697  -3.965 0.5000000000
18537  -49.608  -58.188  -4.253 0.3000000119
18551  -40.909  -58.982  -4.538 0.6000000238
18552  -41.569  -58.824  -4.611 0.6000000238
18570  -37.775  -58.110  -5.198 0.6000000238
18572  -39.362  -58.277  -5.261 0.6000000238
18574  -41.802  -58.292  -4.777 0.6000000238
18577  -46.104  -59.005  -5.644 0.6000000238
18579  -48.126  -58.676  -6.058 0.5000000000
18640  -42.668  -58.332  -13.459 0.4000000060
18647  -41.791  -58.131  -14.046 0.3000000119
18648  -42.781  -58.321  -13.460 0.4000000060
19411  -32.878  -56.909  -0.401 0.4000000060
19430  -34.406  -57.731  -1.225 0.5000000000
19431  -35.139  -57.767  -1.746 0.5000000000
19463  -37.478  -57.684  -5.227 0.6000000238
19475  -40.525  -57.559  -5.558 0.5000000000
19479  -45.219  -57.740  -5.511 0.6999999881
19500  -39.072  -57.274  -6.507 0.6999999881
19504  -50.322  -56.865  -6.109 0.4000000060
20351  -32.590  -56.136  -0.328 0.4000000060
20428  -37.914  -56.652  -6.755 0.6999999881
20436  -45.650  -56.586  -6.313 0.6999999881
20439  -50.073  -56.484  -6.478 0.5000000000
21319  -32.263  -55.460  -0.279 0.4000000060
21349  -36.192  -55.208  -2.983 0.6000000238
21376  -37.317  -55.651  -5.244 0.6999999881
21388  -37.549  -55.304  -5.993 0.6999999881
21393  -50.257  -56.193  -6.177 0.3000000119
21405  -44.931  -55.644  -7.320 0.6999999881
21409  -50.011  -55.171  -7.829 0.3000000119
21410  -50.103  -55.693  -6.895 0.3000000119
21420  -39.210  -55.834  -7.923 0.6999999881
22263  -35.942  -54.773  -2.702 0.6000000238
22277  -36.610  -54.562  -3.880 0.6999999881
22287  -36.918  -54.597  -4.506 0.6999999881
22319  -49.805  -54.835  -8.608 0.5000000000
22340  -38.791  -54.036  -9.492 0.5000000000
22350  -47.232  -53.151  -11.143 0.6000000238
23152  -33.110  -53.404  -0.285 0.6000000238
23190  -35.972  -52.969  -2.950 0.6000000238
23249  -48.057  -53.881  -10.131 0.4000000060
23253  -37.909  -52.982  -9.885 0.5000000000
23264  -39.396  -52.703  -10.807 0.5000000000
23265  -40.184  -52.742  -10.935 0.5000000000
23270  -46.872  -52.821  -11.316 0.6000000238
23271  -47.231  -52.932  -11.229 0.6000000238
24082  -32.844  -52.641  -0.163 0.6000000238
24137  -36.706  -52.333  -5.491 0.5000000000
24148  -37.444  -52.952  -6.738 0.5000000000
24174  -46.728  -52.565  -11.070 0.5000000000
24176  -37.944  -52.056  -10.573 0.4000000060
24179  -40.959  -52.159  -11.058 0.5000000000
24182  -44.641  -51.766  -11.569 0.5000000000
24184  -47.029  -52.818  -11.243 0.6000000238
25027  -34.573  -51.326  -1.808 0.5000000000
25109  -44.299  -50.848  -11.247 0.5000000000
25110  -44.782  -50.986  -11.213 0.5000000000
25985  -30.766  -50.752  0.344 0.4000000060
26028  -35.000  -50.229  -3.170 0.5000000000
26077  -43.445  -50.043  -9.838 0.3000000119
26081  -36.245  -50.294  -10.037 0.4000000060
26083  -38.647  -50.436  -9.493 0.4000000060
26090  -36.447  -50.069  -10.329 0.4000000060
26091  -37.009  -50.773  -10.461 0.4000000060
26095  -41.809  -50.624  -10.493 0.3000000119
26096  -42.934  -50.288  -10.729 0.4000000060
26931  -31.589  -49.580  0.385 0.3000000119
26945  -33.605  -49.893  -0.935 0.5000000000
26960  -34.085  -49.895  -1.613 0.5000000000
27032  -35.295  -49.189  -9.305 0.4000000060
27036  -41.363  -49.138  -8.360 0.3000000119
27037  -42.195  -48.512  -8.470 0.3000000119
27046  -35.747  -49.086  -10.145 0.4000000060
27890  -31.448  -48.618  0.374 0.3000000119
27902  -32.048  -48.056  0.131 0.3000000119
27976  -39.871  -48.576  -6.242 0.3000000119
27986  -41.898  -47.973  -7.494 0.3000000119
27997  -35.420  -48.670  -9.827 0.4000000060
27999  -36.686  -49.189  -9.971 0.4000000060
28000  -35.406  -48.247  -9.758 0.5000000000
28934  -35.632  -47.991  -9.832 0.4000000060
29807  -33.946  -46.820  -3.092 0.4000000060
29810  -38.919  -46.509  -3.392 0.4000000060
29811  -40.151  -46.218  -3.435 0.4000000060
29854  -34.323  -46.716  -7.780 0.4000000060
29858  -34.397  -46.648  -8.774 0.4000000060
30689  -33.025  -44.938  -0.848 0.3000000119
30724  -40.754  -45.782  -2.525 0.4000000060
30739  -40.918  -46.131  -3.390 0.4000000060
31534  -32.570  -44.652  -0.278 0.3000000119
34041  -33.334  -41.667  -1.823 0.3000000119
34920  -33.416  -41.058  -3.278 0.4000000060
125556  -33.132  -57.752  -0.450 0.6000000238
125794  -49.492  -54.705  -8.986 0.5000000000
126249  -49.145  -59.859  -6.995 0.4000000060
127187  -36.689  -57.202  -3.989 0.6000000238
129449  -36.284  -63.681  -4.012 0.4000000060
129815  -43.163  -58.957  -5.049 0.6000000238
132566  -33.270  -51.308  -0.414 0.6000000238
133352  -36.099  -61.122  -2.096 0.5000000000
133841  -31.149  -51.252  0.334 0.5000000000
134723  -50.311  -57.682  -5.951 0.4000000060
135203  -41.552  -58.153  -14.310 0.3000000119
135466  -37.272  -57.253  -5.155 0.6000000238
135802  -44.678  -58.240  -5.343 0.6000000238
136818  -35.204  -49.659  -4.667 0.4000000060
138138  -34.439  -45.709  -9.306 0.5000000000
138153  -40.406  -59.492  -4.454 0.6000000238
139494  -36.061  -49.441  -10.289 0.4000000060
139578  -40.569  -45.821  -2.998 0.4000000060
139809  -37.228  -60.673  -2.971 0.5000000000
141593  -43.572  -57.508  -5.452 0.6000000238
142463  -44.958  -60.348  -7.215 0.4000000060
142651  -42.440  -60.502  -5.206 0.6000000238
142686  -43.148  -52.863  -10.922 0.6999999881
142706  -40.297  -62.873  -5.937 0.5000000000
142852  -34.739  -48.008  -6.982 0.4000000060
142885  -33.284  -54.174  -0.381 0.5000000000
142973  -40.835  -55.085  -8.310 0.8000000119
143037  -37.085  -55.189  -4.679 0.6999999881
143206  -34.550  -59.241  -0.999 0.4000000060
143674  -31.991  -56.062  -0.311 0.4000000060
144257  -33.248  -45.082  -1.379 0.4000000060
144947  -44.215  -51.256  -9.697 0.5000000000
146080  -37.392  -53.285  -6.230 0.5000000000
146387  -41.615  -59.967  -4.632 0.6000000238
