#!ascii label  , from subject sub-v1s22x0050482_ses-1 vox2ras=TkReg
928
12438  36.431  -66.193  -3.246 0.3000000119
21464  35.365  -55.999  -4.568 0.6000000238
130737  33.007  -53.333  -2.551 0.6999999881
23970  32.807  -53.154  -2.994 0.6999999881
13245  37.035  -65.750  -3.819 0.4000000060
114528  37.764  -60.437  -3.024 0.4000000060
13239  36.083  -65.570  -2.106 0.5000000000
12432  35.642  -66.077  -1.578 0.5000000000
20625  35.244  -56.846  -3.832 0.6999999881
22248  34.877  -54.740  -3.763 0.6999999881
21453  34.220  -55.529  -2.765 0.5000000000
23096  33.130  -54.131  -1.463 0.6000000238
23955  33.332  -53.740  -2.421 0.6000000238
23956  32.799  -53.374  -1.740 0.6999999881
24843  32.228  -52.572  -2.674 0.6999999881
115277  36.927  -64.730  -2.791 0.5000000000
17762  37.282  -60.849  -2.415 0.4000000060
13229  36.428  -64.936  -2.152 0.6000000238
18788  36.738  -59.545  -2.905 0.4000000060
19782  36.126  -58.802  -3.193 0.5000000000
14080  36.220  -64.362  -1.657 0.6000000238
19796  36.283  -58.288  -4.196 0.6000000238
20611  35.457  -57.870  -3.395 0.6000000238
13230  35.885  -65.176  -1.568 0.6000000238
20612  34.749  -57.175  -2.976 0.6000000238
22249  34.206  -54.594  -3.027 0.6000000238
23095  33.660  -54.389  -2.203 0.6000000238
23938  32.536  -53.411  0.329 0.6999999881
23949  32.457  -53.163  -0.670 0.6999999881
24820  32.013  -52.419  -0.703 0.6999999881
25689  31.759  -51.890  -2.216 0.6999999881
25672  31.600  -51.247  0.728 0.6999999881
25671  31.708  -51.727  -0.138 0.6999999881
118193  31.483  -50.732  -0.012 0.6999999881
14087  37.681  -64.097  -3.227 0.5000000000
119130  38.431  -62.212  -3.164 0.5000000000
15884  38.721  -61.524  -3.523 0.5000000000
117732  37.385  -63.474  -2.591 0.5000000000
18789  35.780  -59.462  -2.381 0.5000000000
125387  34.757  -58.020  -2.579 0.6000000238
14071  35.323  -64.099  -0.560 0.6000000238
14984  35.853  -63.720  -1.196 0.5000000000
14973  35.445  -63.053  -0.614 0.5000000000
20613  34.147  -56.619  -2.473 0.6999999881
22240  33.730  -55.204  -1.985 0.6000000238
23087  32.952  -54.502  -0.452 0.6000000238
23086  33.334  -54.906  -1.205 0.6000000238
128592  32.758  -53.838  -0.899 0.6000000238
24797  32.379  -52.854  1.041 0.6000000238
25659  31.881  -52.082  0.842 0.6999999881
25681  31.464  -50.971  -0.887 0.6999999881
25650  31.790  -51.375  2.211 0.6000000238
26560  31.529  -50.375  0.735 0.6999999881
117877  31.428  -49.985  0.105 0.6999999881
124633  31.744  -51.582  1.421 0.6999999881
17753  36.546  -60.762  -1.954 0.4000000060
16789  37.396  -61.368  -2.371 0.4000000060
18780  35.576  -60.013  -1.839 0.5000000000
19777  34.318  -58.581  -1.954 0.6000000238
122164  36.730  -62.547  -1.818 0.4000000060
126262  34.143  -57.616  -2.197 0.6000000238
117060  36.114  -62.801  -1.331 0.4000000060
16778  36.010  -61.342  -1.369 0.4000000060
15863  35.762  -62.147  -1.006 0.4000000060
16768  35.449  -61.589  -0.786 0.4000000060
20607  33.564  -57.127  -1.658 0.6999999881
21446  33.620  -56.173  -1.806 0.6000000238
22233  33.082  -55.336  -0.347 0.6000000238
23076  32.798  -54.248  0.513 0.6000000238
120638  32.922  -54.961  0.253 0.6000000238
23922  32.537  -53.057  1.941 0.6000000238
27412  31.396  -49.428  -0.150 0.6999999881
27407  31.614  -49.423  0.627 0.6999999881
25660  31.603  -50.864  1.491 0.6000000238
26549  31.668  -50.011  1.502 0.6000000238
16777  36.761  -61.368  -1.916 0.4000000060
17754  35.816  -60.602  -1.574 0.4000000060
119326  33.600  -58.039  -1.533 0.6999999881
17742  35.344  -60.977  -0.960 0.4000000060
20601  33.101  -57.550  -0.968 0.8000000119
15864  35.200  -62.187  -0.402 0.5000000000
21438  33.150  -56.688  -0.881 0.6999999881
21439  33.017  -56.116  -0.197 0.6000000238
122069  32.715  -54.271  1.354 0.5000000000
119826  31.181  -49.166  -0.735 0.6999999881
109077  32.105  -51.910  2.841 0.6000000238
111458  32.056  -52.245  1.849 0.6000000238
115497  31.485  -48.681  0.014 0.8000000119
116253  32.031  -51.004  3.127 0.6000000238
25651  31.775  -50.537  2.310 0.6000000238
18770  34.323  -59.915  -1.188 0.5000000000
123705  34.153  -59.253  -1.489 0.6000000238
17743  34.598  -60.620  -0.710 0.5000000000
16758  33.518  -61.210  0.627 0.6999999881
17732  34.056  -60.887  -0.060 0.4000000060
23065  32.552  -54.668  2.037 0.6000000238
22220  32.886  -55.603  0.403 0.6000000238
109198  32.609  -53.840  2.069 0.6000000238
29279  31.456  -47.919  0.034 0.6000000238
24790  32.349  -52.594  2.624 0.6000000238
124818  32.067  -48.453  1.668 0.6999999881
28323  31.861  -48.440  0.827 0.6999999881
26536  32.021  -50.207  2.972 0.6999999881
27384  32.299  -49.526  3.122 0.6999999881
27402  31.846  -49.148  1.542 0.6999999881
17744  33.761  -60.155  -0.513 0.5000000000
18771  33.632  -59.384  -0.976 0.6000000238
129122  33.719  -58.775  -1.395 0.6000000238
127378  32.340  -59.924  1.403 0.6999999881
17733  33.248  -60.410  0.265 0.6000000238
19771  32.645  -57.815  -0.223 0.6999999881
127460  32.383  -60.344  2.095 0.6999999881
16748  33.073  -61.605  1.394 0.6999999881
130766  32.913  -57.210  -0.515 0.6999999881
20602  32.797  -56.924  0.032 0.6999999881
22209  32.718  -55.772  1.098 0.6000000238
111989  30.834  -47.442  0.199 0.5000000000
24782  32.802  -53.106  3.881 0.6000000238
23060  32.539  -54.295  3.006 0.6000000238
119565  31.514  -47.319  0.580 0.6000000238
30293  31.229  -46.683  0.840 0.5000000000
25644  32.457  -51.681  3.582 0.6000000238
24783  32.492  -52.471  3.369 0.6000000238
28316  32.187  -47.803  1.402 0.6000000238
29278  31.948  -46.622  1.124 0.5000000000
31201  32.143  -45.596  1.440 0.5000000000
26520  32.992  -50.648  4.156 0.6999999881
26528  32.479  -50.260  3.626 0.6999999881
28297  32.775  -48.665  3.234 0.6999999881
28308  32.450  -48.106  2.321 0.6999999881
30277  33.015  -46.562  2.175 0.5000000000
119105  33.352  -48.934  3.857 0.6999999881
28307  33.132  -47.732  2.946 0.6000000238
18772  32.565  -58.690  -0.090 0.6000000238
17734  32.578  -59.848  0.655 0.6999999881
124049  32.425  -59.157  0.392 0.6000000238
119407  32.347  -60.018  2.944 0.6999999881
20593  32.455  -57.552  0.522 0.6999999881
21416  32.538  -56.357  1.508 0.6999999881
111968  32.522  -56.980  0.976 0.6999999881
118440  32.489  -55.047  2.743 0.6000000238
23050  32.812  -54.389  3.828 0.5000000000
32162  31.776  -44.896  1.403 0.4000000060
25639  32.945  -51.425  4.138 0.6000000238
24771  32.860  -52.248  4.048 0.6000000238
30287  32.520  -46.572  1.588 0.5000000000
117495  32.386  -46.032  1.513 0.5000000000
29264  33.421  -46.939  2.784 0.5000000000
31199  33.349  -45.346  2.223 0.4000000060
27376  33.471  -49.496  4.178 0.6000000238
113112  33.756  -48.178  3.721 0.6999999881
29252  33.822  -47.369  3.386 0.6000000238
30258  34.178  -46.712  3.255 0.5000000000
18733  32.080  -59.410  2.147 0.6000000238
19747  32.044  -58.535  1.638 0.6999999881
19760  32.277  -58.391  0.636 0.6999999881
18703  32.743  -58.974  3.921 0.6999999881
110445  32.236  -59.185  3.182 0.6999999881
117184  32.231  -57.739  1.299 0.6000000238
21406  32.426  -56.389  2.499 0.6000000238
23902  33.314  -53.902  4.305 0.6000000238
122316  32.704  -55.012  3.513 0.5000000000
23903  32.729  -53.803  3.659 0.6000000238
114147  33.551  -51.927  4.439 0.6000000238
32160  33.145  -44.665  1.862 0.4000000060
31200  32.669  -45.397  1.709 0.5000000000
32161  32.431  -44.735  1.550 0.4000000060
26519  33.669  -50.188  4.379 0.6000000238
28289  33.988  -48.930  4.224 0.6000000238
125359  34.869  -46.582  3.367 0.5000000000
19732  32.080  -58.508  2.580 0.6999999881
124566  32.104  -57.918  2.085 0.6000000238
19696  33.321  -58.397  4.264 0.6999999881
20551  32.651  -57.416  3.594 0.6000000238
121743  32.355  -57.033  2.949 0.6000000238
18702  33.460  -59.179  4.352 0.6999999881
21387  32.619  -56.488  3.421 0.5000000000
129652  33.985  -53.336  4.671 0.6000000238
23049  33.139  -54.901  4.155 0.6000000238
24770  33.431  -52.848  4.385 0.6000000238
25637  34.470  -51.448  4.526 0.5000000000
112952  34.247  -50.659  4.457 0.6000000238
27374  34.672  -49.235  4.288 0.6000000238
29251  34.731  -47.453  3.637 0.5000000000
123051  33.839  -57.190  4.542 0.6999999881
21367  33.198  -56.610  4.146 0.6999999881
22148  33.499  -55.611  4.402 0.6000000238
23027  33.752  -54.752  4.606 0.5000000000
24768  35.245  -52.829  4.619 0.6000000238
23891  34.667  -53.388  4.752 0.6000000238
25636  35.417  -51.368  4.278 0.6000000238
27382  35.345  -49.812  4.056 0.6000000238
112140  35.336  -48.138  3.771 0.5000000000
14946  33.903  -64.003  1.245 0.5000000000
14963  33.774  -63.159  1.090 0.5000000000
128370  33.418  -64.073  2.373 0.5000000000
14947  33.405  -63.575  1.974 0.5000000000
16733  32.825  -61.825  2.137 0.6999999881
15807  33.175  -62.592  3.524 0.6999999881
15841  33.188  -62.536  1.799 0.5000000000
14910  33.293  -63.309  3.392 0.5000000000
16749  32.656  -61.137  2.045 0.6999999881
15808  32.924  -61.897  3.299 0.6999999881
17710  32.543  -60.798  2.830 0.6999999881
11618  35.941  -67.005  -3.180 0.3000000119
113090  32.269  -52.580  -1.690 0.6999999881
25680  31.745  -51.806  -1.222 0.6999999881
26575  31.304  -50.328  -1.587 0.6999999881
16757  34.158  -61.572  0.221 0.6000000238
27392  32.166  -48.918  2.412 0.6999999881
28322  31.859  -47.640  0.736 0.6000000238
29265  32.680  -47.228  2.052 0.6999999881
29272  32.239  -47.153  1.273 0.6000000238
31208  31.553  -45.788  1.254 0.5000000000
30275  34.587  -45.976  3.074 0.5000000000
22175  32.508  -55.703  3.067 0.5000000000
19697  32.813  -58.136  3.906 0.6999999881
22174  32.922  -55.725  3.864 0.5000000000
26517  34.982  -50.640  4.330 0.6000000238
28295  35.386  -48.869  3.974 0.6000000238
24769  34.348  -52.546  4.672 0.6000000238
21366  33.992  -56.288  4.656 0.5000000000
118990  34.033  -62.337  4.660 0.6000000238
16731  39.275  -61.646  2.604 0.6000000238
16746  40.525  -61.180  1.833 0.4000000060
16702  36.081  -61.663  4.426 0.5000000000
117110  33.526  -61.512  4.327 0.6000000238
114688  35.734  -57.221  -4.583 0.5000000000
130799  40.932  -61.603  1.486 0.4000000060
21471  35.462  -56.373  -5.043 0.5000000000
16714  37.472  -61.767  3.610 0.5000000000
118727  41.691  -61.247  0.588 0.4000000060
22282  35.087  -55.105  -5.227 0.5000000000
16732  38.577  -61.350  2.938 0.6000000238
22263  35.277  -54.928  -4.449 0.5000000000
16703  35.183  -61.480  4.704 0.5000000000
16716  33.136  -61.796  3.831 0.6000000238
17741  42.659  -60.732  -1.472 0.4000000060
17752  43.011  -60.778  -2.570 0.4000000060
121959  39.069  -60.814  2.671 0.4000000060
112652  32.803  -56.614  -4.554 0.5000000000
17694  37.913  -60.985  3.359 0.5000000000
21473  34.253  -55.448  -5.291 0.5000000000
22264  32.947  -55.079  -4.489 0.5000000000
16704  34.315  -61.491  4.674 0.6000000238
17682  33.916  -60.696  4.586 0.6000000238
16717  32.804  -61.248  3.410 0.6000000238
23106  33.853  -53.938  -3.208 0.5000000000
112337  33.012  -53.783  -3.736 0.5000000000
22265  32.279  -55.046  -3.811 0.4000000060
111262  35.869  -60.661  4.443 0.5000000000
16715  36.943  -61.031  3.980 0.5000000000
119683  36.028  -59.817  4.417 0.6000000238
119358  34.372  -59.976  4.634 0.6000000238
17683  33.260  -60.552  4.243 0.6000000238
126158  34.038  -59.386  4.610 0.6000000238
117414  33.011  -59.807  4.153 0.6000000238
17721  41.473  -60.460  1.055 0.4000000060
17730  42.435  -60.258  -0.259 0.4000000060
23985  32.639  -53.354  -3.339 0.5000000000
23124  32.314  -54.207  -3.633 0.5000000000
22266  31.441  -54.875  -3.214 0.4000000060
22250  31.467  -55.957  -3.162 0.4000000060
114440  38.260  -60.134  3.275 0.6000000238
18717  37.303  -59.395  3.893 0.6000000238
18700  35.653  -59.191  4.479 0.6000000238
19694  35.124  -58.490  4.596 0.6000000238
18779  43.111  -60.101  -2.152 0.4000000060
23986  31.905  -53.116  -3.389 0.5000000000
23125  31.443  -53.862  -3.254 0.4000000060
22252  29.920  -55.411  -2.290 0.4000000060
17708  39.505  -60.165  2.494 0.6000000238
17707  40.222  -60.260  2.107 0.4000000060
18732  38.616  -59.421  3.129 0.6000000238
126929  38.531  -60.675  2.995 0.6000000238
17695  37.536  -60.175  3.696 0.5000000000
19713  37.123  -58.679  4.032 0.6000000238
19712  37.724  -58.820  3.672 0.5000000000
127308  43.387  -60.344  -2.934 0.4000000060
130065  42.215  -59.957  0.329 0.4000000060
24844  31.548  -51.991  -2.986 0.6000000238
23987  31.062  -53.070  -3.254 0.5000000000
23988  30.123  -53.028  -2.898 0.5000000000
23108  29.680  -54.589  -2.430 0.5000000000
122090  40.628  -59.488  1.810 0.4000000060
127525  41.233  -59.838  1.371 0.4000000060
115957  40.251  -58.849  2.185 0.5000000000
125772  39.146  -58.106  2.834 0.5000000000
19711  38.552  -58.035  3.244 0.5000000000
19692  37.105  -57.963  4.100 0.6000000238
20535  36.377  -57.511  4.416 0.6000000238
126072  34.490  -57.805  4.623 0.6000000238
19768  43.589  -58.294  -1.033 0.4000000060
18769  42.800  -59.761  -0.969 0.4000000060
19776  43.881  -58.759  -2.205 0.4000000060
19781  44.154  -59.275  -3.074 0.4000000060
25690  31.476  -51.128  -1.811 0.6000000238
19757  43.235  -57.926  -0.085 0.4000000060
18756  42.480  -59.422  0.185 0.4000000060
24855  30.752  -52.320  -3.319 0.6000000238
24856  29.853  -52.220  -3.073 0.5000000000
24845  29.205  -52.881  -2.679 0.4000000060
18746  41.318  -59.146  1.396 0.4000000060
19730  39.614  -58.629  2.543 0.5000000000
20550  37.835  -57.709  3.650 0.5000000000
20534  37.204  -57.125  4.104 0.6000000238
113438  35.714  -57.066  4.644 0.6000000238
112684  34.791  -56.928  4.782 0.6000000238
20606  44.208  -57.631  -1.569 0.4000000060
124271  31.276  -50.555  -2.286 0.6000000238
25705  31.048  -51.082  -3.219 0.6000000238
25706  30.474  -51.494  -3.338 0.5000000000
24846  28.353  -52.710  -2.463 0.5000000000
20592  42.728  -57.526  0.574 0.4000000060
19746  40.793  -58.598  1.818 0.4000000060
19729  40.270  -58.130  2.267 0.5000000000
20566  39.021  -57.423  2.860 0.5000000000
21364  36.363  -56.731  4.466 0.5000000000
19775  44.516  -58.401  -2.712 0.4000000060
27427  31.053  -49.824  -2.342 0.6000000238
26592  30.095  -50.206  -3.473 0.5000000000
25708  29.233  -51.075  -2.946 0.5000000000
20565  39.629  -57.734  2.549 0.5000000000
20549  38.442  -57.197  3.283 0.4000000060
21386  37.569  -56.447  3.796 0.4000000060
22145  36.296  -55.862  4.471 0.4000000060
130486  35.456  -55.689  4.782 0.6000000238
22147  34.235  -55.407  4.796 0.4000000060
21451  45.063  -56.392  -2.487 0.4000000060
20600  43.682  -57.360  -0.617 0.4000000060
27419  31.105  -49.540  -1.496 0.6000000238
21425  43.265  -57.014  0.095 0.4000000060
28329  31.047  -48.517  -0.602 0.5000000000
27428  30.542  -49.213  -2.732 0.5000000000
27436  29.681  -49.583  -3.301 0.5000000000
26594  28.874  -50.522  -2.856 0.4000000060
28347  29.923  -49.020  -3.104 0.4000000060
130710  40.183  -56.567  2.159 0.5000000000
115708  39.273  -56.070  2.572 0.5000000000
22195  38.752  -55.816  2.839 0.6000000238
22144  37.174  -55.807  4.027 0.4000000060
23048  36.723  -55.059  4.193 0.4000000060
23025  35.293  -54.426  4.803 0.4000000060
23047  37.889  -54.680  3.170 0.5000000000
123649  30.546  -48.375  -1.137 0.5000000000
28339  30.408  -48.672  -2.087 0.6000000238
125211  30.251  -47.816  -0.669 0.4000000060
23024  36.207  -54.156  4.377 0.5000000000
130270  34.823  -53.990  4.839 0.5000000000
23058  38.537  -55.006  2.681 0.5000000000
22173  38.183  -55.510  3.221 0.5000000000
115142  37.491  -55.221  3.635 0.5000000000
114769  37.138  -54.394  3.738 0.5000000000
21436  43.584  -56.541  -0.522 0.4000000060
118093  35.987  -50.044  3.577 0.5000000000
23890  35.369  -53.642  4.662 0.4000000060
23889  36.047  -53.156  4.323 0.5000000000
23900  37.547  -53.840  3.134 0.5000000000
23059  38.204  -54.183  2.530 0.5000000000
26525  36.360  -50.617  3.359 0.4000000060
25643  36.132  -51.346  3.772 0.4000000060
24767  35.888  -52.192  4.221 0.5000000000
24781  36.565  -52.672  3.678 0.5000000000
24780  37.199  -53.024  3.034 0.5000000000
117009  37.532  -52.544  2.350 0.5000000000
24789  36.960  -52.224  2.982 0.4000000060
23122  33.977  -54.040  -4.020 0.5000000000
24853  32.174  -52.777  -3.125 0.6000000238
23134  34.786  -54.394  -4.462 0.6000000238
28330  30.892  -47.983  -0.475 0.5000000000
22146  35.020  -55.176  4.999 0.4000000060
22276  33.773  -54.815  -4.857 0.5000000000
23135  34.170  -54.328  -4.612 0.5000000000
23123  33.257  -54.373  -4.261 0.5000000000
23107  30.579  -54.705  -2.725 0.4000000060
18731  39.233  -59.405  2.704 0.6000000238
23971  30.387  -53.840  -2.789 0.4000000060
19759  42.036  -58.866  0.985 0.4000000060
25697  31.336  -51.169  -2.658 0.6000000238
122683  31.153  -51.827  -3.326 0.6000000238
23109  28.789  -54.408  -2.212 0.5000000000
22253  29.048  -55.243  -2.021 0.5000000000
23973  28.563  -53.554  -2.374 0.5000000000
26591  30.651  -50.295  -3.268 0.5000000000
25698  28.961  -51.967  -2.781 0.5000000000
129792  29.695  -51.533  -3.142 0.5000000000
21385  38.267  -56.368  3.335 0.5000000000
119069  40.732  -56.757  1.830 0.5000000000
27420  30.863  -49.177  -2.065 0.6000000238
109902  35.823  -55.049  4.631 0.3000000119
25649  36.766  -51.353  3.032 0.4000000060
4637  32.786  -77.777  -3.127 0.3000000119
4638  31.766  -77.203  -2.833 0.3000000119
5956  30.487  -75.030  -2.439 0.3000000119
5267  30.555  -75.865  -2.578 0.3000000119
5254  30.552  -75.529  -1.833 0.3000000119
7339  30.695  -73.744  -2.768 0.3000000119
6634  30.671  -74.181  -2.270 0.3000000119
7299  31.823  -73.615  0.185 0.3000000119
5938  30.745  -74.925  -0.918 0.3000000119
7326  31.467  -73.316  -1.499 0.3000000119
7327  31.011  -73.466  -2.196 0.3000000119
6612  31.141  -74.330  -0.227 0.3000000119
7310  33.331  -72.713  -0.146 0.3000000119
7311  32.427  -73.084  -0.365 0.3000000119
7325  32.206  -72.932  -1.101 0.4000000060
126848  32.038  -72.738  -1.686 0.4000000060
113579  33.375  -72.076  -1.980 0.4000000060
128408  33.996  -71.755  -2.383 0.3000000119
7295  36.194  -72.953  0.361 0.3000000119
7954  35.520  -72.624  -0.182 0.4000000060
7968  34.904  -72.430  -0.778 0.4000000060
7985  33.639  -72.303  -1.378 0.4000000060
110940  36.930  -73.470  0.714 0.3000000119
8002  34.476  -72.040  -1.858 0.4000000060
7251  38.980  -73.811  1.480 0.4000000060
7277  38.400  -73.745  0.917 0.4000000060
8677  34.917  -71.779  -2.631 0.4000000060
8000  36.903  -72.422  -2.656 0.3000000119
7294  37.700  -73.635  0.084 0.4000000060
7309  36.574  -73.006  -0.396 0.3000000119
7967  35.978  -72.616  -0.941 0.4000000060
7276  39.202  -73.729  0.906 0.4000000060
7324  37.680  -72.907  -1.057 0.5000000000
7966  36.985  -72.966  -1.153 0.4000000060
13221  35.446  -65.437  -0.942 0.5000000000
7249  40.625  -73.592  2.525 0.4000000060
7983  36.426  -72.556  -1.760 0.4000000060
11619  35.531  -67.695  -2.574 0.3000000119
130853  35.248  -67.539  -1.065 0.4000000060
9358  37.093  -70.903  -2.246 0.3000000119
19798  36.781  -58.774  -4.821 0.4000000060
20630  36.256  -58.335  -5.302 0.4000000060
117501  34.349  -62.936  0.389 0.4000000060
14962  34.261  -63.625  0.627 0.4000000060
14974  34.784  -63.647  -0.004 0.4000000060
7293  38.537  -73.657  0.314 0.4000000060
7308  37.406  -73.316  -0.474 0.3000000119
7307  38.112  -73.426  -0.360 0.5000000000
14072  34.874  -64.634  -0.065 0.4000000060
120071  35.253  -64.882  -0.567 0.4000000060
7931  40.426  -73.349  2.064 0.4000000060
115147  35.395  -66.981  -1.241 0.4000000060
7982  37.382  -72.527  -1.974 0.4000000060
12424  34.887  -66.556  -0.058 0.5000000000
124586  37.696  -72.199  -2.350 0.5000000000
117301  35.091  -68.146  -0.924 0.4000000060
11616  35.336  -67.847  -1.692 0.4000000060
9357  37.685  -71.682  -2.374 0.3000000119
10126  35.298  -69.034  -1.700 0.4000000060
20634  35.759  -57.919  -5.501 0.4000000060
15853  33.729  -62.198  0.746 0.4000000060
8634  39.888  -72.906  1.384 0.4000000060
7306  38.705  -73.367  -0.085 0.4000000060
13222  35.000  -65.584  -0.186 0.5000000000
7944  39.425  -73.190  0.645 0.4000000060
7953  39.046  -73.228  0.098 0.4000000060
111784  34.605  -66.123  0.583 0.5000000000
8619  40.178  -72.523  2.263 0.4000000060
8620  39.153  -71.920  2.072 0.4000000060
8645  38.895  -72.618  0.269 0.4000000060
8646  38.199  -71.966  0.015 0.5000000000
8656  38.011  -72.017  -0.908 0.5000000000
13212  34.536  -65.224  0.590 0.4000000060
116131  34.350  -66.799  1.262 0.5000000000
8602  39.543  -71.640  2.859 0.4000000060
123390  37.218  -71.294  -0.197 0.5000000000
11613  34.755  -67.297  0.127 0.4000000060
127288  36.653  -70.742  -0.650 0.4000000060
9342  35.879  -70.154  -0.481 0.4000000060
126791  35.590  -69.707  -1.058 0.4000000060
10884  35.130  -68.957  -0.617 0.4000000060
14051  34.060  -64.845  1.327 0.4000000060
14039  33.439  -64.536  2.822 0.3000000119
8621  38.449  -71.652  1.697 0.4000000060
9321  37.581  -71.125  1.845 0.4000000060
13205  34.141  -65.836  1.503 0.4000000060
116569  29.334  -56.067  -1.919 0.4000000060
9289  39.180  -70.442  4.064 0.4000000060
8603  38.818  -71.289  2.760 0.4000000060
9333  37.407  -71.307  0.818 0.5000000000
119931  36.667  -70.752  0.656 0.5000000000
12405  33.972  -66.707  2.275 0.5000000000
11597  34.343  -67.546  1.832 0.4000000060
10073  38.229  -70.239  3.707 0.4000000060
9341  36.263  -70.482  0.112 0.4000000060
11604  34.595  -67.643  0.854 0.4000000060
10873  35.025  -69.082  0.263 0.4000000060
10865  34.642  -68.304  1.460 0.4000000060
118041  33.411  -63.942  3.592 0.4000000060
13206  33.729  -65.193  2.174 0.3000000119
9305  38.345  -70.813  3.032 0.4000000060
9306  37.560  -70.537  2.900 0.4000000060
12406  33.818  -65.913  2.412 0.3000000119
9307  36.768  -70.039  3.083 0.4000000060
9322  36.771  -70.359  2.349 0.4000000060
10099  36.025  -70.001  1.904 0.5000000000
10058  38.692  -69.648  4.479 0.4000000060
10059  37.805  -69.407  4.326 0.4000000060
10089  35.527  -69.396  2.285 0.4000000060
10851  34.937  -68.921  1.896 0.4000000060
10852  34.588  -68.205  2.332 0.4000000060
118568  33.532  -62.493  4.209 0.4000000060
10088  36.172  -69.754  2.701 0.4000000060
8720  32.844  -71.419  -6.384 0.3000000119
117356  32.924  -73.336  1.183 0.3000000119
122888  35.716  -72.961  1.218 0.3000000119
7278  37.404  -73.586  1.231 0.4000000060
7930  41.146  -73.274  2.777 0.4000000060
9303  40.823  -71.575  3.764 0.4000000060
9288  40.097  -70.656  4.283 0.4000000060
14022  33.551  -64.730  3.807 0.3000000119
10057  39.572  -69.822  4.648 0.4000000060
14007  33.711  -64.056  4.268 0.4000000060
13172  33.773  -65.405  3.942 0.4000000060
12380  33.959  -66.091  3.642 0.4000000060
10822  38.348  -68.832  4.911 0.4000000060
10060  36.941  -69.085  4.234 0.4000000060
10824  36.149  -68.589  4.180 0.4000000060
10840  35.561  -68.681  3.467 0.4000000060
127518  34.726  -67.509  4.001 0.3000000119
11587  34.230  -67.488  2.761 0.4000000060
10823  37.484  -68.611  4.779 0.4000000060
12423  35.283  -66.304  -0.739 0.4000000060
14885  33.927  -63.295  4.597 0.4000000060
5275  31.421  -76.704  -3.579 0.3000000119
5253  30.707  -76.271  -1.876 0.3000000119
5967  30.467  -75.286  -3.286 0.3000000119
8040  32.058  -71.963  -6.718 0.3000000119
8721  32.380  -71.712  -5.740 0.3000000119
5946  30.665  -74.684  -1.647 0.3000000119
6626  31.037  -74.056  -1.090 0.4000000060
7986  32.765  -72.501  -1.547 0.4000000060
7296  35.006  -72.625  0.647 0.3000000119
7969  33.917  -72.418  -0.756 0.4000000060
7984  35.308  -72.353  -1.465 0.4000000060
7279  36.320  -73.327  1.682 0.3000000119
7224  40.361  -73.708  2.904 0.4000000060
8655  38.506  -72.706  -0.425 0.4000000060
122353  37.928  -71.990  -1.766 0.5000000000
9349  36.465  -70.470  -1.309 0.3000000119
7981  38.021  -72.350  -1.108 0.5000000000
116066  40.491  -72.122  3.050 0.4000000060
10100  35.408  -69.504  1.497 0.4000000060
10842  34.747  -68.051  3.307 0.4000000060
118099  37.792  -63.172  3.599 0.4000000060
15806  37.231  -62.537  3.885 0.4000000060
14927  38.954  -63.229  2.885 0.4000000060
16747  40.038  -61.878  2.228 0.3000000119
15805  37.925  -62.406  3.399 0.5000000000
15788  36.334  -62.630  4.452 0.4000000060
15789  35.397  -62.294  4.771 0.4000000060
14924  44.007  -63.879  2.809 0.3000000119
14925  43.623  -64.389  1.791 0.3000000119
15859  43.584  -62.647  -2.035 0.3000000119
15871  42.845  -63.051  -2.145 0.3000000119
16776  42.870  -62.126  -2.301 0.3000000119
16755  42.312  -61.291  -0.385 0.3000000119
14943  43.345  -64.261  0.911 0.3000000119
15849  43.782  -62.647  0.116 0.3000000119
119423  43.760  -62.767  -1.117 0.3000000119
14906  44.745  -63.899  3.682 0.3000000119
15821  44.254  -62.729  2.597 0.3000000119
16786  43.304  -61.887  -2.529 0.3000000119
17759  43.475  -60.792  -3.139 0.3000000119
15837  43.775  -62.526  1.456 0.3000000119
17740  44.411  -61.032  -0.795 0.3000000119
16775  44.101  -61.787  -2.475 0.3000000119
17720  44.613  -60.775  1.621 0.3000000119
16744  43.971  -61.609  1.002 0.3000000119
18766  45.390  -59.511  -1.299 0.3000000119
18745  44.724  -60.223  1.071 0.3000000119
18754  45.050  -59.407  -0.182 0.3000000119
15820  45.345  -62.139  3.324 0.3000000119
17751  45.050  -60.678  -2.442 0.3000000119
17767  44.966  -60.294  -3.485 0.3000000119
18785  44.716  -59.222  -3.400 0.3000000119
119648  46.372  -59.716  2.193 0.3000000119
18767  44.917  -60.282  -1.327 0.3000000119
18783  46.052  -59.411  -3.298 0.3000000119
19756  45.758  -58.724  0.716 0.3000000119
19767  45.427  -58.848  -0.439 0.3000000119
130193  45.760  -59.580  -2.076 0.3000000119
20598  46.419  -57.875  -1.081 0.3000000119
19793  45.201  -58.253  -3.299 0.3000000119
18795  45.430  -59.770  -3.430 0.3000000119
123448  45.910  -58.350  -3.705 0.3000000119
20609  45.594  -57.227  -3.322 0.3000000119
21444  44.516  -56.634  -1.642 0.3000000119
22245  45.460  -56.401  -3.302 0.3000000119
22237  44.484  -55.792  -1.919 0.3000000119
15840  40.213  -62.827  1.926 0.3000000119
122832  38.359  -62.956  3.243 0.4000000060
16766  42.556  -61.749  -1.581 0.3000000119
18797  44.365  -60.241  -3.519 0.3000000119
14907  38.412  -63.698  3.292 0.5000000000
14942  43.678  -63.531  1.709 0.3000000119
16765  44.114  -61.927  -1.543 0.3000000119
15870  43.117  -63.264  -2.155 0.3000000119
16767  42.285  -62.387  -1.032 0.3000000119
16756  41.910  -62.200  0.011 0.3000000119
119671  44.043  -61.803  -0.320 0.3000000119
16729  44.615  -61.574  2.356 0.3000000119
16796  44.155  -61.102  -3.326 0.3000000119
18755  44.644  -60.167  0.036 0.3000000119
19766  45.890  -58.207  -0.138 0.3000000119
18777  45.509  -60.072  -2.436 0.3000000119
19742  47.116  -58.724  1.656 0.3000000119
113422  46.405  -58.741  -2.221 0.3000000119
12379  34.439  -66.741  4.180 0.3000000119
114775  35.143  -67.289  4.616 0.4000000060
123468  38.176  -66.117  4.893 0.4000000060
12366  37.369  -66.440  5.156 0.4000000060
112405  34.674  -66.169  4.688 0.3000000119
13169  38.911  -65.207  3.670 0.4000000060
13168  39.595  -65.365  3.314 0.3000000119
114922  35.360  -66.038  5.047 0.4000000060
13157  37.787  -65.534  4.604 0.4000000060
14020  39.287  -64.836  3.036 0.3000000119
14004  36.206  -64.653  4.868 0.3000000119
14003  37.032  -65.078  4.632 0.4000000060
14021  38.516  -64.554  3.500 0.4000000060
14883  36.139  -63.686  4.740 0.3000000119
14882  37.050  -64.264  4.383 0.4000000060
14038  39.074  -64.110  2.873 0.4000000060
13146  35.254  -65.003  5.144 0.3000000119
14884  35.152  -63.638  5.048 0.3000000119
14866  34.509  -63.661  4.911 0.3000000119
14006  34.179  -64.156  4.722 0.3000000119
13170  37.815  -64.748  4.158 0.4000000060
12367  36.349  -66.354  5.158 0.4000000060
7226  38.526  -73.582  2.427 0.3000000119
112876  36.084  -67.787  4.845 0.3000000119
8604  36.348  -72.287  3.594 0.3000000119
7914  35.830  -72.688  3.202 0.3000000119
7227  37.531  -73.359  2.521 0.3000000119
7225  39.487  -73.694  2.725 0.3000000119
11547  36.652  -67.146  5.274 0.3000000119
116673  36.739  -68.411  4.663 0.3000000119
8584  37.973  -71.998  4.601 0.3000000119
7911  38.590  -73.275  3.390 0.3000000119
7897  38.609  -72.777  4.176 0.3000000119
7210  40.640  -73.536  3.672 0.3000000119
7910  41.461  -73.145  3.375 0.3000000119
124510  37.446  -67.287  5.287 0.3000000119
9267  38.430  -70.952  5.675 0.3000000119
7882  39.332  -72.303  5.073 0.3000000119
122432  39.041  -71.569  5.523 0.3000000119
7211  39.561  -73.388  3.741 0.3000000119
121651  39.225  -72.783  4.472 0.3000000119
7222  41.315  -73.374  3.616 0.3000000119
8568  39.750  -71.867  5.672 0.3000000119
8567  40.596  -72.319  5.842 0.3000000119
7895  41.457  -73.126  4.336 0.3000000119
7881  41.126  -72.938  5.040 0.3000000119
8601  41.399  -72.669  3.284 0.3000000119
9287  41.092  -70.854  4.417 0.3000000119
10056  40.459  -69.925  4.788 0.3000000119
8554  40.146  -71.482  6.392 0.3000000119
8582  41.789  -72.576  3.966 0.3000000119
7879  42.165  -72.438  4.702 0.3000000119
8583  41.777  -71.874  4.002 0.3000000119
12356  38.134  -66.905  5.246 0.3000000119
8552  41.942  -72.183  6.755 0.3000000119
8541  41.482  -71.645  7.396 0.3000000119
7870  41.529  -72.542  5.836 0.3000000119
7880  41.813  -72.750  4.878 0.3000000119
8581  42.346  -71.877  4.510 0.3000000119
113842  41.303  -70.035  4.785 0.3000000119
10821  39.231  -69.060  5.057 0.3000000119
11546  38.873  -67.345  5.261 0.3000000119
12365  38.908  -66.334  4.824 0.3000000119
10825  35.336  -68.014  4.117 0.3000000119
121340  42.856  -71.921  6.310 0.3000000119
10801  39.900  -68.595  5.235 0.3000000119
7899  37.109  -72.624  3.560 0.3000000119
7912  37.694  -73.126  3.149 0.3000000119
5266  31.013  -76.528  -2.674 0.3000000119
6644  30.476  -74.416  -3.045 0.3000000119
7223  40.994  -73.649  3.064 0.4000000060
7248  41.207  -73.483  3.009 0.3000000119
7250  40.073  -73.918  2.121 0.4000000060
7252  37.955  -73.583  1.765 0.4000000060
7274  40.063  -73.844  1.699 0.4000000060
7275  39.626  -73.764  1.144 0.4000000060
7292  39.222  -73.610  0.588 0.4000000060
7298  32.687  -73.193  0.464 0.3000000119
7312  31.640  -73.507  -0.660 0.4000000060
7869  42.373  -72.358  5.794 0.3000000119
7883  38.718  -72.325  4.706 0.3000000119
7894  41.714  -72.944  4.053 0.3000000119
7896  40.067  -73.076  4.513 0.3000000119
7898  37.812  -72.656  3.870 0.3000000119
7913  36.722  -73.015  2.977 0.3000000119
7943  39.713  -73.500  1.109 0.4000000060
7955  34.378  -72.486  -0.057 0.3000000119
7965  38.124  -72.862  -0.741 0.5000000000
7970  33.032  -72.649  -0.900 0.4000000060
7999  37.533  -72.204  -2.735 0.5000000000
8001  35.727  -72.199  -2.253 0.4000000060
8553  41.037  -72.003  6.638 0.3000000119
8555  39.280  -71.120  6.076 0.3000000119
8569  38.553  -71.733  5.130 0.3000000119
8635  39.028  -72.376  1.155 0.4000000060
8636  38.283  -71.832  0.969 0.4000000060
8666  37.789  -72.236  -1.772 0.4000000060
9304  39.806  -71.224  3.608 0.4000000060
9320  38.276  -71.223  2.406 0.4000000060
9334  36.705  -70.597  1.448 0.4000000060
9348  37.403  -71.363  -1.412 0.3000000119
10036  40.001  -69.274  5.099 0.3000000119
10074  37.265  -69.798  3.651 0.4000000060
10075  36.358  -69.339  3.493 0.4000000060
10076  35.715  -69.236  2.953 0.4000000060
10106  35.948  -70.103  0.973 0.5000000000
10107  35.566  -69.824  0.242 0.4000000060
10802  38.994  -68.250  5.266 0.4000000060
10803  38.039  -67.890  5.280 0.4000000060
10841  35.145  -68.772  2.706 0.4000000060
10864  34.912  -69.004  1.099 0.4000000060
10874  34.758  -68.448  0.721 0.4000000060
10885  34.817  -68.146  -0.034 0.4000000060
10900  35.438  -68.589  -2.636 0.4000000060
11548  35.718  -66.908  5.116 0.4000000060
11565  37.071  -67.863  5.135 0.3000000119
11576  34.379  -67.335  3.528 0.3000000119
11612  35.069  -67.270  -0.558 0.4000000060
12368  35.011  -66.653  4.848 0.3000000119
12391  34.019  -66.810  3.260 0.4000000060
12392  33.804  -66.235  2.955 0.3000000119
12416  34.612  -66.875  0.530 0.5000000000
12439  36.015  -66.205  -2.498 0.5000000000
13155  39.283  -65.679  4.108 0.3000000119
13156  38.588  -65.607  4.375 0.4000000060
13158  36.187  -65.507  5.015 0.4000000060
13159  34.595  -65.469  4.832 0.3000000119
13160  33.978  -64.913  4.451 0.3000000119
13171  34.210  -65.800  4.295 0.4000000060
13188  33.626  -65.479  3.125 0.3000000119
13238  36.590  -65.471  -2.846 0.5000000000
13995  34.814  -64.247  5.075 0.3000000119
14005  35.487  -64.262  5.061 0.3000000119
14034  43.745  -64.980  2.295 0.3000000119
14052  33.595  -64.395  1.951 0.5000000000
14062  34.423  -64.336  0.586 0.5000000000
14081  35.627  -64.619  -1.090 0.6000000238
14088  36.828  -64.165  -2.345 0.6000000238
14886  33.478  -63.289  4.030 0.4000000060
14908  37.771  -63.993  3.778 0.4000000060
14909  37.087  -63.369  4.183 0.4000000060
14928  33.305  -63.739  2.835 0.5000000000
14983  36.654  -63.396  -1.863 0.4000000060
14993  37.503  -62.624  -2.447 0.5000000000
15804  38.667  -62.270  2.972 0.6000000238
15822  39.471  -62.587  2.499 0.3000000119
15823  32.911  -62.250  2.747 0.6999999881
15838  43.547  -63.474  0.530 0.3000000119
15852  34.548  -62.179  0.090 0.5000000000
15861  42.432  -63.268  -1.661 0.3000000119
15862  41.894  -63.196  -0.844 0.3000000119
15869  43.562  -62.094  -2.414 0.3000000119
15872  37.065  -61.936  -2.098 0.4000000060
15873  36.420  -62.004  -1.522 0.4000000060
15882  43.134  -62.567  -2.342 0.3000000119
15885  37.893  -61.762  -2.672 0.4000000060
16705  32.976  -60.996  3.930 0.6000000238
16713  38.110  -61.749  3.247 0.6000000238
16730  39.802  -60.988  2.356 0.4000000060
16734  32.722  -61.527  2.772 0.6999999881
16769  34.796  -61.420  -0.354 0.4000000060
16784  44.058  -61.502  -2.984 0.3000000119
16785  43.697  -61.355  -3.051 0.3000000119
16788  38.105  -60.994  -3.051 0.4000000060
17684  32.663  -60.528  3.502 0.6999999881
17696  36.750  -60.049  4.190 0.5000000000
17709  38.862  -60.101  2.856 0.6000000238
17719  45.413  -60.138  1.912 0.3000000119
17722  40.876  -60.387  1.593 0.4000000060
17723  32.769  -60.665  1.161 0.6999999881
17729  44.283  -60.890  0.436 0.3000000119
17731  42.006  -60.479  0.395 0.4000000060
17750  45.223  -60.463  -3.077 0.3000000119
17755  35.073  -60.312  -1.372 0.4000000060
17758  44.629  -61.039  -3.069 0.3000000119
17760  43.175  -61.343  -2.675 0.3000000119
17761  38.350  -60.428  -3.736 0.4000000060
17763  36.252  -60.134  -2.187 0.5000000000
17768  44.398  -60.654  -3.419 0.3000000119
17769  43.959  -60.720  -3.431 0.3000000119
18699  36.547  -59.247  4.258 0.6000000238
18701  34.741  -59.259  4.609 0.6000000238
18716  37.976  -59.452  3.507 0.6000000238
18718  32.598  -59.815  3.654 0.6999999881
18730  39.913  -59.456  2.327 0.5000000000
18744  45.330  -59.535  1.145 0.3000000119
18747  32.165  -59.233  1.116 0.6999999881
18757  41.813  -59.721  0.832 0.4000000060
18758  32.945  -59.493  -0.213 0.5000000000
18768  43.359  -59.258  -1.592 0.4000000060
18776  46.082  -59.525  -2.694 0.3000000119
18778  43.632  -59.701  -2.874 0.4000000060
18781  34.899  -59.488  -1.820 0.6000000238
18784  45.612  -60.000  -3.215 0.3000000119
18786  44.222  -59.811  -3.495 0.3000000119
18796  44.955  -59.742  -3.588 0.3000000119
19693  36.236  -58.400  4.384 0.6000000238
19695  34.111  -58.624  4.574 0.6999999881
19714  32.409  -58.317  3.395 0.6999999881
19731  38.918  -58.722  2.970 0.5000000000
19743  46.355  -59.203  1.660 0.3000000119
19745  41.488  -58.324  1.454 0.4000000060
19758  42.650  -58.450  0.419 0.4000000060
19769  43.050  -58.872  -0.464 0.4000000060
19770  33.108  -58.532  -0.817 0.6000000238
19774  45.843  -58.877  -1.437 0.3000000119
19780  46.636  -58.936  -3.069 0.3000000119
19783  35.206  -58.714  -2.512 0.5000000000
19792  45.848  -59.097  -3.552 0.3000000119
19799  36.240  -57.984  -4.917 0.4000000060
20536  35.469  -57.709  4.599 0.6000000238
20537  33.215  -57.601  4.178 0.6999999881
20564  40.237  -57.284  2.247 0.5000000000
20567  32.238  -57.717  2.829 0.6000000238
20581  32.345  -57.155  2.019 0.6000000238
20591  46.674  -57.703  0.261 0.3000000119
20599  44.066  -56.830  -1.003 0.3000000119
20610  44.886  -57.324  -2.420 0.4000000060
20631  35.813  -57.457  -5.171 0.4000000060
21363  36.945  -56.396  4.219 0.5000000000
21365  35.545  -56.378  4.723 0.4000000060
21404  39.567  -56.806  2.500 0.5000000000
21405  38.877  -56.629  2.876 0.4000000060
21428  32.761  -56.293  0.605 0.6999999881
21445  43.982  -56.142  -1.147 0.4000000060
21452  34.864  -55.954  -3.538 0.6000000238
21472  35.349  -55.275  -4.973 0.5000000000
21474  33.260  -55.691  -4.805 0.5000000000
22196  32.484  -55.567  1.994 0.6000000238
22232  33.304  -55.755  -1.047 0.6000000238
22251  30.722  -55.594  -2.620 0.4000000060
22274  35.192  -54.659  -4.791 0.5000000000
22275  34.681  -54.628  -4.996 0.5000000000
23026  34.556  -54.620  4.864 0.4000000060
23121  34.626  -54.246  -3.906 0.6000000238
23892  34.192  -53.988  4.720 0.6000000238
23901  36.796  -53.528  3.741 0.5000000000
23912  32.515  -53.313  2.980 0.6000000238
23969  33.326  -53.515  -2.976 0.6999999881
23972  29.446  -53.738  -2.561 0.4000000060
23984  33.293  -53.695  -3.373 0.6000000238
24812  32.133  -52.643  0.127 0.6999999881
24854  31.485  -52.487  -3.256 0.6000000238
25638  33.612  -51.047  4.404 0.6000000238
25707  29.934  -50.871  -3.355 0.5000000000
26518  34.507  -50.006  4.370 0.6000000238
26526  35.721  -50.627  3.913 0.5000000000
26527  33.027  -49.995  4.115 0.6000000238
26548  31.922  -49.721  2.338 0.6999999881
26585  31.051  -50.426  -2.884 0.6000000238
26593  29.488  -50.291  -3.280 0.5000000000
27375  34.055  -49.547  4.379 0.6000000238
27383  32.850  -49.467  3.740 0.6999999881
27434  30.780  -49.833  -2.973 0.6000000238
27435  30.293  -49.633  -3.278 0.5000000000
28296  34.666  -48.428  4.062 0.6000000238
28338  30.873  -48.905  -1.388 0.5000000000
29250  35.714  -47.615  3.433 0.5000000000
30257  35.509  -46.838  3.300 0.5000000000
30286  32.883  -46.002  1.939 0.5000000000
108972  35.603  -66.955  -2.091 0.4000000060
109208  38.777  -54.544  2.129 0.5000000000
109211  44.624  -61.202  -2.001 0.3000000119
110516  28.148  -52.034  -2.514 0.5000000000
110962  32.777  -55.019  1.084 0.6000000238
111094  32.649  -53.610  1.188 0.6000000238
111954  37.078  -60.246  -2.594 0.4000000060
112348  42.778  -61.345  -2.228 0.3000000119
112975  34.678  -62.116  4.816 0.6000000238
113573  35.107  -52.057  4.571 0.5000000000
114060  36.965  -65.775  4.911 0.4000000060
116296  31.302  -50.023  -0.681 0.6999999881
116764  37.890  -56.983  3.623 0.5000000000
116796  34.799  -60.699  4.646 0.6000000238
116834  36.795  -61.924  4.054 0.5000000000
117055  41.185  -61.150  1.325 0.4000000060
117064  38.319  -58.793  3.368 0.5000000000
117619  34.866  -62.801  -0.123 0.4000000060
118036  34.491  -64.757  4.901 0.3000000119
118912  40.657  -62.070  1.641 0.3000000119
118954  39.690  -73.861  1.465 0.4000000060
119180  35.237  -59.930  4.554 0.6000000238
119895  37.003  -73.417  0.038 0.3000000119
119971  32.659  -52.979  -2.381 0.6999999881
120442  35.529  -63.023  4.850 0.4000000060
120610  33.140  -63.008  2.729 0.5000000000
121200  33.640  -59.928  4.474 0.6000000238
121318  42.576  -62.598  -1.894 0.3000000119
121352  32.542  -51.006  3.771 0.6999999881
121506  38.640  -63.711  -4.088 0.5000000000
122035  36.471  -51.959  3.565 0.4000000060
122494  43.806  -60.274  -3.395 0.4000000060
122617  37.856  -73.705  0.550 0.4000000060
123028  35.330  -69.506  0.816 0.4000000060
123073  30.460  -50.762  -3.355 0.5000000000
123160  38.961  -70.920  3.347 0.4000000060
123173  40.971  -73.344  4.361 0.3000000119
123940  40.992  -72.908  2.559 0.4000000060
125610  35.392  -69.530  -0.315 0.4000000060
125674  32.712  -53.851  -0.224 0.6000000238
126446  34.802  -55.977  4.889 0.6000000238
126476  45.356  -59.033  -3.531 0.3000000119
126769  32.840  -60.345  3.947 0.6000000238
126801  30.621  -75.258  -1.373 0.3000000119
126817  34.416  -72.288  -1.246 0.4000000060
127026  40.231  -72.612  5.184 0.3000000119
127076  38.013  -58.324  3.547 0.5000000000
127318  37.779  -55.891  3.583 0.4000000060
127542  30.911  -73.890  -1.708 0.3000000119
127596  33.762  -57.914  4.463 0.6000000238
127712  34.687  -62.916  4.919 0.4000000060
128044  37.571  -58.296  3.784 0.6000000238
129280  31.699  -48.131  0.356 0.6000000238
129679  35.069  -54.476  -4.363 0.6999999881
129722  39.396  -73.829  2.151 0.4000000060
130141  38.353  -65.116  4.041 0.4000000060
130197  40.623  -73.025  4.781 0.3000000119
130730  32.293  -53.618  -3.482 0.5000000000
131418  30.142  -48.807  -2.711 0.4000000060
