#!ascii label  , from subject sub-v1s22x0050443_ses-1 vox2ras=TkReg
747
20907  18.977  -60.336  13.121 0.6000000238
24463  11.212  -56.063  10.685 0.6999999881
23587  12.101  -56.506  9.536 0.6999999881
22612  15.580  -59.077  12.462 0.8999999762
21780  15.999  -59.879  12.529 0.8000000119
21779  16.917  -59.904  12.748 0.8000000119
21765  18.711  -59.902  13.430 0.6000000238
21764  19.511  -59.617  13.436 0.6999999881
149433  20.979  -59.570  12.072 0.6999999881
24440  12.258  -56.436  11.929 0.6999999881
23534  11.684  -57.151  12.362 0.6999999881
25432  12.092  -55.741  9.741 0.6999999881
24495  13.430  -56.005  9.433 0.6000000238
23586  12.994  -56.521  9.610 0.6999999881
23571  13.335  -57.167  10.041 0.6999999881
23552  14.560  -57.671  11.470 0.8000000119
23551  15.464  -57.282  11.568 0.8000000119
23531  15.865  -58.173  12.460 0.8000000119
22610  17.285  -59.217  13.165 0.8000000119
22597  18.111  -59.588  13.388 0.6000000238
22595  19.659  -58.684  13.554 0.6000000238
22608  20.691  -58.790  13.243 0.6999999881
21796  21.103  -59.430  10.978 0.6999999881
23533  12.549  -57.143  12.723 0.5000000000
23516  12.020  -57.769  13.056 0.6000000238
24461  12.741  -55.674  11.334 0.4000000060
139522  12.419  -55.333  10.447 0.6000000238
25410  12.601  -55.243  9.915 0.5000000000
24494  14.417  -55.982  9.352 0.6000000238
23570  14.208  -57.026  10.218 0.8000000119
23569  14.950  -56.937  10.529 0.6999999881
23550  16.273  -56.754  11.233 0.6999999881
23549  16.871  -57.014  12.108 0.6999999881
23512  19.039  -58.182  13.499 0.5000000000
22594  20.428  -58.330  13.412 0.6000000238
22593  21.074  -58.171  13.208 0.6000000238
21775  21.153  -58.851  12.789 0.6000000238
144897  21.460  -58.580  10.423 0.5000000000
23497  14.042  -58.035  13.926 0.5000000000
22598  13.371  -58.171  13.707 0.6000000238
21749  12.648  -59.227  14.196 0.6000000238
23532  13.205  -57.154  13.052 0.5000000000
25430  13.734  -55.472  9.484 0.5000000000
24493  15.721  -55.696  9.294 0.6000000238
24477  16.327  -55.821  9.207 0.6000000238
24458  17.194  -56.245  10.606 0.6000000238
24437  17.735  -56.661  11.978 0.5000000000
23527  19.228  -57.147  13.146 0.5000000000
23511  19.947  -57.790  13.502 0.6000000238
23510  20.822  -57.446  13.373 0.6000000238
144937  21.508  -58.017  12.610 0.5000000000
23567  22.075  -57.230  11.471 0.5000000000
23584  22.291  -57.287  9.495 0.5000000000
23568  21.785  -57.867  9.882 0.5000000000
22579  13.527  -58.793  14.222 0.5000000000
20891  13.365  -59.692  14.646 0.5000000000
24439  13.201  -56.436  12.377 0.5000000000
25376  13.575  -55.473  11.669 0.4000000060
25375  14.420  -55.233  12.075 0.3000000119
25392  13.999  -54.709  11.029 0.4000000060
26363  14.529  -54.708  9.947 0.3000000119
26327  14.856  -54.612  11.505 0.3000000119
26382  15.249  -54.976  9.516 0.5000000000
24492  16.793  -55.283  8.676 0.5000000000
151800  17.455  -55.137  8.269 0.5000000000
24457  18.128  -55.790  10.653 0.5000000000
24436  18.555  -56.366  12.151 0.5000000000
24435  19.387  -56.012  12.593 0.6000000238
24416  20.905  -56.564  13.303 0.6000000238
23526  21.431  -57.412  13.079 0.5000000000
24456  22.296  -56.676  11.998 0.5000000000
149720  22.181  -57.284  10.490 0.5000000000
157506  14.903  -59.147  14.953 0.5000000000
23496  14.893  -57.782  14.233 0.5000000000
24401  15.080  -56.953  13.854 0.5000000000
24418  15.289  -56.212  13.587 0.4000000060
24438  14.088  -56.068  12.617 0.5000000000
25354  14.838  -55.749  12.959 0.4000000060
26326  15.699  -54.447  11.943 0.3000000119
154699  16.202  -54.413  9.807 0.3000000119
25426  18.072  -54.413  7.754 0.4000000060
25391  17.896  -55.517  9.039 0.5000000000
25373  18.963  -55.314  11.003 0.4000000060
24415  21.308  -56.810  13.182 0.5000000000
25369  22.240  -55.630  12.646 0.5000000000
144600  22.105  -56.401  12.567 0.5000000000
24491  22.782  -56.678  9.112 0.5000000000
25424  23.250  -56.004  9.809 0.4000000060
145940  22.527  -56.643  11.212 0.5000000000
22564  15.657  -59.288  15.455 0.5000000000
22577  15.256  -58.549  14.798 0.5000000000
162180  15.482  -57.313  14.294 0.5000000000
24400  15.851  -56.676  14.168 0.4000000060
25335  15.900  -55.960  13.784 0.4000000060
26305  15.898  -54.849  12.925 0.3000000119
26342  16.761  -54.305  10.953 0.3000000119
26362  17.431  -53.947  8.728 0.4000000060
25425  18.672  -53.866  7.854 0.4000000060
25407  19.256  -53.984  8.262 0.4000000060
25408  18.442  -54.572  8.009 0.4000000060
25390  18.774  -54.890  9.141 0.4000000060
25372  19.808  -54.714  11.776 0.5000000000
25371  20.677  -54.840  12.509 0.5000000000
24434  20.317  -55.794  12.966 0.6000000238
25368  22.805  -55.211  12.419 0.4000000060
25388  22.744  -55.991  12.040 0.5000000000
22563  16.459  -58.962  15.833 0.4000000060
24383  16.757  -57.048  14.804 0.4000000060
22562  16.493  -57.982  15.225 0.4000000060
25334  16.663  -56.059  14.256 0.4000000060
25352  16.230  -55.362  13.634 0.4000000060
26325  16.473  -54.301  12.520 0.4000000060
26324  17.672  -54.049  11.919 0.4000000060
26361  18.803  -53.497  8.052 0.4000000060
26360  19.216  -53.219  8.294 0.4000000060
25389  19.540  -54.116  9.603 0.5000000000
159811  20.307  -54.123  11.683 0.5000000000
26322  21.229  -54.217  12.426 0.6000000238
136708  22.216  -54.623  12.708 0.5000000000
27259  22.607  -53.814  12.563 0.4000000060
26321  23.065  -54.509  12.410 0.4000000060
22545  17.148  -58.347  16.042 0.4000000060
160925  17.328  -56.996  15.286 0.4000000060
23479  17.248  -57.525  15.584 0.4000000060
25333  17.529  -55.656  14.631 0.4000000060
26304  16.532  -54.627  13.396 0.4000000060
26341  18.068  -53.590  9.891 0.4000000060
26340  19.489  -52.741  8.802 0.4000000060
26359  19.725  -53.504  8.868 0.4000000060
26339  20.155  -53.635  10.117 0.5000000000
27261  20.646  -53.212  11.504 0.4000000060
23464  17.542  -57.640  16.401 0.4000000060
24382  17.734  -56.874  15.851 0.4000000060
25316  18.059  -56.063  15.450 0.4000000060
26283  17.567  -54.723  14.312 0.4000000060
153841  17.107  -54.464  13.740 0.4000000060
27244  18.267  -53.349  13.345 0.4000000060
27245  17.642  -53.692  13.087 0.5000000000
27277  18.808  -52.985  10.413 0.3000000119
27276  19.215  -52.173  9.540 0.3000000119
27288  19.621  -52.741  8.848 0.4000000060
149200  20.106  -52.312  9.916 0.4000000060
28164  21.437  -52.379  11.896 0.4000000060
27260  21.660  -53.600  12.422 0.5000000000
22530  17.316  -58.316  16.861 0.4000000060
25332  18.242  -55.209  15.029 0.4000000060
26282  18.295  -54.306  14.643 0.4000000060
27225  18.409  -53.438  14.261 0.3000000119
28140  18.848  -52.824  13.716 0.3000000119
27262  18.967  -52.798  12.159 0.3000000119
152422  18.987  -52.613  10.758 0.3000000119
28173  19.293  -52.190  10.014 0.3000000119
29136  20.869  -51.970  10.576 0.4000000060
29135  21.980  -51.769  12.044 0.4000000060
24364  18.327  -56.337  16.336 0.3000000119
25315  18.739  -55.538  15.996 0.3000000119
26266  18.895  -54.680  15.437 0.3000000119
27206  18.987  -53.867  15.001 0.3000000119
27224  19.188  -53.137  14.645 0.3000000119
28153  19.950  -51.850  13.547 0.3000000119
28154  19.367  -52.338  12.921 0.4000000060
29120  19.797  -51.494  12.336 0.4000000060
159219  19.253  -52.370  11.448 0.3000000119
29137  19.252  -51.787  10.176 0.3000000119
29145  20.102  -51.883  9.720 0.3000000119
30060  20.225  -51.363  9.866 0.4000000060
30059  21.514  -50.696  11.170 0.4000000060
31038  21.945  -49.862  11.384 0.4000000060
30046  19.710  -51.090  11.280 0.4000000060
31021  19.633  -50.481  10.206 0.3000000119
31055  19.849  -49.620  9.550 0.4000000060
32013  20.654  -49.213  9.928 0.4000000060
31039  20.723  -50.168  10.068 0.4000000060
31998  21.697  -49.205  11.047 0.4000000060
31041  18.855  -49.427  9.859 0.5000000000
31056  19.234  -49.256  9.292 0.4000000060
32014  19.753  -48.957  9.361 0.4000000060
32936  20.637  -48.065  10.010 0.3000000119
20908  18.257  -60.171  13.103 0.6999999881
22619  15.197  -58.148  12.163 0.8000000119
22609  18.036  -58.599  13.396 0.6000000238
23530  16.741  -58.147  12.765 0.6999999881
161697  17.356  -58.449  13.102 0.6999999881
21787  21.457  -58.615  11.688 0.6000000238
25393  13.121  -54.896  10.421 0.4000000060
26345  13.858  -54.719  10.179 0.4000000060
24478  15.021  -56.360  9.538 0.6999999881
24459  16.509  -56.314  10.020 0.6999999881
23528  18.357  -57.458  12.921 0.6999999881
24420  13.810  -56.793  13.169 0.5000000000
150013  17.056  -55.801  9.271 0.5000000000
26381  16.687  -54.714  8.882 0.4000000060
25351  21.081  -55.850  13.098 0.5000000000
27275  19.115  -52.427  10.445 0.4000000060
24349  18.402  -56.390  17.167 0.4000000060
29138  19.269  -51.871  10.334 0.3000000119
30061  19.730  -51.655  9.649 0.3000000119
31040  19.794  -50.269  9.962 0.3000000119
32917  21.520  -48.502  10.716 0.3000000119
20070  14.395  -60.758  7.249 0.6000000238
18243  14.904  -61.849  5.871 0.6000000238
18198  17.502  -63.540  11.535 0.6000000238
18197  18.103  -63.099  11.951 0.6000000238
138609  14.437  -62.276  6.654 0.5000000000
19136  14.350  -61.743  7.555 0.6000000238
138488  14.786  -62.066  11.275 0.6999999881
20058  14.728  -61.095  8.488 0.6999999881
18259  14.927  -62.395  5.744 0.6000000238
20069  14.609  -60.245  6.834 0.6000000238
19135  15.704  -61.276  6.221 0.6000000238
19134  16.795  -61.550  7.299 0.6000000238
19103  17.370  -62.820  9.882 0.6000000238
19086  17.744  -62.868  11.013 0.6000000238
19102  18.389  -62.540  10.810 0.6000000238
18196  19.614  -62.820  11.878 0.6999999881
19104  14.048  -63.157  10.487 0.6000000238
20033  13.679  -62.053  12.136 0.6999999881
18244  14.514  -63.139  8.436 0.5000000000
19087  14.147  -62.632  11.435 0.6999999881
20045  14.613  -62.247  10.094 0.6999999881
20044  15.195  -61.511  10.236 0.6999999881
20057  14.777  -60.277  7.278 0.6999999881
20080  15.231  -60.384  6.318 0.5000000000
135278  17.834  -62.497  10.100 0.6000000238
150495  18.469  -62.404  10.040 0.6000000238
19101  19.045  -62.547  10.473 0.6999999881
19118  18.874  -62.336  9.285 0.6999999881
18195  20.283  -63.317  11.399 0.6999999881
18211  20.321  -63.365  10.470 0.6999999881
15626  26.508  -66.898  11.375 0.4000000060
15667  23.386  -66.368  8.915 0.5000000000
16511  21.912  -65.424  9.125 0.6000000238
17377  21.429  -64.805  9.555 0.6000000238
17365  20.948  -64.071  9.991 0.6999999881
20046  11.110  -62.145  10.977 0.5000000000
20035  11.739  -61.523  11.691 0.5000000000
20940  12.423  -60.780  12.063 0.6000000238
19106  12.793  -63.165  11.010 0.5000000000
20019  13.234  -61.357  12.276 0.6999999881
20034  12.726  -61.900  12.038 0.5000000000
19105  13.548  -63.136  11.115 0.6000000238
20018  13.960  -61.278  12.366 0.6999999881
20032  14.429  -61.844  12.021 0.6999999881
20031  15.098  -61.349  11.643 0.6999999881
20965  15.579  -59.774  7.308 0.6999999881
20056  17.546  -61.588  8.054 0.6000000238
19133  18.128  -61.623  7.979 0.6000000238
149534  19.837  -62.753  8.752 0.6999999881
18241  20.580  -63.485  8.713 0.6999999881
17378  21.064  -64.092  9.120 0.6000000238
22632  9.005  -58.204  9.942 0.5000000000
20955  9.047  -60.335  10.550 0.4000000060
21791  10.563  -59.957  11.113 0.5000000000
21800  9.598  -59.545  10.560 0.5000000000
20941  11.358  -60.448  11.564 0.5000000000
22630  11.112  -58.276  10.170 0.6000000238
21798  11.472  -59.204  10.918 0.6000000238
22621  13.322  -58.811  11.725 0.6999999881
21790  12.060  -59.779  11.577 0.6000000238
21789  13.585  -59.791  12.253 0.6999999881
20016  15.081  -60.939  12.132 0.6999999881
142677  15.338  -60.664  8.634 0.6999999881
20975  16.109  -59.402  6.629 0.6999999881
20068  16.087  -60.288  6.199 0.6999999881
20067  17.309  -60.634  6.373 0.6999999881
20078  17.898  -60.221  6.412 0.6999999881
19158  18.550  -61.191  6.630 0.8000000119
18257  19.700  -62.474  7.626 0.6999999881
16525  22.112  -65.511  8.248 0.5000000000
17405  21.085  -64.014  7.296 0.6000000238
18256  20.442  -63.233  7.743 0.6000000238
146347  8.026  -58.261  10.553 0.4000000060
22644  9.848  -57.605  9.792 0.6000000238
22631  10.153  -58.367  10.001 0.6000000238
22643  10.729  -57.534  9.784 0.6000000238
22629  11.992  -58.168  10.424 0.6000000238
22628  12.837  -57.990  10.748 0.6000000238
21788  14.185  -59.359  12.240 0.6999999881
21781  14.276  -60.390  12.392 0.6999999881
20939  15.554  -60.762  11.984 0.6999999881
20953  15.796  -61.005  10.580 0.6999999881
20938  16.903  -60.472  11.736 0.8000000119
20952  16.554  -60.608  10.540 0.8000000119
20963  17.411  -59.543  8.022 0.6000000238
136185  17.665  -59.573  6.476 0.6000000238
20077  18.718  -60.727  6.677 0.8000000119
19146  18.990  -61.978  6.912 0.6999999881
17403  22.988  -65.134  6.663 0.5000000000
161388  21.800  -64.556  6.792 0.6000000238
19156  20.375  -62.456  6.374 0.6999999881
17434  22.560  -64.453  6.016 0.6000000238
23556  8.516  -57.208  10.974 0.5000000000
22616  8.665  -58.294  11.949 0.4000000060
21783  8.395  -59.153  12.279 0.4000000060
24482  9.399  -56.782  10.399 0.5000000000
145323  8.449  -57.473  10.297 0.5000000000
23589  10.363  -57.025  9.728 0.6000000238
23588  11.217  -56.779  9.635 0.6000000238
23572  12.456  -57.256  9.867 0.6000000238
23553  13.686  -57.793  11.090 0.6999999881
151360  15.568  -60.313  12.336 0.8000000119
20925  16.327  -60.306  12.241 0.8000000119
20937  17.786  -60.539  11.826 0.6000000238
20950  18.235  -59.965  8.879 0.6000000238
154280  18.050  -59.651  6.749 0.6999999881
20988  18.674  -60.342  6.812 0.6999999881
20998  20.750  -61.179  6.763 0.6999999881
159606  21.172  -63.717  6.547 0.6000000238
20096  20.976  -62.117  5.702 0.6000000238
21007  21.740  -61.047  5.800 0.6000000238
17422  21.552  -63.687  5.857 0.6000000238
20095  21.510  -61.853  5.277 0.6000000238
23535  10.679  -57.192  11.926 0.5000000000
22615  9.448  -58.158  12.286 0.5000000000
21782  9.208  -58.923  12.651 0.5000000000
21769  9.000  -59.710  12.987 0.5000000000
24442  10.525  -56.480  11.137 0.5000000000
23554  9.905  -56.860  11.356 0.5000000000
24480  11.239  -56.141  10.035 0.6000000238
20924  17.507  -60.273  12.581 0.6999999881
20923  18.415  -60.475  12.565 0.6000000238
150007  18.567  -60.391  10.357 0.6000000238
20949  19.379  -60.456  9.799 0.6000000238
20972  20.456  -60.516  8.277 0.6999999881
20961  19.977  -60.562  8.972 0.6000000238
20986  21.005  -60.529  7.587 0.6000000238
20088  20.973  -61.630  6.014 0.6999999881
141724  22.455  -63.837  5.303 0.5000000000
158230  22.069  -61.169  5.220 0.4000000060
23517  11.206  -57.878  12.748 0.5000000000
21766  11.317  -59.058  13.666 0.5000000000
21751  11.050  -59.796  13.997 0.5000000000
20894  10.739  -60.789  14.223 0.5000000000
19994  10.827  -61.768  14.606 0.5000000000
161561  10.390  -62.763  14.459 0.5000000000
20921  20.264  -60.190  12.262 0.6000000238
21797  20.688  -59.981  10.386 0.6000000238
21810  20.718  -60.042  9.276 0.4000000060
21826  21.680  -59.821  7.592 0.5000000000
140803  21.962  -59.421  6.817 0.4000000060
21842  22.294  -60.141  5.567 0.4000000060
134233  21.925  -60.235  6.312 0.5000000000
22581  12.062  -58.830  13.790 0.6000000238
21750  11.836  -59.504  14.190 0.5000000000
20893  11.660  -60.347  14.489 0.5000000000
19993  11.568  -61.297  14.745 0.5000000000
19979  11.534  -62.144  15.137 0.5000000000
18138  10.813  -63.012  14.996 0.5000000000
146609  11.157  -63.663  15.042 0.4000000060
17278  11.451  -65.263  15.706 0.5000000000
16407  11.141  -66.051  15.660 0.4000000060
15584  11.015  -66.370  15.104 0.4000000060
147100  11.130  -66.476  14.232 0.4000000060
21809  21.147  -59.361  9.906 0.4000000060
22655  21.661  -59.088  8.096 0.4000000060
21843  22.166  -59.087  6.153 0.4000000060
20892  12.508  -60.020  14.587 0.5000000000
20879  12.440  -60.934  14.860 0.4000000060
19978  12.299  -61.752  15.281 0.4000000060
19031  12.398  -62.593  15.775 0.5000000000
18121  12.534  -63.666  17.017 0.4000000060
18122  11.846  -64.247  16.646 0.5000000000
17250  11.404  -64.574  17.310 0.4000000060
17251  10.813  -64.642  17.660 0.5000000000
17264  11.281  -64.975  16.562 0.5000000000
158026  9.637  -64.951  17.428 0.3000000119
15557  9.890  -66.049  16.286 0.3000000119
16409  8.547  -65.847  15.715 0.3000000119
22642  21.530  -58.530  9.408 0.4000000060
20878  13.299  -60.580  14.993 0.5000000000
19977  13.210  -61.508  15.464 0.5000000000
19030  13.374  -62.319  16.126 0.4000000060
21737  14.922  -59.818  15.379 0.4000000060
19975  14.560  -61.292  16.075 0.4000000060
19964  14.465  -61.717  16.601 0.4000000060
19930  13.953  -61.874  18.288 0.4000000060
20876  15.621  -60.075  16.198 0.4000000060
20860  15.022  -61.028  16.608 0.4000000060
148984  14.647  -61.632  17.267 0.4000000060
21720  16.000  -59.922  16.980 0.4000000060
19929  14.553  -61.440  18.056 0.4000000060
149061  13.337  -61.445  18.538 0.4000000060
145992  12.473  -61.367  18.669 0.4000000060
20824  15.344  -60.427  17.843 0.4000000060
158572  16.062  -59.496  15.975 0.3000000119
151333  14.401  -60.108  18.507 0.4000000060
20827  12.938  -60.606  18.691 0.4000000060
20828  11.966  -60.498  18.751 0.4000000060
22546  16.845  -58.917  16.618 0.4000000060
20829  10.992  -60.427  18.533 0.4000000060
142633  10.606  -59.722  18.398 0.4000000060
23450  17.072  -58.088  17.715 0.3000000119
159427  15.727  -58.828  18.379 0.4000000060
22512  15.221  -59.032  18.505 0.4000000060
21691  13.471  -59.753  18.726 0.4000000060
147521  12.425  -59.785  18.763 0.4000000060
158575  12.081  -59.317  18.694 0.4000000060
22514  12.985  -58.057  18.526 0.3000000119
20922  19.360  -60.515  12.290 0.6000000238
139675  10.584  -56.356  10.552 0.5000000000
20935  20.603  -60.075  11.358 0.6000000238
150672  21.675  -58.499  8.567 0.4000000060
18213  17.229  -63.401  10.572 0.6000000238
18227  19.674  -62.822  9.972 0.6999999881
19132  18.923  -62.153  7.804 0.6999999881
154036  24.237  -66.655  9.149 0.5000000000
16524  23.334  -66.173  7.996 0.5000000000
16510  22.462  -65.902  9.522 0.5000000000
150208  22.564  -65.875  8.755 0.4000000060
17390  21.484  -64.878  8.641 0.6000000238
20954  9.883  -60.603  11.015 0.5000000000
138854  16.180  -60.316  8.886 0.6999999881
137633  20.652  -63.208  6.761 0.6000000238
22622  12.395  -58.919  11.251 0.6000000238
20974  17.223  -59.317  6.693 0.6999999881
20989  18.010  -59.994  6.476 0.8000000119
19145  20.011  -62.484  6.906 0.6999999881
145315  8.103  -57.885  10.900 0.4000000060
20951  17.759  -60.144  9.717 0.6000000238
162039  17.817  -59.508  7.447 0.6000000238
20987  19.893  -61.047  7.310 0.6999999881
20076  19.915  -61.419  6.888 0.6999999881
17433  23.510  -64.441  5.445 0.5000000000
16550  24.052  -65.457  6.456 0.5000000000
20089  20.207  -61.895  6.442 0.6999999881
18271  20.882  -63.101  6.058 0.6000000238
160613  18.012  -60.473  10.940 0.6999999881
20962  18.848  -60.220  8.309 0.6999999881
143166  21.547  -60.431  6.957 0.6000000238
18282  21.615  -63.170  5.102 0.6000000238
20101  22.120  -61.710  4.714 0.6000000238
22601  10.005  -58.736  12.935 0.5000000000
21768  9.737  -59.454  13.236 0.5000000000
157700  9.527  -60.109  13.408 0.4000000060
20948  20.172  -60.357  10.719 0.6000000238
21819  21.228  -59.995  8.363 0.6000000238
16445  12.081  -65.637  14.148 0.3000000119
136672  21.331  -59.289  8.970 0.5000000000
22674  22.092  -58.367  6.610 0.4000000060
19016  12.207  -63.506  16.204 0.5000000000
16395  10.448  -65.648  16.644 0.4000000060
15585  10.347  -66.494  14.594 0.4000000060
21707  15.769  -59.923  17.715 0.4000000060
21690  15.165  -59.855  18.317 0.4000000060
11138  29.464  -72.529  6.585 0.3000000119
11864  29.913  -71.637  6.615 0.3000000119
12553  26.509  -70.786  8.786 0.4000000060
156263  27.629  -69.392  6.212 0.4000000060
13359  26.569  -69.484  5.311 0.4000000060
14118  26.903  -68.828  4.695 0.4000000060
13293  25.944  -70.083  11.045 0.4000000060
12516  25.580  -70.718  10.768 0.4000000060
13273  25.063  -69.858  12.254 0.4000000060
13999  24.246  -68.016  13.183 0.5000000000
14000  23.871  -68.628  13.381 0.5000000000
14771  22.951  -67.125  14.105 0.5000000000
13317  27.678  -69.554  8.477 0.4000000060
12552  26.997  -70.304  8.191 0.5000000000
146244  25.525  -71.162  10.161 0.5000000000
14754  22.156  -67.106  14.479 0.5000000000
13335  27.987  -69.319  7.564 0.5000000000
13336  27.388  -69.899  7.552 0.5000000000
13346  28.160  -69.194  6.725 0.5000000000
13358  27.318  -69.218  5.528 0.4000000060
14132  28.216  -68.040  4.473 0.4000000060
159612  27.415  -67.558  3.324 0.4000000060
14910  27.486  -67.360  2.612 0.4000000060
14184  28.156  -68.336  1.606 0.3000000119
13405  29.002  -69.516  1.946 0.4000000060
14055  26.916  -68.902  10.936 0.4000000060
14038  25.760  -68.649  11.817 0.4000000060
14783  24.633  -67.897  12.623 0.4000000060
13291  27.337  -69.271  10.289 0.4000000060
13292  26.642  -69.717  10.618 0.4000000060
13271  26.256  -69.239  11.289 0.4000000060
13253  25.176  -69.167  12.388 0.4000000060
14784  24.151  -67.328  13.051 0.5000000000
14770  23.679  -67.652  13.581 0.5000000000
14072  28.183  -68.830  9.099 0.4000000060
13303  27.583  -69.456  9.499 0.4000000060
156693  26.603  -70.586  9.511 0.4000000060
15594  23.498  -66.778  13.445 0.5000000000
15595  22.751  -66.265  13.827 0.5000000000
16422  22.048  -65.729  14.171 0.5000000000
16443  21.673  -65.094  13.607 0.6000000238
17312  21.010  -64.469  13.227 0.6000000238
16423  21.242  -65.242  14.484 0.6000000238
147413  20.841  -63.995  10.850 0.6000000238
17346  20.846  -63.999  11.668 0.6000000238
17313  20.398  -64.157  13.630 0.5000000000
14891  27.940  -67.472  3.528 0.4000000060
19072  18.871  -62.692  12.117 0.5000000000
14938  28.504  -67.802  1.913 0.4000000060
14183  29.110  -68.623  1.669 0.4000000060
13417  29.379  -69.209  1.770 0.4000000060
15628  24.166  -66.788  11.458 0.4000000060
139542  23.406  -66.324  11.933 0.5000000000
16473  22.565  -65.753  11.727 0.5000000000
16442  22.375  -65.686  13.508 0.5000000000
16474  21.714  -65.241  11.076 0.5000000000
159664  21.503  -64.841  12.637 0.6000000238
17364  21.317  -64.729  10.431 0.6000000238
17345  21.358  -64.669  11.813 0.6000000238
10453  29.948  -73.239  6.392 0.3000000119
11863  30.887  -71.609  6.734 0.3000000119
14114  31.869  -68.736  5.225 0.3000000119
14036  27.456  -67.662  10.992 0.4000000060
14799  26.705  -67.584  11.393 0.4000000060
140133  25.950  -67.454  11.581 0.4000000060
14801  25.142  -67.661  11.946 0.4000000060
158744  24.239  -66.673  10.697 0.4000000060
16494  22.444  -65.860  10.498 0.5000000000
15629  23.428  -66.368  10.855 0.4000000060
16495  21.796  -65.402  10.034 0.5000000000
18181  20.271  -63.410  12.376 0.6000000238
18168  19.247  -63.387  13.325 0.5000000000
15627  24.840  -67.153  11.523 0.4000000060
13272  25.609  -69.606  11.762 0.4000000060
145685  21.652  -65.886  14.613 0.5000000000
13373  30.798  -69.384  3.668 0.3000000119
143064  26.097  -67.982  11.650 0.4000000060
15609  23.833  -66.696  12.586 0.5000000000
15610  23.060  -66.013  12.916 0.5000000000
148889  21.834  -65.205  11.987 0.6000000238
28172  19.679  -51.914  10.889 0.3000000119
11137  30.367  -72.423  6.609 0.3000000119
12493  25.195  -70.455  11.557 0.4000000060
12515  26.250  -70.600  10.239 0.4000000060
12537  27.101  -70.160  9.082 0.4000000060
12538  26.985  -70.034  9.904 0.4000000060
12539  26.053  -71.130  9.474 0.5000000000
12583  31.452  -70.754  6.703 0.3000000119
13347  27.583  -69.630  6.838 0.4000000060
13348  27.061  -69.770  6.150 0.4000000060
13418  28.670  -69.139  1.627 0.4000000060
14019  25.188  -68.354  12.312 0.4000000060
14020  24.606  -68.623  12.805 0.4000000060
14037  26.473  -68.406  11.401 0.4000000060
14054  27.502  -68.468  10.635 0.4000000060
14063  27.967  -68.734  9.972 0.4000000060
14107  28.041  -69.012  5.857 0.5000000000
14117  27.715  -68.637  5.002 0.4000000060
14133  27.375  -68.111  3.999 0.4000000060
14153  26.908  -67.615  3.092 0.4000000060
14182  29.671  -68.122  1.962 0.4000000060
14800  25.615  -68.003  11.902 0.4000000060
14909  28.396  -67.147  3.046 0.4000000060
15567  10.180  -66.365  15.509 0.4000000060
15568  9.304  -66.176  15.712 0.3000000119
15578  22.223  -66.400  14.349 0.5000000000
15583  11.679  -66.215  14.250 0.4000000060
15608  24.460  -67.258  12.187 0.4000000060
15647  24.363  -66.606  9.947 0.5000000000
15648  23.307  -66.336  9.813 0.4000000060
16381  10.335  -65.137  17.299 0.5000000000
16394  11.002  -65.651  16.278 0.5000000000
16396  9.701  -65.490  16.954 0.3000000119
16408  10.659  -66.131  15.946 0.4000000060
16428  11.552  -65.855  14.978 0.4000000060
16458  22.176  -65.415  12.746 0.5000000000
16536  23.764  -65.906  7.084 0.5000000000
16537  22.497  -65.438  7.407 0.5000000000
17237  11.349  -64.192  18.034 0.4000000060
17265  10.943  -65.173  17.007 0.5000000000
17294  21.007  -64.629  13.955 0.6000000238
17295  20.388  -64.599  14.292 0.6000000238
17328  20.507  -63.931  12.997 0.6000000238
17391  21.038  -64.163  8.184 0.6000000238
17404  21.557  -64.878  7.735 0.6000000238
17421  23.443  -64.855  6.113 0.5000000000
18105  12.006  -64.053  17.535 0.4000000060
18137  11.540  -63.804  15.666 0.4000000060
18167  19.920  -63.526  13.220 0.5000000000
18182  19.453  -63.026  12.694 0.5000000000
18212  19.635  -62.872  10.970 0.6999999881
18226  20.429  -63.389  9.537 0.6999999881
18283  21.286  -62.558  5.327 0.6000000238
18998  13.779  -62.585  17.665 0.4000000060
19032  11.479  -62.949  15.477 0.5000000000
19033  10.956  -62.471  14.890 0.5000000000
19046  10.356  -62.319  14.429 0.5000000000
19084  19.028  -62.577  11.355 0.6999999881
19085  18.383  -62.701  11.502 0.6000000238
19088  13.221  -62.690  11.647 0.6000000238
19089  12.225  -62.458  11.383 0.5000000000
19119  18.058  -62.013  9.216 0.6000000238
19120  17.419  -62.216  8.942 0.6000000238
19122  14.461  -62.671  9.153 0.6999999881
19147  18.341  -61.243  6.681 0.8000000119
19148  14.879  -61.121  6.208 0.6000000238
19149  14.645  -61.496  6.188 0.6000000238
19150  14.326  -61.248  6.696 0.6000000238
19157  19.438  -61.816  6.704 0.6999999881
19164  20.842  -62.503  5.833 0.6000000238
19171  21.877  -62.531  4.720 0.6000000238
19965  14.042  -62.194  16.551 0.4000000060
19976  14.021  -61.727  16.014 0.4000000060
19995  10.097  -61.551  14.129 0.5000000000
20017  14.642  -61.073  12.276 0.6999999881
20036  10.913  -61.285  11.471 0.5000000000
20047  10.158  -61.505  11.017 0.5000000000
20048  9.374  -61.175  10.611 0.4000000060
20079  16.955  -59.638  6.441 0.6999999881
20081  14.614  -60.612  6.536 0.6000000238
20090  18.898  -61.288  6.671 0.8000000119
20091  18.240  -60.618  6.551 0.8000000119
20825  14.807  -60.656  18.201 0.4000000060
20826  14.005  -60.901  18.531 0.4000000060
20841  15.046  -60.981  17.519 0.4000000060
20859  15.551  -60.449  17.126 0.4000000060
20877  14.818  -60.648  15.804 0.4000000060
20909  10.248  -60.039  13.673 0.4000000060
20926  15.008  -60.535  12.342 0.6999999881
20927  13.390  -60.597  12.315 0.6999999881
20936  18.587  -60.575  11.605 0.6999999881
20942  10.539  -60.747  11.372 0.5000000000
20960  20.296  -60.305  9.878 0.6000000238
20964  16.574  -59.474  7.453 0.6999999881
20973  19.485  -60.549  7.805 0.6999999881
20976  15.099  -59.931  6.649 0.5000000000
20990  15.710  -59.851  6.340 0.5000000000
21689  15.810  -59.287  18.173 0.4000000060
21692  12.615  -58.940  18.736 0.4000000060
21706  16.365  -59.329  17.404 0.4000000060
21719  16.262  -59.478  16.473 0.3000000119
21738  14.115  -60.190  15.180 0.4000000060
21748  14.190  -59.365  14.803 0.5000000000
21763  20.174  -59.006  13.415 0.6999999881
21767  10.528  -59.264  13.472 0.5000000000
21776  20.456  -59.550  12.999 0.6999999881
21777  19.722  -60.202  12.916 0.6999999881
21778  17.636  -59.944  13.069 0.8000000119
21799  10.621  -59.085  10.533 0.5000000000
22511  16.321  -58.565  18.176 0.4000000060
22531  16.881  -58.709  17.371 0.3000000119
22578  14.446  -58.588  14.483 0.5000000000
22580  12.796  -58.550  13.742 0.6000000238
22596  18.817  -59.142  13.651 0.6000000238
22599  11.609  -58.390  13.355 0.5000000000
22600  10.832  -58.570  13.147 0.5000000000
22611  16.393  -59.163  12.753 0.8000000119
22613  15.074  -59.823  12.426 0.8000000119
22614  10.322  -58.020  12.511 0.5000000000
22620  14.767  -58.762  12.202 0.8999999762
22627  21.743  -57.864  10.912 0.6000000238
22645  9.135  -57.380  9.903 0.6000000238
22646  8.818  -57.139  10.141 0.5000000000
22662  21.903  -58.676  7.251 0.4000000060
23449  17.576  -57.584  17.243 0.4000000060
23480  15.955  -58.587  15.186 0.5000000000
23494  16.029  -57.376  14.599 0.5000000000
23495  15.674  -57.918  14.689 0.5000000000
23513  14.338  -57.263  13.659 0.5000000000
23514  13.607  -57.539  13.474 0.5000000000
23515  12.844  -57.823  13.312 0.6000000238
23525  21.869  -57.180  12.405 0.5000000000
23529  17.522  -57.708  12.798 0.6999999881
23536  9.710  -57.439  11.828 0.5000000000
23537  8.888  -57.568  11.577 0.5000000000
23548  21.778  -57.785  11.830 0.5000000000
23555  9.174  -56.961  11.212 0.5000000000
23573  11.583  -57.359  9.783 0.6000000238
23574  9.198  -56.974  10.092 0.5000000000
23575  8.744  -57.047  10.503 0.5000000000
24365  17.972  -56.991  16.769 0.4000000060
24399  17.420  -56.497  14.977 0.4000000060
24417  20.139  -56.828  13.354 0.6000000238
24419  14.566  -56.490  13.348 0.4000000060
24433  21.622  -56.184  12.957 0.5000000000
24441  11.343  -56.445  11.511 0.5000000000
24460  15.717  -56.591  10.244 0.6999999881
24462  11.909  -55.773  11.012 0.6000000238
24464  9.752  -56.594  10.806 0.5000000000
24465  9.002  -56.833  10.792 0.5000000000
24476  22.690  -56.674  10.168 0.5000000000
24479  13.907  -56.473  9.573 0.6999999881
24481  10.273  -56.557  10.255 0.5000000000
24496  12.252  -55.967  9.520 0.6999999881
24497  11.626  -56.216  9.589 0.6000000238
24498  10.814  -56.554  9.835 0.6000000238
24499  9.912  -56.792  9.996 0.6000000238
25302  18.698  -55.888  16.726 0.3000000119
25353  15.548  -55.525  13.271 0.4000000060
25370  21.541  -55.239  12.866 0.5000000000
25374  15.197  -55.063  12.490 0.3000000119
25394  11.906  -55.634  10.190 0.6999999881
25409  13.275  -55.015  9.787 0.5000000000
25427  17.370  -54.816  8.123 0.4000000060
25428  16.202  -55.218  9.018 0.5000000000
25429  14.883  -55.455  9.377 0.5000000000
25431  12.815  -55.514  9.560 0.6000000238
26284  16.910  -55.143  14.006 0.4000000060
26303  17.028  -54.022  13.185 0.4000000060
26323  20.470  -53.723  11.611 0.4000000060
26343  15.448  -54.372  10.826 0.3000000119
26344  14.583  -54.527  10.579 0.3000000119
26380  18.061  -54.157  7.798 0.4000000060
26383  14.125  -55.043  9.746 0.4000000060
27226  17.647  -53.878  13.843 0.4000000060
27263  18.427  -53.520  12.077 0.3000000119
28139  19.557  -52.459  14.207 0.3000000119
28165  21.060  -52.691  11.667 0.4000000060
29121  19.532  -52.035  11.815 0.3000000119
29146  19.444  -51.775  9.698 0.3000000119
30045  20.978  -51.772  10.667 0.4000000060
31057  18.620  -49.125  9.363 0.5000000000
31072  18.966  -48.807  9.290 0.4000000060
134168  25.499  -67.104  11.464 0.4000000060
134545  12.800  -59.756  11.961 0.6000000238
134730  21.446  -60.967  6.377 0.6999999881
136646  16.985  -59.981  9.189 0.6000000238
138535  16.171  -60.666  11.560 0.8000000119
139251  11.538  -64.390  15.334 0.5000000000
139743  28.041  -69.379  1.799 0.4000000060
141111  14.071  -58.428  11.811 0.6999999881
141710  8.349  -57.780  11.309 0.4000000060
142823  31.315  -69.139  4.501 0.3000000119
144425  14.071  -61.042  15.546 0.4000000060
145648  11.508  -64.571  15.992 0.5000000000
146256  11.519  -59.655  18.603 0.4000000060
146693  9.675  -57.114  9.839 0.6000000238
148008  12.702  -56.055  9.503 0.6999999881
148540  12.262  -58.276  13.467 0.6000000238
149667  19.256  -49.444  9.532 0.3000000119
151166  9.583  -66.398  15.006 0.4000000060
151302  20.906  -64.232  12.443 0.6000000238
152507  21.145  -63.012  5.529 0.6000000238
152600  14.432  -59.326  18.627 0.4000000060
152833  20.021  -60.395  11.592 0.6000000238
154131  21.665  -56.780  12.919 0.5000000000
155023  16.181  -57.361  12.167 0.6999999881
155183  25.996  -66.532  11.157 0.4000000060
155382  27.154  -70.068  6.875 0.5000000000
155664  17.314  -60.453  10.789 0.6000000238
156337  14.334  -62.043  17.734 0.4000000060
156366  19.217  -52.179  10.365 0.3000000119
156518  14.514  -61.578  8.383 0.6999999881
157752  15.322  -54.570  9.883 0.3000000119
157894  19.374  -60.449  11.103 0.6000000238
159833  12.828  -62.058  15.657 0.4000000060
159939  20.393  -61.636  6.488 0.6999999881
160500  7.973  -59.590  12.233 0.4000000060
160581  8.411  -57.314  10.729 0.5000000000
161522  27.044  -68.197  11.139 0.4000000060
162001  26.014  -66.978  11.448 0.4000000060
162532  21.271  -56.393  13.166 0.5000000000
162663  21.201  -64.563  11.156 0.6000000238
