#!ascii label  , from subject sub-v1s22x0050462_ses-1 vox2ras=TkReg
1175
46442  35.249  -41.574  60.981 0.0000000000
65509  46.312  -22.395  44.256 0.0000000000
55646  35.313  -32.224  51.573 0.0000000000
36424  13.516  -50.602  67.320 0.0000000000
47464  27.340  -39.666  63.429 0.0000000000
60615  35.874  -27.069  50.963 0.0000000000
44071  18.343  -43.846  63.223 0.0000000000
133704  17.041  -49.990  64.795 0.0000000000
46453  22.980  -41.339  61.567 0.0000000000
66552  51.738  -21.695  43.249 0.0000000000
50415  34.782  -37.667  63.226 0.0000000000
51494  33.214  -36.664  59.140 0.0000000000
128205  38.806  -39.861  61.792 0.0000000000
70661  49.728  -17.637  42.983 0.0000000000
71606  52.584  -16.941  40.376 0.0000000000
145397  41.489  -21.459  47.818 0.0000000000
62507  45.188  -26.084  47.863 0.0000000000
61615  39.984  -26.196  48.869 0.0000000000
56658  40.016  -31.101  50.923 0.0000000000
41829  32.556  -45.487  62.181 0.0000000000
31017  12.754  -55.220  70.376 0.0000000000
129337  9.399  -54.889  73.571 0.0000000000
32016  8.317  -54.431  78.224 0.0000000000
46446  31.615  -41.640  60.969 0.0000000000
44093  27.593  -43.404  61.044 0.0000000000
55580  29.964  -32.508  55.600 0.0000000000
54565  35.332  -34.449  56.841 0.0000000000
77204  49.574  -10.712  39.479 0.0000000000
65517  48.527  -22.178  43.685 0.0000000000
64440  48.855  -23.762  45.488 0.0000000000
48431  36.054  -39.264  63.201 0.0000000000
49461  36.415  -38.494  61.234 0.0000000000
138915  37.198  -40.842  61.256 0.0000000000
144790  45.455  -19.998  44.945 0.0000000000
69608  48.140  -17.741  44.985 0.0000000000
68601  47.385  -19.928  43.299 0.0000000000
67629  49.710  -19.778  41.929 0.0000000000
27612  6.196  -58.500  77.272 0.0000000000
64413  40.749  -23.638  47.645 0.0000000000
64388  38.664  -23.697  49.820 0.0000000000
58661  35.175  -29.437  50.334 0.0000000000
58675  37.472  -29.270  49.606 0.0000000000
56643  37.800  -31.852  51.058 0.0000000000
54615  38.280  -33.761  53.444 0.0000000000
36433  15.430  -50.454  65.777 0.0000000000
35304  18.101  -52.344  67.029 0.0000000000
133309  15.220  -53.155  68.036 0.0000000000
137294  14.734  -55.094  70.000 0.0000000000
34192  13.065  -52.987  68.584 0.0000000000
34159  10.443  -52.589  72.510 0.0000000000
32033  8.496  -54.688  75.049 0.0000000000
124216  29.092  -40.855  62.650 0.0000000000
45332  29.468  -42.307  60.230 0.0000000000
47499  27.419  -40.444  60.674 0.0000000000
145297  21.560  -44.911  63.080 0.0000000000
44069  24.052  -43.402  63.656 0.0000000000
51478  36.622  -36.120  59.689 0.0000000000
126903  34.146  -34.632  57.951 0.0000000000
62472  37.030  -25.169  51.880 0.0000000000
59650  34.671  -28.067  52.478 0.0000000000
58645  32.932  -30.017  51.937 0.0000000000
41821  19.811  -46.031  63.118 0.0000000000
38698  19.717  -48.611  64.856 0.0000000000
39799  18.008  -47.291  63.243 0.0000000000
39780  15.938  -47.656  64.825 0.0000000000
39753  14.011  -47.867  66.932 0.0000000000
49463  24.930  -38.869  61.864 0.0000000000
48435  22.385  -39.452  63.221 0.0000000000
45324  20.662  -42.496  61.625 0.0000000000
134762  31.093  -36.572  62.736 0.0000000000
51480  30.427  -36.402  60.329 0.0000000000
132881  33.064  -37.695  61.070 0.0000000000
50459  36.699  -37.830  60.030 0.0000000000
73497  50.154  -15.000  42.690 0.0000000000
70682  51.798  -17.946  41.396 0.0000000000
138437  52.237  -19.843  40.988 0.0000000000
66531  43.501  -21.702  45.617 0.0000000000
63475  45.579  -24.222  45.583 0.0000000000
64424  42.694  -23.724  46.304 0.0000000000
62509  42.804  -26.385  47.919 0.0000000000
59685  42.373  -28.457  49.275 0.0000000000
127014  37.615  -26.957  49.653 0.0000000000
58658  40.048  -29.029  49.837 0.0000000000
44092  33.708  -43.639  60.793 0.0000000000
131687  36.054  -43.399  61.853 0.0000000000
138587  43.919  -20.009  47.466 0.0000000000
36403  11.970  -50.004  69.638 0.0000000000
34182  11.385  -52.492  70.309 0.0000000000
32059  10.901  -55.109  71.793 0.0000000000
144681  10.623  -56.942  73.934 0.0000000000
28805  8.701  -56.728  74.738 0.0000000000
29890  7.016  -56.847  76.227 0.0000000000
29876  6.825  -56.009  78.206 0.0000000000
29854  6.655  -55.420  80.536 0.0000000000
46458  33.643  -41.909  60.776 0.0000000000
44103  31.504  -43.343  60.387 0.0000000000
42885  29.653  -44.756  61.273 0.0000000000
143412  25.083  -41.964  61.863 0.0000000000
56609  32.103  -32.222  53.252 0.0000000000
52630  30.528  -35.218  57.644 0.0000000000
53614  32.316  -33.838  55.401 0.0000000000
54600  35.439  -33.927  54.078 0.0000000000
45285  37.884  -42.586  63.026 0.0000000000
76350  50.771  -11.276  36.707 0.0000000000
129505  49.242  -14.387  40.136 0.0000000000
73562  50.358  -14.188  37.845 0.0000000000
65518  47.652  -22.159  43.751 0.0000000000
64456  48.430  -23.339  44.693 0.0000000000
64457  47.520  -23.330  44.564 0.0000000000
47476  35.706  -40.415  61.998 0.0000000000
47487  36.440  -40.556  61.399 0.0000000000
46441  36.019  -41.434  61.210 0.0000000000
67603  45.540  -20.937  44.459 0.0000000000
141610  46.749  -19.519  44.006 0.0000000000
67610  46.710  -20.943  43.767 0.0000000000
66556  48.037  -21.411  43.223 0.0000000000
28780  5.732  -58.668  77.957 0.0000000000
65455  39.613  -22.744  49.632 0.0000000000
137862  39.017  -23.069  50.987 0.0000000000
56664  34.928  -30.961  50.786 0.0000000000
56662  36.412  -31.293  50.497 0.0000000000
56645  35.908  -31.797  51.043 0.0000000000
55622  37.723  -32.938  52.070 0.0000000000
54634  36.379  -33.046  52.385 0.0000000000
36423  14.252  -50.777  66.780 0.0000000000
35306  14.939  -51.591  66.872 0.0000000000
35307  14.023  -51.429  67.286 0.0000000000
34208  14.449  -52.790  67.951 0.0000000000
35292  13.294  -51.256  67.848 0.0000000000
47477  28.489  -40.303  62.253 0.0000000000
47489  28.233  -40.296  61.317 0.0000000000
48456  27.087  -39.546  61.651 0.0000000000
40849  21.547  -46.095  64.372 0.0000000000
54512  30.001  -33.647  60.506 0.0000000000
52576  36.913  -34.741  60.337 0.0000000000
59651  33.560  -28.713  52.348 0.0000000000
59643  32.945  -28.867  52.857 0.0000000000
128729  19.205  -45.094  62.418 0.0000000000
39798  18.929  -47.186  63.369 0.0000000000
41823  17.680  -45.630  63.152 0.0000000000
40836  16.028  -46.634  64.890 0.0000000000
127088  15.571  -46.174  65.854 0.0000000000
39764  14.904  -47.530  66.078 0.0000000000
49428  24.130  -38.752  63.994 0.0000000000
45293  19.205  -42.480  63.095 0.0000000000
46433  20.195  -41.530  62.522 0.0000000000
44084  19.340  -43.515  62.099 0.0000000000
42873  19.896  -44.751  62.200 0.0000000000
50442  32.323  -37.575  61.812 0.0000000000
50427  33.834  -37.605  62.610 0.0000000000
48454  37.663  -39.554  61.165 0.0000000000
49476  36.480  -38.184  60.554 0.0000000000
49460  37.908  -38.891  60.916 0.0000000000
50457  38.276  -37.696  60.789 0.0000000000
48444  39.070  -39.231  61.866 0.0000000000
70662  48.814  -17.805  43.372 0.0000000000
70670  52.669  -16.990  42.291 0.0000000000
70672  51.025  -17.858  42.005 0.0000000000
66565  50.464  -21.216  42.629 0.0000000000
67627  51.516  -20.092  41.384 0.0000000000
67617  51.852  -20.803  41.924 0.0000000000
66516  42.320  -21.581  46.728 0.0000000000
64446  42.790  -22.914  46.006 0.0000000000
66517  42.061  -22.436  46.585 0.0000000000
63429  40.392  -25.096  48.279 0.0000000000
62530  41.630  -25.189  47.679 0.0000000000
139654  41.506  -26.421  48.415 0.0000000000
61593  42.459  -27.578  48.551 0.0000000000
61594  41.570  -27.111  48.759 0.0000000000
62473  36.626  -25.832  51.112 0.0000000000
62481  37.153  -25.141  50.666 0.0000000000
61598  36.939  -26.969  49.994 0.0000000000
57651  39.259  -30.581  50.422 0.0000000000
58673  39.111  -29.215  49.760 0.0000000000
126598  39.694  -29.790  50.169 0.0000000000
58657  41.460  -29.672  50.239 0.0000000000
42881  33.289  -44.284  61.102 0.0000000000
42868  34.573  -44.658  61.973 0.0000000000
66492  41.965  -20.910  48.487 0.0000000000
67569  43.158  -20.448  47.168 0.0000000000
127967  43.732  -20.366  46.464 0.0000000000
37580  18.501  -49.406  64.434 0.0000000000
36443  18.504  -50.590  65.202 0.0000000000
32095  13.990  -55.068  69.930 0.0000000000
31014  15.183  -55.782  71.067 0.0000000000
130692  13.687  -56.008  71.010 0.0000000000
30997  12.348  -56.357  71.581 0.0000000000
36391  11.422  -50.661  70.793 0.0000000000
35281  11.731  -51.996  69.633 0.0000000000
134256  11.037  -52.050  70.961 0.0000000000
33104  9.852  -53.755  73.032 0.0000000000
33115  10.360  -53.466  72.292 0.0000000000
32047  9.919  -55.154  72.976 0.0000000000
30987  10.968  -56.218  72.656 0.0000000000
30989  9.781  -55.657  73.516 0.0000000000
29902  9.934  -56.724  74.115 0.0000000000
30978  9.239  -55.499  74.004 0.0000000000
32027  8.700  -53.919  76.602 0.0000000000
138772  7.627  -55.452  76.028 0.0000000000
30955  7.713  -55.181  76.798 0.0000000000
29883  6.762  -56.335  77.153 0.0000000000
30932  7.730  -54.999  78.244 0.0000000000
46428  31.898  -41.782  61.594 0.0000000000
46426  33.508  -41.629  62.087 0.0000000000
46445  32.476  -41.699  61.030 0.0000000000
45329  32.642  -42.476  60.535 0.0000000000
46461  31.349  -41.947  60.677 0.0000000000
44107  28.138  -42.738  60.479 0.0000000000
42905  29.254  -43.879  60.664 0.0000000000
42886  28.722  -44.415  61.293 0.0000000000
47493  23.434  -40.371  61.506 0.0000000000
125840  24.794  -40.799  61.248 0.0000000000
45321  23.792  -41.753  61.817 0.0000000000
44054  24.919  -44.036  64.303 0.0000000000
62539  45.370  -25.210  46.743 0.0000000000
63461  46.956  -24.751  46.458 0.0000000000
62525  46.563  -25.576  47.601 0.0000000000
57585  30.055  -30.570  55.266 0.0000000000
56611  30.797  -31.064  53.662 0.0000000000
55591  30.838  -32.425  54.395 0.0000000000
137550  31.504  -36.781  59.314 0.0000000000
51511  30.584  -35.905  58.761 0.0000000000
51509  31.670  -36.360  58.742 0.0000000000
53592  34.488  -34.567  57.787 0.0000000000
53602  33.401  -34.335  56.578 0.0000000000
54567  33.858  -34.221  56.161 0.0000000000
126067  34.023  -33.908  54.782 0.0000000000
54580  35.109  -34.403  55.774 0.0000000000
148207  36.506  -34.281  54.581 0.0000000000
44064  37.382  -43.276  63.195 0.0000000000
77228  49.970  -10.899  37.821 0.0000000000
72557  50.965  -15.695  41.337 0.0000000000
73505  49.060  -14.737  41.534 0.0000000000
72562  50.696  -15.539  40.617 0.0000000000
73527  51.246  -14.597  39.235 0.0000000000
73541  51.829  -14.395  38.676 0.0000000000
44057  18.255  -43.394  64.506 0.0000000000
42849  17.681  -44.253  63.910 0.0000000000
66554  49.990  -21.703  43.243 0.0000000000
65495  51.296  -22.685  44.929 0.0000000000
65505  49.945  -22.752  44.484 0.0000000000
50413  36.108  -37.887  63.771 0.0000000000
125018  35.652  -37.729  62.811 0.0000000000
49449  36.262  -38.769  62.153 0.0000000000
48455  36.706  -39.570  61.440 0.0000000000
47474  37.943  -40.774  61.516 0.0000000000
128957  47.647  -18.100  45.913 0.0000000000
69609  46.867  -18.531  45.254 0.0000000000
69622  47.444  -18.915  43.471 0.0000000000
69621  48.279  -18.488  42.994 0.0000000000
69630  49.524  -18.824  42.121 0.0000000000
67621  48.598  -20.175  42.591 0.0000000000
66566  49.600  -21.046  42.769 0.0000000000
27618  7.492  -58.417  76.106 0.0000000000
66493  41.196  -21.492  48.507 0.0000000000
65472  40.749  -22.879  47.692 0.0000000000
65465  40.414  -22.544  48.385 0.0000000000
64400  39.596  -23.532  48.911 0.0000000000
139238  39.118  -24.837  49.167 0.0000000000
59674  35.302  -28.448  50.438 0.0000000000
59691  36.623  -28.387  49.750 0.0000000000
57654  36.108  -29.947  49.842 0.0000000000
131078  37.705  -30.693  50.178 0.0000000000
56659  39.209  -31.298  50.839 0.0000000000
55642  39.172  -32.512  51.683 0.0000000000
54630  39.583  -33.548  53.083 0.0000000000
40878  31.558  -46.205  62.834 0.0000000000
36445  16.221  -50.260  65.222 0.0000000000
36431  17.207  -51.238  65.595 0.0000000000
35318  16.621  -51.638  66.167 0.0000000000
34226  16.376  -52.693  67.367 0.0000000000
33179  16.468  -53.642  68.366 0.0000000000
33159  14.224  -54.010  68.949 0.0000000000
33161  12.724  -54.146  69.566 0.0000000000
35236  11.050  -51.213  72.166 0.0000000000
33105  9.769  -53.156  73.740 0.0000000000
33095  9.366  -53.465  74.383 0.0000000000
32039  8.951  -54.730  74.257 0.0000000000
33091  9.281  -53.219  75.207 0.0000000000
33084  9.239  -53.307  76.194 0.0000000000
33070  9.508  -53.362  77.992 0.0000000000
129751  30.252  -41.403  61.422 0.0000000000
139730  30.675  -42.009  60.541 0.0000000000
46448  29.653  -41.237  60.948 0.0000000000
134918  28.449  -41.439  60.349 0.0000000000
45317  27.261  -42.604  60.740 0.0000000000
148828  22.139  -43.453  62.225 0.0000000000
44081  23.523  -43.144  63.050 0.0000000000
42859  22.505  -44.436  63.328 0.0000000000
61610  45.548  -26.561  48.459 0.0000000000
55557  29.535  -32.688  57.568 0.0000000000
51492  35.126  -36.246  59.313 0.0000000000
128003  33.554  -35.884  58.670 0.0000000000
52602  35.363  -35.125  59.256 0.0000000000
53585  35.405  -34.691  58.709 0.0000000000
76304  48.858  -11.224  40.820 0.0000000000
28749  5.038  -57.317  80.280 0.0000000000
128831  36.973  -25.637  52.906 0.0000000000
61561  36.218  -26.504  51.531 0.0000000000
60616  35.304  -27.512  51.321 0.0000000000
59675  34.533  -28.733  50.794 0.0000000000
136792  33.992  -29.917  51.024 0.0000000000
55647  33.878  -31.165  51.547 0.0000000000
40835  20.880  -46.713  64.450 0.0000000000
39778  20.541  -47.471  64.917 0.0000000000
39797  19.686  -47.087  63.608 0.0000000000
39791  18.569  -47.945  63.675 0.0000000000
38705  17.275  -48.564  64.095 0.0000000000
40850  16.990  -45.606  63.955 0.0000000000
39793  16.511  -47.362  64.244 0.0000000000
37582  16.760  -49.067  64.500 0.0000000000
37576  15.483  -48.992  65.339 0.0000000000
146914  14.342  -48.637  66.348 0.0000000000
38672  13.750  -48.762  66.877 0.0000000000
48433  25.902  -38.930  62.785 0.0000000000
49439  24.644  -38.561  63.162 0.0000000000
49453  23.654  -38.836  62.157 0.0000000000
47494  22.430  -40.571  61.706 0.0000000000
47465  21.329  -40.303  63.382 0.0000000000
46432  20.857  -41.086  62.040 0.0000000000
45323  21.508  -42.326  61.540 0.0000000000
42888  20.791  -43.842  61.807 0.0000000000
134177  21.018  -45.500  63.284 0.0000000000
53563  30.448  -34.522  62.326 0.0000000000
53571  29.904  -34.703  60.665 0.0000000000
51461  30.522  -36.468  61.285 0.0000000000
50464  31.501  -37.309  60.551 0.0000000000
50462  33.418  -37.587  60.180 0.0000000000
50440  35.067  -37.850  60.905 0.0000000000
50461  34.350  -37.659  60.062 0.0000000000
139751  34.659  -37.190  59.546 0.0000000000
50473  36.779  -37.080  59.679 0.0000000000
144755  38.551  -37.080  61.045 0.0000000000
72541  51.294  -15.221  42.833 0.0000000000
71593  52.667  -16.776  42.144 0.0000000000
70681  52.391  -17.245  41.287 0.0000000000
70683  50.935  -18.510  41.465 0.0000000000
69638  51.581  -18.665  40.972 0.0000000000
134525  44.680  -22.042  44.817 0.0000000000
64459  45.766  -23.028  44.686 0.0000000000
124950  44.384  -23.303  45.303 0.0000000000
63464  44.166  -24.499  46.122 0.0000000000
62541  43.651  -24.931  46.577 0.0000000000
64425  41.950  -23.836  46.775 0.0000000000
63446  42.990  -25.166  46.963 0.0000000000
62508  43.730  -26.343  47.715 0.0000000000
61612  43.609  -27.185  47.980 0.0000000000
60633  43.875  -28.131  49.151 0.0000000000
63410  37.723  -24.495  50.376 0.0000000000
62493  38.475  -25.233  49.463 0.0000000000
61596  39.141  -26.552  49.138 0.0000000000
134478  37.912  -27.813  49.433 0.0000000000
60637  38.673  -27.911  49.290 0.0000000000
60636  40.158  -27.579  49.165 0.0000000000
59686  41.494  -28.356  49.381 0.0000000000
45316  34.945  -42.247  60.755 0.0000000000
45315  35.727  -42.151  61.031 0.0000000000
42879  35.010  -43.936  61.477 0.0000000000
129408  35.880  -44.450  62.831 0.0000000000
68576  44.984  -19.605  46.067 0.0000000000
67593  44.569  -20.734  45.212 0.0000000000
37544  12.727  -49.400  68.083 0.0000000000
37545  12.526  -48.841  68.957 0.0000000000
128609  12.588  -50.972  68.466 0.0000000000
35280  12.142  -51.515  68.967 0.0000000000
34194  11.844  -52.921  69.591 0.0000000000
33142  12.019  -54.085  69.943 0.0000000000
34172  10.614  -52.857  71.853 0.0000000000
33129  11.147  -53.828  71.029 0.0000000000
31007  11.746  -55.573  71.320 0.0000000000
30998  11.453  -56.027  72.120 0.0000000000
28812  11.804  -57.493  73.455 0.0000000000
28793  8.705  -57.489  75.110 0.0000000000
142601  8.431  -56.126  74.717 0.0000000000
29894  8.034  -56.607  75.160 0.0000000000
27628  7.465  -57.595  75.834 0.0000000000
28786  6.886  -57.845  76.386 0.0000000000
28779  5.993  -57.722  77.655 0.0000000000
28770  5.842  -57.005  78.565 0.0000000000
30922  7.307  -54.999  79.631 0.0000000000
29864  6.810  -55.763  79.175 0.0000000000
28748  5.488  -56.936  79.845 0.0000000000
135804  34.768  -41.216  61.481 0.0000000000
136940  34.102  -41.499  61.481 0.0000000000
46443  34.352  -41.725  60.920 0.0000000000
44100  33.791  -42.966  60.597 0.0000000000
42901  32.737  -43.893  60.687 0.0000000000
42882  32.431  -44.507  61.089 0.0000000000
138397  30.273  -42.487  60.317 0.0000000000
139731  30.637  -44.103  60.565 0.0000000000
41850  31.251  -45.263  61.620 0.0000000000
46467  25.983  -40.106  61.023 0.0000000000
46450  26.121  -41.740  60.904 0.0000000000
45318  26.402  -42.486  61.077 0.0000000000
45291  24.905  -42.867  63.129 0.0000000000
44080  25.535  -43.239  62.734 0.0000000000
42870  26.712  -44.318  62.507 0.0000000000
63474  46.487  -24.318  45.615 0.0000000000
128466  31.780  -29.398  53.280 0.0000000000
56626  32.455  -31.400  52.540 0.0000000000
55626  33.944  -32.346  52.328 0.0000000000
53579  29.957  -34.599  59.718 0.0000000000
53587  29.649  -34.484  57.976 0.0000000000
54569  30.060  -34.065  56.579 0.0000000000
52628  32.410  -35.096  57.628 0.0000000000
147015  31.425  -34.459  56.494 0.0000000000
127808  30.983  -33.640  55.324 0.0000000000
54604  31.907  -33.255  54.317 0.0000000000
54620  33.437  -33.199  53.531 0.0000000000
54635  34.924  -33.198  52.648 0.0000000000
54617  36.565  -33.562  53.157 0.0000000000
146533  36.795  -42.607  61.817 0.0000000000
45300  37.870  -42.111  62.218 0.0000000000
46422  38.329  -41.404  62.142 0.0000000000
46390  38.670  -41.766  63.652 0.0000000000
47460  39.168  -40.442  62.863 0.0000000000
143998  51.690  -10.406  36.617 0.0000000000
127663  47.956  -12.762  41.290 0.0000000000
75412  48.570  -12.476  39.593 0.0000000000
72574  50.789  -15.069  39.884 0.0000000000
73529  49.443  -14.193  39.355 0.0000000000
75425  49.117  -12.583  38.318 0.0000000000
75436  49.903  -12.603  37.074 0.0000000000
75446  50.887  -12.864  36.064 0.0000000000
141771  46.963  -22.126  43.901 0.0000000000
65508  47.191  -22.696  44.186 0.0000000000
47488  35.534  -40.953  61.445 0.0000000000
66543  45.784  -21.577  44.295 0.0000000000
67602  46.079  -20.960  44.134 0.0000000000
66542  46.501  -21.623  43.955 0.0000000000
66557  47.215  -21.539  43.651 0.0000000000
28771  5.505  -57.887  78.606 0.0000000000
56646  35.112  -31.587  51.115 0.0000000000
55645  36.306  -32.470  51.631 0.0000000000
34209  13.805  -52.070  67.801 0.0000000000
132658  28.002  -40.008  63.075 0.0000000000
47478  27.830  -39.801  61.933 0.0000000000
48445  27.236  -39.531  62.545 0.0000000000
40834  21.558  -46.491  65.014 0.0000000000
41795  22.347  -46.054  64.964 0.0000000000
54511  30.212  -33.170  61.418 0.0000000000
42875  18.690  -44.623  62.564 0.0000000000
41822  18.500  -45.417  62.753 0.0000000000
42860  17.958  -44.802  63.088 0.0000000000
44070  18.851  -43.175  62.742 0.0000000000
44085  18.831  -43.888  62.473 0.0000000000
42874  19.334  -44.335  62.188 0.0000000000
47485  38.196  -40.092  61.451 0.0000000000
48453  38.445  -39.393  61.340 0.0000000000
49459  38.672  -38.478  61.264 0.0000000000
70653  49.556  -17.272  43.981 0.0000000000
126995  50.685  -17.306  43.308 0.0000000000
70660  51.609  -17.387  42.665 0.0000000000
143347  50.583  -17.634  42.625 0.0000000000
66564  51.351  -21.302  42.538 0.0000000000
66563  52.225  -21.303  42.578 0.0000000000
27617  8.647  -58.835  75.756 0.0000000000
66502  41.646  -21.865  47.207 0.0000000000
62511  40.427  -25.741  48.572 0.0000000000
139155  41.087  -25.694  48.212 0.0000000000
61614  40.894  -26.345  48.695 0.0000000000
61595  40.646  -26.893  49.019 0.0000000000
61578  36.500  -26.638  50.605 0.0000000000
60626  36.364  -27.517  50.220 0.0000000000
57650  40.275  -30.387  50.540 0.0000000000
41848  32.911  -44.958  61.644 0.0000000000
41828  33.322  -45.389  62.270 0.0000000000
67558  42.633  -20.610  47.852 0.0000000000
66501  42.038  -21.147  47.458 0.0000000000
67570  42.570  -20.904  47.038 0.0000000000
37574  18.022  -50.102  64.660 0.0000000000
37573  18.723  -49.945  64.924 0.0000000000
31016  13.444  -55.495  70.389 0.0000000000
142547  13.147  -56.398  71.345 0.0000000000
31006  12.719  -55.809  70.882 0.0000000000
139566  9.688  -54.435  73.141 0.0000000000
29913  9.678  -56.090  73.914 0.0000000000
32023  8.217  -54.503  77.139 0.0000000000
30943  7.887  -54.969  77.602 0.0000000000
30944  7.340  -55.522  77.612 0.0000000000
46429  31.027  -41.652  61.626 0.0000000000
146293  31.472  -41.909  62.128 0.0000000000
46460  32.156  -41.926  60.757 0.0000000000
42906  28.427  -43.617  60.816 0.0000000000
42887  27.914  -44.146  61.453 0.0000000000
42869  28.173  -44.824  62.077 0.0000000000
46452  23.976  -40.978  61.405 0.0000000000
62527  44.828  -25.686  47.216 0.0000000000
62538  46.278  -25.138  47.000 0.0000000000
62526  45.729  -25.647  47.404 0.0000000000
56571  29.646  -31.714  56.232 0.0000000000
57586  29.774  -30.948  56.000 0.0000000000
56584  29.877  -31.522  55.429 0.0000000000
133462  30.156  -31.317  54.803 0.0000000000
56583  30.289  -32.049  54.888 0.0000000000
51495  32.293  -36.764  59.192 0.0000000000
51508  32.616  -36.191  58.625 0.0000000000
54552  34.835  -34.471  57.457 0.0000000000
54553  34.170  -34.391  57.028 0.0000000000
54566  34.557  -34.388  56.516 0.0000000000
54581  34.324  -34.187  55.588 0.0000000000
54579  36.029  -34.601  55.977 0.0000000000
77203  50.208  -10.272  39.933 0.0000000000
77213  50.071  -10.116  39.009 0.0000000000
77214  49.652  -10.859  38.543 0.0000000000
146277  52.247  -16.588  40.602 0.0000000000
72561  51.669  -16.153  40.758 0.0000000000
44056  18.847  -42.792  64.494 0.0000000000
44045  18.333  -43.237  65.649 0.0000000000
65516  49.495  -22.253  43.766 0.0000000000
65515  50.408  -22.266  43.831 0.0000000000
64455  49.347  -23.212  44.966 0.0000000000
49438  36.207  -38.109  63.440 0.0000000000
50424  36.124  -37.899  62.882 0.0000000000
47475  36.065  -39.766  62.196 0.0000000000
47486  37.320  -40.205  61.289 0.0000000000
68583  45.503  -19.530  45.445 0.0000000000
68582  46.166  -18.944  45.591 0.0000000000
69610  46.434  -19.014  44.687 0.0000000000
68600  48.124  -19.468  42.760 0.0000000000
69631  48.759  -18.895  42.531 0.0000000000
66567  48.749  -20.840  42.836 0.0000000000
66555  49.075  -21.570  43.256 0.0000000000
26657  6.780  -58.849  76.702 0.0000000000
66481  40.825  -21.664  49.217 0.0000000000
66494  40.668  -21.969  48.557 0.0000000000
65454  40.212  -22.262  49.151 0.0000000000
64387  39.283  -23.326  49.431 0.0000000000
63420  39.091  -23.977  49.276 0.0000000000
63430  39.799  -24.339  48.647 0.0000000000
58660  35.942  -28.926  49.914 0.0000000000
56661  37.312  -31.292  50.486 0.0000000000
57653  36.857  -30.595  50.029 0.0000000000
56660  38.353  -31.148  50.558 0.0000000000
56642  38.746  -31.857  51.147 0.0000000000
55643  38.234  -32.509  51.550 0.0000000000
54632  38.017  -33.409  52.690 0.0000000000
55621  38.612  -33.016  52.192 0.0000000000
54631  38.874  -33.471  52.879 0.0000000000
54614  39.144  -33.811  53.616 0.0000000000
66480  41.564  -21.240  49.366 0.0000000000
36446  15.636  -49.760  65.393 0.0000000000
36432  16.302  -50.973  65.619 0.0000000000
35319  15.657  -51.323  66.177 0.0000000000
34227  15.335  -52.549  67.429 0.0000000000
139423  15.977  -51.999  66.803 0.0000000000
34207  15.946  -53.176  67.901 0.0000000000
33180  15.600  -53.725  68.395 0.0000000000
148252  13.636  -52.663  68.188 0.0000000000
33182  13.903  -53.319  68.486 0.0000000000
33160  13.339  -53.742  68.995 0.0000000000
32119  13.656  -54.472  69.418 0.0000000000
34137  10.140  -52.465  74.306 0.0000000000
34128  9.645  -52.930  74.553 0.0000000000
33078  9.384  -53.324  77.166 0.0000000000
46430  29.643  -41.137  61.949 0.0000000000
46411  30.247  -41.693  62.387 0.0000000000
46431  28.918  -40.748  61.538 0.0000000000
47498  27.978  -40.449  60.771 0.0000000000
46464  27.952  -40.941  60.439 0.0000000000
45334  27.827  -41.777  60.331 0.0000000000
46465  27.253  -41.109  60.488 0.0000000000
42871  21.926  -44.126  62.575 0.0000000000
44082  22.728  -43.662  62.837 0.0000000000
56546  29.607  -31.766  58.011 0.0000000000
148260  29.565  -33.060  58.298 0.0000000000
52601  35.930  -35.682  59.479 0.0000000000
125498  34.759  -35.541  59.052 0.0000000000
53569  36.924  -34.505  60.009 0.0000000000
53577  35.720  -34.798  59.150 0.0000000000
53570  36.372  -34.652  59.440 0.0000000000
61560  36.530  -25.974  52.207 0.0000000000
60601  34.786  -27.873  51.636 0.0000000000
59659  34.839  -28.034  50.970 0.0000000000
58630  33.115  -29.288  52.129 0.0000000000
58643  33.890  -29.122  51.085 0.0000000000
58644  33.486  -29.597  51.518 0.0000000000
57641  33.581  -30.387  51.473 0.0000000000
40862  20.228  -46.538  63.611 0.0000000000
39789  20.163  -47.294  64.113 0.0000000000
38704  18.126  -48.706  63.983 0.0000000000
38712  17.669  -47.992  63.681 0.0000000000
42850  17.192  -44.699  64.511 0.0000000000
42861  17.424  -44.997  63.641 0.0000000000
38706  16.543  -48.193  64.364 0.0000000000
38699  16.026  -48.594  64.852 0.0000000000
37575  16.171  -49.476  64.961 0.0000000000
38700  15.410  -48.069  65.375 0.0000000000
39765  14.476  -47.897  66.400 0.0000000000
38688  14.900  -48.447  65.877 0.0000000000
37568  14.239  -49.382  66.415 0.0000000000
144975  25.376  -38.748  63.243 0.0000000000
49427  25.107  -38.787  63.956 0.0000000000
48434  23.171  -38.998  63.575 0.0000000000
49440  23.763  -38.569  62.930 0.0000000000
48448  22.987  -39.073  62.644 0.0000000000
48460  23.025  -39.583  61.875 0.0000000000
47479  22.200  -39.814  62.335 0.0000000000
45308  20.003  -42.262  61.934 0.0000000000
143664  20.540  -41.780  61.811 0.0000000000
46455  21.186  -41.691  61.610 0.0000000000
44096  21.122  -43.109  61.604 0.0000000000
44097  20.479  -43.280  61.680 0.0000000000
41836  19.842  -45.454  62.675 0.0000000000
41835  20.626  -45.070  62.625 0.0000000000
41820  20.412  -45.780  63.198 0.0000000000
40861  20.956  -46.067  63.763 0.0000000000
52557  30.638  -35.497  62.618 0.0000000000
52577  30.315  -35.552  61.862 0.0000000000
51460  30.765  -36.341  62.057 0.0000000000
144262  32.072  -37.563  61.085 0.0000000000
50463  32.466  -37.484  60.360 0.0000000000
49450  36.060  -38.133  61.845 0.0000000000
50425  35.786  -37.899  62.004 0.0000000000
49462  35.990  -38.155  61.079 0.0000000000
50460  35.916  -38.051  60.194 0.0000000000
50475  35.249  -37.683  59.893 0.0000000000
50474  36.059  -37.479  59.662 0.0000000000
143914  35.433  -37.124  59.525 0.0000000000
69607  48.560  -17.739  45.967 0.0000000000
73489  51.525  -14.849  43.544 0.0000000000
72540  52.351  -15.502  43.099 0.0000000000
70671  52.217  -17.376  42.028 0.0000000000
69629  50.294  -18.439  41.878 0.0000000000
68619  50.266  -19.148  41.611 0.0000000000
68618  51.054  -19.339  41.258 0.0000000000
68617  51.812  -19.386  40.914 0.0000000000
68628  52.125  -18.842  40.627 0.0000000000
66530  44.239  -21.501  45.149 0.0000000000
64460  44.901  -22.779  44.881 0.0000000000
65497  44.044  -22.408  45.196 0.0000000000
64445  43.245  -23.581  45.925 0.0000000000
63465  43.334  -24.273  46.211 0.0000000000
145180  43.151  -24.716  46.561 0.0000000000
64412  41.233  -23.369  47.173 0.0000000000
62510  41.929  -25.995  48.051 0.0000000000
62529  42.427  -25.552  47.546 0.0000000000
136862  43.134  -25.810  47.485 0.0000000000
141168  42.826  -27.214  48.151 0.0000000000
60634  42.533  -28.036  48.890 0.0000000000
132849  43.099  -28.126  48.831 0.0000000000
60625  43.284  -28.495  49.354 0.0000000000
63401  37.936  -24.057  51.656 0.0000000000
63402  37.463  -24.490  51.233 0.0000000000
61577  37.178  -26.093  50.110 0.0000000000
62494  37.729  -25.186  49.874 0.0000000000
61597  38.197  -26.104  49.457 0.0000000000
61616  39.115  -25.703  49.103 0.0000000000
130226  38.466  -27.129  49.360 0.0000000000
147401  37.048  -28.835  49.578 0.0000000000
59690  37.412  -28.453  49.542 0.0000000000
59688  39.427  -28.321  49.380 0.0000000000
147713  39.288  -27.411  49.182 0.0000000000
59687  40.543  -28.307  49.456 0.0000000000
44091  34.511  -43.221  60.823 0.0000000000
41827  34.909  -45.113  62.740 0.0000000000
42867  35.414  -44.430  62.365 0.0000000000
68563  45.272  -19.455  47.014 0.0000000000
67568  44.449  -19.814  46.729 0.0000000000
67594  43.861  -20.920  45.697 0.0000000000
66544  45.015  -21.338  44.695 0.0000000000
38697  20.252  -48.226  65.239 0.0000000000
38686  20.466  -48.697  66.040 0.0000000000
38687  19.909  -48.872  65.395 0.0000000000
35317  17.648  -51.783  66.240 0.0000000000
32094  15.296  -55.352  70.397 0.0000000000
38659  13.022  -48.365  68.374 0.0000000000
37533  12.238  -49.286  69.529 0.0000000000
36414  12.321  -49.950  68.749 0.0000000000
141529  12.066  -50.681  69.060 0.0000000000
33162  12.078  -53.620  69.647 0.0000000000
33143  11.536  -53.472  70.253 0.0000000000
35251  10.703  -52.053  71.771 0.0000000000
32078  10.753  -54.164  71.700 0.0000000000
32077  11.357  -54.685  71.151 0.0000000000
29911  11.085  -56.797  73.254 0.0000000000
28804  9.398  -57.156  74.557 0.0000000000
125351  9.066  -58.446  75.404 0.0000000000
30979  8.654  -55.463  74.544 0.0000000000
29895  7.466  -56.171  75.732 0.0000000000
145534  7.525  -56.900  75.626 0.0000000000
28794  7.953  -57.343  75.436 0.0000000000
28787  6.474  -57.243  76.951 0.0000000000
29884  6.254  -56.743  77.786 0.0000000000
29877  6.338  -56.338  78.664 0.0000000000
135867  7.762  -54.663  78.963 0.0000000000
30921  7.909  -54.421  79.657 0.0000000000
29859  6.706  -55.565  79.947 0.0000000000
29865  6.074  -56.324  79.494 0.0000000000
139184  5.925  -56.112  80.180 0.0000000000
46424  35.018  -40.763  62.436 0.0000000000
46444  33.418  -41.668  61.104 0.0000000000
45327  34.111  -42.336  60.661 0.0000000000
44102  32.317  -43.268  60.451 0.0000000000
44101  33.135  -43.219  60.528 0.0000000000
42902  31.968  -44.032  60.582 0.0000000000
46462  30.012  -41.782  60.513 0.0000000000
42904  30.087  -44.064  60.582 0.0000000000
42884  30.677  -44.660  61.011 0.0000000000
41851  30.399  -45.363  61.777 0.0000000000
41831  30.989  -45.837  62.318 0.0000000000
48447  25.712  -38.984  62.005 0.0000000000
48457  26.276  -39.466  61.502 0.0000000000
48458  25.429  -39.435  61.467 0.0000000000
46451  25.367  -41.423  61.234 0.0000000000
143088  25.444  -40.657  61.053 0.0000000000
45319  25.650  -42.247  61.446 0.0000000000
45292  24.251  -42.866  63.172 0.0000000000
42857  25.549  -44.418  64.143 0.0000000000
44067  25.195  -43.603  63.595 0.0000000000
44066  25.936  -43.963  63.155 0.0000000000
44079  26.299  -43.637  62.175 0.0000000000
64444  45.245  -23.539  45.156 0.0000000000
64443  46.113  -23.731  45.055 0.0000000000
143802  32.140  -28.890  53.907 0.0000000000
58618  31.421  -29.329  54.016 0.0000000000
56610  31.547  -31.329  53.145 0.0000000000
56627  31.799  -30.724  52.779 0.0000000000
55627  33.054  -32.228  52.689 0.0000000000
52578  29.996  -35.633  60.977 0.0000000000
52590  30.130  -35.538  59.995 0.0000000000
52619  30.290  -35.413  58.240 0.0000000000
52605  29.857  -35.013  58.247 0.0000000000
53597  29.901  -34.948  57.713 0.0000000000
53605  29.781  -34.317  57.288 0.0000000000
53596  30.224  -34.687  57.098 0.0000000000
52615  34.065  -34.990  58.355 0.0000000000
52616  33.018  -35.424  58.164 0.0000000000
52627  33.421  -34.821  57.763 0.0000000000
53603  32.348  -34.288  56.259 0.0000000000
53615  31.392  -34.035  55.803 0.0000000000
54583  31.647  -33.581  55.031 0.0000000000
54605  31.086  -33.186  54.710 0.0000000000
138385  32.343  -33.561  54.716 0.0000000000
54601  34.555  -33.831  54.012 0.0000000000
54602  33.683  -33.606  54.065 0.0000000000
54619  34.240  -33.358  53.271 0.0000000000
54636  34.304  -32.869  52.620 0.0000000000
54618  35.118  -33.647  53.324 0.0000000000
137648  35.726  -33.366  52.837 0.0000000000
126403  35.851  -33.679  53.478 0.0000000000
53623  37.655  -34.421  54.754 0.0000000000
44089  36.231  -42.770  61.502 0.0000000000
44077  36.694  -43.276  62.326 0.0000000000
44076  37.322  -42.701  62.376 0.0000000000
45299  38.331  -41.923  62.980 0.0000000000
46406  38.839  -41.180  63.028 0.0000000000
47459  39.494  -39.908  63.238 0.0000000000
77227  50.558  -10.710  37.425 0.0000000000
77226  51.118  -9.938  37.758 0.0000000000
125170  51.254  -10.516  36.960 0.0000000000
76349  51.051  -11.863  36.074 0.0000000000
73491  49.340  -14.530  43.347 0.0000000000
73513  49.354  -14.733  40.721 0.0000000000
73506  48.392  -14.016  41.465 0.0000000000
74467  48.185  -13.438  40.985 0.0000000000
75401  48.216  -12.728  40.433 0.0000000000
147853  48.425  -13.517  40.284 0.0000000000
73542  50.816  -14.416  38.634 0.0000000000
73528  50.361  -14.525  39.327 0.0000000000
73543  49.940  -14.201  38.587 0.0000000000
74497  49.157  -13.308  38.418 0.0000000000
74496  49.677  -13.732  38.002 0.0000000000
74513  49.502  -13.031  37.721 0.0000000000
74512  50.175  -13.538  37.216 0.0000000000
65506  48.953  -22.769  44.261 0.0000000000
65507  48.037  -22.809  44.115 0.0000000000
64441  47.907  -23.792  45.211 0.0000000000
46440  36.796  -41.356  61.284 0.0000000000
68593  45.771  -20.386  44.528 0.0000000000
123542  46.017  -19.648  44.712 0.0000000000
68602  46.367  -20.305  44.141 0.0000000000
142513  46.900  -20.313  43.706 0.0000000000
67609  47.368  -20.801  43.380 0.0000000000
67608  47.976  -20.461  42.861 0.0000000000
137885  40.065  -22.294  49.934 0.0000000000
65443  39.676  -22.585  50.594 0.0000000000
64378  39.067  -23.160  50.100 0.0000000000
64379  38.491  -23.536  50.530 0.0000000000
57655  35.427  -30.455  50.367 0.0000000000
56663  35.620  -31.187  50.600 0.0000000000
56644  36.823  -31.879  51.024 0.0000000000
55644  37.299  -32.476  51.499 0.0000000000
55623  36.964  -32.839  52.016 0.0000000000
54633  37.172  -33.296  52.542 0.0000000000
36434  14.558  -50.158  66.296 0.0000000000
35320  14.938  -50.902  66.328 0.0000000000
34228  14.510  -52.097  67.447 0.0000000000
35293  13.000  -51.994  68.394 0.0000000000
34127  10.077  -52.474  75.291 0.0000000000
47490  27.612  -39.964  61.143 0.0000000000
41819  21.550  -45.574  63.764 0.0000000000
41818  22.258  -45.126  63.822 0.0000000000
145596  22.083  -45.657  64.274 0.0000000000
55519  29.941  -32.776  60.066 0.0000000000
51459  37.826  -35.835  60.749 0.0000000000
52588  36.468  -35.135  59.968 0.0000000000
52575  37.615  -34.849  61.013 0.0000000000
145944  34.136  -28.422  52.655 0.0000000000
40881  19.145  -45.831  62.785 0.0000000000
40863  19.389  -46.526  63.223 0.0000000000
40864  18.376  -46.370  62.973 0.0000000000
40865  17.417  -46.487  63.362 0.0000000000
41797  16.455  -45.805  64.749 0.0000000000
141342  16.036  -45.778  65.415 0.0000000000
39781  15.435  -47.109  65.546 0.0000000000
46416  19.731  -41.858  63.315 0.0000000000
46415  20.254  -41.267  63.518 0.0000000000
46434  19.680  -42.155  62.609 0.0000000000
45309  19.434  -42.746  62.293 0.0000000000
45325  19.951  -43.041  61.764 0.0000000000
42889  19.991  -43.904  61.812 0.0000000000
50429  31.784  -37.350  62.437 0.0000000000
50428  32.700  -37.555  62.687 0.0000000000
142991  33.201  -37.654  61.950 0.0000000000
50441  34.024  -37.726  61.554 0.0000000000
133070  36.972  -38.979  61.219 0.0000000000
139441  37.239  -38.351  60.607 0.0000000000
50458  37.514  -37.562  60.252 0.0000000000
49475  37.953  -38.244  60.691 0.0000000000
49448  39.280  -38.567  62.004 0.0000000000
70654  48.642  -17.591  44.202 0.0000000000
70652  50.697  -16.920  44.264 0.0000000000
72547  52.840  -16.306  42.906 0.0000000000
138273  52.559  -17.042  42.792 0.0000000000
67619  50.060  -20.551  42.167 0.0000000000
67628  50.544  -19.981  41.638 0.0000000000
67618  50.941  -20.705  41.969 0.0000000000
67626  52.408  -20.351  41.386 0.0000000000
67616  52.751  -20.816  42.043 0.0000000000
66532  42.755  -21.987  46.062 0.0000000000
65498  43.307  -22.414  45.642 0.0000000000
65481  42.215  -23.198  46.451 0.0000000000
63449  40.530  -24.299  47.959 0.0000000000
143219  40.940  -24.925  47.827 0.0000000000
61613  42.125  -26.845  48.223 0.0000000000
148427  42.085  -27.613  48.724 0.0000000000
145556  41.883  -27.830  48.968 0.0000000000
58674  38.288  -29.582  49.763 0.0000000000
58659  38.932  -29.896  50.056 0.0000000000
59672  40.998  -28.951  49.930 0.0000000000
131948  40.578  -29.665  50.252 0.0000000000
42880  34.177  -44.160  61.230 0.0000000000
41847  33.752  -44.835  61.737 0.0000000000
128550  34.125  -45.302  62.450 0.0000000000
66491  42.957  -20.595  48.913 0.0000000000
67557  43.441  -20.290  48.205 0.0000000000
67584  43.072  -21.112  46.328 0.0000000000
37572  19.311  -49.325  64.989 0.0000000000
37566  19.866  -49.509  65.740 0.0000000000
36442  19.244  -50.141  65.454 0.0000000000
31015  14.415  -55.641  70.526 0.0000000000
31005  14.534  -56.167  71.320 0.0000000000
29927  13.872  -56.563  71.642 0.0000000000
29919  13.120  -56.814  71.965 0.0000000000
36390  11.720  -50.068  70.368 0.0000000000
36404  11.669  -50.921  69.781 0.0000000000
35266  11.345  -51.581  70.432 0.0000000000
125796  10.160  -53.076  72.998 0.0000000000
32060  10.216  -54.505  72.438 0.0000000000
30999  10.560  -55.505  72.456 0.0000000000
30988  10.398  -55.958  73.071 0.0000000000
29912  10.247  -56.372  73.635 0.0000000000
29903  9.114  -56.261  74.302 0.0000000000
32028  8.064  -54.661  76.019 0.0000000000
30956  7.234  -55.891  76.533 0.0000000000
46459  32.964  -41.921  60.796 0.0000000000
45330  31.847  -42.512  60.486 0.0000000000
44106  28.962  -42.958  60.311 0.0000000000
44105  29.774  -43.186  60.288 0.0000000000
41832  29.562  -45.488  62.221 0.0000000000
41852  28.979  -44.971  61.856 0.0000000000
126241  23.844  -39.459  61.596 0.0000000000
124020  25.082  -40.059  61.162 0.0000000000
47492  24.277  -40.171  61.295 0.0000000000
45320  24.592  -41.535  61.601 0.0000000000
44055  24.266  -44.015  64.198 0.0000000000
44068  24.606  -43.460  63.718 0.0000000000
63463  45.023  -24.675  46.127 0.0000000000
63462  45.931  -24.763  46.215 0.0000000000
62537  47.067  -25.176  47.252 0.0000000000
58604  30.456  -29.979  54.572 0.0000000000
57619  30.688  -30.284  53.815 0.0000000000
57604  30.378  -30.787  54.351 0.0000000000
56596  30.591  -31.602  54.287 0.0000000000
55607  31.210  -31.923  53.739 0.0000000000
50479  30.955  -36.929  59.821 0.0000000000
51496  30.532  -36.200  59.442 0.0000000000
51510  30.951  -36.453  59.029 0.0000000000
52618  30.986  -35.829  58.300 0.0000000000
53593  33.818  -34.516  57.388 0.0000000000
54568  33.108  -33.986  55.778 0.0000000000
127670  33.119  -33.748  54.871 0.0000000000
54582  33.665  -33.987  55.429 0.0000000000
124080  34.879  -34.104  54.839 0.0000000000
123308  35.863  -34.349  54.882 0.0000000000
42866  36.139  -43.999  62.494 0.0000000000
44065  36.789  -43.924  63.077 0.0000000000
44063  37.941  -42.929  63.691 0.0000000000
126380  50.298  -10.294  38.207 0.0000000000
76341  50.031  -11.560  37.239 0.0000000000
72550  49.970  -15.206  41.871 0.0000000000
72563  49.922  -15.258  41.070 0.0000000000
73561  51.141  -14.401  37.794 0.0000000000
42834  17.686  -43.925  65.070 0.0000000000
46399  19.868  -41.678  64.064 0.0000000000
45278  19.269  -42.253  64.071 0.0000000000
45294  18.709  -42.956  63.640 0.0000000000
66553  50.883  -21.759  43.237 0.0000000000
65504  51.301  -22.214  44.021 0.0000000000
128666  50.718  -22.601  44.422 0.0000000000
64454  50.078  -23.084  45.240 0.0000000000
50414  35.759  -37.722  63.644 0.0000000000
125802  47.422  -18.202  44.699 0.0000000000
68592  46.956  -18.736  44.270 0.0000000000
69615  47.928  -18.075  43.857 0.0000000000
69620  49.137  -18.240  42.692 0.0000000000
70673  49.994  -18.055  42.355 0.0000000000
68608  48.965  -19.610  42.334 0.0000000000
67620  49.271  -20.358  42.412 0.0000000000
26656  7.697  -59.215  76.341 0.0000000000
65464  40.982  -22.064  47.822 0.0000000000
64399  40.206  -23.414  48.295 0.0000000000
65466  39.797  -22.896  48.925 0.0000000000
62512  39.804  -25.324  48.762 0.0000000000
60627  35.565  -27.736  50.645 0.0000000000
59673  35.949  -28.186  50.144 0.0000000000
58676  36.682  -29.217  49.669 0.0000000000
57664  36.918  -29.865  49.690 0.0000000000
135527  36.068  -30.742  50.194 0.0000000000
57663  37.597  -30.070  49.818 0.0000000000
57652  38.359  -30.331  50.109 0.0000000000
55641  40.143  -32.451  51.803 0.0000000000
55620  39.634  -33.108  52.406 0.0000000000
135074  40.301  -33.475  52.981 0.0000000000
41830  31.784  -45.651  62.211 0.0000000000
40876  32.931  -45.822  62.656 0.0000000000
40877  32.304  -46.009  62.706 0.0000000000
36444  17.642  -50.727  65.060 0.0000000000
148968  16.855  -50.693  65.158 0.0000000000
35305  17.026  -52.197  66.889 0.0000000000
33158  15.115  -54.217  68.941 0.0000000000
33181  14.751  -53.578  68.422 0.0000000000
32118  14.526  -54.675  69.424 0.0000000000
32096  13.166  -54.863  69.955 0.0000000000
35237  10.658  -51.806  72.716 0.0000000000
32048  9.351  -54.034  73.801 0.0000000000
125592  8.962  -53.985  74.700 0.0000000000
32032  8.713  -53.937  75.596 0.0000000000
33090  9.754  -52.808  75.949 0.0000000000
32022  8.896  -53.878  77.650 0.0000000000
46447  30.693  -41.549  60.857 0.0000000000
46463  29.163  -41.565  60.415 0.0000000000
46449  28.606  -40.905  60.748 0.0000000000
45333  28.670  -42.109  60.198 0.0000000000
45322  22.322  -42.147  61.613 0.0000000000
134030  23.092  -42.080  61.806 0.0000000000
45307  22.759  -42.812  62.209 0.0000000000
42858  23.429  -43.939  63.669 0.0000000000
42848  23.076  -44.721  64.029 0.0000000000
42847  23.782  -44.489  64.205 0.0000000000
62506  46.058  -25.986  48.046 0.0000000000
56557  29.580  -31.758  57.176 0.0000000000
55568  29.630  -32.623  56.548 0.0000000000
51493  34.170  -36.379  59.140 0.0000000000
52603  34.305  -35.468  58.799 0.0000000000
53578  34.941  -34.950  58.810 0.0000000000
52589  36.085  -35.084  59.665 0.0000000000
53586  34.746  -34.693  58.312 0.0000000000
54538  35.096  -34.567  58.203 0.0000000000
70689  53.282  -18.147  39.915 0.0000000000
70699  53.215  -17.201  39.750 0.0000000000
28760  5.143  -57.888  79.676 0.0000000000
63395  37.720  -24.559  52.221 0.0000000000
60600  35.728  -27.023  51.911 0.0000000000
59660  34.160  -28.433  51.618 0.0000000000
57656  34.683  -30.194  50.686 0.0000000000
57640  34.275  -30.684  51.118 0.0000000000
131231  34.544  -31.289  51.240 0.0000000000
144302  34.444  -31.869  51.692 0.0000000000
39779  19.915  -48.010  64.495 0.0000000000
39790  19.461  -47.731  63.867 0.0000000000
38703  19.132  -48.580  64.260 0.0000000000
37581  17.623  -49.373  64.317 0.0000000000
40851  16.690  -46.524  64.073 0.0000000000
39800  17.191  -47.296  63.668 0.0000000000
39792  17.016  -47.898  63.962 0.0000000000
37567  14.930  -49.433  65.896 0.0000000000
37555  13.741  -49.820  66.868 0.0000000000
48432  26.650  -39.289  63.150 0.0000000000
49451  25.168  -38.708  62.531 0.0000000000
49452  24.370  -38.624  62.359 0.0000000000
143498  24.259  -38.900  61.814 0.0000000000
48436  21.782  -39.885  62.992 0.0000000000
47466  20.734  -40.791  62.909 0.0000000000
47480  21.441  -40.402  62.446 0.0000000000
47495  21.608  -40.918  61.775 0.0000000000
46454  21.991  -41.531  61.568 0.0000000000
44095  21.859  -42.929  61.744 0.0000000000
44083  21.496  -43.677  61.974 0.0000000000
42872  21.162  -44.399  62.277 0.0000000000
147942  20.491  -44.429  62.074 0.0000000000
54503  30.103  -33.948  61.209 0.0000000000
53564  30.055  -34.658  61.539 0.0000000000
50443  31.248  -37.180  61.619 0.0000000000
51479  30.821  -37.011  60.696 0.0000000000
50478  31.887  -37.181  59.773 0.0000000000
50477  32.852  -37.214  59.674 0.0000000000
50426  34.939  -37.684  62.196 0.0000000000
142334  33.976  -37.775  60.681 0.0000000000
50476  33.772  -37.242  59.590 0.0000000000
144358  36.034  -36.664  59.489 0.0000000000
51477  37.383  -36.512  60.054 0.0000000000
73490  50.426  -14.704  43.463 0.0000000000
72548  52.305  -15.910  42.276 0.0000000000
72549  51.030  -15.469  42.100 0.0000000000
72556  52.093  -16.289  41.503 0.0000000000
71599  52.398  -16.826  41.171 0.0000000000
70690  52.714  -17.697  40.282 0.0000000000
70691  52.219  -18.121  40.742 0.0000000000
65510  45.391  -22.210  44.543 0.0000000000
63476  44.710  -24.036  45.634 0.0000000000
137026  43.581  -23.090  45.562 0.0000000000
63477  43.888  -23.823  45.737 0.0000000000
62540  44.472  -25.145  46.626 0.0000000000
65471  41.352  -22.589  47.171 0.0000000000
65482  41.677  -23.068  46.741 0.0000000000
63448  41.261  -24.288  47.378 0.0000000000
63447  42.154  -24.729  47.168 0.0000000000
63466  42.690  -24.432  46.614 0.0000000000
62528  43.870  -25.644  47.150 0.0000000000
144994  44.429  -26.077  47.665 0.0000000000
61611  44.603  -26.862  48.072 0.0000000000
61592  44.301  -27.589  48.694 0.0000000000
139528  43.366  -27.761  48.489 0.0000000000
63409  37.928  -23.936  50.868 0.0000000000
63421  38.153  -23.979  50.214 0.0000000000
132976  38.350  -24.438  49.704 0.0000000000
60638  37.114  -27.673  49.708 0.0000000000
59689  38.325  -28.677  49.486 0.0000000000
128682  39.867  -26.894  49.087 0.0000000000
60635  41.086  -27.633  49.135 0.0000000000
59671  41.956  -29.022  49.739 0.0000000000
59670  42.902  -28.967  49.796 0.0000000000
44090  35.492  -43.068  61.168 0.0000000000
129913  35.627  -43.775  61.871 0.0000000000
68575  45.720  -19.226  46.315 0.0000000000
67583  44.361  -20.195  45.854 0.0000000000
68584  44.977  -20.063  45.355 0.0000000000
67592  45.189  -20.545  44.827 0.0000000000
135124  18.159  -51.251  65.655 0.0000000000
38673  13.550  -47.860  67.759 0.0000000000
37556  13.224  -49.020  67.482 0.0000000000
126773  13.123  -49.863  67.463 0.0000000000
36413  12.844  -50.359  67.923 0.0000000000
34193  12.332  -52.472  68.987 0.0000000000
137764  12.517  -53.352  69.156 0.0000000000
32097  12.393  -54.645  70.139 0.0000000000
34171  10.981  -52.880  71.093 0.0000000000
33130  10.765  -53.430  71.599 0.0000000000
32098  11.703  -54.331  70.480 0.0000000000
32076  12.082  -55.095  70.671 0.0000000000
29920  12.230  -56.810  72.293 0.0000000000
29921  11.540  -56.608  72.649 0.0000000000
29910  12.077  -57.046  72.975 0.0000000000
28803  10.374  -57.608  74.372 0.0000000000
30967  8.019  -55.563  75.250 0.0000000000
27627  8.178  -58.143  75.615 0.0000000000
126377  8.125  -58.816  75.985 0.0000000000
128293  6.421  -58.037  76.930 0.0000000000
30933  7.299  -55.338  78.702 0.0000000000
28759  5.547  -57.204  79.298 0.0000000000
52541  30.823  -35.419  63.379 0.0000000000
45328  33.387  -42.403  60.591 0.0000000000
132785  33.228  -43.791  60.743 0.0000000000
41849  32.087  -45.126  61.594 0.0000000000
45331  31.056  -42.560  60.408 0.0000000000
44104  30.639  -43.424  60.351 0.0000000000
42903  31.172  -44.098  60.554 0.0000000000
42883  31.595  -44.642  61.045 0.0000000000
48446  26.481  -39.212  62.217 0.0000000000
47491  26.874  -39.903  60.977 0.0000000000
46466  26.006  -40.944  60.807 0.0000000000
147379  26.587  -41.249  60.654 0.0000000000
45335  26.897  -41.841  60.608 0.0000000000
44094  26.751  -43.212  61.374 0.0000000000
45306  23.660  -42.458  62.434 0.0000000000
45305  24.494  -42.287  62.357 0.0000000000
45304  25.261  -42.570  62.256 0.0000000000
45303  25.956  -42.933  61.816 0.0000000000
44078  27.131  -43.871  61.749 0.0000000000
144865  27.435  -44.462  62.075 0.0000000000
64458  46.641  -23.217  44.574 0.0000000000
64442  46.998  -23.813  45.069 0.0000000000
63473  47.417  -24.275  45.737 0.0000000000
62505  46.884  -25.845  48.178 0.0000000000
59626  32.870  -28.669  53.706 0.0000000000
137190  32.370  -28.968  53.247 0.0000000000
58631  32.391  -29.536  52.629 0.0000000000
58619  31.163  -29.842  53.470 0.0000000000
57632  31.681  -30.031  52.883 0.0000000000
57631  32.353  -30.424  52.403 0.0000000000
56647  33.037  -30.866  51.886 0.0000000000
56625  33.474  -31.657  52.100 0.0000000000
54525  29.797  -33.711  59.471 0.0000000000
52604  30.175  -35.344  58.995 0.0000000000
53580  29.782  -34.530  58.803 0.0000000000
54526  29.598  -33.749  58.555 0.0000000000
54554  29.564  -33.693  57.710 0.0000000000
54570  29.673  -33.521  56.904 0.0000000000
54585  29.961  -33.348  56.108 0.0000000000
52617  31.978  -35.725  58.164 0.0000000000
52629  31.397  -35.269  57.630 0.0000000000
53594  32.894  -34.602  57.079 0.0000000000
131691  31.875  -34.733  57.022 0.0000000000
53595  30.972  -34.828  57.032 0.0000000000
53604  30.697  -34.339  56.465 0.0000000000
53616  30.533  -33.814  55.913 0.0000000000
54584  30.476  -33.249  55.414 0.0000000000
55579  30.505  -32.736  54.970 0.0000000000
55606  31.546  -32.707  53.988 0.0000000000
54621  32.212  -32.910  53.728 0.0000000000
54603  32.783  -33.347  54.053 0.0000000000
55605  32.850  -32.802  53.323 0.0000000000
54637  33.628  -32.810  52.925 0.0000000000
55625  34.732  -32.580  52.128 0.0000000000
55624  35.551  -32.799  52.187 0.0000000000
54616  37.451  -33.652  53.242 0.0000000000
133650  36.325  -33.947  54.038 0.0000000000
123936  37.008  -33.864  53.741 0.0000000000
45314  36.455  -42.026  61.327 0.0000000000
45313  37.178  -42.086  61.698 0.0000000000
46423  37.601  -41.453  61.593 0.0000000000
47473  38.729  -40.555  62.118 0.0000000000
45284  38.340  -42.357  63.714 0.0000000000
47472  39.207  -39.861  62.397 0.0000000000
48443  39.511  -39.046  62.714 0.0000000000
73499  48.407  -14.150  42.241 0.0000000000
76292  48.180  -11.882  42.288 0.0000000000
76299  48.186  -11.964  41.249 0.0000000000
76305  48.558  -11.877  40.250 0.0000000000
141166  48.811  -11.824  39.554 0.0000000000
71607  51.963  -16.092  40.091 0.0000000000
141892  51.263  -15.655  40.239 0.0000000000
73512  49.950  -14.846  40.176 0.0000000000
73530  48.789  -13.897  39.805 0.0000000000
74481  48.841  -13.612  39.041 0.0000000000
74498  48.700  -12.956  38.915 0.0000000000
135892  49.164  -11.391  39.129 0.0000000000
76331  49.263  -11.735  38.394 0.0000000000
76342  49.623  -11.403  37.900 0.0000000000
75447  50.448  -12.209  36.554 0.0000000000
73576  50.749  -14.138  37.190 0.0000000000
134974  50.400  -13.039  36.591 0.0000000000
47500  26.702  -40.587  60.720 0.0000000000
48459  24.627  -39.420  61.494 0.0000000000
51476  38.075  -36.870  60.574 0.0000000000
53613  36.804  -34.571  55.149 0.0000000000
54598  37.663  -33.979  53.989 0.0000000000
54599  37.001  -34.203  54.349 0.0000000000
57618  31.208  -30.520  53.250 0.0000000000
58662  34.412  -29.472  50.742 0.0000000000
59661  33.595  -29.021  51.662 0.0000000000
73514  48.720  -14.167  40.688 0.0000000000
74482  48.489  -13.235  39.615 0.0000000000
75398  47.869  -12.527  41.954 0.0000000000
75426  48.879  -12.179  38.949 0.0000000000
75437  49.493  -12.159  37.711 0.0000000000
76315  49.052  -11.254  39.931 0.0000000000
123702  37.069  -35.373  60.348 0.0000000000
142057  47.354  -18.442  43.979 0.0000000000
143173  51.636  -15.846  41.762 0.0000000000
143426  49.364  -13.818  38.643 0.0000000000
144609  30.832  -29.709  54.063 0.0000000000
146726  21.861  -40.355  61.970 0.0000000000
