#!ascii label  , from subject sub-v1s22x0050503_ses-1 vox2ras=TkReg
1394
112391  -22.411  -42.015  2.988 0.5000000000
25731  -22.458  -41.536  3.003 0.4000000060
24978  -22.454  -41.956  3.101 0.6000000238
26491  -22.660  -40.844  3.022 0.6000000238
26501  -22.916  -40.561  2.925 0.6000000238
26502  -23.545  -40.200  2.640 0.6000000238
25732  -22.691  -41.185  3.135 0.6999999881
24965  -23.134  -42.216  3.730 0.6999999881
26492  -22.889  -40.382  3.042 0.6999999881
27306  -22.865  -40.287  3.083 0.6999999881
27314  -23.197  -39.880  2.951 0.6999999881
27316  -24.332  -38.967  2.402 0.5000000000
27315  -23.644  -39.395  2.636 0.6999999881
98437  -24.405  -39.883  2.463 0.5000000000
24154  -19.282  -43.178  10.968 0.5000000000
26481  -23.393  -40.708  3.537 0.6999999881
26493  -23.347  -39.995  3.368 0.6999999881
100708  -23.430  -39.079  2.911 0.6999999881
27307  -23.238  -39.652  3.069 0.6999999881
28081  -23.421  -38.531  3.151 0.6999999881
24940  -26.592  -42.573  6.567 0.6999999881
24955  -26.204  -42.183  5.838 0.6999999881
25721  -24.167  -41.219  4.194 0.6999999881
24888  -19.770  -42.480  10.655 0.6000000238
24152  -17.588  -43.674  9.727 0.4000000060
112029  -23.691  -38.731  2.641 0.6999999881
28893  -23.500  -37.309  2.883 0.6999999881
96531  -24.994  -38.313  2.397 0.6000000238
114094  -27.286  -42.431  7.419 0.6999999881
24927  -26.937  -42.792  7.325 0.6999999881
25712  -25.713  -41.651  5.204 0.6999999881
25701  -26.877  -41.858  6.244 0.6999999881
24941  -27.193  -42.253  6.902 0.6999999881
24890  -21.505  -41.943  11.071 0.6000000238
25713  -26.478  -41.378  5.579 0.6999999881
27298  -24.545  -39.551  4.201 0.6999999881
25714  -27.166  -41.091  6.040 0.6999999881
24171  -18.135  -42.783  9.486 0.5000000000
24887  -18.944  -42.633  10.130 0.5000000000
27308  -23.712  -39.269  3.644 0.6999999881
26475  -26.740  -40.533  5.404 0.6999999881
28086  -23.535  -38.187  2.859 0.6999999881
25723  -25.995  -40.815  4.905 0.6999999881
24169  -16.786  -43.739  9.128 0.4000000060
28075  -23.794  -38.474  3.716 0.6999999881
27300  -26.320  -39.113  4.764 0.6999999881
27292  -26.991  -39.619  5.341 0.6999999881
28886  -23.380  -37.434  3.107 0.6999999881
28076  -25.476  -38.376  4.522 0.6999999881
112214  -23.877  -38.091  2.516 0.6999999881
96794  -24.254  -38.002  4.085 0.6999999881
97178  -25.625  -37.692  2.455 0.6000000238
28894  -23.979  -37.182  2.595 0.6999999881
29743  -23.527  -36.519  2.862 0.6999999881
30699  -26.751  -35.553  2.657 0.5000000000
99920  -27.072  -36.891  2.755 0.5000000000
28896  -28.626  -37.513  2.938 0.4000000060
28895  -27.660  -37.598  2.799 0.5000000000
25689  -28.062  -41.210  7.490 0.6999999881
26406  -21.966  -40.775  10.196 0.6000000238
26483  -25.290  -40.190  4.480 0.6999999881
26476  -27.415  -40.293  5.955 0.6999999881
28074  -23.638  -37.898  3.526 0.6999999881
98841  -24.444  -38.806  4.171 0.6999999881
28878  -23.842  -37.098  3.825 0.6999999881
30698  -25.631  -35.333  2.484 0.6999999881
100412  -24.961  -37.022  2.456 0.6999999881
29753  -25.294  -36.224  2.476 0.6999999881
26409  -25.158  -40.986  10.619 0.6999999881
100988  -26.783  -40.991  10.388 0.6999999881
26425  -27.982  -40.701  9.967 0.8000000119
108158  -24.447  -40.595  10.515 0.6000000238
26410  -25.921  -40.522  10.521 0.6000000238
110128  -27.869  -41.261  9.685 0.8000000119
26408  -23.717  -40.686  10.482 0.6000000238
27223  -24.095  -39.979  10.297 0.6000000238
25679  -28.297  -41.087  8.528 0.6999999881
26407  -22.854  -40.744  10.382 0.6000000238
25663  -20.335  -41.309  9.734 0.6000000238
25664  -21.125  -40.941  9.886 0.6000000238
27281  -27.970  -40.016  6.522 0.6999999881
24904  -18.757  -42.138  9.437 0.5000000000
25677  -19.743  -41.031  8.993 0.6000000238
26463  -28.216  -40.462  7.119 0.6999999881
28077  -26.457  -38.423  4.859 0.6999999881
30697  -24.382  -35.460  2.493 0.8000000119
29752  -24.211  -36.341  2.568 0.6999999881
28880  -26.303  -37.619  4.810 0.6999999881
111209  -24.526  -34.744  2.464 0.8000000119
107983  -23.336  -36.642  3.017 0.6999999881
29735  -23.788  -36.054  3.846 0.6999999881
105174  -27.405  -36.110  2.901 0.5000000000
29754  -28.966  -36.696  3.158 0.5000000000
105173  -28.395  -35.922  3.087 0.5000000000
27224  -24.993  -39.957  10.480 0.6000000238
26411  -26.671  -40.119  10.447 0.6999999881
27227  -27.351  -39.592  10.446 0.8000000119
110545  -27.462  -40.473  10.282 0.8999999762
26426  -28.346  -40.166  9.701 0.8000000119
25666  -28.239  -40.887  9.364 0.8000000119
26441  -28.530  -40.296  8.876 0.8000000119
26424  -23.275  -40.037  9.977 0.6000000238
26422  -21.574  -40.220  9.372 0.6000000238
26450  -28.461  -40.416  7.909 0.8000000119
25662  -19.006  -41.541  8.975 0.6000000238
26439  -20.572  -40.539  9.121 0.6000000238
27282  -28.427  -39.745  7.237 0.6999999881
24917  -18.327  -41.970  8.856 0.5000000000
28056  -28.098  -39.115  6.419 0.6999999881
28057  -28.471  -38.403  6.615 0.6999999881
24916  -17.598  -42.412  8.686 0.5000000000
25675  -17.840  -41.645  8.216 0.5000000000
28067  -27.462  -38.945  5.659 0.6999999881
110356  -26.888  -38.843  5.158 0.6999999881
96197  -24.240  -34.018  2.655 0.8000000119
30696  -23.667  -35.664  2.783 0.8000000119
111404  -23.462  -36.610  3.325 0.6999999881
29736  -24.684  -36.530  4.315 0.6999999881
98737  -25.735  -36.762  4.621 0.6999999881
30683  -23.463  -35.505  3.044 0.6999999881
100337  -28.067  -36.792  3.120 0.5000000000
28002  -25.188  -38.932  10.408 0.6999999881
27225  -25.883  -39.644  10.512 0.6999999881
27226  -26.548  -39.437  10.524 0.8000000119
27228  -28.048  -39.323  10.343 0.8000000119
27241  -24.383  -39.271  10.158 0.6999999881
28004  -26.827  -38.896  10.620 0.8000000119
110525  -23.763  -39.476  9.932 0.6000000238
27258  -28.665  -39.543  9.327 0.8000000119
110624  -22.711  -39.740  9.581 0.6000000238
27269  -28.727  -39.494  8.291 0.6999999881
115755  -20.055  -40.532  8.711 0.6000000238
28043  -28.633  -38.884  7.352 0.8000000119
28838  -29.085  -38.551  8.236 0.6999999881
112331  -19.184  -41.041  8.479 0.6000000238
28850  -28.989  -38.000  7.267 0.8000000119
24926  -17.081  -42.037  7.932 0.4000000060
100452  -27.084  -38.238  5.250 0.6999999881
28068  -27.927  -38.203  5.836 0.6999999881
24190  -15.538  -43.474  7.076 0.4000000060
29725  -26.726  -36.763  4.984 0.6999999881
31586  -23.584  -35.178  2.883 0.8000000119
30684  -23.634  -35.370  3.382 0.8000000119
114053  -25.364  -36.258  4.508 0.6999999881
31601  -25.368  -34.357  2.474 0.8000000119
110698  -26.570  -34.806  2.584 0.6999999881
107103  -29.220  -36.028  2.955 0.5000000000
29755  -29.770  -36.534  2.612 0.4000000060
107533  -25.748  -38.207  10.600 0.6000000238
96580  -26.414  -38.380  10.697 0.6999999881
28005  -27.608  -38.792  10.567 0.8000000119
28006  -28.371  -38.625  10.312 0.8000000119
28017  -23.799  -38.786  9.734 0.6999999881
27240  -23.176  -39.332  9.620 0.6999999881
28019  -28.807  -38.819  9.710 0.8000000119
27239  -22.476  -39.246  9.292 0.6000000238
27238  -21.766  -39.445  8.965 0.6000000238
28020  -29.261  -38.187  9.224 0.8000000119
26438  -19.599  -40.476  8.318 0.6000000238
96754  -20.285  -40.104  8.490 0.6000000238
28872  -28.085  -37.424  5.744 0.8000000119
28863  -28.552  -37.721  6.355 0.8000000119
29726  -27.035  -36.115  5.067 0.8000000119
28871  -27.331  -37.480  5.338 0.6999999881
25687  -17.386  -41.304  7.460 0.4000000060
115229  -24.496  -33.285  2.808 0.8000000119
31587  -23.549  -34.866  3.006 0.8000000119
31573  -23.894  -34.433  3.388 0.8000000119
30673  -24.861  -35.706  4.325 0.8000000119
32406  -25.098  -33.499  2.543 0.8000000119
30672  -24.064  -35.233  3.820 0.8000000119
113297  -25.943  -32.968  2.447 0.8000000119
105081  -27.579  -34.369  2.629 0.6000000238
30701  -29.046  -35.310  2.792 0.5000000000
28806  -24.856  -37.904  10.295 0.6000000238
100433  -27.055  -38.230  10.789 0.6999999881
28809  -27.262  -37.594  10.965 0.6999999881
113693  -28.489  -37.732  10.529 0.6999999881
28016  -22.946  -38.613  9.383 0.6000000238
99520  -24.153  -38.129  9.838 0.6000000238
28823  -24.011  -37.202  9.777 0.6000000238
28821  -22.706  -37.762  9.110 0.6000000238
28824  -28.983  -38.099  10.087 0.8000000119
27255  -20.507  -39.379  8.272 0.6000000238
27257  -22.093  -38.550  8.819 0.6000000238
26449  -19.152  -40.106  7.632 0.5000000000
28851  -29.394  -37.602  8.193 0.8000000119
26448  -18.437  -40.359  7.344 0.3000000119
29720  -29.136  -36.364  6.468 0.8000000119
113899  -29.279  -37.422  7.411 0.8000000119
99497  -28.489  -36.296  5.797 0.8000000119
29719  -28.588  -36.973  6.043 0.8000000119
30675  -26.775  -35.440  4.760 0.8000000119
32379  -24.099  -33.480  3.152 0.8000000119
31574  -24.840  -34.615  4.159 0.8000000119
106554  -24.503  -33.553  3.737 0.8000000119
31602  -26.316  -33.888  2.508 0.6999999881
32408  -28.290  -33.618  2.429 0.6000000238
30712  -30.622  -35.151  1.889 0.3000000119
28807  -25.591  -37.430  10.617 0.6000000238
28808  -26.443  -37.647  10.860 0.6999999881
29663  -27.981  -37.126  11.039 0.6999999881
29718  -18.642  -35.761  6.395 0.5000000000
28822  -23.489  -37.971  9.531 0.6000000238
28811  -29.028  -37.317  10.351 0.6999999881
28029  -20.665  -38.572  8.063 0.5000000000
28030  -21.353  -38.103  8.316 0.5000000000
111206  -23.247  -37.220  9.342 0.6000000238
106476  -29.450  -37.126  9.933 0.6999999881
27280  -18.738  -38.812  6.741 0.3000000119
27254  -19.819  -39.759  7.969 0.5000000000
28825  -29.306  -37.643  9.835 0.8000000119
29690  -29.647  -36.786  8.561 0.8000000119
30655  -29.533  -35.465  6.546 0.8999999762
29706  -29.471  -36.796  7.488 0.8000000119
30644  -29.882  -36.173  8.004 0.8000000119
25688  -18.192  -41.011  7.724 0.4000000060
30663  -27.838  -35.699  5.314 0.8999999762
32405  -24.113  -33.548  2.953 0.8000000119
30674  -25.768  -35.290  4.521 0.8000000119
103511  -26.068  -36.044  4.692 0.8000000119
32409  -29.290  -33.831  2.295 0.6000000238
109588  -29.748  -34.695  2.369 0.6000000238
29660  -24.894  -36.645  10.317 0.6000000238
104806  -26.013  -36.629  10.829 0.6000000238
28795  -27.002  -36.923  11.176 0.6999999881
29648  -28.310  -36.355  11.257 0.8000000119
28042  -20.723  -37.694  7.842 0.6000000238
28837  -21.992  -37.447  8.563 0.5000000000
29688  -22.639  -36.650  8.807 0.6000000238
114728  -28.567  -37.223  10.693 0.6999999881
29665  -29.417  -36.537  10.379 0.8000000119
28040  -19.417  -38.489  7.193 0.4000000060
29677  -29.709  -36.689  9.520 0.6999999881
27267  -19.298  -39.335  7.399 0.4000000060
28839  -29.495  -37.340  9.224 0.8000000119
31562  -27.508  -34.713  4.771 0.8999999762
30664  -28.829  -35.669  5.851 0.8000000119
98519  -29.591  -36.051  7.202 0.8000000119
31563  -28.411  -34.216  4.962 0.8000000119
97373  -26.110  -32.980  4.285 0.8000000119
31575  -26.214  -34.624  4.506 0.6999999881
108005  -24.521  -32.611  3.053 0.8000000119
98143  -25.505  -33.717  4.262 0.8000000119
116118  -24.625  -31.967  3.281 0.8000000119
33230  -27.910  -32.674  2.228 0.6999999881
33245  -29.573  -32.525  1.591 0.6000000238
111196  -30.159  -32.835  1.498 0.6000000238
33246  -30.728  -32.789  1.428 0.6000000238
29676  -24.065  -35.938  9.625 0.6000000238
29646  -26.699  -36.042  11.197 0.8000000119
29647  -27.566  -36.259  11.353 0.6999999881
30654  -20.006  -33.875  6.865 0.5000000000
113849  -22.371  -35.842  8.482 0.5000000000
29664  -28.724  -36.757  10.833 0.8000000119
29704  -21.019  -36.099  7.749 0.5000000000
29687  -21.796  -36.195  8.281 0.5000000000
30590  -29.006  -35.962  11.120 0.8000000119
29702  -19.497  -35.760  6.736 0.5000000000
30618  -30.024  -36.029  9.872 0.8000000119
30619  -30.490  -35.471  9.389 0.8000000119
29678  -30.107  -36.182  8.979 0.8000000119
30630  -30.411  -35.557  8.410 0.8000000119
98650  -28.481  -34.983  5.375 0.8000000119
102886  -30.080  -35.540  7.460 0.8000000119
33201  -24.836  -31.925  3.697 0.8000000119
98467  -27.319  -33.160  4.478 0.8000000119
97372  -26.784  -33.879  4.471 0.8999999762
33228  -25.565  -32.094  2.480 0.8000000119
33217  -24.672  -31.700  3.091 0.8000000119
32407  -27.168  -33.327  2.431 0.6999999881
33229  -26.708  -32.366  2.259 0.6999999881
32416  -28.928  -32.971  2.092 0.6999999881
33243  -27.440  -31.710  1.983 0.6999999881
33244  -28.695  -31.997  1.713 0.6999999881
112453  -29.564  -31.896  1.422 0.6999999881
30602  -24.899  -34.513  9.873 0.8000000119
29661  -25.313  -35.659  10.465 0.6000000238
30603  -25.636  -34.762  10.546 0.6000000238
30604  -26.370  -35.073  11.087 0.8000000119
29674  -20.226  -35.859  9.392 0.6000000238
31518  -20.696  -33.759  8.322 0.5000000000
107997  -23.565  -35.337  9.073 0.6000000238
30617  -24.135  -34.536  9.206 0.6000000238
30588  -27.163  -35.356  11.407 0.8000000119
28001  -20.450  -38.445  11.051 0.6000000238
29657  -20.838  -36.593  10.129 0.6000000238
30600  -20.895  -35.538  9.743 0.6000000238
32342  -21.614  -33.347  7.970 0.5000000000
30629  -22.754  -34.291  8.334 0.5000000000
27957  -19.998  -38.374  13.022 0.5000000000
27991  -20.541  -38.665  11.876 0.5000000000
28793  -20.941  -37.985  11.514 0.6000000238
113252  -21.362  -36.230  10.408 0.6000000238
30643  -20.588  -34.145  7.135 0.5000000000
31532  -22.221  -33.635  8.065 0.5000000000
30591  -29.430  -35.311  11.109 0.8000000119
30605  -29.703  -35.702  10.601 0.8000000119
28777  -20.652  -37.888  12.815 0.5000000000
100772  -22.119  -34.856  8.125 0.5000000000
110839  -18.369  -38.682  13.318 0.4000000060
30606  -30.339  -35.298  10.222 0.6999999881
30645  -30.671  -34.935  7.802 0.8000000119
30665  -29.177  -35.067  5.852 0.8000000119
30656  -30.263  -34.884  6.908 0.8000000119
31554  -30.374  -34.156  6.452 0.8000000119
33997  -24.855  -31.155  3.046 0.8999999762
33986  -24.752  -31.430  3.332 0.8999999762
31576  -27.730  -33.903  4.630 0.8000000119
33202  -25.469  -32.073  4.054 1.0000000000
33999  -26.166  -31.384  2.236 0.8000000119
34014  -26.968  -30.802  1.901 0.6999999881
31512  -25.316  -33.541  9.833 0.8000000119
31502  -26.787  -34.518  11.218 0.8000000119
29658  -21.943  -36.304  10.931 0.6000000238
31522  -24.556  -33.193  9.216 0.6000000238
31503  -27.515  -34.520  11.423 0.8000000119
27977  -20.891  -38.084  12.219 0.5000000000
28805  -21.443  -37.175  11.035 0.6000000238
31510  -21.911  -34.329  9.802 0.6000000238
31521  -23.763  -33.266  8.717 0.6000000238
30589  -28.156  -35.494  11.477 0.8000000119
105796  -28.910  -35.194  11.375 0.8000000119
28794  -21.360  -37.604  11.860 0.5000000000
32325  -23.320  -32.750  9.070 0.6000000238
28757  -19.412  -37.948  13.372 0.4000000060
28759  -21.064  -37.095  13.186 0.4000000060
28778  -21.290  -37.453  12.475 0.4000000060
29644  -21.906  -36.942  11.825 0.4000000060
31514  -30.004  -34.988  10.879 0.6999999881
28758  -20.275  -37.586  13.317 0.4000000060
115582  -21.519  -36.593  13.184 0.4000000060
31499  -23.303  -34.410  11.144 0.4000000060
31524  -30.861  -34.766  9.798 0.6999999881
30566  -21.783  -35.681  13.708 0.4000000060
30567  -22.683  -35.723  12.728 0.5000000000
101549  -31.001  -34.841  8.835 0.6999999881
29619  -20.284  -36.585  13.686 0.3000000119
104241  -22.394  -35.462  13.446 0.5000000000
30577  -23.274  -35.238  12.335 0.5000000000
31564  -29.145  -34.441  5.533 0.8000000119
32368  -29.797  -33.942  5.775 0.8000000119
31545  -30.846  -34.293  7.233 0.8000000119
31546  -31.248  -34.338  8.074 0.8000000119
33987  -25.033  -30.917  3.244 0.8000000119
33975  -25.102  -31.352  3.660 1.0000000000
33203  -26.684  -32.291  4.256 0.8000000119
33204  -27.985  -32.397  4.482 0.8000000119
32367  -29.097  -33.679  5.195 0.8000000119
102010  -29.730  -33.141  5.457 0.8000000119
33205  -29.002  -32.842  4.837 0.8000000119
100371  -25.270  -31.425  2.665 0.8000000119
116009  -26.410  -30.985  3.801 0.8000000119
34015  -28.115  -31.053  1.699 0.6999999881
34016  -29.186  -31.156  1.444 0.6999999881
34017  -30.034  -31.498  1.367 0.6999999881
96185  -30.837  -31.987  1.521 0.6000000238
34682  -30.546  -31.052  1.610 0.6999999881
34681  -29.822  -30.690  1.467 0.6999999881
105115  -31.815  -32.104  1.806 0.6000000238
31513  -26.121  -33.869  10.604 0.8000000119
30601  -21.557  -35.347  10.190 0.5000000000
33149  -24.370  -32.667  9.421 0.8000000119
33155  -24.969  -32.598  9.694 0.8000000119
32328  -25.557  -32.960  9.883 0.8000000119
32314  -26.921  -33.630  10.973 0.8000000119
31511  -22.646  -34.243  10.421 0.6000000238
112789  -23.359  -33.284  10.093 0.5000000000
31523  -25.020  -32.874  9.513 0.8000000119
31504  -28.398  -34.475  11.472 0.6999999881
29630  -21.704  -36.802  12.721 0.4000000060
30586  -22.813  -35.210  11.324 0.5000000000
32326  -23.957  -32.650  9.486 0.6999999881
100374  -27.735  -33.572  11.279 0.6999999881
101341  -29.347  -34.495  11.328 0.6999999881
30565  -21.230  -36.198  13.614 0.3000000119
31515  -30.583  -34.548  10.487 0.6999999881
31516  -31.233  -34.092  10.150 0.6999999881
30568  -23.089  -35.132  13.102 0.5000000000
31525  -31.430  -34.239  9.464 0.6999999881
30543  -21.983  -35.056  14.099 0.4000000060
30544  -22.658  -34.742  13.813 0.4000000060
32357  -30.956  -33.593  6.751 0.8000000119
31534  -31.520  -34.222  8.777 0.6999999881
103444  -30.408  -33.397  6.045 0.8000000119
33187  -30.318  -32.567  5.712 0.8000000119
101729  -30.943  -32.791  6.361 0.6999999881
103111  -27.117  -31.578  4.154 0.8000000119
33186  -29.605  -32.327  5.191 0.8000000119
34650  -25.301  -30.575  3.069 0.8999999762
33998  -25.477  -30.818  2.667 0.8999999762
34651  -25.496  -30.419  3.144 0.8999999762
34652  -26.290  -30.255  3.445 0.8000000119
34639  -28.251  -30.565  4.301 0.8000000119
34678  -26.573  -30.017  2.037 0.8999999762
34664  -25.922  -30.127  2.659 0.8000000119
34679  -27.598  -30.059  1.691 0.8000000119
32419  -31.265  -33.568  1.341 0.4000000060
116340  -28.584  -30.511  1.538 0.8000000119
34680  -29.183  -30.397  1.474 0.6999999881
34666  -31.908  -30.427  2.380 0.5000000000
33136  -25.160  -32.597  10.400 0.6999999881
32315  -27.103  -32.791  10.782 0.6999999881
29620  -22.017  -36.195  13.150 0.4000000060
31501  -24.332  -33.701  11.535 0.6000000238
33150  -25.703  -32.678  10.339 0.6999999881
32316  -28.644  -33.455  11.419 0.6999999881
32317  -29.523  -33.521  11.361 0.6999999881
32318  -30.250  -33.294  11.166 0.6999999881
31505  -30.138  -34.162  11.049 0.6999999881
31483  -23.945  -34.076  13.133 0.5000000000
32330  -30.791  -33.777  10.679 0.6999999881
110838  -23.494  -33.844  13.816 0.4000000060
32339  -31.774  -33.611  9.794 0.6999999881
32284  -22.360  -33.519  14.417 0.3000000119
31466  -22.895  -34.021  14.129 0.3000000119
32295  -24.002  -33.377  13.744 0.5000000000
32351  -31.406  -33.716  7.523 0.6999999881
32340  -32.254  -33.119  9.456 0.6999999881
103120  -31.735  -33.746  8.329 0.6999999881
32358  -31.508  -33.015  7.042 0.6999999881
34638  -27.291  -30.800  3.994 0.8000000119
33977  -28.121  -31.416  4.412 0.8000000119
98310  -28.930  -31.991  4.688 0.8000000119
114874  -29.489  -31.632  4.979 0.8000000119
33978  -28.968  -31.144  4.695 0.8000000119
35398  -26.026  -29.799  3.024 0.8000000119
35415  -26.745  -29.134  1.837 0.8000000119
115882  -26.499  -28.975  2.355 0.8000000119
35406  -26.209  -29.592  2.726 0.8999999762
35416  -27.606  -29.012  1.550 0.8000000119
97576  -29.417  -28.724  1.671 0.8000000119
110026  -31.007  -30.538  2.057 0.6999999881
34018  -31.395  -31.269  1.911 0.6000000238
102932  -29.453  -29.757  1.589 0.6999999881
34665  -30.314  -30.207  1.746 0.6999999881
36263  -29.495  -27.752  1.671 0.6999999881
32329  -26.281  -32.972  10.455 0.6999999881
33129  -25.865  -32.509  12.173 0.6000000238
33137  -25.798  -32.464  11.004 0.6000000238
99716  -26.245  -32.438  10.834 0.6999999881
33139  -27.396  -32.135  10.995 0.6999999881
97565  -27.848  -32.750  11.128 0.6999999881
31492  -24.257  -34.112  12.349 0.5000000000
32313  -24.797  -32.872  10.918 0.6000000238
33140  -28.537  -32.363  11.319 0.6999999881
32307  -25.385  -32.771  11.452 0.6000000238
32283  -21.591  -33.773  14.538 0.3000000119
32296  -24.595  -33.570  12.910 0.5000000000
32306  -24.869  -33.478  11.989 0.5000000000
33130  -26.454  -32.130  11.559 0.6000000238
32319  -30.885  -33.096  10.858 0.6999999881
33121  -23.855  -32.631  14.213 0.4000000060
33122  -24.704  -32.693  13.622 0.5000000000
33123  -25.528  -32.450  13.100 0.6000000238
32345  -32.228  -33.173  8.657 0.6999999881
32332  -32.115  -33.052  10.018 0.6999999881
33860  -23.395  -31.714  14.481 0.3000000119
33160  -31.949  -32.366  7.374 0.6999999881
33961  -29.769  -30.979  5.104 0.8000000119
33962  -30.437  -31.191  5.562 0.6999999881
33171  -30.821  -31.831  6.023 0.6999999881
33928  -31.912  -31.729  6.955 0.6999999881
35387  -27.428  -29.970  3.726 0.8000000119
115419  -29.850  -30.442  4.955 0.8000000119
36239  -26.518  -29.095  2.645 0.8000000119
35399  -26.646  -29.377  3.130 0.8000000119
36259  -26.558  -28.572  2.016 0.8000000119
37087  -27.825  -27.247  2.618 0.8000000119
36230  -28.598  -28.860  3.665 0.8000000119
36242  -28.652  -27.926  3.372 0.8000000119
37088  -28.662  -26.996  3.050 0.8000000119
35417  -30.080  -29.425  1.883 0.6000000238
37108  -29.564  -26.779  1.521 0.6999999881
37096  -30.591  -27.698  2.201 0.6000000238
36252  -31.238  -28.646  2.545 0.6000000238
33138  -26.880  -31.986  11.016 0.6000000238
113960  -29.084  -32.991  11.438 0.6999999881
33880  -26.973  -31.525  12.020 0.6000000238
33141  -29.588  -32.574  11.419 0.6999999881
33868  -25.250  -31.688  13.738 0.4000000060
33891  -29.076  -31.512  11.462 0.6999999881
33869  -26.194  -31.891  12.849 0.5000000000
33870  -26.587  -31.095  12.978 0.5000000000
33143  -31.331  -32.530  10.840 0.6999999881
32331  -31.533  -33.298  10.383 0.6999999881
33867  -24.218  -31.862  14.297 0.3000000119
106545  -24.604  -31.017  14.284 0.3000000119
33172  -31.464  -32.206  6.679 0.6999999881
33153  -32.474  -32.369  9.874 0.6999999881
108300  -24.816  -29.792  14.161 0.3000000119
33161  -32.386  -32.452  8.164 0.6999999881
33156  -32.596  -32.484  9.037 0.6999999881
33929  -32.450  -31.584  7.597 0.6999999881
33917  -32.800  -31.733  8.554 0.6999999881
34640  -29.232  -30.332  4.610 0.8000000119
33963  -31.002  -30.937  5.894 0.6999999881
33945  -31.487  -31.387  6.440 0.6999999881
34611  -33.060  -30.956  8.162 0.6999999881
34614  -32.674  -30.649  7.338 0.6999999881
35388  -28.441  -29.736  4.014 0.8000000119
34623  -32.246  -30.258  6.659 0.6999999881
35357  -32.817  -29.867  7.095 0.6999999881
36240  -26.922  -28.490  2.580 0.8000000119
35400  -27.617  -29.086  3.374 0.8000000119
35389  -29.348  -29.458  4.294 0.8000000119
34641  -29.967  -29.947  4.821 0.8000000119
35366  -31.817  -29.851  6.099 0.8000000119
35367  -32.463  -29.555  6.453 0.6999999881
36250  -26.758  -27.923  2.087 0.8000000119
36232  -30.453  -28.247  4.309 0.8000000119
35391  -31.010  -28.963  4.906 0.8000000119
37093  -26.698  -27.958  1.995 0.8000000119
37094  -27.048  -27.475  2.003 0.8000000119
36231  -29.514  -28.588  3.973 0.8000000119
36233  -31.323  -28.325  4.714 0.8000000119
36260  -26.838  -28.264  1.800 0.8000000119
37958  -27.957  -26.385  2.270 0.8000000119
37076  -29.563  -27.692  3.662 0.8000000119
37077  -30.289  -27.429  3.877 0.8000000119
37078  -31.159  -27.511  4.358 0.8000000119
37106  -27.720  -27.092  1.672 0.8000000119
37089  -29.587  -26.842  3.397 0.8000000119
36261  -27.581  -28.035  1.519 0.8000000119
107234  -32.754  -29.926  2.670 0.5000000000
35407  -30.950  -29.619  2.346 0.6000000238
37107  -28.498  -26.805  1.454 0.8000000119
35408  -31.951  -29.389  2.682 0.6000000238
36253  -32.117  -28.550  2.765 0.6000000238
102780  -31.533  -27.969  2.572 0.6000000238
33889  -27.429  -31.677  11.366 0.6999999881
33890  -28.112  -31.597  11.372 0.6999999881
33892  -30.096  -31.733  11.478 0.6999999881
33881  -27.604  -31.123  11.876 0.5000000000
103654  -25.928  -31.159  13.466 0.4000000060
34569  -26.177  -30.465  13.448 0.4000000060
34581  -26.874  -30.395  12.984 0.5000000000
33893  -30.988  -31.788  11.262 0.6999999881
33152  -32.015  -32.544  10.391 0.6999999881
35309  -25.210  -29.481  13.839 0.3000000119
35311  -26.484  -29.719  13.384 0.3000000119
107908  -31.481  -31.058  11.167 0.6999999881
33901  -32.331  -31.897  10.344 0.6999999881
34567  -24.295  -30.125  14.362 0.3000000119
36144  -25.942  -28.976  13.519 0.3000000119
33902  -32.749  -31.478  10.036 0.6999999881
36154  -25.540  -28.081  13.104 0.3000000119
34612  -33.482  -30.341  8.689 0.6999999881
34628  -30.416  -30.470  5.353 0.8000000119
34622  -31.623  -30.590  6.282 0.6999999881
34615  -33.264  -30.146  7.835 0.6999999881
34629  -31.171  -30.162  5.723 0.6999999881
35368  -33.029  -29.281  6.820 0.6999999881
36241  -27.727  -28.162  3.012 0.8000000119
35378  -31.445  -29.439  5.495 0.6999999881
35379  -32.184  -29.170  5.812 0.8000000119
36223  -32.586  -28.321  5.580 0.8000000119
37086  -27.161  -27.617  2.258 0.8000000119
37066  -31.999  -28.005  4.866 0.8000000119
37095  -27.469  -26.874  2.057 0.8000000119
37966  -27.498  -26.818  2.022 0.8000000119
37947  -30.504  -26.758  3.732 0.8000000119
37079  -32.130  -27.230  4.628 0.8000000119
37979  -28.042  -26.082  1.826 0.8000000119
37967  -27.871  -26.104  1.988 0.8000000119
37959  -28.708  -26.121  2.720 0.8000000119
37960  -29.678  -26.031  3.161 0.8000000119
37948  -31.410  -26.631  4.119 0.8000000119
34568  -25.301  -30.448  13.960 0.3000000119
34590  -28.369  -30.786  11.721 0.6000000238
34582  -27.627  -30.380  12.373 0.5000000000
106936  -29.061  -30.688  11.562 0.6999999881
106215  -29.743  -30.908  11.530 0.6999999881
107125  -30.620  -31.021  11.444 0.6999999881
34583  -28.289  -30.107  12.102 0.6000000238
34592  -29.469  -30.184  11.538 0.6999999881
36143  -24.954  -28.681  13.516 0.3000000119
108959  -26.775  -29.020  13.270 0.3000000119
34593  -30.230  -30.263  11.423 0.6999999881
116022  -28.007  -27.438  12.061 0.3000000119
34599  -31.917  -30.328  11.064 0.6999999881
34600  -32.314  -31.081  10.600 0.6999999881
36989  -25.034  -27.007  11.768 0.3000000119
36990  -25.821  -27.033  12.070 0.3000000119
36979  -26.610  -27.307  12.341 0.3000000119
106297  -27.375  -26.979  11.917 0.3000000119
37847  -24.922  -26.591  11.000 0.3000000119
36213  -32.846  -28.879  6.277 0.8000000119
37067  -32.623  -27.625  5.134 0.8000000119
37968  -28.129  -25.581  2.062 0.8000000119
38834  -28.758  -25.292  2.428 0.8000000119
38835  -29.822  -25.270  2.869 0.8000000119
37961  -30.677  -25.973  3.518 0.8000000119
38825  -31.634  -25.857  3.810 0.8000000119
108918  -28.645  -25.872  1.444 0.8000000119
37980  -29.658  -25.778  1.408 0.6999999881
104926  -30.659  -26.109  1.703 0.6000000238
34591  -28.820  -30.130  11.762 0.6000000238
34594  -31.113  -30.309  11.384 0.6999999881
36981  -28.165  -28.163  12.338 0.4000000060
35337  -29.890  -29.577  11.385 0.6000000238
35338  -30.695  -29.590  11.402 0.6999999881
36170  -29.641  -28.827  11.443 0.4000000060
35343  -32.336  -29.662  10.889 0.6999999881
110526  -32.540  -30.302  10.603 0.6999999881
34601  -32.999  -30.597  10.121 0.6999999881
37005  -28.741  -26.617  10.626 0.3000000119
36993  -30.243  -28.216  11.163 0.4000000060
36181  -32.055  -28.788  11.039 0.6000000238
104567  -33.285  -29.173  10.270 0.6999999881
34606  -33.356  -30.444  9.477 0.6999999881
35354  -33.754  -29.542  8.363 0.6999999881
98459  -33.698  -29.084  9.709 0.6999999881
36203  -34.037  -28.758  7.943 0.6999999881
36222  -31.764  -28.713  5.237 0.8000000119
37937  -32.939  -26.987  4.958 0.8000000119
38849  -28.460  -25.063  1.778 0.8000000119
39796  -30.001  -24.651  2.626 0.8000000119
38836  -30.800  -25.175  3.275 0.8000000119
38842  -29.031  -24.594  2.127 0.8000000119
37097  -31.366  -27.237  2.343 0.6000000238
38851  -29.632  -25.019  1.284 0.6999999881
108047  -30.400  -25.367  1.387 0.6999999881
35336  -29.211  -29.496  11.664 0.6000000238
36991  -28.627  -27.715  11.751 0.3000000119
35339  -31.559  -29.568  11.284 0.6000000238
97243  -29.028  -27.279  11.149 0.3000000119
36992  -29.366  -28.005  11.465 0.3000000119
36172  -31.073  -28.836  11.333 0.5000000000
37007  -30.355  -27.320  10.741 0.3000000119
37008  -31.289  -27.920  10.913 0.5000000000
105003  -32.743  -29.177  10.652 0.6999999881
37881  -27.792  -25.981  9.710 0.3000000119
37009  -32.703  -27.432  10.397 0.4000000060
112194  -27.624  -25.755  9.078 0.3000000119
36192  -33.897  -28.323  9.624 0.6000000238
115717  -34.425  -27.608  8.090 0.6000000238
37035  -34.389  -27.390  8.570 0.6000000238
37055  -33.806  -27.749  6.540 0.8000000119
37044  -34.222  -27.882  7.510 0.6999999881
37045  -34.567  -27.054  7.874 0.6000000238
110315  -33.241  -28.233  6.180 0.8000000119
37056  -34.359  -27.137  6.938 0.6999999881
37068  -33.312  -27.533  5.679 0.8000000119
37922  -34.060  -27.018  6.105 0.6999999881
37923  -34.459  -26.530  6.519 0.6999999881
37949  -32.348  -26.453  4.410 0.8000000119
37938  -33.675  -26.664  5.403 0.8000000119
37939  -34.340  -26.258  5.849 0.6999999881
38826  -32.581  -25.674  4.127 0.8000000119
37950  -33.229  -26.220  4.716 0.8000000119
38816  -34.001  -25.879  5.143 0.6999999881
38817  -34.619  -25.455  5.663 0.6999999881
38840  -28.226  -25.450  1.924 0.8000000119
38841  -28.374  -24.984  1.930 0.8000000119
38837  -31.817  -25.049  3.562 0.8000000119
38827  -33.507  -25.420  4.489 0.8000000119
39797  -30.862  -24.365  2.801 0.8000000119
116502  -28.369  -25.363  1.745 0.8000000119
39806  -28.952  -24.679  1.626 0.8000000119
40699  -31.358  -23.726  2.595 0.8000000119
38850  -28.779  -24.953  1.506 0.8000000119
39818  -29.337  -24.298  1.335 0.8000000119
37970  -31.182  -26.543  2.089 0.6000000238
37982  -32.250  -25.925  2.045 0.6000000238
39819  -29.918  -24.241  0.890 0.6999999881
103962  -32.181  -28.001  10.686 0.5000000000
36183  -33.507  -28.590  10.115 0.6000000238
37883  -30.255  -26.342  10.290 0.3000000119
37010  -33.464  -27.885  10.128 0.5000000000
38764  -29.701  -25.690  9.706 0.3000000119
105738  -31.393  -25.933  10.203 0.3000000119
37867  -33.412  -26.982  9.949 0.6000000238
37022  -33.913  -27.538  9.600 0.6000000238
38762  -27.833  -25.386  8.727 0.3000000119
38780  -29.165  -25.253  9.194 0.3000000119
37898  -34.451  -26.562  8.688 0.6000000238
39733  -27.627  -24.845  8.234 0.3000000119
38801  -34.784  -25.752  6.585 0.6999999881
39786  -32.889  -24.909  3.833 0.8000000119
39787  -33.793  -24.601  4.258 0.6999999881
38828  -34.310  -25.077  4.931 0.6999999881
39798  -32.070  -24.286  3.293 0.8000000119
39799  -33.124  -24.102  3.597 0.6999999881
39807  -29.670  -23.996  1.972 0.8000000119
39808  -30.388  -23.646  2.109 0.6999999881
40700  -32.353  -23.605  2.969 0.6000000238
37983  -33.310  -25.920  1.947 0.6000000238
40713  -29.416  -24.071  1.328 0.6999999881
39830  -29.741  -23.481  0.991 0.6999999881
39820  -31.158  -24.289  0.836 0.6999999881
38852  -31.242  -25.178  1.403 0.6999999881
39831  -30.273  -23.415  0.701 0.6999999881
107490  -32.215  -21.248  -0.272 0.5000000000
109446  -33.920  -26.923  9.519 0.6000000238
37885  -34.172  -26.580  9.252 0.6000000238
38769  -34.253  -25.956  9.180 0.6000000238
38781  -34.596  -25.639  8.474 0.6000000238
37910  -34.649  -26.401  7.259 0.6999999881
38792  -34.839  -25.660  7.607 0.6999999881
40647  -25.921  -23.713  7.194 0.3000000119
100809  -34.863  -24.741  5.450 0.6999999881
39773  -35.103  -24.888  6.181 0.6999999881
40684  -34.011  -23.782  3.963 0.6999999881
39788  -34.709  -24.162  4.768 0.6000000238
116299  -29.389  -24.257  1.958 0.6999999881
103208  -29.876  -23.359  1.241 0.6999999881
40714  -30.775  -23.167  1.801 0.6999999881
97897  -31.669  -23.193  2.347 0.6000000238
40724  -30.332  -22.706  1.074 0.6999999881
38853  -32.356  -25.160  1.470 0.6000000238
40733  -30.632  -22.812  0.574 0.6999999881
39832  -31.363  -23.547  0.479 0.6999999881
40734  -31.632  -22.700  0.175 0.6000000238
99223  -33.769  -26.361  9.559 0.5000000000
96037  -33.503  -24.897  9.355 0.4000000060
38768  -33.679  -25.640  9.476 0.5000000000
39720  -34.255  -25.125  9.015 0.5000000000
114799  -34.587  -25.061  8.506 0.6000000238
39749  -35.068  -24.166  7.759 0.6000000238
40648  -26.783  -23.461  7.370 0.3000000119
40671  -35.299  -24.031  5.713 0.6000000238
40685  -34.645  -23.376  4.316 0.6000000238
40715  -32.422  -22.913  2.548 0.6000000238
40701  -33.296  -23.230  3.290 0.6000000238
41524  -31.388  -22.561  1.612 0.6999999881
40732  -30.063  -22.991  0.828 0.6999999881
39821  -32.439  -24.412  0.943 0.6000000238
38863  -33.564  -24.495  0.857 0.5000000000
39833  -32.590  -23.726  0.494 0.6000000238
102592  -31.184  -22.178  0.461 0.6000000238
40735  -32.959  -23.097  0.127 0.5000000000
40744  -33.757  -22.882  -0.058 0.5000000000
105883  -32.807  -22.217  -0.255 0.5000000000
42403  -33.172  -21.639  -0.447 0.5000000000
40620  -33.271  -24.261  9.265 0.4000000060
115240  -33.934  -24.327  8.946 0.4000000060
40639  -33.470  -23.557  8.981 0.4000000060
40617  -30.884  -23.290  8.892 0.4000000060
39736  -34.567  -24.539  8.478 0.6000000238
41467  -27.387  -22.937  7.327 0.3000000119
96253  -28.177  -22.848  7.448 0.3000000119
41468  -29.541  -22.542  7.781 0.3000000119
39750  -35.288  -24.204  6.727 0.6000000238
100207  -27.834  -21.557  6.701 0.3000000119
40672  -35.461  -23.221  5.781 0.6000000238
41498  -34.878  -22.617  4.180 0.5000000000
40686  -35.290  -23.210  4.974 0.6000000238
41511  -33.702  -22.604  3.165 0.6000000238
40716  -33.114  -22.611  2.753 0.6000000238
40702  -34.189  -22.992  3.690 0.6000000238
41525  -32.467  -22.230  2.019 0.6000000238
41526  -33.494  -21.995  2.535 0.6000000238
42373  -32.685  -21.542  1.565 0.6000000238
41541  -31.699  -21.776  -0.053 0.5000000000
114099  -32.177  -22.431  -0.074 0.5000000000
108738  -32.912  -20.844  -0.501 0.5000000000
40619  -32.607  -23.903  9.345 0.4000000060
40638  -32.550  -23.067  9.131 0.4000000060
40640  -34.411  -23.653  8.483 0.4000000060
40652  -35.300  -23.557  7.211 0.5000000000
42321  -28.429  -21.901  7.151 0.3000000119
42306  -29.336  -21.845  7.428 0.3000000119
114446  -29.795  -22.089  7.680 0.4000000060
43190  -29.658  -21.040  7.273 0.3000000119
112369  -30.022  -21.636  7.603 0.4000000060
41488  -35.503  -22.421  5.606 0.5000000000
39774  -35.447  -23.451  6.475 0.6000000238
42350  -35.090  -21.766  4.034 0.5000000000
42374  -33.592  -21.210  1.973 0.6000000238
42386  -31.502  -21.737  0.366 0.6000000238
42388  -32.907  -20.898  1.042 0.6000000238
42394  -31.636  -21.509  0.177 0.5000000000
42402  -31.759  -21.119  -0.030 0.5000000000
43283  -32.230  -20.724  -0.116 0.5000000000
43285  -33.657  -20.592  -0.746 0.5000000000
115385  -33.959  -23.133  8.678 0.4000000060
41461  -34.390  -22.703  8.344 0.4000000060
104063  -35.048  -23.214  7.843 0.4000000060
41460  -33.437  -22.638  8.747 0.4000000060
41469  -34.980  -22.474  7.735 0.4000000060
41470  -35.397  -22.764  7.092 0.4000000060
43210  -28.570  -20.614  6.484 0.3000000119
41480  -35.505  -22.795  6.303 0.5000000000
43228  -28.185  -20.096  5.929 0.3000000119
97778  -35.387  -21.307  4.791 0.4000000060
42362  -34.786  -21.393  3.391 0.5000000000
42363  -35.234  -20.959  3.832 0.4000000060
42375  -34.257  -21.428  2.739 0.6000000238
112209  -34.241  -20.843  2.274 0.5000000000
42395  -31.736  -21.085  0.014 0.5000000000
42387  -32.059  -21.290  0.577 0.6000000238
43265  -33.783  -20.562  1.539 0.6000000238
43272  -33.208  -20.321  0.550 0.6000000238
43284  -33.150  -20.164  -0.514 0.5000000000
43286  -34.673  -20.751  -0.827 0.5000000000
43271  -32.266  -20.704  0.113 0.5000000000
44878  -27.956  -18.143  4.008 0.3000000119
115855  -28.467  -17.916  4.182 0.4000000060
45638  -29.551  -17.420  4.696 0.4000000060
43273  -34.073  -19.931  1.138 0.5000000000
46463  -27.907  -16.940  3.115 0.4000000060
44081  -34.745  -19.516  1.765 0.5000000000
44889  -35.268  -18.932  2.381 0.5000000000
44087  -33.531  -19.661  0.158 0.5000000000
44894  -34.916  -18.777  1.375 0.5000000000
43277  -32.855  -20.264  -0.153 0.5000000000
44093  -33.487  -19.718  -0.500 0.6000000238
43291  -34.901  -20.011  -1.281 0.5000000000
103922  -33.640  -19.645  -0.848 0.5000000000
44105  -34.233  -19.266  -1.217 0.6000000238
44106  -35.265  -19.448  -1.425 0.4000000060
46450  -29.097  -17.002  4.162 0.4000000060
45626  -30.609  -17.620  5.597 0.4000000060
44088  -34.330  -19.257  0.767 0.5000000000
44901  -33.940  -19.077  -0.215 0.5000000000
44905  -34.282  -18.464  -0.555 0.5000000000
102783  -34.487  -18.556  0.368 0.5000000000
44099  -33.918  -19.100  -0.861 0.5000000000
107532  -35.111  -18.744  -1.490 0.4000000060
44909  -34.463  -18.427  -1.175 0.5000000000
46451  -29.804  -16.625  4.541 0.4000000060
47248  -28.769  -15.719  3.385 0.4000000060
44895  -35.294  -18.182  1.846 0.4000000060
45686  -34.880  -17.778  -1.290 0.4000000060
44910  -35.099  -18.070  -1.492 0.5000000000
45670  -35.087  -18.066  0.983 0.4000000060
45681  -34.650  -17.825  -0.810 0.4000000060
104361  -35.541  -17.387  -1.759 0.5000000000
105482  -36.176  -16.615  -2.256 0.4000000060
105935  -35.494  -16.647  -1.783 0.4000000060
45682  -35.094  -17.114  -1.161 0.4000000060
45694  -39.197  -16.503  -2.653 0.4000000060
114455  -35.404  -16.092  -0.519 0.4000000060
46501  -36.938  -15.813  -2.586 0.4000000060
46505  -38.309  -15.758  -2.921 0.4000000060
46506  -39.113  -15.808  -2.892 0.4000000060
46502  -39.558  -16.278  -2.522 0.4000000060
46497  -35.425  -16.223  -1.268 0.4000000060
46500  -35.855  -15.955  -2.163 0.3000000119
47285  -35.522  -15.568  -0.642 0.4000000060
47291  -36.545  -15.068  -2.581 0.3000000119
47293  -37.634  -14.976  -2.986 0.4000000060
47294  -38.584  -15.209  -2.957 0.4000000060
47292  -39.281  -15.463  -2.435 0.4000000060
47290  -35.863  -15.347  -1.663 0.3000000119
48059  -37.188  -14.190  -2.907 0.4000000060
48060  -38.004  -14.436  -2.881 0.5000000000
48056  -36.279  -14.359  -2.154 0.4000000060
26482  -24.151  -40.251  4.025 0.6999999881
25665  -27.974  -41.579  9.133 0.6999999881
24905  -19.509  -41.836  9.754 0.6000000238
27242  -28.416  -39.439  10.018 0.8000000119
28018  -24.474  -38.614  10.079 0.6000000238
28055  -18.796  -37.738  6.491 0.4000000060
29662  -26.010  -35.691  10.848 0.6000000238
31543  -20.557  -33.655  7.310 0.5000000000
32337  -23.975  -32.592  8.998 0.6000000238
29645  -22.445  -36.091  11.552 0.5000000000
96076  -24.164  -33.005  10.446 0.6000000238
103783  -30.097  -31.760  5.422 0.6999999881
35358  -33.444  -29.386  7.477 0.6999999881
36214  -33.564  -28.619  6.938 0.6999999881
36200  -34.125  -28.809  8.945 0.6999999881
36204  -34.302  -28.070  8.383 0.6000000238
35326  -28.574  -29.503  12.060 0.6000000238
110372  -31.875  -27.389  10.595 0.5000000000
37884  -33.156  -26.151  9.872 0.4000000060
43290  -33.858  -19.967  -1.046 0.5000000000
42310  -34.523  -21.881  7.968 0.4000000060
45676  -34.693  -17.861  0.023 0.4000000060
25741  -22.645  -41.340  2.877 0.5000000000
24952  -23.646  -42.820  4.582 0.6999999881
113460  -25.495  -38.974  2.464 0.5000000000
24872  -20.089  -43.054  11.318 0.5000000000
97920  -24.614  -37.678  2.432 0.6999999881
24928  -27.585  -42.009  7.459 0.6999999881
26462  -27.757  -40.786  6.611 0.6999999881
27299  -25.405  -39.332  4.473 0.6999999881
28879  -25.019  -37.391  4.402 0.6999999881
111098  -26.408  -36.186  2.595 0.6000000238
109743  -27.537  -35.309  2.814 0.5000000000
26423  -22.447  -40.227  9.758 0.6000000238
27293  -27.616  -39.608  5.971 0.6999999881
26412  -28.033  -39.988  10.196 0.8000000119
26440  -21.010  -39.797  8.745 0.6000000238
100912  -23.811  -34.172  2.907 0.8000000119
28031  -29.002  -38.953  8.983 0.6999999881
26437  -18.881  -40.726  7.973 0.5000000000
29705  -29.084  -37.240  6.792 0.8000000119
30700  -28.265  -35.080  2.833 0.5000000000
28810  -27.814  -38.014  10.708 0.6999999881
27256  -21.262  -39.002  8.487 0.6000000238
29727  -27.759  -36.674  5.476 0.8000000119
31603  -28.711  -34.489  2.601 0.6000000238
98055  -24.982  -32.737  4.074 0.8000000119
114031  -30.339  -34.512  2.004 0.4000000060
28862  -18.307  -36.613  6.127 0.3000000119
28041  -20.095  -38.132  7.541 0.5000000000
27268  -20.004  -38.986  7.726 0.5000000000
33227  -24.788  -31.850  2.899 0.8000000119
29675  -23.378  -36.324  9.253 0.5000000000
28849  -20.016  -37.035  7.309 0.4000000060
113192  -20.702  -36.850  7.685 0.5000000000
28836  -21.267  -37.117  8.123 0.5000000000
31553  -29.704  -34.656  6.192 0.8000000119
103851  -30.165  -32.240  1.387 0.6000000238
33247  -31.490  -32.866  1.477 0.4000000060
100326  -24.623  -35.473  9.916 0.6000000238
31529  -19.199  -34.096  7.261 0.5000000000
108204  -20.637  -35.129  7.276 0.5000000000
29689  -22.920  -35.415  8.629 0.5000000000
30628  -21.284  -34.997  7.640 0.5000000000
30614  -20.332  -34.709  8.947 0.5000000000
32335  -21.367  -33.417  8.185 0.6000000238
32334  -20.949  -33.485  7.774 0.5000000000
30615  -21.107  -34.453  9.338 0.6000000238
31530  -20.113  -33.746  7.556 0.5000000000
30616  -23.395  -34.331  8.623 0.5000000000
28804  -20.703  -37.582  10.619 0.6000000238
32350  -21.216  -33.465  7.696 0.5000000000
32343  -22.370  -33.249  8.348 0.6000000238
100360  -22.055  -33.306  8.435 0.6000000238
31531  -21.376  -33.822  7.612 0.5000000000
31533  -22.964  -33.454  8.465 0.5000000000
32380  -28.330  -33.395  4.701 0.8000000119
33976  -25.998  -31.501  3.908 0.8999999762
29659  -22.241  -35.310  10.727 0.5000000000
31520  -22.488  -33.300  9.245 0.6000000238
31519  -21.570  -33.621  8.826 0.6000000238
32344  -23.214  -32.899  8.707 0.6000000238
29631  -22.336  -36.334  12.353 0.4000000060
30576  -22.887  -35.735  12.033 0.4000000060
113312  -23.790  -33.779  11.053 0.5000000000
30587  -23.281  -35.135  11.797 0.5000000000
31491  -23.645  -34.658  12.683 0.5000000000
31500  -23.773  -34.562  11.878 0.5000000000
34637  -25.519  -30.837  3.493 0.8000000119
32327  -24.564  -32.556  9.941 0.6999999881
110791  -31.901  -33.736  9.099 0.6999999881
31465  -22.173  -34.290  14.334 0.4000000060
105166  -28.557  -29.784  1.510 0.8000000119
33151  -26.509  -32.545  10.746 0.6999999881
32285  -23.198  -33.220  14.282 0.3000000119
32352  -31.921  -33.119  7.832 0.6999999881
100526  -28.544  -28.864  1.491 0.8000000119
36251  -30.291  -28.628  2.155 0.6000000238
32297  -25.258  -33.010  12.617 0.5000000000
33946  -32.103  -31.048  6.831 0.6999999881
37105  -27.091  -27.559  1.882 0.8000000119
36262  -28.497  -27.854  1.462 0.8000000119
33142  -30.517  -32.509  11.238 0.6999999881
101612  -27.132  -30.904  12.502 0.5000000000
33894  -31.775  -31.817  10.798 0.6999999881
33907  -32.843  -31.710  9.392 0.6999999881
33918  -33.229  -31.090  9.006 0.6999999881
35390  -30.217  -29.185  4.559 0.8000000119
35377  -30.705  -29.699  5.179 0.8000000119
35310  -25.829  -29.825  13.659 0.3000000119
35324  -27.217  -29.652  12.944 0.5000000000
35325  -27.938  -29.586  12.494 0.5000000000
33908  -33.071  -31.069  9.640 0.6999999881
35349  -33.694  -29.681  9.235 0.6999999881
37850  -28.183  -26.891  11.359 0.3000000119
36171  -30.277  -29.008  11.334 0.6000000238
35344  -32.944  -29.806  10.401 0.6999999881
35345  -33.400  -29.815  9.917 0.6999999881
37981  -31.319  -25.980  1.858 0.6000000238
36169  -28.866  -28.648  11.883 0.5000000000
101700  -29.686  -27.559  10.998 0.3000000119
36182  -32.902  -28.450  10.504 0.5000000000
37882  -28.518  -26.072  9.976 0.3000000119
37864  -29.282  -26.237  10.136 0.3000000119
36193  -34.255  -27.914  9.077 0.6000000238
97985  -34.704  -26.267  8.002 0.6000000238
100124  -29.008  -25.767  9.638 0.3000000119
38779  -28.513  -24.899  8.632 0.3000000119
39716  -30.075  -24.881  9.325 0.3000000119
114248  -30.010  -23.002  0.868 0.6999999881
96137  -34.877  -25.000  8.026 0.6000000238
39759  -35.107  -24.965  7.156 0.6999999881
41533  -30.423  -22.707  0.817 0.6999999881
38767  -32.929  -25.411  9.729 0.4000000060
41535  -31.647  -21.836  1.118 0.6000000238
98795  -33.589  -23.887  0.497 0.6000000238
101962  -33.955  -22.320  -0.320 0.4000000060
40636  -30.247  -22.986  8.367 0.4000000060
103171  -28.905  -22.467  7.509 0.3000000119
41479  -27.507  -22.239  6.958 0.3000000119
106593  -28.320  -21.238  6.716 0.3000000119
41499  -35.360  -22.222  4.778 0.5000000000
41512  -34.367  -22.142  3.369 0.5000000000
41534  -30.950  -22.251  0.811 0.5000000000
42311  -35.203  -21.812  7.237 0.4000000060
115105  -35.469  -21.831  5.231 0.4000000060
43257  -34.835  -20.710  2.933 0.5000000000
45625  -29.903  -17.826  5.278 0.4000000060
45639  -30.253  -17.144  5.032 0.4000000060
46491  -35.276  -16.568  -0.454 0.4000000060
48061  -38.717  -14.916  -2.776 0.4000000060
48051  -35.747  -14.710  -0.897 0.4000000060
48058  -38.780  -14.737  -2.178 0.3000000119
22603  -22.679  -45.484  7.801 0.5000000000
23406  -22.336  -45.159  6.841 0.5000000000
22565  -22.601  -45.857  10.435 0.4000000060
22580  -23.217  -45.589  9.684 0.5000000000
101083  -22.565  -45.820  8.641 0.5000000000
23407  -23.353  -44.788  7.274 0.6000000238
23418  -23.116  -44.451  6.446 0.6000000238
22566  -23.412  -45.247  10.600 0.5000000000
22591  -24.526  -44.789  8.687 0.5000000000
23356  -23.533  -44.645  11.152 0.5000000000
23408  -24.369  -44.549  7.680 0.6000000238
24203  -24.731  -43.791  6.575 0.6000000238
23419  -24.154  -44.275  6.865 0.6000000238
24202  -23.979  -43.813  6.151 0.6000000238
24220  -24.887  -43.254  5.917 0.6000000238
24219  -23.891  -43.348  5.366 0.6000000238
24953  -24.523  -42.659  5.089 0.6000000238
23370  -24.593  -44.655  10.246 0.5000000000
23409  -25.238  -44.307  8.124 0.6000000238
23355  -22.914  -44.399  11.514 0.5000000000
23357  -24.234  -44.174  11.053 0.5000000000
24192  -25.017  -44.100  7.229 0.6000000238
24142  -22.250  -44.036  11.718 0.5000000000
105969  -23.554  -44.060  11.404 0.5000000000
101449  -25.456  -43.532  6.752 0.6000000238
24954  -25.387  -42.447  5.499 0.6000000238
24966  -24.044  -42.079  4.361 0.6000000238
23389  -24.872  -44.654  9.530 0.5000000000
23399  -25.384  -44.336  9.069 0.5000000000
102887  -25.009  -43.956  10.601 0.5000000000
23371  -25.403  -44.222  9.943 0.5000000000
24193  -25.763  -43.725  7.629 0.6000000238
24143  -23.038  -43.560  11.590 0.5000000000
24144  -23.899  -43.492  11.388 0.5000000000
24204  -26.286  -43.247  7.048 0.6000000238
24875  -22.210  -43.195  11.641 0.5000000000
112667  -22.794  -42.813  11.547 0.5000000000
24939  -25.834  -42.905  6.248 0.6000000238
24967  -24.911  -41.901  4.771 0.6000000238
24155  -24.676  -43.424  11.070 0.5000000000
24173  -26.543  -43.271  9.755 0.5000000000
116458  -26.474  -43.501  9.011 0.6000000238
24918  -27.054  -43.041  8.994 0.6000000238
24877  -24.284  -42.830  11.310 0.5000000000
98802  -25.920  -43.847  8.575 0.6000000238
24186  -26.603  -43.313  8.103 0.6000000238
24874  -21.466  -42.751  11.461 0.5000000000
24889  -20.662  -42.375  11.056 0.5000000000
25722  -25.093  -41.036  4.580 0.6000000238
24891  -25.061  -42.741  11.009 0.5000000000
24156  -25.493  -43.324  10.651 0.5000000000
24157  -26.187  -43.161  10.362 0.5000000000
25631  -23.009  -42.151  11.350 0.5000000000
25630  -22.218  -42.366  11.402 0.5000000000
24892  -25.980  -42.530  10.628 0.6000000238
24893  -26.599  -42.751  10.245 0.5000000000
24906  -27.110  -42.599  9.734 0.5000000000
24919  -27.552  -42.308  9.018 0.6000000238
25632  -23.853  -42.150  11.232 0.6000000238
25648  -25.241  -41.931  10.875 0.6000000238
103465  -27.344  -42.601  8.097 0.6000000238
110155  -21.558  -41.340  10.531 0.5000000000
25645  -22.346  -41.502  10.888 0.5000000000
25646  -23.356  -41.426  10.870 0.6000000238
25643  -20.213  -41.892  10.397 0.4000000060
25647  -24.340  -41.426  10.825 0.6000000238
25649  -26.033  -41.504  10.593 0.6000000238
24894  -26.874  -41.969  10.322 0.5000000000
24907  -27.535  -41.854  9.722 0.6000000238
25678  -27.866  -41.833  8.296 0.6000000238
25650  -27.477  -41.235  10.116 0.6999999881
32417  -29.763  -33.263  1.781 0.5000000000
37969  -30.544  -26.725  1.862 0.5000000000
37971  -31.937  -26.675  2.325 0.5000000000
48057  -38.107  -13.995  -2.582 0.4000000060
113127  -37.985  -13.483  -2.264 0.3000000119
48803  -37.812  -13.086  -1.478 0.3000000119
49547  -37.497  -12.212  -0.572 0.3000000119
21734  -22.015  -46.603  10.183 0.4000000060
22579  -22.183  -46.340  9.076 0.5000000000
23417  -21.921  -44.825  5.943 0.5000000000
22556  -22.157  -45.845  11.183 0.4000000060
23434  -22.996  -44.047  5.587 0.5000000000
23354  -22.096  -44.958  11.637 0.5000000000
105180  -21.595  -44.392  11.733 0.5000000000
108395  -21.002  -44.271  11.742 0.3000000119
24139  -19.711  -43.774  11.454 0.4000000060
24153  -18.453  -43.564  10.454 0.4000000060
31604  -30.101  -33.992  1.977 0.4000000060
32418  -30.501  -33.416  1.544 0.4000000060
36156  -28.246  -28.914  12.390 0.4000000060
37098  -32.331  -27.671  2.641 0.5000000000
49556  -37.782  -12.126  -1.977 0.3000000119
49546  -37.066  -11.797  0.489 0.3000000119
21725  -21.652  -46.542  11.148 0.4000000060
25644  -20.885  -41.610  10.496 0.5000000000
24140  -20.543  -43.730  11.590 0.4000000060
22590  -23.555  -45.370  8.769 0.5000000000
23398  -23.705  -45.017  8.015 0.6000000238
22581  -24.224  -45.140  9.584 0.5000000000
22557  -22.853  -45.189  11.210 0.5000000000
24185  -25.964  -43.821  9.444 0.5000000000
24172  -25.908  -43.652  10.123 0.5000000000
24876  -23.485  -42.831  11.469 0.5000000000
25633  -24.585  -42.244  11.115 0.5000000000
48808  -37.680  -12.896  -2.440 0.4000000060
22555  -21.469  -45.740  11.624 0.4000000060
24218  -22.967  -43.524  4.771 0.4000000060
104759  -21.105  -44.998  11.822 0.4000000060
30626  -18.553  -34.748  7.450 0.4000000060
31541  -19.075  -34.254  6.770 0.3000000119
30641  -18.972  -34.686  6.530 0.4000000060
28848  -19.175  -36.808  6.631 0.4000000060
29686  -18.920  -35.398  8.293 0.4000000060
105538  -19.127  -34.497  7.895 0.4000000060
27212  -19.097  -40.106  11.344 0.4000000060
28000  -19.810  -38.796  10.535 0.4000000060
28819  -19.459  -37.268  9.337 0.4000000060
29673  -19.565  -36.219  8.992 0.4000000060
26386  -17.907  -40.752  12.751 0.3000000119
26396  -18.634  -40.604  11.763 0.3000000119
26373  -18.295  -40.029  12.989 0.4000000060
28803  -20.026  -37.917  10.131 0.4000000060
26387  -18.530  -40.405  12.376 0.4000000060
27213  -19.577  -39.604  11.740 0.5000000000
27199  -18.993  -39.666  12.594 0.4000000060
27183  -19.632  -39.059  12.628 0.4000000060
27990  -20.045  -39.104  11.446 0.5000000000
27956  -19.220  -38.763  13.152 0.4000000060
36155  -27.496  -28.730  12.782 0.3000000119
102162  -31.190  -26.910  10.554 0.3000000119
37866  -32.757  -26.628  10.200 0.3000000119
37865  -32.048  -26.683  10.407 0.3000000119
39718  -31.825  -24.406  9.524 0.3000000119
40618  -31.715  -23.553  9.281 0.3000000119
99013  -34.495  -20.239  2.091 0.4000000060
114383  -29.892  -22.733  8.079 0.3000000119
41457  -30.242  -22.260  7.986 0.3000000119
43258  -35.297  -20.153  3.556 0.4000000060
44072  -35.072  -19.845  2.669 0.3000000119
40637  -31.657  -22.779  8.893 0.3000000119
41459  -32.440  -22.308  8.744 0.3000000119
96712  -30.901  -22.557  8.474 0.3000000119
42297  -32.267  -21.574  8.437 0.3000000119
42298  -33.183  -21.792  8.544 0.3000000119
42299  -33.914  -22.043  8.438 0.3000000119
42296  -31.408  -21.476  8.173 0.3000000119
43178  -32.977  -21.000  8.290 0.3000000119
43195  -34.534  -21.022  7.523 0.3000000119
42323  -35.384  -21.444  6.583 0.3000000119
96769  -30.402  -20.934  7.492 0.3000000119
42308  -31.179  -20.868  7.776 0.3000000119
100366  -35.487  -22.103  6.477 0.3000000119
43212  -30.075  -20.302  7.017 0.3000000119
44029  -29.668  -19.686  6.463 0.3000000119
42338  -35.496  -21.473  5.783 0.3000000119
44833  -29.942  -18.913  6.196 0.3000000119
43243  -35.387  -20.388  4.508 0.3000000119
44062  -35.398  -19.530  4.304 0.3000000119
105477  -28.393  -17.446  3.788 0.3000000119
45637  -28.907  -17.721  4.372 0.3000000119
44073  -35.333  -19.291  3.361 0.3000000119
46464  -28.600  -16.581  3.561 0.3000000119
46475  -27.501  -16.567  2.439 0.3000000119
45677  -35.026  -17.228  -0.250 0.3000000119
42309  -33.830  -21.346  8.212 0.3000000119
43177  -32.039  -20.837  8.136 0.3000000119
44012  -34.172  -20.113  7.378 0.3000000119
43196  -35.176  -21.093  6.937 0.3000000119
43214  -35.359  -20.825  6.325 0.3000000119
43191  -30.888  -20.196  7.345 0.3000000119
43192  -31.757  -20.145  7.717 0.3000000119
43193  -32.785  -20.182  7.892 0.3000000119
43213  -34.914  -20.422  6.889 0.3000000119
44009  -31.459  -19.456  7.232 0.3000000119
44010  -32.365  -19.498  7.508 0.3000000119
43229  -35.421  -20.604  5.477 0.3000000119
44050  -29.282  -19.201  5.838 0.3000000119
44030  -30.544  -19.442  6.746 0.3000000119
44051  -35.384  -19.742  5.280 0.3000000119
46465  -29.290  -16.136  4.004 0.3000000119
47233  -30.099  -15.629  4.439 0.3000000119
47249  -29.468  -15.232  3.802 0.3000000119
102620  -35.354  -18.087  2.614 0.3000000119
112566  -35.322  -17.578  1.515 0.3000000119
103201  -35.273  -17.249  0.780 0.3000000119
109513  -35.329  -16.676  0.327 0.3000000119
43194  -33.650  -20.566  7.875 0.3000000119
44011  -33.120  -19.559  7.523 0.3000000119
44032  -33.796  -19.322  7.203 0.3000000119
44033  -34.657  -19.600  6.743 0.3000000119
44031  -31.216  -18.757  6.700 0.3000000119
44813  -32.972  -18.961  7.277 0.3000000119
44837  -33.571  -18.626  6.924 0.3000000119
44034  -35.273  -20.027  6.170 0.3000000119
114250  -30.558  -18.680  6.352 0.3000000119
44834  -30.934  -18.115  6.190 0.3000000119
44835  -31.807  -18.066  6.544 0.3000000119
44852  -35.345  -18.881  5.114 0.3000000119
45641  -35.290  -17.804  4.085 0.3000000119
46452  -30.560  -16.325  4.960 0.3000000119
47234  -30.901  -15.430  5.012 0.3000000119
44879  -35.359  -18.388  3.292 0.3000000119
47995  -30.162  -14.689  4.164 0.3000000119
102750  -30.633  -14.918  4.606 0.3000000119
45662  -35.373  -17.350  2.300 0.3000000119
45671  -35.385  -16.977  1.617 0.3000000119
44838  -34.402  -18.675  6.561 0.3000000119
45607  -32.177  -17.405  6.276 0.3000000119
45608  -33.046  -17.475  6.446 0.3000000119
45627  -33.937  -17.370  6.187 0.3000000119
101289  -35.173  -19.143  6.034 0.3000000119
45606  -31.380  -17.479  5.956 0.3000000119
112047  -34.388  -17.930  6.223 0.3000000119
46438  -31.002  -16.910  5.439 0.3000000119
46414  -31.933  -16.728  5.809 0.3000000119
47216  -31.391  -16.042  5.402 0.3000000119
113485  -31.185  -14.760  4.890 0.3000000119
47997  -31.795  -14.340  4.790 0.3000000119
46467  -35.255  -16.663  3.053 0.3000000119
45653  -35.323  -17.523  3.234 0.3000000119
47996  -30.970  -14.188  4.486 0.3000000119
46477  -35.341  -16.455  2.165 0.3000000119
46485  -35.379  -16.326  1.205 0.3000000119
107291  -35.424  -15.956  0.223 0.3000000119
44850  -33.745  -18.027  6.579 0.3000000119
46415  -32.661  -16.952  6.126 0.3000000119
45628  -34.652  -17.480  5.574 0.3000000119
46439  -32.853  -16.403  5.789 0.3000000119
109012  -33.542  -16.387  5.606 0.3000000119
44865  -35.247  -18.050  4.948 0.3000000119
47235  -31.818  -15.122  5.247 0.3000000119
47236  -32.671  -15.267  5.247 0.3000000119
45652  -35.089  -16.899  4.073 0.3000000119
48751  -30.829  -13.121  3.451 0.3000000119
47998  -32.590  -14.656  4.888 0.3000000119
48010  -30.434  -13.923  3.830 0.3000000119
48734  -31.124  -13.534  4.069 0.3000000119
48735  -31.792  -13.661  4.337 0.3000000119
48736  -32.564  -13.957  4.424 0.3000000119
46466  -35.110  -15.834  2.808 0.3000000119
47273  -35.317  -15.352  1.144 0.3000000119
99345  -35.450  -15.091  0.149 0.3000000119
46441  -34.627  -16.786  5.009 0.3000000119
47218  -33.269  -15.777  5.366 0.3000000119
47219  -34.067  -16.109  5.157 0.3000000119
47237  -33.435  -15.123  4.804 0.3000000119
116520  -33.778  -15.606  4.971 0.3000000119
104746  -34.852  -16.041  3.734 0.3000000119
48752  -31.729  -13.076  3.791 0.3000000119
48753  -32.525  -13.312  3.904 0.3000000119
48737  -33.347  -14.385  4.352 0.3000000119
47260  -35.264  -15.680  1.961 0.3000000119
111598  -35.124  -15.077  1.881 0.3000000119
110903  -35.979  -13.556  -1.279 0.3000000119
47238  -34.232  -15.545  4.448 0.3000000119
49501  -31.593  -12.493  3.235 0.3000000119
47999  -33.980  -14.844  4.209 0.3000000119
47250  -34.547  -15.157  3.472 0.3000000119
49502  -32.427  -12.631  3.393 0.3000000119
48754  -33.283  -13.694  3.882 0.3000000119
48011  -34.030  -14.269  3.658 0.3000000119
107985  -34.920  -15.141  2.513 0.3000000119
47272  -34.820  -14.574  2.217 0.3000000119
48783  -35.236  -13.830  1.017 0.3000000119
48034  -35.130  -14.604  1.526 0.3000000119
48795  -35.569  -13.458  0.053 0.3000000119
115123  -35.329  -14.647  0.805 0.3000000119
48045  -35.534  -14.250  0.020 0.3000000119
49514  -31.403  -11.994  2.602 0.3000000119
49515  -32.219  -11.975  2.855 0.3000000119
114924  -33.679  -12.828  2.932 0.3000000119
116212  -34.268  -14.054  3.155 0.3000000119
48768  -34.454  -13.972  2.669 0.3000000119
49517  -33.947  -12.375  2.414 0.3000000119
48782  -34.755  -13.889  1.936 0.3000000119
49531  -35.361  -12.768  0.687 0.3000000119
49545  -35.782  -12.665  -0.492 0.3000000119
48807  -36.705  -13.279  -2.679 0.3000000119
114854  -36.278  -12.926  -2.220 0.3000000119
48809  -37.404  -13.295  -2.721 0.3000000119
50388  -31.933  -11.421  2.220 0.3000000119
50389  -32.758  -11.512  2.327 0.3000000119
49516  -33.105  -12.217  2.865 0.3000000119
50390  -33.541  -11.662  2.205 0.3000000119
109993  -34.268  -13.237  2.505 0.3000000119
49530  -34.695  -12.847  1.693 0.3000000119
49555  -36.049  -12.482  -1.896 0.3000000119
48802  -36.458  -12.377  -2.634 0.3000000119
49561  -37.226  -12.343  -2.790 0.3000000119
111636  -22.893  -43.005  4.082 0.4000000060
25623  -18.159  -41.080  12.151 0.3000000119
28820  -20.190  -36.958  9.727 0.4000000060
30613  -19.608  -35.079  8.653 0.4000000060
27222  -19.515  -39.540  10.920 0.4000000060
27976  -20.318  -38.572  12.458 0.4000000060
27201  -20.031  -39.166  12.115 0.4000000060
110080  -32.380  -25.962  10.127 0.3000000119
42295  -30.935  -21.975  8.193 0.3000000119
44848  -29.593  -18.501  5.544 0.3000000119
44864  -29.275  -18.123  4.895 0.3000000119
44849  -30.259  -18.272  5.834 0.3000000119
26395  -18.123  -41.108  11.445 0.4000000060
26405  -18.532  -40.567  10.940 0.4000000060
28015  -19.353  -38.283  9.664 0.4000000060
26372  -17.519  -40.255  13.294 0.3000000119
26388  -19.100  -40.029  12.045 0.4000000060
41458  -31.579  -22.112  8.479 0.3000000119
44866  -35.374  -18.661  4.166 0.3000000119
44812  -32.083  -18.794  7.097 0.3000000119
48008  -28.954  -14.877  3.161 0.3000000119
44836  -32.788  -18.237  6.810 0.3000000119
45640  -35.045  -17.388  4.748 0.3000000119
46416  -33.386  -16.864  6.031 0.3000000119
44851  -34.962  -18.311  5.814 0.3000000119
46440  -34.065  -16.793  5.663 0.3000000119
47217  -32.312  -15.863  5.535 0.3000000119
46453  -34.600  -16.261  4.502 0.3000000119
98756  -34.535  -14.529  2.944 0.3000000119
49503  -33.165  -12.985  3.416 0.3000000119
48767  -33.898  -13.528  3.231 0.3000000119
50406  -34.260  -11.794  1.791 0.3000000119
50422  -34.517  -11.106  1.138 0.3000000119
25629  -17.632  -41.549  11.877 0.4000000060
30702  -29.868  -35.652  2.475 0.4000000060
24191  -16.097  -43.156  7.751 0.3000000119
24183  -16.316  -43.547  8.459 0.3000000119
24925  -16.414  -42.466  7.445 0.3000000119
24170  -17.359  -43.098  9.123 0.3000000119
27182  -17.911  -39.467  13.304 0.3000000119
109095  -18.681  -39.333  13.095 0.3000000119
27955  -17.552  -38.842  13.338 0.3000000119
28028  -17.923  -37.852  8.506 0.3000000119
27237  -18.362  -39.422  9.575 0.3000000119
28818  -18.743  -37.598  8.900 0.3000000119
27221  -18.847  -39.891  10.466 0.3000000119
106023  -18.243  -35.747  7.799 0.3000000119
28835  -18.858  -36.552  8.587 0.3000000119
27220  -18.111  -40.202  10.046 0.3000000119
28014  -18.569  -38.557  9.234 0.3000000119
22567  -23.998  -45.179  10.180 0.5000000000
23369  -23.987  -44.799  10.655 0.5000000000
23397  -16.122  -44.150  8.763 0.4000000060
24141  -21.423  -43.656  11.669 0.5000000000
24184  -16.781  -42.903  8.423 0.5000000000
24873  -20.821  -43.097  11.474 0.5000000000
24924  -15.831  -42.873  6.831 0.3000000119
25605  -17.231  -41.052  13.140 0.3000000119
25676  -18.599  -41.321  8.354 0.6000000238
25686  -16.639  -41.668  7.068 0.4000000060
25702  -27.480  -41.558  6.748 0.6999999881
25720  -23.480  -41.467  3.752 0.6999999881
26404  -17.775  -40.839  10.545 0.3000000119
27200  -19.499  -39.516  12.229 0.4000000060
27999  -19.172  -39.175  10.010 0.3000000119
28003  -26.080  -38.919  10.571 0.8000000119
29703  -20.311  -35.950  7.272 0.5000000000
29744  -23.450  -36.041  3.253 0.6999999881
30627  -19.731  -34.068  8.064 0.5000000000
30640  -18.458  -34.633  6.926 0.3000000119
30642  -19.882  -34.551  6.783 0.5000000000
31482  -23.328  -34.449  13.479 0.5000000000
31542  -19.732  -33.860  6.943 0.5000000000
31544  -21.703  -33.387  7.937 0.5000000000
31600  -23.799  -34.807  2.693 0.8000000119
32336  -22.741  -33.032  8.688 0.6000000238
32338  -24.526  -32.734  9.369 0.8000000119
33218  -24.579  -32.665  3.445 0.8000000119
34013  -26.167  -30.623  2.256 0.8999999762
35414  -26.416  -29.361  2.286 0.8000000119
36249  -26.620  -28.435  2.183 0.8000000119
37023  -34.225  -27.157  9.139 0.6000000238
40651  -28.936  -23.121  7.809 0.3000000119
41466  -26.887  -22.703  7.077 0.3000000119
42307  -30.682  -21.539  7.850 0.3000000119
42322  -28.929  -21.172  7.013 0.3000000119
47295  -39.129  -15.545  -2.812 0.4000000060
48750  -29.967  -13.636  3.148 0.3000000119
99383  -33.525  -19.935  7.580 0.3000000119
99857  -24.942  -32.683  2.700 0.8000000119
101308  -36.888  -12.535  -2.895 0.3000000119
101460  -26.213  -39.947  4.749 0.6999999881
108122  -19.527  -37.693  7.055 0.4000000060
112675  -23.430  -36.086  3.000 0.6999999881
114989  -25.478  -43.815  10.339 0.5000000000
115197  -23.689  -32.165  14.386 0.3000000119
115324  -25.720  -30.104  3.015 0.8999999762
115339  -19.159  -39.233  12.886 0.4000000060
116064  -18.905  -38.343  13.350 0.4000000060
116116  -32.426  -17.797  6.538 0.3000000119
116294  -22.164  -39.786  9.364 0.6000000238
116637  -19.507  -34.073  6.735 0.5000000000
