#!ascii label  , from subject sub-v1s22x0050503_ses-1 vox2ras=TkReg
1523
100006  37.464  -40.060  1.444 0.6000000238
24804  38.114  -39.838  0.835 0.5000000000
26179  37.802  -38.806  1.735 0.6999999881
98326  37.834  -38.800  2.876 0.6000000238
25508  37.488  -39.470  3.393 0.6000000238
26163  37.670  -38.587  3.923 0.6000000238
112034  37.656  -39.342  1.091 0.6999999881
25515  37.454  -39.677  2.136 0.5000000000
24762  37.179  -40.086  3.970 0.5000000000
26856  37.708  -37.711  4.405 0.6000000238
25534  38.159  -39.235  0.301 0.5000000000
24792  37.707  -40.224  1.264 0.5000000000
24775  37.087  -40.580  2.003 0.6000000238
26152  37.417  -38.426  4.895 0.6000000238
24790  39.716  -40.531  1.484 0.5000000000
24789  40.707  -40.857  1.564 0.5000000000
26866  38.595  -36.558  3.302 0.6000000238
27616  38.167  -36.980  4.054 0.6999999881
114575  38.042  -38.046  0.685 0.6000000238
26178  38.275  -37.995  1.571 0.6999999881
26876  38.537  -37.418  2.652 0.6000000238
114389  38.387  -37.205  3.393 0.6000000238
107604  37.837  -38.598  0.649 0.6000000238
26185  37.972  -38.640  0.023 0.5000000000
26841  37.331  -37.596  5.269 0.6000000238
24803  39.133  -39.756  0.750 0.5000000000
26842  36.980  -37.487  5.901 0.6000000238
24802  40.379  -40.097  0.836 0.5000000000
104844  36.349  -37.102  6.976 0.6999999881
26826  36.681  -37.728  6.491 0.6000000238
27574  36.015  -36.349  7.426 0.6999999881
26816  36.271  -37.957  7.333 0.6000000238
26135  35.715  -37.976  8.064 0.6000000238
26804  35.153  -37.651  8.610 0.6000000238
27576  32.047  -37.075  7.554 0.5000000000
27602  32.481  -37.157  4.920 0.6999999881
26818  31.842  -37.556  6.643 0.6000000238
26843  32.163  -37.554  4.591 0.8000000119
26828  31.512  -38.054  6.017 0.6999999881
28522  38.695  -35.666  3.576 0.6000000238
27615  38.338  -36.121  4.114 0.6999999881
109869  38.726  -37.273  1.823 0.6999999881
27640  38.872  -36.646  2.361 0.6000000238
28510  37.988  -35.713  4.737 0.6999999881
105524  38.058  -38.070  0.169 0.6000000238
26885  38.506  -37.453  0.899 0.6000000238
112983  39.331  -38.327  -0.654 0.5000000000
26893  38.546  -38.102  -0.403 0.5000000000
104174  37.583  -36.151  5.228 0.8000000119
25541  39.614  -38.915  -0.354 0.5000000000
25542  38.617  -38.702  -0.213 0.5000000000
27584  37.150  -35.834  5.951 0.8000000119
27601  37.139  -36.775  5.713 0.6000000238
24801  41.387  -40.557  0.642 0.5000000000
27585  36.620  -36.326  6.575 0.8000000119
28466  36.268  -35.694  7.173 0.8000000119
109276  36.737  -37.082  6.297 0.6999999881
28467  35.645  -35.509  7.744 0.6999999881
28447  34.429  -35.615  8.364 0.6999999881
28446  35.092  -35.706  8.232 0.6999999881
26817  35.690  -37.166  7.863 0.6999999881
28448  33.557  -35.680  8.332 0.6000000238
101887  34.974  -36.822  8.527 0.6000000238
28449  32.770  -35.919  8.102 0.6999999881
112421  33.592  -37.032  8.699 0.6999999881
27559  34.147  -36.429  8.609 0.6000000238
28481  32.296  -35.679  6.517 0.6999999881
27561  32.493  -36.678  8.148 0.6000000238
27586  32.311  -36.722  5.872 0.8000000119
100756  32.111  -36.578  6.850 0.8000000119
98684  32.348  -36.320  7.705 0.6000000238
101117  32.675  -36.723  4.323 0.8999999762
26858  31.738  -37.711  4.437 0.6999999881
102367  32.747  -37.062  3.391 0.8000000119
26844  31.694  -37.852  5.072 0.6999999881
29450  38.816  -34.872  3.777 0.6000000238
28509  38.418  -35.316  4.276 0.6999999881
29421  38.422  -34.419  4.521 0.6999999881
28539  38.969  -35.892  2.811 0.6000000238
115878  38.242  -33.942  4.906 0.6000000238
28554  39.554  -35.612  1.555 0.4000000060
109085  39.279  -36.197  1.270 0.6000000238
28538  39.391  -35.276  2.442 0.6000000238
29435  38.071  -35.002  4.848 0.6999999881
27652  39.065  -36.745  0.708 0.6000000238
28494  37.614  -35.224  5.438 0.8000000119
26898  39.809  -37.396  -1.045 0.4000000060
26892  39.190  -37.400  -0.541 0.5000000000
26889  38.639  -37.427  0.016 0.6000000238
26192  39.986  -38.017  -1.130 0.5000000000
28479  37.152  -35.066  6.128 0.8000000119
25540  40.520  -39.280  -0.375 0.4000000060
108165  36.199  -34.925  7.262 0.8000000119
24812  41.118  -39.938  -0.105 0.5000000000
106109  35.519  -34.594  7.675 0.8000000119
29401  34.031  -33.930  7.580 0.8000000119
29381  34.936  -35.057  8.090 0.6999999881
28468  33.079  -35.152  7.852 0.8000000119
29382  33.999  -34.811  8.067 0.6999999881
30298  33.026  -33.568  6.432 0.8999999762
29403  32.632  -34.848  7.115 0.8999999762
29412  32.500  -34.631  6.040 0.8999999762
28469  32.483  -35.682  7.431 0.6000000238
106281  32.501  -35.413  4.783 0.8999999762
28495  32.387  -36.081  5.426 0.8999999762
27627  31.904  -37.289  3.102 0.8000000119
27628  31.080  -37.028  3.546 0.8000000119
112011  32.031  -37.483  3.575 0.8000000119
26868  31.592  -37.524  3.856 0.8000000119
27626  32.316  -37.308  3.458 0.8000000119
26857  32.127  -37.541  3.960 0.6999999881
30325  38.943  -34.001  3.935 0.6999999881
30312  38.545  -33.493  4.614 0.6000000238
28521  39.041  -35.251  3.154 0.6000000238
29449  39.362  -34.539  3.166 0.5000000000
30303  38.074  -33.526  5.253 0.6999999881
29483  39.899  -34.965  1.872 0.4000000060
29422  37.921  -34.330  5.226 0.6999999881
27651  39.629  -35.993  0.640 0.5000000000
29409  37.424  -34.417  5.941 0.6999999881
27659  40.362  -36.301  -0.857 0.5000000000
27658  39.336  -36.724  -0.058 0.6000000238
26897  40.608  -37.417  -1.322 0.4000000060
27665  40.364  -36.779  -1.177 0.4000000060
30287  35.785  -33.020  7.384 0.8000000119
29410  36.769  -34.409  6.660 0.8000000119
99093  41.071  -38.178  -1.284 0.4000000060
29399  36.089  -34.010  7.345 0.8000000119
28480  36.677  -35.378  6.605 0.8000000119
25547  41.341  -39.511  -0.736 0.3000000119
30289  34.191  -33.028  7.337 0.8000000119
99693  35.316  -33.770  7.611 0.8000000119
104031  33.516  -32.712  6.585 0.8000000119
109161  34.647  -33.626  7.620 0.8000000119
30306  32.832  -33.667  5.634 0.8999999762
29411  32.906  -34.134  6.892 0.8999999762
30314  32.858  -33.778  4.673 0.8999999762
112352  32.570  -34.386  5.073 0.8999999762
29452  32.725  -34.828  4.160 0.8999999762
27643  31.343  -36.699  2.732 0.8000000119
109250  33.047  -35.471  3.076 0.8999999762
27641  32.538  -37.002  2.612 0.8000000119
28523  33.005  -36.693  2.662 0.8000000119
30324  39.532  -33.621  3.451 0.6000000238
30311  39.096  -33.151  4.060 0.6000000238
31877  38.800  -32.235  4.742 0.6000000238
29482  40.439  -34.637  1.471 0.4000000060
29466  40.253  -34.351  2.159 0.4000000060
29467  39.754  -34.633  2.486 0.4000000060
30304  37.667  -33.764  5.729 0.6999999881
28553  40.102  -35.272  1.108 0.4000000060
31107  37.691  -32.892  5.899 0.6999999881
29503  41.060  -35.037  -0.039 0.5000000000
28565  40.375  -35.493  0.256 0.4000000060
104137  37.081  -32.950  6.583 0.6999999881
28576  40.777  -35.655  -0.702 0.5000000000
31093  35.865  -31.965  7.190 0.8000000119
30297  36.616  -33.426  6.943 0.8000000119
31095  34.273  -32.168  6.900 0.8000000119
31108  33.401  -32.239  5.750 0.8000000119
109470  33.375  -32.413  4.924 0.8999999762
98812  33.080  -32.960  6.008 0.8999999762
30313  33.286  -33.048  4.218 0.8999999762
30327  33.050  -34.145  3.639 0.8999999762
29451  33.323  -34.668  2.577 1.0000000000
28558  31.830  -36.143  1.076 0.8000000119
27653  32.327  -36.668  1.765 0.8000000119
29469  33.217  -35.992  2.026 1.0000000000
28541  32.874  -36.542  1.854 0.8000000119
31112  39.245  -32.393  4.259 0.6000000238
31876  39.243  -31.565  4.610 0.6000000238
31123  39.659  -32.757  3.654 0.6000000238
101443  38.481  -31.831  5.334 0.6999999881
30350  40.781  -34.022  1.746 0.4000000060
30339  40.504  -33.650  2.417 0.4000000060
30340  39.929  -34.012  2.793 0.4000000060
29481  40.927  -34.348  1.150 0.4000000060
99825  37.820  -31.954  5.988 0.6999999881
30349  41.401  -33.765  1.188 0.4000000060
31101  37.177  -32.238  6.507 0.8000000119
31860  36.350  -31.308  6.929 0.8000000119
111508  34.411  -31.510  6.583 0.8000000119
31852  35.028  -31.667  7.038 0.8000000119
31871  33.775  -31.527  5.711 0.8000000119
31863  33.832  -31.811  6.296 0.8000000119
31124  33.607  -32.516  3.512 0.8999999762
30326  33.427  -33.478  3.104 1.0000000000
30341  33.639  -33.913  2.075 1.0000000000
28557  32.644  -36.168  0.944 0.8000000119
28542  31.581  -36.434  1.921 0.8000000119
30352  33.861  -34.324  1.091 1.0000000000
28556  33.087  -35.749  0.420 0.8000000119
28540  33.205  -36.003  1.160 0.8000000119
31885  40.532  -31.580  3.587 0.6000000238
31869  38.176  -31.129  5.996 0.6999999881
99872  38.550  -30.213  5.961 0.6999999881
30338  41.109  -33.340  2.032 0.4000000060
31136  40.716  -32.869  2.682 0.5000000000
30323  40.125  -33.225  3.062 0.5000000000
32619  37.821  -30.545  6.347 0.8000000119
31859  37.224  -31.240  6.550 0.8000000119
30348  42.137  -33.345  0.880 0.4000000060
31861  35.699  -31.100  6.986 0.8000000119
31862  34.919  -30.981  6.580 0.8000000119
31870  34.252  -31.041  6.049 0.8000000119
31114  33.519  -32.250  4.314 0.8999999762
31878  34.095  -31.057  4.370 0.8000000119
31904  33.979  -31.954  2.958 1.0000000000
31138  33.769  -32.855  2.519 1.0000000000
31903  34.417  -31.316  2.373 1.0000000000
31150  34.017  -33.255  1.548 1.0000000000
30359  34.267  -33.851  -0.276 1.0000000000
28566  32.832  -35.431  -0.170 0.8999999762
29485  31.384  -35.107  0.725 0.8000000119
29506  31.778  -35.012  -0.197 0.8999999762
29495  33.820  -34.437  -0.454 1.0000000000
30368  33.502  -34.058  -1.067 1.0000000000
29505  32.345  -34.858  -0.534 1.0000000000
31165  34.540  -33.229  -0.933 1.0000000000
31936  35.418  -31.837  -1.371 1.0000000000
104173  34.893  -32.434  -1.422 1.0000000000
31170  34.604  -32.277  -1.705 1.0000000000
31935  36.166  -31.434  -1.922 1.0000000000
31944  35.470  -31.798  -1.989 1.0000000000
32627  39.561  -30.670  4.775 0.6999999881
109473  39.226  -30.241  5.346 0.6999999881
32638  40.893  -30.726  3.890 0.6000000238
31875  40.041  -31.126  4.188 0.6000000238
31868  38.881  -30.931  5.327 0.6999999881
31122  40.308  -32.404  3.334 0.6000000238
31135  41.372  -32.579  2.384 0.5000000000
33407  37.795  -29.750  6.449 0.8000000119
31148  41.733  -32.984  1.658 0.4000000060
103643  37.231  -30.339  6.580 0.8000000119
32612  36.416  -30.488  6.798 0.8000000119
32613  35.481  -30.335  6.593 0.8000000119
32620  34.492  -30.341  5.567 0.8000000119
32614  34.810  -30.326  6.146 0.8000000119
32628  34.375  -30.320  4.778 0.6999999881
31887  34.204  -31.189  3.418 0.8999999762
32639  34.407  -30.434  3.838 0.8000000119
110172  34.447  -30.629  3.005 1.0000000000
32652  34.744  -30.462  2.265 1.0000000000
31137  34.221  -32.284  1.977 1.0000000000
32666  34.756  -31.006  1.628 1.0000000000
32665  35.185  -30.342  1.288 1.0000000000
31921  34.610  -31.760  1.383 1.0000000000
106902  35.591  -29.806  0.435 1.0000000000
31920  35.027  -31.269  0.793 1.0000000000
31928  35.255  -31.652  -0.298 1.0000000000
31937  34.933  -32.453  -0.701 1.0000000000
30375  33.217  -33.335  -1.321 1.0000000000
30361  31.989  -34.053  -0.524 1.0000000000
32679  35.874  -31.281  -1.021 1.0000000000
30374  34.025  -33.482  -1.376 1.0000000000
31172  33.354  -32.528  -1.416 1.0000000000
31945  34.813  -31.640  -2.033 1.0000000000
31943  36.171  -31.226  -2.278 1.0000000000
31950  35.535  -31.353  -2.237 1.0000000000
111232  39.821  -29.929  5.028 0.6999999881
33418  39.235  -29.483  5.622 0.6999999881
32625  41.786  -30.163  4.175 0.5000000000
32626  40.302  -30.368  4.500 0.6999999881
33419  38.441  -29.307  6.150 0.6999999881
31901  41.671  -31.821  2.755 0.5000000000
31884  41.287  -31.363  3.339 0.5000000000
101918  37.420  -29.034  6.495 0.8000000119
33408  36.904  -29.665  6.621 0.8000000119
33409  35.995  -29.590  6.590 0.6999999881
34260  35.620  -28.794  6.151 0.8000000119
33421  34.640  -29.643  5.187 0.8000000119
33420  35.019  -29.169  5.614 0.8000000119
33430  34.631  -29.553  4.255 0.6999999881
33460  34.690  -29.825  3.136 0.8999999762
34299  35.191  -28.327  3.544 0.8000000119
35200  35.498  -27.367  3.067 0.8000000119
35199  35.993  -26.982  2.351 0.8000000119
33459  35.127  -29.689  2.172 0.8999999762
99077  35.383  -28.256  2.541 0.8000000119
35211  35.653  -27.655  2.185 0.8000000119
104854  35.355  -28.970  2.093 0.8999999762
35210  36.226  -27.517  1.423 0.8999999762
36090  36.629  -26.605  1.727 0.8000000119
33471  35.437  -29.341  1.366 0.8999999762
34329  35.781  -28.918  0.673 1.0000000000
32672  35.440  -30.761  0.118 1.0000000000
31929  34.801  -32.127  0.378 1.0000000000
33486  36.657  -30.035  -1.210 1.0000000000
32678  36.510  -30.911  -1.664 1.0000000000
32688  34.154  -31.097  -1.746 1.0000000000
33485  37.364  -29.671  -1.700 1.0000000000
32686  36.565  -30.945  -2.129 1.0000000000
32687  34.808  -30.792  -2.112 1.0000000000
33496  36.981  -30.365  -1.960 1.0000000000
33495  37.480  -29.680  -2.176 1.0000000000
33502  36.720  -30.189  -2.333 1.0000000000
33428  41.382  -29.506  4.709 0.6999999881
33429  40.565  -29.666  4.824 0.6999999881
33417  40.087  -29.208  5.350 0.6999999881
34271  39.552  -28.663  5.778 0.6999999881
34272  38.861  -28.809  5.997 0.6999999881
98555  41.652  -30.778  3.599 0.5000000000
34258  38.070  -28.489  6.358 0.6999999881
31883  42.048  -31.198  3.180 0.5000000000
34259  37.205  -28.379  6.497 0.8000000119
34273  35.790  -27.952  5.937 0.6999999881
113498  36.054  -28.319  6.272 0.6999999881
34274  35.301  -28.400  5.412 0.6999999881
34284  34.834  -28.912  4.905 0.6999999881
33443  34.880  -29.100  3.597 0.6999999881
34300  34.901  -28.801  4.193 0.6999999881
36071  35.850  -26.639  3.056 0.8000000119
36056  36.246  -26.183  3.482 0.8000000119
36897  36.769  -25.572  3.068 0.8000000119
36070  36.384  -26.254  2.624 0.8000000119
36896  37.657  -25.162  2.705 0.8000000119
36069  37.030  -25.781  2.121 0.8000000119
34320  36.096  -28.227  0.857 1.0000000000
35209  36.955  -26.968  0.849 0.8999999762
36089  37.451  -26.309  1.257 0.8000000119
35222  36.696  -27.793  0.497 1.0000000000
36101  37.753  -26.719  0.519 0.8000000119
34328  36.441  -28.617  0.139 1.0000000000
33487  35.999  -30.377  -0.593 1.0000000000
34336  36.937  -29.175  -0.757 1.0000000000
34343  38.207  -29.273  -2.113 1.0000000000
114757  34.529  -30.085  -1.800 1.0000000000
33498  33.907  -30.117  -1.458 1.0000000000
96643  38.448  -29.078  -2.845 1.0000000000
33501  37.549  -29.529  -2.442 1.0000000000
33503  35.969  -30.213  -2.451 1.0000000000
103482  38.450  -28.768  -3.079 1.0000000000
33416  40.926  -28.994  5.220 0.6999999881
34269  41.222  -28.244  5.499 0.6999999881
35161  39.789  -27.874  6.064 0.6000000238
34257  38.953  -28.105  6.201 0.6000000238
35145  38.266  -27.534  6.346 0.6000000238
35146  37.464  -27.753  6.399 0.6999999881
35162  36.293  -27.200  5.679 0.6999999881
35147  37.034  -27.194  6.154 0.6999999881
35173  35.598  -27.523  5.069 0.6999999881
36889  36.692  -25.637  3.992 0.8000000119
34283  35.202  -28.227  4.545 0.6999999881
36057  35.735  -26.775  3.748 0.8000000119
37817  38.474  -24.638  2.933 0.8000000119
36895  38.773  -25.204  2.116 0.8000000119
36913  39.380  -25.822  1.309 0.8000000119
98501  38.738  -26.353  0.786 0.8000000119
34327  37.196  -28.224  -0.350 1.0000000000
35220  38.677  -27.001  -0.171 1.0000000000
98749  39.791  -26.655  0.116 0.6999999881
35230  38.157  -27.871  -0.771 1.0000000000
36104  40.266  -27.133  -0.561 0.8999999762
34334  38.869  -28.579  -1.772 1.0000000000
35236  40.100  -28.322  -1.970 1.0000000000
35235  40.919  -28.102  -2.045 1.0000000000
34346  33.975  -29.287  -1.212 1.0000000000
34342  39.263  -28.739  -2.646 1.0000000000
34348  40.177  -28.318  -3.170 1.0000000000
96873  36.246  -29.537  -2.417 1.0000000000
34344  35.300  -29.218  -2.023 1.0000000000
103212  34.477  -29.537  -1.644 1.0000000000
100928  37.680  -28.748  -2.861 1.0000000000
34270  40.378  -28.441  5.625 0.6999999881
36017  38.270  -26.574  6.324 0.6000000238
36018  37.445  -26.561  6.048 0.6999999881
109131  36.537  -26.505  5.194 0.6999999881
112299  36.876  -26.712  5.750 0.6999999881
36046  36.242  -26.388  4.388 0.6999999881
36877  36.841  -25.825  4.827 0.8000000119
36888  37.261  -25.097  3.652 0.6999999881
37818  37.843  -24.723  3.454 0.6999999881
36894  39.844  -25.423  1.587 0.6999999881
36912  40.651  -25.926  0.932 0.6999999881
36100  40.723  -26.616  -0.183 0.8000000119
36088  40.267  -26.300  0.555 0.6999999881
35229  39.395  -27.727  -1.084 0.8999999762
35228  40.618  -27.680  -1.392 1.0000000000
113478  41.083  -27.565  -1.767 1.0000000000
34345  34.437  -28.763  -1.397 1.0000000000
35240  40.899  -27.986  -3.118 1.0000000000
34352  36.062  -28.611  -2.302 1.0000000000
35243  37.930  -27.770  -3.000 1.0000000000
35160  40.620  -27.650  5.887 0.6000000238
35143  39.969  -27.027  6.263 0.6000000238
35144  39.097  -27.252  6.315 0.6000000238
36016  39.230  -26.348  6.407 0.6000000238
36847  39.363  -25.515  6.399 0.6000000238
99094  38.563  -25.635  6.280 0.6000000238
36848  37.777  -25.792  5.969 0.6000000238
36860  37.484  -25.386  5.290 0.6000000238
37782  37.862  -24.713  4.984 0.6999999881
37800  38.366  -24.343  3.779 0.6999999881
37799  39.098  -24.127  3.268 0.6999999881
37816  39.636  -24.745  2.254 0.6999999881
37815  40.858  -24.742  1.677 0.6999999881
37835  40.797  -25.440  1.309 0.6999999881
43412  43.811  -18.654  -3.666 0.3000000119
36926  41.154  -26.228  0.239 0.6999999881
96869  41.420  -25.779  0.516 0.6999999881
44239  43.567  -17.650  -3.289 0.3000000119
36925  41.494  -25.912  0.033 0.8000000119
33461  32.492  -29.455  2.634 0.8999999762
35227  40.943  -27.159  -0.958 1.0000000000
34330  33.085  -28.966  0.689 1.0000000000
34338  33.899  -28.757  -0.767 1.0000000000
101253  33.443  -28.837  -0.109 1.0000000000
36110  41.044  -27.564  -2.993 1.0000000000
114711  38.647  -27.262  -3.209 1.0000000000
35242  39.138  -28.022  -3.351 1.0000000000
35244  36.912  -28.213  -2.630 1.0000000000
35239  35.146  -28.025  -1.616 1.0000000000
35142  40.836  -26.840  6.173 0.6000000238
36015  40.129  -26.071  6.423 0.6000000238
36846  40.485  -25.216  6.391 0.6000000238
114528  39.884  -25.395  6.435 0.6000000238
37754  40.238  -24.347  6.148 0.6000000238
37763  39.940  -23.844  5.726 0.6999999881
38738  39.296  -23.870  5.378 0.6999999881
37765  39.003  -24.512  5.855 0.6000000238
38749  38.855  -23.865  4.834 0.6999999881
41595  44.360  -20.169  3.533 0.3000000119
37781  38.362  -24.291  4.589 0.6999999881
38783  40.015  -23.983  2.657 0.6999999881
115265  44.008  -20.717  -2.839 0.3000000119
100069  43.998  -20.539  -2.921 0.4000000060
43406  43.160  -17.935  -2.965 0.4000000060
111297  42.822  -18.291  -2.154 0.4000000060
34301  32.191  -28.923  3.284 0.6999999881
34302  31.603  -28.518  3.736 0.6999999881
106693  41.995  -15.628  -0.467 0.3000000119
44233  42.968  -16.980  -2.860 0.3000000119
34322  32.888  -28.173  1.542 0.8999999762
45028  42.244  -15.951  -0.654 0.3000000119
107647  42.696  -16.979  -2.230 0.3000000119
36099  40.753  -26.606  -0.441 0.8000000119
99712  33.357  -28.138  0.626 0.8999999762
44223  42.485  -16.808  -1.283 0.3000000119
36934  40.765  -26.575  -1.110 0.8000000119
36937  40.481  -26.420  -2.161 1.0000000000
34337  34.380  -28.045  -0.854 1.0000000000
36940  40.009  -25.655  -3.206 1.0000000000
35238  36.109  -27.573  -2.069 1.0000000000
36944  40.038  -25.986  -3.371 1.0000000000
35237  36.970  -27.189  -2.503 1.0000000000
36112  38.311  -26.480  -3.177 1.0000000000
36113  37.260  -26.158  -2.595 1.0000000000
36942  38.218  -25.276  -3.390 1.0000000000
38728  40.730  -23.620  5.785 0.6999999881
38737  40.003  -23.328  5.259 0.6999999881
40630  44.386  -21.577  4.342 0.3000000119
41581  44.025  -20.759  4.114 0.4000000060
38747  40.125  -22.899  4.682 0.6999999881
38748  39.469  -23.382  4.598 0.6999999881
38764  38.862  -23.816  4.156 0.6999999881
105108  43.719  -19.833  3.353 0.4000000060
38762  40.331  -23.194  3.030 0.6999999881
42526  44.164  -19.170  2.219 0.3000000119
41596  43.086  -19.999  3.475 0.5000000000
39714  41.306  -22.943  2.315 0.6999999881
38782  41.098  -23.976  1.955 0.6999999881
42527  43.514  -19.492  1.882 0.5000000000
38793  41.755  -24.757  1.181 0.6999999881
104474  44.303  -19.997  -1.230 0.4000000060
41623  43.490  -20.964  -0.382 0.6000000238
41645  43.647  -21.984  -1.527 0.5000000000
37834  41.641  -25.320  0.838 0.6999999881
44201  41.399  -17.609  1.833 0.4000000060
41661  43.224  -21.487  -2.161 0.4000000060
36911  41.824  -25.399  0.209 0.6999999881
35188  31.417  -27.731  3.527 0.6999999881
45023  41.775  -15.931  1.003 0.4000000060
42589  43.332  -19.415  -2.565 0.4000000060
107022  42.883  -19.500  -1.940 0.4000000060
34285  30.990  -28.967  4.230 0.6000000238
45803  41.868  -15.223  -0.180 0.3000000119
107468  41.915  -16.155  -0.061 0.3000000119
37843  41.691  -25.521  -0.001 0.6999999881
38798  42.021  -24.716  -0.130 0.6999999881
34314  32.524  -28.573  2.513 0.6999999881
44216  41.829  -17.427  0.801 0.4000000060
43381  42.451  -18.045  -1.180 0.4000000060
42556  42.422  -19.523  -0.926 0.4000000060
37855  40.934  -26.200  -0.380 0.8000000119
45029  42.358  -16.168  -0.789 0.3000000119
43382  41.990  -18.446  0.260 0.4000000060
37844  40.604  -25.551  -0.296 0.8000000119
35233  33.874  -28.111  -0.093 1.0000000000
116052  40.151  -25.681  -0.711 0.8999999762
37862  39.783  -25.471  -2.526 1.0000000000
36108  36.343  -26.579  -1.899 1.0000000000
36945  38.976  -24.690  -3.509 1.0000000000
36116  39.233  -25.501  -3.511 1.0000000000
36941  39.484  -24.986  -3.327 1.0000000000
36938  36.429  -25.672  -1.864 1.0000000000
36943  37.149  -24.978  -2.795 1.0000000000
38736  41.417  -23.095  5.631 0.6000000238
39671  41.762  -22.330  5.349 0.6000000238
39672  40.761  -22.707  5.189 0.6000000238
39681  41.222  -21.966  4.733 0.6999999881
40623  42.522  -21.884  5.151 0.5000000000
40624  41.938  -21.506  4.893 0.6000000238
39682  40.535  -22.374  4.317 0.6999999881
41582  43.231  -20.569  4.166 0.5000000000
41583  42.495  -20.524  4.016 0.4000000060
39683  39.977  -22.838  3.966 0.6999999881
41584  41.846  -20.723  3.755 0.6000000238
39696  41.050  -21.994  3.036 0.6999999881
41597  42.377  -20.260  3.221 0.6000000238
42528  43.063  -20.059  1.270 0.6000000238
39730  42.478  -23.229  1.159 0.6999999881
38781  42.258  -24.196  1.104 0.6999999881
40682  43.526  -22.653  -0.385 0.6000000238
103677  42.846  -23.881  0.381 0.6000000238
44183  40.941  -17.661  2.461 0.4000000060
96658  43.538  -20.725  -2.423 0.4000000060
39738  43.651  -22.541  -1.202 0.5000000000
39739  43.478  -23.102  -0.763 0.6000000238
37832  42.643  -24.307  0.229 0.6999999881
45007  41.326  -16.788  2.223 0.4000000060
40686  43.288  -22.102  -1.733 0.5000000000
37842  42.187  -24.779  0.072 0.6999999881
110013  41.699  -16.818  1.227 0.4000000060
43371  41.027  -18.502  2.234 0.5000000000
42577  42.884  -20.864  -2.122 0.4000000060
42578  42.386  -20.706  -1.116 0.4000000060
35201  32.414  -27.743  2.373 0.8999999762
34315  32.120  -28.122  3.152 0.6999999881
44215  42.248  -17.172  -0.290 0.4000000060
38799  40.440  -24.640  0.112 0.6999999881
35223  33.775  -27.278  0.673 0.8999999762
37856  39.214  -24.989  -0.725 0.8999999762
35232  34.354  -27.360  -0.103 0.8999999762
110911  34.899  -27.289  -0.817 1.0000000000
35231  35.547  -26.987  -1.406 1.0000000000
36109  35.829  -26.086  -1.202 1.0000000000
36105  35.274  -26.467  -0.632 1.0000000000
37866  38.829  -23.970  -3.180 1.0000000000
40708  38.165  -21.477  -3.621 0.8999999762
39773  38.337  -22.251  -3.517 1.0000000000
38827  38.228  -23.577  -3.382 1.0000000000
37860  36.603  -24.352  -2.414 1.0000000000
99382  36.320  -24.894  -1.759 1.0000000000
38828  37.638  -23.188  -3.419 1.0000000000
38824  36.531  -23.518  -2.540 1.0000000000
39774  37.818  -21.963  -3.648 1.0000000000
39771  36.968  -22.582  -3.283 0.8999999762
99592  42.050  -20.944  4.404 0.6000000238
40633  41.523  -21.319  4.259 0.6999999881
40634  40.935  -21.827  3.837 0.6999999881
40646  41.377  -21.387  3.270 0.6999999881
40655  41.736  -21.904  2.211 0.6999999881
41609  42.432  -20.448  2.087 0.6000000238
40654  42.200  -21.234  1.765 0.6000000238
40667  42.671  -22.194  0.922 0.6999999881
39729  43.292  -23.370  0.082 0.6000000238
44177  40.261  -16.805  3.107 0.3000000119
41624  42.883  -21.200  0.666 0.6000000238
116227  43.631  -22.088  -0.768 0.6000000238
38796  43.107  -23.752  -0.205 0.6000000238
97893  40.289  -18.067  2.780 0.4000000060
44185  39.874  -17.316  3.063 0.4000000060
110206  43.408  -22.593  -1.358 0.6000000238
40687  43.061  -22.304  -1.660 0.5000000000
38797  42.671  -24.074  -0.247 0.6000000238
42557  41.768  -19.707  0.102 0.4000000060
114067  42.056  -23.984  -0.320 0.6000000238
39741  40.547  -23.659  0.401 0.6000000238
43370  41.390  -19.070  1.295 0.4000000060
100443  41.712  -20.680  -0.003 0.4000000060
35212  33.237  -27.489  1.211 0.8999999762
38800  39.185  -24.399  -0.039 0.8999999762
115113  33.765  -26.566  0.929 0.8999999762
36102  34.287  -26.489  0.510 0.8999999762
36106  34.963  -25.990  0.114 0.8999999762
115298  34.752  -26.732  -0.184 0.8999999762
38826  38.917  -23.853  -2.830 1.0000000000
38830  38.466  -22.885  -3.438 1.0000000000
36939  35.930  -25.280  -1.129 1.0000000000
113219  35.963  -24.768  -1.158 0.8999999762
40709  37.881  -21.280  -3.837 1.0000000000
40705  36.825  -21.596  -3.380 1.0000000000
39760  36.059  -22.800  -2.115 0.8999999762
39772  35.948  -22.108  -2.373 0.8999999762
41598  41.789  -20.864  2.705 0.6999999881
102675  40.478  -14.905  3.298 0.3000000119
44992  39.850  -16.429  3.285 0.3000000119
109937  39.281  -16.947  3.031 0.3000000119
39747  43.190  -22.986  -1.156 0.6000000238
114689  39.687  -17.949  2.929 0.5000000000
43365  39.467  -18.622  2.783 0.4000000060
41663  42.413  -21.601  -1.081 0.5000000000
40683  42.257  -22.489  -0.664 0.5000000000
39740  42.646  -23.438  -0.569 0.5000000000
43364  40.264  -19.035  2.583 0.5000000000
41646  41.659  -21.464  -0.014 0.5000000000
42529  40.132  -19.718  2.302 0.5000000000
104080  40.980  -20.859  0.904 0.5000000000
42541  40.776  -19.448  2.040 0.5000000000
41625  41.171  -19.995  1.113 0.5000000000
101550  39.265  -23.621  0.492 0.6999999881
41611  39.625  -20.298  2.147 0.5000000000
41626  40.066  -21.042  1.564 0.5000000000
38812  38.412  -24.072  -0.484 0.8999999762
104272  38.574  -24.394  -1.344 0.8999999762
37859  39.193  -24.939  -2.012 0.8999999762
38823  38.102  -22.924  -1.806 0.8999999762
40704  38.317  -21.476  -3.240 0.8999999762
39769  38.504  -22.521  -3.318 0.8999999762
38829  38.592  -23.064  -3.236 0.8999999762
39759  38.632  -22.942  -2.844 1.0000000000
37857  35.620  -24.690  -0.500 0.8999999762
106636  35.486  -25.606  -0.462 0.8999999762
37861  36.021  -24.199  -1.381 0.8999999762
41688  38.175  -20.646  -3.951 0.6999999881
38814  35.469  -23.788  -0.470 0.8999999762
38825  35.713  -23.334  -1.326 0.8999999762
45751  40.248  -15.594  3.368 0.3000000119
45752  39.490  -15.682  3.340 0.3000000119
102482  38.829  -15.281  3.144 0.4000000060
45008  38.882  -16.231  3.076 0.3000000119
107999  38.572  -17.016  2.742 0.4000000060
44186  39.101  -17.740  2.902 0.4000000060
42530  39.512  -19.536  2.490 0.5000000000
42531  38.749  -19.308  2.516 0.4000000060
39731  40.853  -21.880  0.668 0.5000000000
100063  41.356  -23.054  0.035 0.5000000000
41627  38.968  -21.039  1.822 0.5000000000
39732  40.252  -22.588  0.826 0.5000000000
40668  39.641  -21.864  1.374 0.5000000000
39733  39.253  -22.687  1.026 0.5000000000
40684  38.316  -22.241  0.958 0.6000000238
39742  38.541  -22.904  0.613 0.6000000238
99865  37.637  -21.872  0.498 0.6999999881
38813  37.876  -23.170  -0.486 0.6999999881
111311  37.603  -22.415  -0.172 0.6999999881
39748  37.731  -22.385  -1.196 0.8000000119
36927  35.123  -25.101  0.258 0.8999999762
39770  38.406  -22.256  -2.762 0.8999999762
41678  38.243  -20.648  -3.714 0.6999999881
39749  35.269  -23.100  -0.567 0.8999999762
39761  35.374  -22.504  -1.236 0.8999999762
41679  36.132  -20.765  -3.094 1.0000000000
46514  38.120  -14.802  2.641 0.3000000119
45778  38.079  -15.713  2.639 0.4000000060
46515  37.487  -14.339  2.034 0.3000000119
44187  38.215  -17.711  2.524 0.4000000060
45010  37.357  -16.235  2.022 0.3000000119
43366  38.571  -18.475  2.614 0.4000000060
108676  37.752  -17.026  2.307 0.4000000060
41612  38.841  -20.118  2.272 0.4000000060
43367  37.870  -18.311  2.309 0.4000000060
44202  37.443  -17.725  1.992 0.4000000060
42542  38.176  -19.809  2.199 0.4000000060
116768  37.743  -20.093  1.755 0.4000000060
41629  37.617  -20.613  1.294 0.5000000000
41628  38.223  -20.536  1.883 0.5000000000
40688  37.457  -21.741  -0.542 0.6000000238
40692  37.818  -21.579  -1.934 0.8000000119
41669  38.059  -20.716  -2.685 0.6999999881
116021  38.211  -19.487  -3.735 0.6999999881
40706  35.605  -21.359  -2.420 0.8999999762
40693  35.264  -21.774  -1.587 0.8999999762
41690  36.686  -20.052  -3.635 0.8999999762
41680  35.450  -20.126  -2.992 0.8000000119
40707  35.053  -20.687  -2.355 0.8000000119
42610  35.919  -19.544  -3.407 0.6999999881
99531  35.580  -18.840  -3.467 0.8000000119
47291  37.684  -13.526  2.013 0.3000000119
45779  37.365  -15.261  2.043 0.3000000119
45795  36.854  -15.737  1.283 0.4000000060
107531  37.097  -17.012  1.594 0.4000000060
114990  36.846  -16.438  1.262 0.4000000060
44217  36.864  -17.729  1.124 0.5000000000
42543  37.563  -19.456  1.799 0.5000000000
43383  36.864  -18.488  0.575 0.5000000000
97834  37.293  -19.877  1.132 0.5000000000
42579  37.012  -19.383  0.078 0.5000000000
41647  37.230  -20.456  0.295 0.5000000000
41664  37.359  -20.852  -0.989 0.6000000238
105929  37.553  -20.060  -1.879 0.6999999881
101902  38.224  -19.888  -3.294 0.6999999881
42608  38.188  -19.816  -3.971 0.6999999881
109357  38.052  -19.113  -3.959 0.6999999881
111316  37.980  -19.360  -4.102 0.8000000119
43419  37.668  -18.733  -4.055 0.6999999881
48111  37.997  -12.752  2.112 0.3000000119
48131  37.458  -13.053  1.367 0.3000000119
47319  37.137  -13.437  0.610 0.4000000060
47306  37.234  -13.877  1.348 0.3000000119
46529  36.895  -14.783  1.181 0.4000000060
101462  36.664  -16.230  0.520 0.4000000060
45024  36.716  -16.967  0.717 0.4000000060
44224  36.714  -17.659  -0.070 0.5000000000
43394  36.863  -18.541  -0.628 0.6000000238
45030  36.653  -16.763  -0.230 0.3000000119
109890  36.790  -17.963  -1.151 0.5000000000
44234  36.730  -17.274  -1.147 0.4000000060
105290  37.184  -20.017  -0.726 0.6999999881
42590  37.206  -19.309  -1.452 0.6999999881
43407  37.061  -18.550  -1.936 0.6000000238
116392  37.686  -19.575  -2.398 0.6999999881
42598  37.843  -19.196  -2.994 0.6999999881
43418  37.539  -18.471  -3.336 0.6000000238
106123  36.947  -14.150  0.635 0.3000000119
45804  36.672  -15.464  0.382 0.3000000119
100956  36.627  -16.012  -0.346 0.3000000119
103084  36.943  -13.918  -0.161 0.3000000119
46542  36.744  -14.546  -0.883 0.3000000119
47325  36.964  -13.587  -1.252 0.3000000119
45036  36.697  -16.494  -1.195 0.3000000119
99242  36.713  -15.264  -1.563 0.4000000060
108331  36.929  -17.831  -2.207 0.5000000000
45042  36.826  -16.111  -2.272 0.5000000000
101687  36.864  -17.031  -2.289 0.6000000238
44240  37.296  -17.665  -3.455 0.6000000238
49857  37.581  -10.588  0.377 0.4000000060
49008  37.384  -11.352  -0.125 0.3000000119
48149  37.305  -12.638  0.584 0.3000000119
103689  37.290  -12.237  -0.208 0.3000000119
106654  37.150  -13.068  -0.236 0.3000000119
105418  37.216  -12.615  -1.045 0.3000000119
105417  37.200  -12.855  -2.023 0.3000000119
46545  36.810  -14.493  -2.019 0.4000000060
47329  37.082  -13.713  -2.549 0.4000000060
99241  36.972  -15.316  -2.773 0.4000000060
46548  37.256  -14.592  -3.290 0.4000000060
45045  37.178  -16.817  -3.509 0.6000000238
45049  37.061  -17.064  -4.299 0.6999999881
102375  37.569  -9.930  -0.229 0.4000000060
49872  37.440  -10.596  -0.447 0.3000000119
104976  37.325  -10.948  -1.065 0.3000000119
49022  37.291  -11.776  -1.000 0.3000000119
103330  37.299  -12.141  -1.712 0.3000000119
100337  37.326  -13.009  -3.142 0.4000000060
100921  37.563  -13.887  -3.837 0.4000000060
45813  37.207  -16.021  -3.637 0.5000000000
46551  37.551  -14.677  -4.401 0.4000000060
44242  37.272  -17.399  -4.102 0.6000000238
45815  37.288  -15.843  -4.314 0.4000000060
44250  37.090  -17.086  -4.294 0.6999999881
45822  37.191  -15.912  -4.418 0.4000000060
97736  37.324  -15.329  -4.610 0.4000000060
45056  37.136  -16.420  -4.354 0.6000000238
45823  37.213  -15.606  -4.593 0.5000000000
44244  36.204  -17.427  -3.860 0.6000000238
110110  35.572  -18.084  -3.598 0.6999999881
44245  34.849  -17.533  -3.486 0.6999999881
102788  37.622  -8.828  -0.859 0.3000000119
106373  37.392  -10.083  -1.162 0.3000000119
49886  37.335  -10.529  -1.778 0.3000000119
49035  37.333  -11.320  -1.979 0.3000000119
48184  37.365  -12.110  -2.731 0.3000000119
111998  37.481  -12.446  -3.675 0.3000000119
111050  37.517  -11.820  -3.721 0.3000000119
47332  37.589  -13.140  -4.286 0.3000000119
48190  37.571  -12.184  -4.565 0.3000000119
101840  37.625  -13.950  -4.765 0.3000000119
47335  37.605  -13.132  -5.015 0.3000000119
46556  37.414  -14.605  -4.994 0.3000000119
47341  37.420  -13.829  -5.186 0.3000000119
115399  37.275  -15.004  -4.900 0.3000000119
46557  37.033  -14.373  -5.227 0.4000000060
98076  36.706  -15.095  -4.732 0.5000000000
107167  36.331  -16.586  -4.093 0.5000000000
45050  35.115  -16.709  -3.620 0.5000000000
51577  37.529  -8.624  -1.636 0.3000000119
50761  37.450  -9.307  -1.648 0.3000000119
105998  37.348  -9.901  -2.117 0.3000000119
49898  37.421  -10.508  -2.658 0.3000000119
49044  37.474  -11.237  -3.189 0.3000000119
49057  37.588  -11.274  -4.912 0.3000000119
48196  37.443  -12.226  -5.067 0.3000000119
107031  37.353  -12.994  -5.276 0.3000000119
45816  35.356  -15.905  -3.850 0.5000000000
45825  35.597  -15.167  -4.230 0.5000000000
103842  37.557  -8.061  -2.121 0.3000000119
51589  37.524  -8.876  -2.642 0.3000000119
50772  37.536  -9.678  -3.199 0.3000000119
49908  37.647  -10.459  -3.837 0.3000000119
49051  37.635  -11.223  -4.303 0.3000000119
49920  37.598  -10.487  -5.012 0.3000000119
47342  36.979  -13.454  -5.412 0.4000000060
46558  35.859  -14.387  -4.606 0.4000000060
46559  34.649  -14.480  -4.176 0.4000000060
47337  34.984  -13.675  -4.587 0.4000000060
45817  34.671  -15.276  -3.860 0.5000000000
52403  37.653  -7.283  -1.472 0.3000000119
51599  37.787  -8.892  -4.074 0.3000000119
50783  37.787  -9.655  -4.505 0.3000000119
49914  37.701  -10.424  -4.738 0.3000000119
49061  37.387  -11.334  -5.156 0.3000000119
49921  37.024  -10.560  -5.441 0.3000000119
113722  36.925  -12.740  -5.441 0.3000000119
47336  36.093  -13.596  -5.054 0.4000000060
52414  37.574  -7.350  -2.640 0.3000000119
105550  37.642  -8.108  -3.415 0.3000000119
108171  37.822  -7.271  -3.869 0.3000000119
52428  38.558  -8.105  -4.692 0.3000000119
51610  38.240  -8.822  -4.909 0.3000000119
51609  38.956  -8.245  -4.977 0.3000000119
50793  37.789  -9.580  -4.887 0.3000000119
53260  37.598  -6.551  -2.928 0.3000000119
113595  38.581  -5.480  -4.653 0.3000000119
99673  39.009  -7.150  -4.775 0.3000000119
52438  39.254  -7.719  -5.051 0.3000000119
50792  38.258  -8.771  -4.922 0.3000000119
50800  37.618  -9.351  -5.186 0.3000000119
53273  37.973  -6.296  -4.139 0.3000000119
54984  38.539  -4.788  -4.896 0.3000000119
99672  39.233  -6.268  -4.959 0.3000000119
54169  39.053  -5.534  -4.964 0.4000000060
53298  39.125  -7.018  -5.273 0.3000000119
52454  38.665  -7.640  -5.613 0.3000000119
54180  39.008  -5.484  -5.053 0.4000000060
99674  38.401  -4.613  -5.123 0.4000000060
53305  38.561  -6.138  -5.438 0.4000000060
55006  38.156  -3.788  -5.803 0.4000000060
30351  34.257  -33.660  0.577 1.0000000000
31157  34.606  -33.060  -0.026 1.0000000000
30360  33.921  -34.516  0.250 0.8999999762
107188  37.934  -19.959  -4.094 0.6999999881
42609  37.234  -19.220  -4.042 0.8000000119
43420  36.834  -18.357  -4.070 0.8000000119
44243  37.305  -17.731  -4.150 0.6999999881
26170  38.202  -38.212  2.484 0.6000000238
26867  38.124  -37.858  3.434 0.6000000238
27600  37.636  -36.931  4.864 0.6000000238
25533  39.018  -39.179  0.050 0.5000000000
25532  39.992  -39.454  0.164 0.5000000000
28555  39.160  -36.024  1.987 0.6000000238
27660  39.795  -36.769  -0.708 0.5000000000
26191  40.477  -38.725  -0.816 0.4000000060
30296  37.240  -33.646  6.335 0.6999999881
30290  33.409  -33.566  7.099 0.8999999762
31106  38.357  -32.723  5.141 0.6999999881
28577  40.045  -36.164  -0.238 0.5000000000
28585  40.883  -36.139  -1.305 0.5000000000
106804  36.601  -31.845  6.831 0.8000000119
103341  41.627  -38.971  -1.165 0.4000000060
30288  34.972  -33.138  7.574 0.8000000119
112248  38.081  -32.345  5.588 0.6999999881
29493  41.288  -34.419  0.514 0.4000000060
31879  33.643  -31.696  4.932 0.8000000119
28568  32.031  -35.774  0.275 0.8000000119
31886  39.813  -31.937  3.905 0.6000000238
30358  41.860  -33.923  0.307 0.4000000060
31134  42.096  -32.296  2.159 0.5000000000
31902  40.980  -32.102  3.034 0.5000000000
30367  34.131  -33.889  -0.881 1.0000000000
100287  40.978  -30.088  4.410 0.6999999881
31149  34.446  -32.679  0.997 1.0000000000
32694  36.285  -30.820  -2.390 1.0000000000
32693  36.494  -30.809  -2.263 1.0000000000
34335  37.776  -28.857  -1.292 1.0000000000
36914  38.056  -25.682  1.708 0.8000000119
35221  37.492  -27.348  0.079 1.0000000000
33479  36.154  -29.450  -0.208 1.0000000000
37801  37.765  -24.674  4.197 0.6999999881
36107  41.079  -27.310  -2.406 1.0000000000
35241  40.500  -27.878  -3.392 1.0000000000
37756  38.909  -25.025  6.225 0.6000000238
104725  38.564  -24.329  5.253 0.6999999881
42539  44.168  -19.554  0.270 0.4000000060
33472  32.789  -29.183  1.653 1.0000000000
42576  43.632  -20.762  -2.500 0.4000000060
37864  38.172  -24.368  -3.381 1.0000000000
100925  43.976  -19.247  1.334 0.4000000060
42555  43.756  -20.819  -1.384 0.5000000000
42540  43.650  -19.787  0.609 0.5000000000
99311  41.531  -18.229  1.365 0.4000000060
37865  37.347  -24.005  -3.161 1.0000000000
41662  42.958  -21.648  -2.030 0.5000000000
40669  38.787  -21.853  1.395 0.5000000000
39743  37.940  -22.705  0.344 0.6999999881
40670  38.086  -21.379  1.365 0.6000000238
96746  37.326  -21.231  0.078 0.5000000000
42558  37.110  -19.162  1.122 0.5000000000
107554  37.531  -18.296  -4.005 0.6999999881
45048  37.186  -16.496  -4.247 0.6000000238
26805  34.310  -37.408  8.891 0.5000000000
26792  33.920  -38.097  9.283 0.5000000000
27560  33.176  -36.453  8.460 0.5000000000
25468  34.963  -39.054  9.177 0.5000000000
26118  34.073  -38.826  9.449 0.5000000000
25477  35.700  -39.280  8.541 0.5000000000
26127  35.405  -38.459  8.634 0.5000000000
26128  34.661  -38.223  9.102 0.5000000000
112837  36.246  -39.447  7.936 0.5000000000
25484  36.600  -39.888  6.585 0.4000000060
115083  36.420  -38.576  7.297 0.5000000000
25494  36.858  -39.828  5.782 0.4000000060
26142  36.659  -38.488  6.732 0.5000000000
104950  37.379  -39.269  4.442 0.5000000000
101740  37.080  -38.307  5.853 0.5000000000
31907  31.069  -32.078  2.821 0.6999999881
31125  30.371  -32.261  3.149 0.6999999881
31139  31.306  -32.622  1.987 0.8000000119
30353  31.271  -33.723  1.165 0.8000000119
30342  30.870  -33.468  1.991 0.8000000119
30362  31.566  -34.309  0.176 0.8999999762
31889  31.356  -31.306  3.311 0.6999999881
31152  31.601  -32.787  1.141 0.8999999762
31923  31.953  -32.018  1.605 0.8999999762
31159  31.705  -33.368  0.284 0.8999999762
31158  32.202  -32.827  -0.386 0.8999999762
31906  31.685  -31.664  2.508 0.8000000119
31151  32.021  -32.410  0.646 0.8999999762
100482  32.323  -31.945  0.175 0.8999999762
31930  32.595  -31.870  -0.547 0.8999999762
31939  33.104  -31.826  -1.195 0.8999999762
36031  43.269  -26.206  5.402 0.5000000000
35158  42.282  -27.276  5.556 0.5000000000
36033  41.687  -26.678  5.992 0.5000000000
34268  42.077  -28.088  5.411 0.6000000238
35159  41.461  -27.463  5.737 0.5000000000
34282  41.779  -28.822  5.122 0.6000000238
32640  31.614  -30.388  3.562 0.6000000238
32654  31.928  -30.999  2.932 0.8999999762
31922  32.405  -31.586  1.041 0.8999999762
31905  32.395  -31.133  2.085 0.8999999762
32673  32.624  -31.126  0.189 0.8999999762
32681  32.944  -31.022  -0.623 0.8999999762
31938  33.477  -31.002  -1.277 0.8999999762
37752  42.203  -24.598  6.033 0.5000000000
36858  42.631  -25.496  5.849 0.5000000000
36013  41.889  -25.899  6.203 0.5000000000
36845  41.325  -25.400  6.319 0.5000000000
36857  43.512  -25.362  5.427 0.5000000000
36032  42.479  -26.446  5.721 0.5000000000
32667  32.667  -30.141  1.859 0.8999999762
32653  32.287  -30.325  2.799 0.6999999881
112500  32.783  -30.522  0.459 0.8999999762
33489  32.920  -30.368  -0.067 0.8999999762
32680  33.245  -30.212  -0.751 0.8999999762
100311  42.575  -23.911  5.737 0.5000000000
37753  41.224  -24.565  6.211 0.5000000000
109074  43.265  -24.044  5.498 0.5000000000
37760  43.743  -24.581  5.329 0.5000000000
33480  32.893  -29.923  0.770 0.8999999762
33488  33.168  -29.606  -0.093 0.8999999762
99438  33.538  -29.442  -0.768 0.8999999762
37762  41.723  -23.792  5.935 0.5000000000
38734  43.080  -23.223  5.459 0.5000000000
39670  42.531  -22.564  5.420 0.5000000000
38746  43.873  -22.921  4.957 0.5000000000
39669  43.169  -22.364  5.175 0.4000000060
35202  31.768  -27.373  2.813 0.6000000238
36073  31.311  -26.586  2.467 0.6000000238
36072  32.102  -26.950  2.198 0.8000000119
108788  31.628  -26.210  1.952 0.6999999881
114879  31.306  -25.784  1.758 0.6999999881
36917  30.954  -25.418  1.460 0.6999999881
36932  30.397  -24.970  0.855 0.6999999881
36092  32.437  -26.411  1.740 0.8000000119
35213  32.764  -27.238  1.748 0.8000000119
36916  31.811  -25.635  1.556 0.6999999881
36930  32.226  -25.016  1.233 0.6999999881
36931  31.284  -24.968  1.050 0.6999999881
37849  31.726  -24.403  0.738 0.6999999881
38804  31.292  -23.858  0.092 0.6999999881
103442  33.820  -25.032  0.961 0.8000000119
37847  33.414  -24.257  0.881 0.8000000119
36928  34.415  -25.529  0.633 0.8000000119
38803  32.376  -23.762  0.537 0.6999999881
37848  32.582  -24.454  1.020 0.6999999881
105253  33.321  -23.491  0.490 0.8000000119
38816  33.918  -22.978  0.155 0.8000000119
39763  33.522  -21.620  -1.162 0.6000000238
37845  35.099  -24.190  0.242 0.8000000119
38815  34.889  -23.346  0.048 0.8000000119
115506  34.117  -21.447  -1.314 0.6000000238
40695  33.703  -21.121  -1.585 0.6000000238
41671  33.150  -20.657  -1.938 0.6000000238
39762  34.536  -21.866  -1.003 0.8000000119
41670  34.101  -20.628  -2.007 0.6000000238
41682  33.567  -20.159  -2.326 0.6000000238
39750  34.661  -22.622  -0.413 0.8000000119
105219  33.187  -19.710  -2.529 0.6000000238
40694  34.660  -21.246  -1.663 0.6999999881
41681  34.475  -20.129  -2.517 0.6000000238
43421  34.594  -18.279  -3.336 0.6999999881
43422  33.734  -18.439  -3.158 0.6000000238
42600  33.919  -19.583  -2.649 0.6000000238
25493  37.229  -39.153  5.411 0.5000000000
26134  36.132  -38.693  7.908 0.5000000000
31166  32.745  -32.642  -1.108 0.8999999762
39680  43.812  -22.072  4.723 0.3000000119
36103  33.676  -25.858  1.071 0.8000000119
25467  35.245  -40.032  9.070 0.5000000000
108773  36.518  -39.186  7.188 0.5000000000
35157  43.062  -27.059  5.296 0.5000000000
36915  32.781  -25.762  1.427 0.8000000119
37846  34.392  -24.641  0.651 0.8000000119
38817  32.654  -22.953  -0.070 0.6999999881
39751  33.471  -22.284  -0.554 0.6999999881
31919  42.862  -32.010  1.941 0.4000000060
31918  43.675  -31.734  1.717 0.4000000060
32651  42.856  -30.984  3.084 0.4000000060
31899  43.280  -31.353  2.459 0.4000000060
32637  42.391  -30.556  3.600 0.5000000000
31898  44.153  -31.035  2.303 0.4000000060
33426  43.083  -29.180  4.396 0.5000000000
33427  42.250  -29.375  4.584 0.5000000000
33441  43.532  -29.670  3.821 0.5000000000
32636  43.906  -30.139  3.294 0.4000000060
98802  43.203  -30.346  3.504 0.4000000060
32649  44.688  -30.398  2.538 0.4000000060
103143  44.167  -30.460  2.821 0.4000000060
32650  43.603  -30.705  2.914 0.4000000060
32664  44.956  -30.846  1.881 0.4000000060
34281  42.582  -28.622  4.896 0.5000000000
33458  45.003  -29.720  2.858 0.4000000060
111885  45.626  -29.638  2.399 0.4000000060
34318  47.446  -28.537  0.898 0.4000000060
104087  46.766  -29.156  1.578 0.4000000060
33456  46.113  -29.887  1.740 0.4000000060
34326  48.009  -28.241  -0.252 0.4000000060
33469  47.249  -29.327  0.710 0.4000000060
34280  43.349  -28.413  4.631 0.5000000000
34298  43.845  -28.956  4.123 0.5000000000
34297  44.521  -28.670  3.774 0.4000000060
106876  52.254  -25.803  1.566 0.3000000119
33440  44.320  -29.481  3.472 0.4000000060
36085  51.849  -26.403  1.193 0.3000000119
33457  45.596  -28.997  2.820 0.4000000060
36086  50.903  -26.293  0.850 0.3000000119
36097  49.664  -26.541  0.182 0.3000000119
100289  48.975  -26.815  0.040 0.3000000119
96641  47.859  -27.672  0.652 0.4000000060
34319  47.012  -28.393  1.817 0.4000000060
115182  46.124  -29.282  2.213 0.4000000060
36096  50.634  -26.944  -0.168 0.3000000119
35218  49.157  -27.537  -0.896 0.3000000119
34325  48.538  -27.527  -0.245 0.4000000060
35170  43.568  -27.622  4.800 0.4000000060
34279  44.082  -28.177  4.338 0.4000000060
34296  45.208  -28.404  3.429 0.4000000060
35186  44.780  -27.886  3.975 0.4000000060
36906  52.175  -25.091  1.960 0.3000000119
37829  49.605  -24.917  1.758 0.3000000119
102463  51.290  -25.530  1.626 0.3000000119
36923  49.608  -25.960  0.739 0.3000000119
36098  48.458  -26.338  0.944 0.3000000119
36087  47.865  -26.590  1.387 0.4000000060
35208  47.386  -27.759  1.557 0.4000000060
34312  46.384  -28.626  2.332 0.4000000060
36922  50.146  -26.246  0.535 0.3000000119
36924  49.060  -26.064  0.681 0.3000000119
35219  48.243  -27.009  0.692 0.3000000119
35171  42.850  -27.873  5.164 0.4000000060
37814  47.578  -24.733  2.279 0.3000000119
36893  46.975  -25.180  2.549 0.3000000119
36055  46.326  -26.318  2.977 0.4000000060
36887  46.504  -25.599  2.862 0.4000000060
99824  45.696  -26.655  3.561 0.4000000060
35168  45.053  -27.048  4.125 0.4000000060
37830  48.780  -24.950  1.644 0.3000000119
37831  48.086  -25.140  1.737 0.3000000119
36892  47.518  -25.513  2.075 0.3000000119
36068  46.969  -26.067  2.412 0.4000000060
35184  46.186  -27.222  3.069 0.4000000060
35185  45.483  -27.571  3.557 0.4000000060
105240  47.510  -26.185  1.882 0.3000000119
36067  47.327  -26.932  1.989 0.4000000060
100436  46.713  -26.846  2.571 0.4000000060
34313  45.939  -28.107  2.977 0.4000000060
36908  49.281  -25.503  1.213 0.3000000119
36910  47.987  -25.876  1.521 0.3000000119
35198  46.753  -27.718  2.383 0.4000000060
36856  44.218  -25.155  5.030 0.4000000060
105720  44.761  -24.933  4.583 0.4000000060
36030  44.013  -25.959  5.024 0.4000000060
36045  43.789  -26.798  4.933 0.4000000060
37798  45.845  -24.668  3.654 0.3000000119
36874  45.285  -25.207  4.132 0.4000000060
36043  45.204  -26.121  4.090 0.4000000060
36044  44.517  -26.504  4.557 0.4000000060
37797  46.439  -24.912  3.078 0.4000000060
113659  45.899  -25.624  3.445 0.4000000060
35169  44.313  -27.359  4.480 0.4000000060
107542  31.754  -23.347  -0.148 0.6000000238
38818  30.988  -23.317  -0.504 0.6000000238
40696  32.827  -21.249  -1.565 0.5000000000
39752  32.359  -22.413  -0.703 0.5000000000
41672  32.206  -20.681  -1.941 0.5000000000
41683  32.766  -20.154  -2.281 0.5000000000
42612  33.219  -19.035  -2.847 0.5000000000
44246  33.836  -17.774  -3.343 0.5000000000
102548  34.028  -16.936  -3.460 0.4000000060
51623  36.865  -8.498  -5.762 0.3000000119
52457  36.279  -7.933  -5.869 0.3000000119
51616  35.653  -8.326  -5.610 0.3000000119
106458  38.435  -7.007  -5.818 0.3000000119
52455  37.783  -7.488  -6.026 0.3000000119
104020  37.232  -8.019  -5.968 0.3000000119
52447  35.422  -7.410  -5.665 0.3000000119
52448  35.127  -7.994  -5.279 0.3000000119
101377  34.918  -7.283  -5.289 0.3000000119
54191  37.402  -5.612  -5.729 0.3000000119
53306  37.378  -6.601  -5.891 0.3000000119
52456  36.735  -7.326  -6.000 0.3000000119
53307  36.134  -6.466  -5.960 0.3000000119
100389  35.951  -7.169  -5.908 0.3000000119
53308  35.416  -6.555  -5.813 0.3000000119
52439  34.892  -7.672  -4.827 0.3000000119
52430  35.251  -7.702  -3.841 0.3000000119
54190  38.292  -4.989  -5.464 0.3000000119
54192  36.260  -5.397  -6.060 0.3000000119
55009  35.297  -4.880  -6.165 0.3000000119
54193  35.365  -5.761  -5.964 0.3000000119
55010  34.897  -5.277  -5.962 0.3000000119
54181  34.741  -5.683  -5.575 0.3000000119
104640  34.593  -6.100  -5.213 0.3000000119
53275  35.017  -6.900  -4.281 0.3000000119
55820  37.538  -3.443  -6.367 0.3000000119
55821  36.521  -3.722  -6.439 0.3000000119
55008  36.102  -4.479  -6.280 0.3000000119
54998  34.640  -4.874  -5.634 0.3000000119
54170  34.516  -5.369  -5.048 0.3000000119
55830  36.986  -3.122  -7.044 0.3000000119
96976  35.389  -3.928  -6.359 0.3000000119
55823  34.893  -3.551  -6.138 0.3000000119
54985  34.519  -4.530  -5.058 0.3000000119
55831  35.892  -3.081  -6.643 0.3000000119
114988  35.305  -3.334  -6.340 0.3000000119
55822  34.990  -2.668  -6.297 0.3000000119
96884  34.654  -2.899  -5.898 0.3000000119
56653  34.816  -1.529  -6.473 0.3000000119
32662  46.282  -30.323  1.041 0.4000000060
32663  45.667  -30.570  1.464 0.4000000060
31917  44.515  -31.503  1.439 0.4000000060
96977  48.096  -28.830  -1.112 0.4000000060
33478  47.281  -29.803  -0.037 0.4000000060
112468  53.985  -26.731  1.568 0.3000000119
36094  52.482  -27.257  0.858 0.3000000119
36095  51.552  -27.051  0.363 0.3000000119
35216  51.319  -27.598  -0.446 0.3000000119
36084  52.891  -26.553  1.362 0.3000000119
36891  51.381  -24.768  2.127 0.3000000119
37812  49.085  -24.313  2.101 0.3000000119
37810  50.942  -24.129  2.327 0.3000000119
38745  44.582  -23.547  4.676 0.4000000060
37779  45.192  -24.282  4.318 0.4000000060
38780  46.975  -24.360  2.736 0.3000000119
37850  30.677  -24.439  0.322 0.6000000238
56649  37.628  -3.037  -6.948 0.3000000119
56651  36.545  -2.714  -6.973 0.3000000119
56652  35.487  -2.094  -6.495 0.3000000119
57500  35.089  -0.963  -6.863 0.3000000119
37827  53.023  -24.683  1.944 0.3000000119
31900  42.453  -31.599  2.594 0.4000000060
33442  42.747  -29.918  4.080 0.5000000000
36907  50.154  -25.603  1.244 0.3000000119
36875  44.671  -25.650  4.575 0.4000000060
55007  37.320  -4.469  -6.055 0.3000000119
109535  34.879  -4.439  -6.088 0.3000000119
55809  34.607  -3.873  -5.663 0.3000000119
31147  42.464  -32.687  1.408 0.3000000119
31146  43.246  -32.420  1.172 0.3000000119
26859  31.205  -37.733  4.519 0.6000000238
27618  30.931  -37.335  4.181 0.6999999881
27603  30.494  -37.137  5.049 0.6999999881
31145  44.073  -32.192  0.905 0.3000000119
26190  42.270  -38.418  -1.493 0.3000000119
26896  41.791  -37.430  -1.547 0.3000000119
28511  29.570  -35.227  5.248 0.6999999881
30357  42.477  -33.547  0.026 0.3000000119
28496  29.934  -36.015  5.180 0.6999999881
27604  29.570  -36.634  5.768 0.6999999881
30356  43.130  -33.258  -0.384 0.3000000119
31155  43.543  -32.725  0.237 0.3000000119
109088  30.529  -36.452  4.393 0.6999999881
31154  44.379  -32.474  -0.056 0.3000000119
31933  45.888  -31.645  -1.174 0.3000000119
31927  44.881  -31.903  0.529 0.3000000119
31932  46.553  -31.100  -1.941 0.3000000119
31925  46.506  -30.946  -0.676 0.3000000119
31926  45.667  -31.518  0.027 0.3000000119
114491  41.006  -36.756  -1.444 0.3000000119
28575  41.373  -35.085  -0.760 0.4000000060
29436  30.252  -34.570  4.162 0.6999999881
30365  42.710  -33.766  -0.850 0.3000000119
30366  42.229  -34.030  -0.379 0.3000000119
106684  30.139  -35.363  4.648 0.6999999881
31164  43.877  -32.940  -0.778 0.3000000119
31162  44.921  -32.440  -1.560 0.3000000119
31916  45.309  -31.233  1.054 0.3000000119
28584  41.575  -35.418  -1.389 0.4000000060
30328  30.304  -33.746  3.678 0.6999999881
111529  42.816  -34.085  -1.657 0.3000000119
29501  42.279  -34.336  -1.039 0.3000000119
99723  43.444  -33.518  -1.468 0.3000000119
29470  30.745  -34.832  2.339 0.6999999881
31169  44.419  -32.962  -1.899 0.3000000119
28543  30.848  -35.760  2.493 0.6999999881
32670  46.703  -30.366  0.234 0.3000000119
32671  46.038  -30.837  0.571 0.3000000119
32677  47.104  -30.390  -2.025 0.3000000119
33484  47.090  -30.252  -0.785 0.3000000119
30343  30.630  -33.794  2.676 0.6999999881
29511  43.392  -33.964  -2.154 0.3000000119
30354  30.905  -34.413  1.738 0.6999999881
30372  44.597  -33.404  -2.469 0.3000000119
30373  43.954  -33.560  -2.143 0.3000000119
29486  31.156  -35.547  1.627 0.6999999881
108537  47.607  -29.559  -1.705 0.3000000119
38744  45.357  -23.353  4.197 0.3000000119
26830  29.356  -37.944  6.443 0.6999999881
26829  30.369  -38.260  6.117 0.6000000238
26145  29.645  -38.766  6.693 0.6000000238
109243  31.345  -37.879  4.872 0.6000000238
29423  29.021  -34.882  5.535 0.6999999881
29437  29.569  -34.449  4.952 0.6999999881
27664  41.837  -36.359  -1.647 0.3000000119
30315  29.897  -33.823  4.350 0.6999999881
29518  42.349  -34.763  -1.743 0.4000000060
29512  41.811  -34.806  -1.154 0.4000000060
31140  30.726  -32.864  2.542 0.6999999881
114490  42.968  -34.433  -2.116 0.3000000119
29517  43.628  -34.666  -2.437 0.3000000119
29516  44.544  -35.015  -2.537 0.3000000119
31156  42.814  -32.993  0.558 0.3000000119
26845  30.890  -38.031  5.239 0.6000000238
28589  43.043  -35.151  -2.306 0.3000000119
26119  33.106  -38.553  9.352 0.5000000000
26130  31.794  -38.383  8.175 0.5000000000
25469  32.108  -38.886  8.857 0.5000000000
26806  33.375  -37.666  9.012 0.4000000060
23183  28.820  -42.271  3.700 0.4000000060
23207  30.337  -42.016  1.006 0.5000000000
26807  32.138  -37.513  8.165 0.4000000060
98415  32.824  -37.193  8.556 0.5000000000
26819  31.653  -38.136  7.191 0.5000000000
23221  30.392  -42.615  -0.114 0.4000000060
22428  29.728  -43.325  -0.427 0.4000000060
23984  29.232  -41.950  2.624 0.5000000000
106266  28.295  -43.139  0.247 0.4000000060
22423  29.020  -43.959  -0.297 0.4000000060
24011  29.950  -41.680  0.096 0.4000000060
101516  29.622  -41.617  1.480 0.5000000000
24000  29.796  -41.509  0.614 0.4000000060
23972  28.137  -41.849  4.205 0.5000000000
23956  27.623  -40.875  6.036 0.4000000060
26144  30.569  -38.704  6.580 0.5000000000
25486  28.834  -39.292  7.025 0.4000000060
114649  28.174  -39.710  6.831 0.4000000060
22424  27.967  -43.989  0.440 0.4000000060
23210  24.587  -42.394  2.242 0.4000000060
24012  29.347  -41.441  0.019 0.4000000060
24798  24.716  -40.908  2.337 0.4000000060
23985  28.806  -41.083  2.007 0.5000000000
24001  29.168  -40.800  0.964 0.4000000060
24797  25.560  -40.576  1.756 0.4000000060
105595  28.290  -41.351  3.231 0.5000000000
26182  26.472  -38.464  1.293 0.4000000060
25529  26.022  -39.450  1.364 0.4000000060
23973  27.680  -41.171  4.290 0.5000000000
24764  27.203  -40.302  4.614 0.5000000000
26879  26.160  -37.182  1.840 0.4000000060
26880  25.319  -37.332  2.140 0.4000000060
23962  27.501  -41.093  5.236 0.5000000000
24753  27.293  -40.405  5.561 0.6000000238
103777  27.837  -38.946  6.664 0.6000000238
26146  28.589  -38.372  6.712 0.5000000000
22416  24.861  -43.168  2.121 0.4000000060
24004  25.116  -41.573  2.143 0.4000000060
23217  27.760  -42.251  0.481 0.4000000060
24003  25.945  -41.341  1.533 0.4000000060
24777  28.523  -40.249  1.408 0.5000000000
24795  28.579  -40.260  0.874 0.4000000060
24770  28.296  -40.516  2.370 0.5000000000
25528  27.025  -38.933  0.761 0.4000000060
24771  27.714  -40.269  3.248 0.5000000000
25495  27.025  -38.918  6.087 0.5000000000
110260  27.395  -38.512  6.407 0.6000000238
23209  25.431  -42.347  1.899 0.4000000060
24013  28.554  -40.743  0.454 0.4000000060
23208  26.293  -42.200  1.413 0.4000000060
24002  26.778  -41.154  0.960 0.4000000060
25536  27.553  -39.464  0.647 0.4000000060
96994  27.182  -39.463  3.731 0.5000000000
26181  27.267  -38.276  1.062 0.4000000060
26886  26.704  -37.778  1.510 0.4000000060
25503  26.871  -39.508  4.669 0.5000000000
26878  26.620  -37.275  1.969 0.4000000060
27587  29.169  -37.100  6.283 0.6000000238
26831  28.428  -37.346  6.484 0.6000000238
26154  27.034  -38.114  6.228 0.6000000238
23218  26.862  -42.990  1.158 0.4000000060
108962  27.024  -41.948  0.902 0.4000000060
24807  27.329  -40.299  0.626 0.4000000060
24796  26.602  -40.106  0.935 0.4000000060
24778  28.139  -39.635  1.838 0.5000000000
25516  28.212  -39.421  0.938 0.5000000000
25527  27.742  -38.808  0.858 0.5000000000
25517  27.914  -38.744  1.282 0.5000000000
26171  27.527  -38.279  1.779 0.5000000000
110855  26.717  -38.841  4.214 0.5000000000
25509  27.205  -38.513  2.987 0.5000000000
26164  26.606  -38.038  3.596 0.5000000000
26877  27.194  -37.935  1.521 0.4000000060
25496  26.663  -38.950  5.191 0.6000000238
27629  26.174  -36.479  2.565 0.4000000060
27588  28.628  -36.276  6.249 0.6000000238
26847  26.644  -37.465  5.800 0.6000000238
26159  26.390  -38.239  4.720 0.5000000000
26172  27.062  -37.762  2.273 0.5000000000
108678  27.476  -37.355  6.341 0.6000000238
26848  26.211  -37.547  5.014 0.6000000238
26860  26.296  -37.567  4.141 0.5000000000
27589  27.928  -36.643  6.362 0.6000000238
28497  29.183  -35.634  5.762 0.6000000238
31116  28.189  -32.758  4.411 0.5000000000
30317  27.968  -33.405  5.000 0.6000000238
29424  28.430  -34.213  5.362 0.6000000238
30307  27.604  -33.926  5.284 0.6000000238
29438  26.937  -34.144  5.164 0.5000000000
98744  25.969  -35.244  4.098 0.5000000000
27605  27.114  -36.611  6.066 0.6000000238
27619  26.112  -36.730  3.988 0.5000000000
97287  26.057  -35.850  3.282 0.5000000000
114216  26.030  -35.912  2.699 0.5000000000
31115  28.970  -32.660  3.996 0.5000000000
96771  29.443  -32.142  3.373 0.5000000000
100099  30.321  -32.903  3.245 0.6000000238
30329  29.751  -33.060  3.943 0.6000000238
29426  26.859  -34.874  5.425 0.6000000238
28512  26.088  -35.910  4.619 0.5000000000
107686  27.484  -35.202  5.837 0.6000000238
26136  31.320  -38.849  7.420 0.4000000060
26137  30.755  -39.109  7.116 0.4000000060
26827  32.067  -37.498  5.611 0.5000000000
28498  28.330  -35.191  5.874 0.6000000238
25470  31.437  -39.482  8.538 0.5000000000
26129  32.505  -37.980  8.778 0.5000000000
115530  31.526  -39.033  8.138 0.5000000000
23223  29.550  -42.325  -0.274 0.4000000060
107476  28.442  -41.435  0.228 0.4000000060
24779  25.073  -39.971  2.164 0.4000000060
25518  25.430  -38.906  1.889 0.4000000060
24014  27.674  -41.080  0.519 0.4000000060
25535  27.993  -39.392  0.700 0.4000000060
28499  26.788  -35.753  5.612 0.6000000238
23986  24.237  -41.712  2.404 0.3000000119
107218  24.167  -40.377  2.568 0.3000000119
26174  24.679  -38.378  2.440 0.3000000119
25519  24.435  -39.448  2.504 0.3000000119
102987  23.824  -39.082  2.912 0.3000000119
21559  28.446  -44.685  -0.153 0.4000000060
23216  28.734  -42.130  -0.074 0.4000000060
23222  30.127  -42.704  -0.328 0.4000000060
23961  27.866  -41.824  4.996 0.5000000000
24018  30.349  -42.052  -0.010 0.4000000060
24019  30.090  -41.992  -0.177 0.4000000060
24794  29.085  -40.944  0.523 0.4000000060
24805  28.330  -40.061  0.791 0.4000000060
24806  27.962  -40.051  0.561 0.4000000060
25487  27.523  -39.878  6.269 0.6000000238
25526  37.750  -39.627  0.841 0.6999999881
26143  31.134  -38.581  6.615 0.4000000060
26147  27.779  -38.077  6.560 0.6000000238
26153  31.113  -38.207  5.679 0.5000000000
26155  26.584  -38.237  5.552 0.6000000238
26173  25.860  -37.901  1.744 0.4000000060
26180  27.583  -38.343  1.170 0.5000000000
26188  39.296  -37.893  -0.838 0.4000000060
26846  30.014  -37.631  5.830 0.6999999881
26869  26.466  -37.232  2.880 0.5000000000
27558  34.841  -36.157  8.429 0.6000000238
27575  35.397  -36.268  8.107 0.6999999881
27606  26.294  -36.700  5.279 0.6000000238
27617  32.481  -37.302  4.053 0.8000000119
27642  31.992  -37.005  2.330 0.8000000119
28482  27.760  -35.882  6.176 0.6000000238
28524  30.599  -35.822  3.602 0.6999999881
28567  32.592  -35.756  0.239 0.8000000119
28578  32.255  -35.434  -0.138 0.8000000119
29400  34.763  -34.281  7.820 0.8000000119
29402  33.304  -34.363  7.466 0.8000000119
29425  27.597  -34.561  5.558 0.6000000238
29439  26.308  -34.582  4.714 0.5000000000
29453  30.553  -34.697  3.221 0.6999999881
29468  33.503  -35.100  1.558 1.0000000000
29484  33.527  -35.265  0.677 0.8999999762
29494  40.683  -34.857  0.744 0.4000000060
29496  33.473  -35.161  -0.027 1.0000000000
29502  41.696  -34.516  -0.377 0.3000000119
29504  33.101  -34.745  -0.601 1.0000000000
30305  33.138  -32.987  5.251 0.8999999762
30316  28.954  -33.468  4.607 0.6000000238
30369  32.685  -34.105  -0.945 1.0000000000
30380  44.117  -34.071  -2.503 0.3000000119
31094  35.001  -32.455  7.355 0.8000000119
31102  36.530  -32.560  6.962 0.8000000119
31113  38.788  -32.779  4.540 0.6000000238
31163  44.548  -32.616  -0.974 0.3000000119
31171  33.909  -32.806  -1.582 1.0000000000
31888  33.800  -31.743  3.921 0.8999999762
31934  45.162  -32.191  -0.627 0.3000000119
31946  33.908  -31.938  -1.680 1.0000000000
32621  34.074  -30.978  5.269 0.8000000119
32635  44.439  -30.061  3.031 0.4000000060
32648  45.361  -30.216  2.207 0.4000000060
32685  36.885  -30.292  -2.162 1.0000000000
32695  35.759  -30.864  -2.423 1.0000000000
33410  35.246  -29.643  6.168 0.8000000119
33439  44.938  -29.076  3.303 0.4000000060
33444  32.099  -29.686  3.273 0.6999999881
33470  46.785  -29.849  0.937 0.4000000060
33477  47.652  -29.047  -0.188 0.4000000060
33494  38.182  -29.240  -2.500 1.0000000000
33497  35.127  -30.104  -2.101 1.0000000000
34321  35.632  -28.379  1.558 0.8999999762
34341  40.574  -28.238  -2.637 1.0000000000
34349  39.276  -28.623  -3.144 1.0000000000
34350  37.926  -29.170  -2.782 1.0000000000
34351  37.053  -29.229  -2.595 1.0000000000
34353  39.905  -28.202  -3.373 1.0000000000
35172  36.010  -26.878  4.961 0.6999999881
35187  35.446  -27.494  4.091 0.6999999881
35207  47.728  -27.189  1.282 0.4000000060
35217  49.798  -27.249  -0.683 0.3000000119
35245  40.838  -27.516  -3.245 1.0000000000
35246  39.990  -27.678  -3.497 1.0000000000
36014  41.087  -26.045  6.355 0.5000000000
36034  37.135  -26.108  5.533 0.6999999881
36047  35.747  -26.971  4.455 0.6999999881
36091  33.275  -26.662  1.327 0.8000000119
36111  40.678  -26.814  -3.130 1.0000000000
36114  40.426  -27.091  -3.391 1.0000000000
36115  39.454  -26.798  -3.405 1.0000000000
36844  41.886  -25.197  6.219 0.5000000000
36859  38.240  -24.970  5.744 0.6000000238
36876  37.281  -25.200  4.512 0.6999999881
36909  48.596  -25.635  1.277 0.3000000119
36929  33.109  -25.023  1.198 0.8000000119
36935  39.932  -25.792  -1.262 0.8999999762
36936  41.038  -27.131  -1.419 1.0000000000
37755  39.604  -24.841  6.301 0.6000000238
37761  43.018  -24.680  5.687 0.5000000000
37764  39.600  -24.260  5.917 0.6999999881
37780  44.411  -24.383  4.870 0.4000000060
37813  48.271  -24.436  2.090 0.3000000119
37828  50.535  -24.888  1.988 0.3000000119
37833  42.164  -24.897  0.538 0.6999999881
37863  39.465  -24.732  -3.153 1.0000000000
38733  43.850  -23.780  5.180 0.4000000060
38735  42.179  -23.122  5.679 0.5000000000
38763  39.551  -23.490  3.638 0.6999999881
38801  38.397  -23.470  0.137 0.6000000238
38802  34.225  -23.771  0.508 0.8000000119
38811  43.163  -23.451  -0.598 0.6000000238
38822  38.251  -23.664  -1.523 0.8000000119
38831  37.954  -22.556  -3.595 1.0000000000
39697  40.599  -22.449  3.442 0.6999999881
39764  32.586  -21.873  -1.110 0.5000000000
40622  43.151  -21.723  4.892 0.5000000000
40631  43.555  -21.283  4.524 0.4000000060
40632  42.686  -21.151  4.634 0.6000000238
40645  44.842  -21.013  3.873 0.3000000119
40703  38.385  -22.080  -3.421 0.8999999762
41610  40.437  -20.227  1.760 0.5000000000
41689  37.410  -20.727  -3.773 1.0000000000
42517  43.544  -19.577  2.791 0.3000000119
42518  42.935  -19.798  2.568 0.6000000238
42532  37.992  -19.036  2.326 0.4000000060
42599  34.900  -19.517  -2.940 0.6000000238
42611  34.284  -18.954  -3.028 0.6000000238
43372  37.300  -18.568  1.678 0.4000000060
43405  43.684  -19.280  -3.204 0.3000000119
44184  40.561  -17.162  2.813 0.4000000060
44991  40.763  -16.292  3.025 0.3000000119
45009  38.110  -16.448  2.590 0.4000000060
45051  34.153  -15.946  -3.626 0.5000000000
45807  36.675  -15.835  -1.138 0.4000000060
45824  36.485  -15.808  -4.335 0.5000000000
46537  36.760  -14.700  0.115 0.3000000119
47343  36.189  -12.811  -5.324 0.4000000060
48201  37.154  -12.144  -5.316 0.3000000119
48992  37.590  -11.307  0.888 0.4000000060
50802  35.743  -9.081  -5.591 0.3000000119
51615  38.679  -8.266  -5.243 0.3000000119
51617  35.294  -8.778  -5.304 0.3000000119
52446  39.250  -7.758  -5.067 0.3000000119
53286  39.357  -7.060  -4.965 0.3000000119
53287  39.205  -6.264  -4.922 0.4000000060
53288  34.675  -6.775  -5.053 0.3000000119
53299  34.908  -6.537  -5.516 0.3000000119
53309  35.006  -5.950  -5.820 0.3000000119
56650  37.243  -2.867  -7.138 0.3000000119
97761  27.004  -39.700  5.466 0.5000000000
99199  32.515  -33.426  -0.950 1.0000000000
99243  36.653  -15.306  -0.546 0.3000000119
99285  37.467  -15.367  -3.970 0.4000000060
100132  37.514  -21.134  0.779 0.6999999881
100153  32.679  -30.765  1.100 0.8999999762
100479  26.134  -36.762  2.134 0.4000000060
100932  36.546  -28.811  6.484 0.6999999881
101142  37.505  -9.980  -5.162 0.3000000119
101307  37.692  -27.114  6.281 0.6000000238
101459  36.917  -39.152  6.286 0.4000000060
103121  43.681  -20.252  3.752 0.3000000119
103316  41.087  -27.889  -2.534 1.0000000000
103340  26.302  -35.256  5.003 0.5000000000
103778  32.845  -36.214  3.651 0.8999999762
104216  31.981  -21.442  -1.531 0.5000000000
105787  27.706  -39.077  2.438 0.5000000000
107089  27.548  -43.280  0.691 0.4000000060
107715  29.023  -42.952  -0.209 0.4000000060
109396  38.999  -36.731  1.511 0.6000000238
110305  37.574  -26.879  -2.738 1.0000000000
110454  35.141  -29.058  2.833 0.8999999762
110546  34.816  -29.799  5.766 0.8000000119
111916  37.936  -36.387  4.594 0.6000000238
112073  34.422  -32.898  -1.463 1.0000000000
112111  36.567  -27.901  6.314 0.6999999881
114413  37.937  -29.134  6.379 0.8000000119
114542  38.116  -13.323  2.340 0.3000000119
114907  37.445  -9.434  -2.373 0.3000000119
115433  36.717  -6.023  -5.804 0.3000000119
115571  37.808  -39.085  0.483 0.6000000238
116930  34.640  -4.913  -4.681 0.3000000119
