#!ascii label  , from subject sub-v1s22x0050508_ses-1 vox2ras=TkReg
695
18517  29.657  -55.247  0.339 0.6000000238
17582  28.391  -57.161  7.016 0.6999999881
139210  27.574  -56.821  5.862 0.6999999881
16831  27.654  -57.386  3.826 0.8999999762
16857  28.737  -56.681  2.409 0.8000000119
17664  29.036  -56.673  1.911 0.8000000119
19352  29.368  -54.534  0.045 0.6000000238
19376  29.841  -54.066  -0.502 0.6999999881
20298  30.717  -53.182  -1.170 0.6999999881
18401  29.976  -56.181  7.153 0.6999999881
17565  29.516  -56.745  8.514 0.6999999881
17603  28.532  -56.281  5.573 0.6999999881
18424  29.267  -55.762  5.254 0.6000000238
18425  28.339  -56.161  4.813 0.6999999881
17619  27.490  -56.556  4.495 0.6999999881
18441  28.310  -56.152  4.076 0.8000000119
19313  28.505  -55.372  2.639 0.8000000119
17648  28.340  -56.359  2.867 0.8000000119
17685  28.437  -55.806  1.666 0.8000000119
18495  28.628  -55.459  1.228 0.6000000238
19377  29.453  -53.975  -0.134 0.6000000238
20282  30.115  -53.570  -0.554 0.6999999881
21239  30.879  -52.832  -1.976 0.6999999881
18400  30.770  -55.703  7.806 0.5000000000
17564  30.204  -56.326  8.185 0.6000000238
18410  30.454  -55.459  6.743 0.4000000060
18411  29.543  -55.868  6.153 0.6000000238
18423  30.109  -55.289  5.750 0.5000000000
19299  29.476  -55.131  4.069 0.6000000238
19312  29.142  -54.910  3.174 0.6999999881
19325  29.111  -54.623  2.376 0.6999999881
20252  29.559  -53.995  1.022 0.6999999881
20264  29.905  -53.412  -0.097 0.5000000000
21228  30.556  -52.840  -0.607 0.6000000238
22236  30.846  -51.515  -1.429 0.6000000238
21240  30.809  -52.476  -1.416 0.6000000238
21251  31.197  -52.482  -2.433 0.5000000000
18399  31.467  -55.231  8.428 0.5000000000
18389  30.828  -55.745  8.737 0.6000000238
18376  29.545  -55.986  9.776 0.6000000238
19298  30.221  -54.788  4.474 0.5000000000
19311  30.480  -54.528  3.989 0.6000000238
20232  30.897  -53.979  2.934 0.6000000238
133805  30.263  -53.617  1.512 0.6000000238
20251  30.183  -53.332  0.707 0.5000000000
21203  30.548  -52.662  0.174 0.5000000000
22223  30.868  -52.195  -0.260 0.6000000238
22237  30.879  -52.115  -0.827 0.6000000238
23189  30.908  -50.655  -1.942 0.5000000000
24130  31.321  -50.120  -2.404 0.5000000000
23194  32.358  -50.751  -2.690 0.5000000000
144158  31.844  -50.416  -2.603 0.5000000000
18374  31.379  -55.193  9.120 0.5000000000
19239  29.937  -55.058  9.869 0.5000000000
18409  31.286  -55.040  7.366 0.5000000000
19287  31.437  -54.298  5.676 0.4000000060
20205  32.566  -53.225  5.332 0.3000000119
20206  31.861  -53.795  5.090 0.4000000060
20218  32.074  -53.127  4.044 0.3000000119
21166  32.535  -52.741  4.664 0.3000000119
20219  31.636  -53.764  4.299 0.5000000000
20231  31.532  -53.611  3.546 0.5000000000
21189  31.616  -53.023  2.418 0.5000000000
20250  30.997  -53.116  1.596 0.5000000000
21202  31.052  -52.503  0.990 0.5000000000
21218  31.199  -51.961  0.401 0.6000000238
23183  30.744  -50.397  -1.014 0.6000000238
24123  30.778  -49.598  -1.883 0.5000000000
24122  31.369  -49.338  -2.375 0.5000000000
24992  32.325  -49.152  -2.477 0.5000000000
19237  31.600  -54.594  9.180 0.5000000000
19254  32.223  -53.835  8.448 0.5000000000
20169  32.668  -53.319  7.830 0.5000000000
20188  33.065  -53.060  6.269 0.4000000060
20189  32.288  -53.721  6.005 0.5000000000
21155  33.001  -52.534  5.422 0.4000000060
121982  32.847  -51.957  4.724 0.3000000119
21177  32.434  -52.297  3.795 0.3000000119
21188  32.142  -52.313  2.765 0.4000000060
22192  31.714  -52.395  1.863 0.5000000000
22208  31.626  -51.713  1.294 0.4000000060
24984  30.734  -48.183  -1.677 0.5000000000
24983  30.847  -48.872  -2.042 0.5000000000
25845  33.237  -47.826  -1.254 0.4000000060
133755  31.534  -52.929  9.309 0.5000000000
20124  32.048  -53.208  9.017 0.5000000000
21120  32.971  -52.467  8.089 0.5000000000
21138  33.253  -52.325  7.034 0.4000000060
143386  33.253  -52.247  6.155 0.4000000060
127116  32.953  -51.017  4.952 0.3000000119
22168  32.672  -51.326  4.040 0.3000000119
141309  32.432  -51.126  2.764 0.4000000060
23169  32.318  -50.660  2.391 0.4000000060
132221  31.657  -49.399  1.409 0.4000000060
139760  32.197  -51.543  2.226 0.4000000060
22207  31.879  -50.840  1.566 0.4000000060
131289  31.394  -50.104  0.910 0.5000000000
24111  30.760  -48.916  -0.367 0.5000000000
23178  30.984  -50.552  0.049 0.6000000238
25835  31.707  -46.925  -1.214 0.4000000060
25846  31.755  -47.858  -1.581 0.5000000000
21105  32.491  -52.369  8.888 0.4000000060
22123  33.226  -51.529  7.746 0.4000000060
22116  32.811  -51.559  8.662 0.4000000060
131383  33.286  -50.666  5.974 0.4000000060
23139  32.871  -50.113  5.183 0.4000000060
23149  32.677  -50.403  4.314 0.4000000060
24094  32.487  -49.745  3.735 0.4000000060
23160  32.537  -50.670  3.312 0.4000000060
24102  32.352  -49.844  2.783 0.4000000060
24958  31.477  -48.682  1.339 0.4000000060
24107  31.235  -49.197  0.595 0.5000000000
24964  30.558  -48.175  -0.673 0.6000000238
25847  30.704  -47.354  -1.396 0.5000000000
26666  30.820  -46.342  -1.341 0.4000000060
22105  32.289  -51.635  9.213 0.4000000060
23125  33.334  -50.620  7.195 0.4000000060
23102  33.064  -50.684  8.308 0.4000000060
142701  33.333  -50.171  6.534 0.4000000060
24081  32.547  -49.578  4.614 0.4000000060
24095  32.267  -49.060  3.264 0.4000000060
135244  31.563  -48.158  2.162 0.4000000060
25825  30.596  -47.633  0.070 0.5000000000
25836  30.303  -47.425  -0.913 0.4000000060
25848  30.453  -47.425  -1.196 0.6000000238
24029  32.904  -49.726  8.634 0.4000000060
24045  33.260  -49.297  7.773 0.4000000060
24907  33.184  -48.863  6.741 0.4000000060
24056  33.169  -49.665  6.025 0.4000000060
24929  32.341  -48.854  4.927 0.4000000060
24930  32.109  -48.272  4.389 0.4000000060
25799  31.832  -47.861  3.715 0.5000000000
25807  31.557  -47.592  2.927 0.4000000060
25808  31.254  -47.341  2.033 0.3000000119
25819  30.805  -47.060  0.982 0.3000000119
25818  31.165  -47.877  1.179 0.4000000060
26657  30.105  -46.601  -1.005 0.4000000060
26667  30.065  -45.943  -1.126 0.5000000000
24015  32.391  -49.706  9.191 0.4000000060
24921  32.723  -48.801  5.697 0.4000000060
25789  32.214  -48.010  5.242 0.4000000060
25790  31.786  -47.496  4.495 0.3000000119
26614  31.373  -47.042  3.704 0.3000000119
26623  31.153  -46.870  2.844 0.3000000119
26624  30.921  -46.556  1.952 0.3000000119
26658  29.700  -45.676  -0.970 0.4000000060
28284  29.677  -44.466  -1.645 0.4000000060
24897  33.166  -48.496  7.688 0.3000000119
127484  33.073  -48.078  7.022 0.3000000119
124853  32.719  -48.072  6.202 0.3000000119
25779  31.919  -47.216  5.119 0.3000000119
26606  31.544  -46.587  4.586 0.3000000119
27386  30.787  -45.508  3.552 0.3000000119
26615  30.754  -46.133  2.928 0.4000000060
27399  30.557  -45.092  1.675 0.4000000060
133314  30.665  -45.778  1.848 0.3000000119
26635  30.448  -45.474  0.900 0.3000000119
27431  29.554  -45.287  -0.638 0.3000000119
27446  29.322  -45.092  -1.014 0.4000000060
28285  29.201  -44.483  -1.249 0.4000000060
29134  29.806  -43.503  -2.031 0.4000000060
27387  30.594  -45.319  2.690 0.4000000060
132032  30.314  -44.063  0.922 0.4000000060
28255  30.040  -44.521  0.522 0.4000000060
28277  29.114  -44.597  -0.909 0.4000000060
29126  28.906  -43.345  -1.541 0.4000000060
30038  29.310  -42.825  -2.067 0.4000000060
29135  29.092  -43.657  -1.669 0.4000000060
30037  29.678  -42.651  -2.136 0.4000000060
29101  29.631  -43.869  0.205 0.4000000060
29116  29.227  -43.245  -0.445 0.5000000000
30021  28.864  -42.941  -1.408 0.4000000060
30039  29.182  -42.607  -1.803 0.4000000060
30028  30.680  -42.631  -2.066 0.3000000119
30938  29.575  -41.893  -2.193 0.3000000119
18494  29.156  -55.720  0.929 0.6999999881
16846  27.273  -57.059  3.805 0.8000000119
19353  29.219  -54.540  0.556 0.6000000238
19326  28.484  -55.105  1.884 0.6999999881
19336  28.630  -55.033  1.127 0.6999999881
22247  30.887  -52.106  -2.070 0.6000000238
19297  31.088  -54.384  4.638 0.4000000060
140602  29.876  -54.731  3.809 0.6999999881
20243  29.964  -54.142  2.074 0.6999999881
19266  31.897  -54.544  7.951 0.5000000000
20242  30.919  -53.600  2.229 0.5000000000
21178  31.920  -52.971  3.255 0.4000000060
119314  31.291  -51.098  0.709 0.6000000238
24116  30.638  -49.323  -1.082 0.5000000000
24112  30.572  -48.619  -1.130 0.6000000238
135801  32.127  -48.493  3.702 0.3000000119
26645  30.270  -46.684  -0.240 0.4000000060
135809  32.994  -48.905  8.395 0.4000000060
26634  30.581  -46.201  0.890 0.3000000119
28269  29.434  -44.596  -0.245 0.3000000119
131366  28.979  -44.015  -0.666 0.3000000119
129533  30.385  -41.904  -2.294 0.3000000119
15941  31.695  -58.765  7.483 0.6000000238
15940  32.499  -58.525  7.792 0.6000000238
16779  35.251  -57.681  7.510 0.6000000238
16797  35.772  -57.234  6.804 0.6000000238
14369  30.987  -60.321  8.743 0.5000000000
15181  31.118  -59.383  8.110 0.6000000238
15956  30.394  -58.763  6.397 0.6999999881
15942  30.998  -58.958  7.190 0.6999999881
15170  31.743  -59.907  8.565 0.6000000238
16800  32.133  -57.594  6.092 0.6000000238
16799  32.848  -57.474  6.582 0.6000000238
16813  33.188  -56.954  6.055 0.6000000238
17602  33.842  -56.563  5.985 0.6000000238
17601  34.516  -56.709  6.605 0.6000000238
17616  35.493  -56.294  5.498 0.6000000238
18435  36.161  -55.951  4.274 0.6999999881
15171  30.114  -59.827  8.296 0.6000000238
15191  28.504  -59.582  6.327 0.6999999881
15190  29.605  -59.284  6.667 0.6999999881
15182  30.289  -59.299  7.404 0.6999999881
15965  30.976  -58.089  5.780 0.6999999881
15955  31.607  -57.896  6.108 0.6999999881
16814  32.516  -57.141  5.650 0.5000000000
17617  34.657  -56.246  5.886 0.6000000238
18437  34.389  -55.521  4.495 0.6000000238
18436  35.354  -55.748  4.613 0.6999999881
120411  34.920  -55.025  3.910 0.6999999881
18453  36.383  -55.618  3.444 0.6999999881
120280  36.306  -55.293  2.722 0.6999999881
17717  41.114  -56.786  -3.545 0.4000000060
131199  38.731  -57.806  -2.645 0.5000000000
127728  37.667  -56.760  -0.955 0.6000000238
17701  37.288  -56.311  0.262 0.6000000238
18469  36.659  -55.437  1.971 0.6999999881
13587  27.388  -61.520  9.189 0.5000000000
14380  27.712  -60.376  8.110 0.5000000000
15184  26.969  -59.841  7.272 0.6000000238
14371  28.381  -60.833  8.755 0.5000000000
15202  27.432  -59.366  5.621 0.6999999881
15183  28.089  -60.027  7.290 0.5000000000
14379  29.015  -60.330  8.322 0.6000000238
15201  28.414  -59.146  5.543 0.6999999881
15957  29.348  -58.960  5.884 0.6999999881
15966  30.015  -58.295  5.325 0.6999999881
16815  31.621  -57.463  5.266 0.6999999881
18422  33.872  -56.082  5.102 0.6000000238
18438  33.519  -55.616  4.249 0.6000000238
19307  34.492  -54.528  3.195 0.6999999881
18454  35.571  -54.861  3.159 0.6999999881
18470  35.859  -55.007  2.139 0.6999999881
18513  36.672  -55.855  0.324 0.6000000238
18490  36.217  -55.209  1.035 0.6000000238
128491  26.075  -60.298  9.228 0.5000000000
13589  26.066  -62.098  9.512 0.4000000060
15172  26.498  -60.176  8.550 0.5000000000
14381  26.849  -60.133  8.034 0.5000000000
15194  25.968  -59.003  6.613 0.6000000238
15193  26.304  -59.377  6.545 0.6000000238
15982  26.339  -58.290  4.952 0.6999999881
15203  26.401  -59.264  5.850 0.6000000238
15967  27.737  -58.752  4.977 0.6999999881
15979  29.260  -58.082  4.632 0.6999999881
16828  31.006  -57.457  4.528 0.6999999881
16827  32.291  -56.752  4.807 0.6999999881
17634  32.937  -56.194  4.535 0.6999999881
19308  33.600  -54.692  3.117 0.6999999881
19322  34.021  -54.451  2.427 0.8000000119
18491  35.381  -54.811  1.487 0.6999999881
17712  37.120  -57.044  -1.992 0.5000000000
141253  36.015  -55.664  -0.244 0.6000000238
139419  35.331  -54.926  0.589 0.6000000238
13583  25.040  -60.945  10.096 0.4000000060
15927  26.206  -59.135  8.291 0.6000000238
140872  26.328  -59.667  8.529 0.6000000238
16785  26.047  -58.521  6.626 0.6000000238
16803  25.959  -58.029  5.854 0.6000000238
16818  26.157  -57.918  5.188 0.6000000238
15981  26.976  -58.140  4.444 0.6999999881
15980  28.184  -58.134  4.391 0.6999999881
16829  30.081  -57.647  4.418 0.6999999881
138908  30.088  -57.033  3.211 0.8000000119
16843  30.652  -57.119  3.747 0.8000000119
17661  31.765  -56.003  3.125 0.6000000238
19309  32.985  -55.089  2.967 0.6000000238
130549  33.811  -54.489  1.067 0.8000000119
19332  34.490  -54.552  1.442 0.6999999881
17721  37.518  -57.621  -3.214 0.5000000000
17713  36.245  -56.568  -1.514 0.6000000238
18514  35.121  -55.048  -0.460 0.6999999881
17722  36.615  -57.038  -2.870 0.6000000238
15913  26.281  -58.886  9.638 0.5000000000
15149  25.377  -59.371  10.560 0.4000000060
15141  24.825  -59.344  11.039 0.4000000060
15943  26.325  -58.685  7.661 0.5000000000
15156  26.066  -59.656  9.297 0.5000000000
16784  26.831  -58.074  7.283 0.6000000238
138417  26.281  -57.871  6.351 0.6000000238
17620  26.784  -56.884  5.075 0.6000000238
17636  26.946  -56.996  4.277 0.6999999881
16830  28.875  -57.553  3.995 0.8000000119
16856  29.478  -56.880  2.695 0.8000000119
17647  30.481  -56.725  2.957 0.6000000238
18472  31.925  -55.641  2.466 0.6000000238
18471  32.627  -55.241  2.449 0.6999999881
19334  32.991  -54.613  1.161 0.6999999881
18536  33.833  -54.762  -1.511 0.6999999881
17723  35.667  -56.292  -2.221 0.6000000238
18534  34.967  -55.552  -2.094 0.6000000238
129698  34.517  -54.530  -3.051 0.6000000238
17729  36.035  -56.537  -3.318 0.6000000238
16750  27.591  -57.734  9.277 0.5000000000
15912  26.907  -58.176  9.710 0.5000000000
15148  25.915  -58.665  10.571 0.5000000000
15891  24.668  -58.685  11.279 0.5000000000
16782  28.838  -57.262  7.996 0.5000000000
16767  27.184  -58.141  8.282 0.5000000000
16801  27.188  -57.477  6.627 0.6000000238
17663  30.043  -56.689  2.115 0.6999999881
18493  30.200  -55.891  0.960 0.6000000238
18473  31.316  -55.638  1.540 0.6000000238
18515  31.987  -54.981  0.826 0.6000000238
19350  32.650  -54.473  0.208 0.6999999881
19374  32.335  -54.399  -0.723 0.6000000238
19389  33.037  -54.481  -1.513 0.6000000238
18535  34.346  -55.107  -1.967 0.6999999881
17730  36.216  -56.459  -3.681 0.5000000000
143204  34.893  -54.445  -3.417 0.4000000060
16749  28.529  -57.110  9.274 0.5000000000
138079  27.330  -57.427  10.176 0.5000000000
16736  26.554  -57.383  10.702 0.5000000000
17522  24.892  -57.277  11.271 0.5000000000
17523  24.149  -57.276  11.217 0.5000000000
17540  22.980  -57.174  10.104 0.5000000000
18526  30.132  -54.695  -0.275 0.6000000238
138725  31.510  -54.239  -0.891 0.6000000238
20296  31.761  -53.739  -2.196 0.4000000060
19402  32.765  -54.170  -2.339 0.5000000000
20306  33.051  -53.622  -2.969 0.4000000060
19406  34.111  -53.891  -3.294 0.4000000060
19401  33.671  -54.139  -2.810 0.5000000000
17549  29.283  -56.644  9.242 0.6000000238
17536  27.981  -56.501  10.278 0.5000000000
126137  26.217  -56.702  10.836 0.5000000000
17538  25.364  -56.516  11.059 0.5000000000
142552  24.852  -56.066  10.938 0.5000000000
17550  23.196  -56.538  9.994 0.5000000000
18379  22.841  -56.167  9.298 0.4000000060
17566  22.002  -56.587  8.487 0.5000000000
17567  21.802  -56.335  7.794 0.4000000060
17583  21.726  -56.606  6.871 0.4000000060
16819  21.582  -57.676  5.547 0.4000000060
19391  31.226  -53.886  -1.345 0.6000000238
20308  31.361  -53.081  -2.431 0.4000000060
20315  32.804  -52.944  -3.160 0.4000000060
20314  33.540  -53.298  -3.224 0.4000000060
135216  28.746  -56.051  10.195 0.5000000000
18361  27.281  -55.778  10.502 0.4000000060
18362  26.313  -55.614  10.530 0.4000000060
18364  24.369  -55.708  10.523 0.5000000000
19244  24.575  -54.594  9.484 0.4000000060
18390  23.142  -55.384  8.920 0.5000000000
19256  24.196  -54.222  8.809 0.4000000060
19257  23.448  -54.580  8.534 0.5000000000
19258  22.723  -54.987  8.188 0.5000000000
19268  22.461  -54.648  7.426 0.3000000119
18412  21.914  -55.138  6.804 0.3000000119
140337  21.838  -55.466  5.993 0.3000000119
22252  32.193  -51.572  -2.825 0.4000000060
18359  28.930  -55.224  10.210 0.5000000000
19223  27.840  -54.879  10.291 0.5000000000
19225  25.847  -54.975  10.240 0.4000000060
120917  30.081  -54.308  9.825 0.4000000060
19240  28.547  -54.284  10.089 0.4000000060
127350  27.855  -54.037  9.971 0.4000000060
20130  26.604  -53.481  9.504 0.4000000060
129313  30.834  -52.948  9.540 0.4000000060
130214  28.958  -53.717  9.922 0.4000000060
20128  28.292  -53.476  9.784 0.4000000060
21093  30.369  -52.168  9.631 0.4000000060
132346  28.681  -52.109  9.390 0.4000000060
131805  27.000  -52.680  9.240 0.4000000060
21107  26.561  -52.050  8.707 0.4000000060
130602  29.448  -52.099  9.574 0.4000000060
21092  31.235  -52.299  9.477 0.3000000119
22108  28.933  -51.338  9.329 0.4000000060
22117  27.678  -51.285  8.796 0.4000000060
22118  27.076  -51.254  8.363 0.4000000060
23085  31.612  -50.994  9.445 0.4000000060
22119  26.244  -51.540  8.080 0.4000000060
23105  26.981  -50.566  7.974 0.4000000060
124579  31.835  -50.064  9.423 0.3000000119
130823  29.922  -50.438  9.442 0.4000000060
142653  29.406  -50.886  9.369 0.4000000060
126210  28.942  -50.424  9.130 0.4000000060
23103  28.121  -50.189  8.748 0.4000000060
24031  27.883  -49.407  8.652 0.3000000119
18516  30.800  -55.296  0.424 0.6000000238
16783  27.911  -57.604  7.583 0.5000000000
19375  30.701  -54.192  -0.748 0.6000000238
21250  31.913  -52.501  -2.902 0.4000000060
16780  34.351  -57.331  7.325 0.6000000238
123004  35.692  -55.385  3.886 0.6999999881
19321  34.971  -54.532  2.357 0.6999999881
17710  39.405  -57.468  -2.048 0.5000000000
17711  38.011  -57.584  -2.386 0.5000000000
128334  38.621  -57.065  -1.182 0.5000000000
17702  36.775  -56.469  -0.651 0.6000000238
14360  26.594  -60.962  9.199 0.5000000000
17635  31.541  -56.951  4.254 0.6999999881
18524  35.613  -55.899  -1.131 0.6000000238
15969  26.033  -58.608  5.614 0.6000000238
18457  32.448  -55.594  3.208 0.6999999881
19323  33.242  -54.793  2.436 0.8000000119
19348  34.467  -54.578  0.467 0.6999999881
15150  24.931  -60.026  10.477 0.4000000060
17646  31.322  -56.543  3.405 0.6000000238
19349  33.612  -54.398  0.380 0.6999999881
120725  37.154  -57.330  -3.546 0.5000000000
17727  37.827  -57.525  -3.793 0.5000000000
18525  34.505  -54.962  -1.206 0.6999999881
138231  35.192  -55.533  -1.398 0.6000000238
18492  32.338  -55.207  1.733 0.6999999881
18541  35.368  -55.924  -3.071 0.6000000238
19400  35.257  -55.238  -3.502 0.6000000238
15900  26.591  -58.115  10.359 0.5000000000
134332  26.172  -57.972  10.868 0.5000000000
16718  25.166  -58.050  11.259 0.4000000060
16786  21.524  -57.099  7.385 0.3000000119
20307  32.153  -53.285  -2.794 0.5000000000
21255  33.550  -52.767  -3.211 0.4000000060
18377  24.244  -55.182  9.862 0.5000000000
18402  22.156  -55.461  7.663 0.4000000060
17604  21.896  -56.895  6.018 0.4000000060
131917  30.651  -50.928  9.518 0.4000000060
22107  29.926  -51.341  9.535 0.4000000060
12198  46.224  -63.193  -1.534 0.3000000119
121267  46.787  -62.887  -1.113 0.3000000119
17654  43.050  -56.670  2.136 0.4000000060
18485  44.937  -55.904  1.227 0.4000000060
140123  45.096  -56.631  1.530 0.4000000060
17675  45.948  -56.320  1.005 0.4000000060
18488  42.049  -56.000  0.517 0.4000000060
16853  41.924  -57.157  2.637 0.4000000060
17656  41.341  -56.585  2.108 0.4000000060
120375  40.398  -56.692  2.176 0.5000000000
16824  40.180  -57.869  3.758 0.5000000000
16840  39.452  -57.507  3.378 0.5000000000
127794  43.526  -55.161  0.364 0.4000000060
17676  43.445  -56.163  1.649 0.5000000000
17655  42.216  -56.634  2.089 0.5000000000
15977  39.367  -58.420  4.719 0.5000000000
19347  44.092  -54.629  -0.201 0.5000000000
18486  43.933  -55.637  1.165 0.5000000000
19346  45.095  -54.593  -0.014 0.5000000000
18508  45.548  -55.323  0.660 0.4000000060
18507  46.539  -55.396  0.363 0.4000000060
17697  46.781  -56.854  0.515 0.4000000060
17696  47.491  -56.458  -0.284 0.4000000060
16020  47.387  -57.681  -1.106 0.3000000119
16031  46.935  -58.499  -2.563 0.4000000060
143285  41.921  -56.374  -1.581 0.4000000060
17698  41.222  -56.319  0.247 0.4000000060
17699  40.324  -56.583  -0.017 0.4000000060
18523  42.405  -55.933  -1.902 0.4000000060
18511  42.375  -55.724  -0.428 0.4000000060
18512  41.668  -56.312  -0.719 0.4000000060
17679  40.761  -56.352  1.239 0.4000000060
17657  39.390  -56.951  2.467 0.5000000000
18510  43.165  -55.146  -0.734 0.4000000060
137247  42.935  -55.301  0.096 0.4000000060
17677  42.541  -56.155  1.492 0.4000000060
17642  38.808  -57.261  3.059 0.5000000000
16841  38.680  -57.579  3.742 0.5000000000
16842  37.864  -57.451  4.059 0.6000000238
16826  37.117  -57.070  4.366 0.6000000238
125054  37.559  -57.711  5.010 0.6000000238
17660  36.908  -55.792  2.688 0.6000000238
139014  37.008  -56.238  3.257 0.6000000238
132918  37.000  -57.576  5.868 0.5000000000
18506  47.390  -55.489  -0.242 0.4000000060
16889  47.905  -56.990  -1.360 0.4000000060
16030  47.512  -57.839  -2.163 0.4000000060
138073  39.465  -56.823  -0.471 0.5000000000
141900  38.906  -56.462  1.164 0.5000000000
17680  38.409  -56.382  1.139 0.5000000000
119592  38.118  -57.114  3.270 0.5000000000
17681  37.729  -56.164  1.144 0.5000000000
17659  37.602  -56.464  2.723 0.6000000238
18489  37.036  -55.742  1.150 0.6000000238
18468  37.409  -55.873  1.959 0.6000000238
11421  45.351  -64.544  -1.491 0.3000000119
12964  47.843  -62.442  -0.057 0.3000000119
14428  48.807  -59.994  -0.699 0.3000000119
18530  41.699  -56.566  -2.734 0.4000000060
123414  40.937  -56.983  -2.736 0.4000000060
17708  40.830  -56.746  -1.298 0.4000000060
121699  38.835  -56.589  0.402 0.5000000000
17700  38.068  -56.578  0.203 0.5000000000
17644  36.760  -56.416  3.924 0.6000000238
16812  36.755  -57.076  5.180 0.5000000000
17709  40.026  -57.020  -1.370 0.4000000060
17678  41.691  -56.277  1.334 0.4000000060
15978  38.555  -58.044  4.610 0.5000000000
15234  48.508  -59.213  -1.637 0.3000000119
125212  41.475  -56.698  -1.889 0.4000000060
122511  39.607  -56.438  1.151 0.5000000000
120955  38.804  -56.550  1.742 0.5000000000
120260  38.072  -56.378  1.894 0.6000000238
132348  29.974  -45.963  -0.741 0.3000000119
12188  45.988  -64.051  -1.050 0.3000000119
14361  25.853  -61.208  9.567 0.5000000000
14370  29.938  -60.569  8.807 0.5000000000
14372  27.315  -60.766  8.763 0.5000000000
14382  26.290  -59.484  7.549 0.5000000000
15140  25.321  -58.731  11.073 0.5000000000
15157  25.536  -60.180  9.934 0.4000000060
15192  27.194  -59.657  6.415 0.6000000238
15204  25.971  -59.022  6.110 0.6000000238
15228  49.175  -59.295  -0.606 0.3000000119
15901  25.707  -58.174  11.075 0.5000000000
15926  26.651  -58.574  8.829 0.5000000000
15944  26.006  -58.949  7.247 0.6000000238
15954  32.112  -58.057  6.874 0.6000000238
15958  25.900  -58.674  6.125 0.6000000238
15968  26.695  -58.793  5.207 0.6999999881
16719  24.426  -57.949  11.304 0.4000000060
16735  28.114  -57.117  9.821 0.5000000000
16737  25.762  -57.441  11.105 0.5000000000
16739  22.620  -57.632  9.898 0.5000000000
16748  28.927  -57.069  8.734 0.6999999881
16764  34.528  -57.872  7.898 0.6000000238
16765  33.972  -57.805  7.900 0.6000000238
16766  28.168  -57.565  8.473 0.5000000000
16798  33.699  -57.072  6.681 0.6000000238
16802  26.497  -57.378  5.781 0.6000000238
16804  21.555  -57.307  6.490 0.3000000119
16816  30.782  -57.775  5.074 0.6999999881
16817  26.314  -57.488  5.363 0.6000000238
16825  39.403  -57.965  4.127 0.5000000000
16832  26.831  -57.439  4.202 0.6999999881
16833  26.459  -57.848  4.610 0.6999999881
16844  28.703  -57.000  3.215 0.8000000119
16845  28.011  -56.799  3.405 0.8999999762
16854  41.095  -57.175  2.801 0.4000000060
16855  40.245  -57.345  3.021 0.5000000000
16858  28.418  -56.562  2.747 0.8000000119
17535  28.757  -56.596  9.822 0.6000000238
17537  27.014  -56.649  10.551 0.5000000000
17539  23.530  -56.998  10.708 0.5000000000
17548  30.085  -56.249  9.039 0.6000000238
17580  35.055  -56.979  6.994 0.6000000238
17581  29.391  -56.760  7.584 0.6999999881
17600  35.310  -56.573  6.400 0.6000000238
17615  36.201  -56.572  5.266 0.5000000000
17618  33.090  -56.609  5.334 0.6999999881
17621  26.507  -57.391  4.767 0.6000000238
17632  36.502  -56.563  4.651 0.6000000238
17633  35.936  -56.261  4.857 0.6999999881
17643  37.418  -56.821  3.601 0.6000000238
17645  32.158  -56.267  3.870 0.6999999881
17649  27.824  -56.708  3.716 0.8000000119
17658  38.464  -56.810  2.527 0.5000000000
17662  31.085  -56.195  2.505 0.6000000238
17682  30.497  -56.219  1.699 0.6000000238
17683  29.576  -56.330  1.442 0.6999999881
17684  28.719  -56.121  1.465 0.8000000119
17728  36.583  -56.826  -3.554 0.5000000000
18360  28.198  -55.713  10.350 0.5000000000
18363  25.369  -55.682  10.671 0.4000000060
18365  23.728  -56.231  10.512 0.5000000000
18375  30.528  -55.546  9.399 0.5000000000
18378  23.571  -55.692  9.819 0.5000000000
18403  21.824  -55.881  7.142 0.4000000060
18413  21.841  -56.079  6.410 0.4000000060
18421  34.777  -55.943  5.154 0.6000000238
18426  21.889  -56.239  5.623 0.3000000119
18439  32.807  -55.771  3.886 0.6999999881
18440  29.020  -55.683  4.432 0.6000000238
18455  33.977  -54.968  3.807 0.6999999881
18456  33.203  -55.275  3.542 0.6999999881
18458  28.721  -55.520  3.534 0.6999999881
18459  28.318  -55.912  3.070 0.8000000119
18474  28.496  -55.422  1.573 0.8000000119
18487  42.895  -55.557  0.807 0.4000000060
18509  44.499  -55.190  0.604 0.4000000060
18518  28.880  -55.025  0.628 0.6000000238
18540  36.971  -56.937  -3.704 0.5000000000
18542  34.728  -55.184  -2.704 0.6000000238
18543  33.843  -54.635  -2.282 0.5000000000
18544  36.247  -56.281  -3.807 0.5000000000
19224  26.791  -54.942  10.296 0.4000000060
19238  30.888  -54.693  9.505 0.5000000000
19245  23.841  -54.931  9.240 0.5000000000
19255  31.835  -54.669  8.827 0.5000000000
19265  32.624  -53.587  6.969 0.4000000060
19267  23.094  -54.214  7.853 0.3000000119
19276  31.819  -54.264  6.847 0.5000000000
19277  30.936  -54.822  6.262 0.4000000060
19288  30.611  -54.813  5.277 0.4000000060
19289  29.792  -55.205  4.892 0.5000000000
19310  31.017  -54.203  3.757 0.6000000238
19324  30.066  -54.423  3.183 0.6999999881
19333  33.554  -54.590  1.755 0.8000000119
19335  28.987  -54.576  1.424 0.6999999881
19351  31.452  -54.640  -0.202 0.6000000238
19372  34.279  -54.570  -0.271 0.6999999881
19373  33.470  -54.496  -0.644 0.6000000238
19390  32.058  -54.211  -1.542 0.6000000238
19392  30.601  -53.693  -0.944 0.6999999881
20125  31.415  -53.789  9.332 0.5000000000
20126  30.490  -53.702  9.666 0.4000000060
20127  29.629  -53.623  9.850 0.4000000060
20129  27.471  -53.399  9.627 0.4000000060
20146  31.912  -54.106  9.036 0.5000000000
20265  29.479  -53.857  0.260 0.6000000238
20297  31.043  -53.412  -1.723 0.6000000238
20313  34.857  -53.906  -3.497 0.4000000060
21091  31.968  -52.371  9.269 0.4000000060
21094  29.945  -52.870  9.742 0.4000000060
21095  27.982  -52.574  9.398 0.4000000060
21106  27.399  -51.891  8.974 0.4000000060
22106  31.664  -51.785  9.418 0.3000000119
22109  28.134  -51.678  9.138 0.4000000060
22124  26.684  -50.945  7.629 0.4000000060
22138  33.326  -51.496  6.610 0.4000000060
22154  33.183  -51.670  5.600 0.4000000060
22180  32.490  -51.574  3.134 0.4000000060
22222  30.973  -51.424  -0.341 0.6000000238
22253  31.356  -51.828  -2.540 0.5000000000
23084  32.524  -50.635  9.094 0.4000000060
23086  30.917  -50.237  9.539 0.4000000060
23087  28.204  -50.929  8.973 0.4000000060
23104  27.608  -50.720  8.520 0.4000000060
23170  32.033  -49.970  1.860 0.4000000060
23195  31.531  -50.945  -2.489 0.5000000000
24069  32.698  -49.396  5.272 0.4000000060
24103  31.966  -49.056  2.260 0.4000000060
24129  32.184  -49.937  -2.645 0.5000000000
24941  32.331  -48.989  4.128 0.3000000119
24953  31.936  -48.353  3.011 0.4000000060
24963  30.943  -48.424  0.357 0.5000000000
24970  30.710  -48.704  -1.617 0.5000000000
24971  30.559  -48.027  -1.313 0.6000000238
24981  32.645  -48.515  -1.962 0.4000000060
24982  31.429  -48.671  -2.156 0.5000000000
25778  32.351  -47.331  5.800 0.3000000119
26646  30.090  -45.794  -0.006 0.3000000119
27414  29.943  -45.120  0.198 0.3000000119
27445  31.446  -45.551  -1.262 0.4000000060
27453  29.562  -45.191  -1.234 0.4000000060
28254  30.514  -44.515  1.340 0.4000000060
29117  28.808  -43.423  -1.124 0.3000000119
29125  28.840  -43.940  -1.247 0.4000000060
30029  29.009  -42.825  -1.663 0.4000000060
30939  29.179  -41.692  -1.919 0.4000000060
31781  29.380  -41.045  -2.381 0.3000000119
119147  24.192  -59.284  11.243 0.5000000000
119196  24.379  -59.898  10.843 0.4000000060
119856  30.846  -49.746  -0.130 0.5000000000
120314  28.886  -58.580  5.116 0.6999999881
120325  30.296  -46.839  -1.182 0.6000000238
121605  31.014  -46.257  3.791 0.3000000119
121658  46.855  -56.062  0.430 0.4000000060
121924  33.059  -53.013  7.251 0.4000000060
122073  31.450  -53.475  2.874 0.6000000238
122383  28.310  -55.772  2.132 0.8000000119
123075  25.972  -56.129  10.766 0.5000000000
125105  28.944  -56.543  6.518 0.6999999881
125322  34.208  -53.291  -3.327 0.4000000060
126326  29.639  -57.239  3.530 0.8000000119
127168  22.320  -56.548  8.963 0.4000000060
128439  32.491  -53.023  8.488 0.5000000000
128927  31.308  -58.439  6.617 0.6000000238
129470  33.337  -49.767  7.032 0.4000000060
129699  29.309  -59.710  7.471 0.6999999881
130036  28.978  -52.906  9.653 0.4000000060
131841  29.360  -54.377  10.012 0.4000000060
132368  30.920  -51.585  9.538 0.4000000060
132749  28.400  -56.308  2.075 0.8000000119
133230  32.137  -53.322  4.680 0.3000000119
133252  30.991  -51.406  -2.133 0.6000000238
136600  24.372  -56.526  11.048 0.5000000000
136787  23.789  -59.873  10.916 0.4000000060
136815  27.604  -56.461  5.142 0.6999999881
137048  32.279  -53.919  7.622 0.5000000000
137443  29.184  -43.137  -1.960 0.4000000060
137941  26.575  -56.168  10.650 0.5000000000
138013  27.594  -57.872  7.933 0.5000000000
138915  22.388  -55.896  8.494 0.5000000000
142252  28.709  -54.966  2.496 0.6999999881
142381  25.821  -59.383  10.032 0.5000000000
143024  29.025  -43.094  -1.795 0.4000000060
143224  32.838  -57.900  7.421 0.6000000238
143299  33.266  -50.022  7.890 0.4000000060
143582  30.355  -44.938  0.896 0.4000000060
144077  31.040  -46.562  3.356 0.3000000119
144119  32.406  -53.709  -2.596 0.5000000000
144219  32.939  -54.890  1.910 0.6999999881
