#!ascii label  , from subject sub-v1s22x0050465_ses-1 vox2ras=TkReg
1542
40342  9.579  -49.971  80.242 0.0000000000
60061  41.325  -29.777  55.495 0.0000000000
40507  25.528  -49.529  65.450 0.0000000000
119652  32.776  -49.198  69.386 0.0000000000
42622  18.364  -47.324  69.413 0.0000000000
40348  17.859  -49.482  79.144 0.0000000000
138124  50.406  -23.776  47.601 0.0000000000
62727  50.620  -26.204  57.941 0.0000000000
50590  33.841  -38.996  64.674 0.0000000000
69077  51.458  -19.674  39.660 0.0000000000
39473  25.848  -50.839  70.795 0.0000000000
123360  13.871  -49.091  79.935 0.0000000000
119770  51.566  -26.925  52.160 0.0000000000
61867  46.553  -27.648  51.561 0.0000000000
56389  42.878  -33.337  59.715 0.0000000000
58222  46.981  -31.849  60.086 0.0000000000
132440  38.938  -34.562  59.984 0.0000000000
45665  29.247  -43.857  63.975 0.0000000000
39558  30.231  -50.491  65.277 0.0000000000
39453  22.106  -50.509  72.435 0.0000000000
39412  22.148  -51.154  77.156 0.0000000000
42534  17.908  -47.716  74.269 0.0000000000
42539  13.489  -47.664  74.516 0.0000000000
40485  21.757  -49.090  67.931 0.0000000000
67125  55.218  -21.780  47.913 0.0000000000
64493  56.241  -24.190  52.699 0.0000000000
61784  45.383  -27.252  56.832 0.0000000000
52548  38.102  -38.253  64.964 0.0000000000
130404  32.643  -42.948  67.821 0.0000000000
66298  50.384  -23.269  43.914 0.0000000000
67184  55.593  -21.232  43.510 0.0000000000
67253  57.681  -21.982  38.469 0.0000000000
38459  26.605  -51.919  73.572 0.0000000000
40340  11.497  -49.402  80.523 0.0000000000
41303  13.893  -49.346  83.612 0.0000000000
117050  11.417  -48.988  83.703 0.0000000000
62835  46.628  -26.583  49.573 0.0000000000
55478  42.560  -34.783  62.369 0.0000000000
56358  45.011  -34.096  62.130 0.0000000000
37390  4.453  -52.541  83.678 0.0000000000
120269  38.179  -33.724  56.673 0.0000000000
41587  25.485  -48.070  63.645 0.0000000000
42672  26.991  -47.281  64.168 0.0000000000
39561  27.748  -50.723  65.258 0.0000000000
41494  20.161  -48.885  70.845 0.0000000000
120886  20.295  -49.502  73.028 0.0000000000
42599  18.028  -47.414  71.775 0.0000000000
41514  19.825  -48.307  68.667 0.0000000000
40433  22.240  -49.723  70.006 0.0000000000
40358  20.007  -50.297  78.316 0.0000000000
66254  52.636  -22.951  47.156 0.0000000000
65363  55.292  -23.336  50.517 0.0000000000
64524  53.272  -24.823  49.615 0.0000000000
62757  51.551  -27.000  55.362 0.0000000000
125950  54.516  -25.455  55.505 0.0000000000
60918  41.088  -28.255  54.631 0.0000000000
61815  43.215  -27.807  54.698 0.0000000000
60896  43.518  -28.151  56.486 0.0000000000
52590  34.429  -37.678  62.385 0.0000000000
53511  36.440  -36.586  62.560 0.0000000000
117623  36.166  -38.383  64.724 0.0000000000
43722  30.906  -46.966  66.882 0.0000000000
46552  30.933  -43.456  66.175 0.0000000000
44707  32.414  -45.929  68.275 0.0000000000
67147  47.814  -21.925  46.061 0.0000000000
67188  48.160  -21.870  43.444 0.0000000000
67145  50.220  -21.507  46.057 0.0000000000
68060  52.405  -20.893  45.755 0.0000000000
67265  54.577  -21.671  37.409 0.0000000000
66347  53.712  -22.179  39.546 0.0000000000
67213  56.780  -20.806  40.835 0.0000000000
66320  53.462  -22.125  41.548 0.0000000000
39525  26.192  -50.410  68.527 0.0000000000
38550  28.116  -51.677  67.162 0.0000000000
38528  28.492  -51.681  70.010 0.0000000000
121399  16.169  -48.854  79.276 0.0000000000
121208  18.910  -49.997  82.221 0.0000000000
41300  16.513  -49.657  83.569 0.0000000000
64549  47.910  -24.171  47.949 0.0000000000
127775  51.046  -25.778  49.335 0.0000000000
135222  48.769  -26.180  49.383 0.0000000000
61864  48.989  -27.316  52.129 0.0000000000
122247  48.845  -27.348  55.151 0.0000000000
57347  42.169  -32.235  56.983 0.0000000000
59179  44.278  -30.846  57.317 0.0000000000
57311  44.562  -32.428  59.692 0.0000000000
51597  30.860  -38.804  64.067 0.0000000000
42589  34.091  -48.272  71.692 0.0000000000
39391  8.436  -50.775  80.586 0.0000000000
115593  8.936  -49.861  84.135 0.0000000000
38374  7.273  -51.798  83.317 0.0000000000
58297  39.877  -30.971  54.989 0.0000000000
56415  40.472  -33.309  57.288 0.0000000000
55533  40.355  -34.458  59.493 0.0000000000
55480  40.793  -34.919  62.723 0.0000000000
45678  27.528  -44.337  62.513 0.0000000000
42655  29.030  -47.581  65.806 0.0000000000
134059  31.730  -48.934  67.302 0.0000000000
37571  30.734  -52.798  66.987 0.0000000000
37568  33.504  -52.797  66.950 0.0000000000
118560  24.190  -52.100  73.996 0.0000000000
38418  23.531  -52.206  76.630 0.0000000000
39423  22.074  -51.207  74.518 0.0000000000
40386  19.667  -49.505  75.191 0.0000000000
41416  17.605  -48.512  76.473 0.0000000000
43666  16.308  -46.424  71.927 0.0000000000
43620  15.827  -46.957  73.960 0.0000000000
42487  15.976  -47.917  76.917 0.0000000000
42490  13.644  -48.162  76.881 0.0000000000
116394  11.866  -48.800  77.852 0.0000000000
40371  9.594  -49.627  77.824 0.0000000000
41590  23.264  -48.051  63.887 0.0000000000
42657  21.143  -47.901  64.951 0.0000000000
40496  23.671  -49.367  66.798 0.0000000000
39528  23.669  -50.082  69.042 0.0000000000
39450  24.111  -51.028  71.803 0.0000000000
64504  57.571  -24.578  51.812 0.0000000000
63665  53.740  -25.394  52.874 0.0000000000
61850  43.358  -27.897  51.846 0.0000000000
61812  46.282  -27.576  54.700 0.0000000000
62746  48.104  -26.592  57.069 0.0000000000
59177  45.977  -29.781  57.901 0.0000000000
60857  47.975  -27.966  58.542 0.0000000000
55524  36.521  -34.782  60.323 0.0000000000
115855  38.653  -35.261  62.493 0.0000000000
135467  40.879  -37.019  65.153 0.0000000000
49498  30.464  -40.537  65.407 0.0000000000
132172  32.551  -40.653  67.010 0.0000000000
45588  34.277  -44.962  69.884 0.0000000000
48435  34.131  -42.009  68.990 0.0000000000
50551  34.963  -39.857  67.013 0.0000000000
116962  37.719  -39.568  67.663 0.0000000000
51541  40.988  -39.232  68.132 0.0000000000
67218  50.671  -21.467  41.527 0.0000000000
67186  53.784  -22.068  44.240 0.0000000000
69013  54.923  -19.767  45.206 0.0000000000
38441  26.898  -52.348  74.065 0.0000000000
129982  10.701  -49.566  80.832 0.0000000000
131456  11.588  -49.298  82.356 0.0000000000
40330  10.527  -49.547  81.658 0.0000000000
55444  43.085  -35.291  64.012 0.0000000000
55443  43.898  -35.283  64.171 0.0000000000
37423  3.702  -52.486  81.691 0.0000000000
41569  25.394  -48.642  64.140 0.0000000000
40520  26.683  -49.380  64.529 0.0000000000
40506  26.395  -49.835  65.129 0.0000000000
41495  19.605  -48.456  70.374 0.0000000000
41489  19.487  -48.549  71.192 0.0000000000
42614  18.387  -47.481  70.368 0.0000000000
130817  18.873  -47.326  67.788 0.0000000000
42621  19.124  -47.915  69.018 0.0000000000
41501  20.308  -48.822  70.028 0.0000000000
40360  18.757  -49.676  78.024 0.0000000000
40337  19.252  -50.272  80.313 0.0000000000
65389  51.727  -23.239  47.327 0.0000000000
65377  52.872  -24.229  48.218 0.0000000000
121606  52.160  -24.850  48.497 0.0000000000
115834  50.891  -26.864  56.184 0.0000000000
62742  52.787  -26.217  56.525 0.0000000000
133138  41.335  -28.903  55.255 0.0000000000
60910  42.412  -28.070  55.613 0.0000000000
60041  42.624  -29.550  56.246 0.0000000000
51611  32.495  -38.486  63.049 0.0000000000
51610  34.105  -38.458  63.595 0.0000000000
51609  34.808  -38.220  63.964 0.0000000000
51580  34.972  -38.706  64.825 0.0000000000
41511  31.902  -48.366  68.340 0.0000000000
43708  31.850  -46.417  67.907 0.0000000000
42615  32.479  -48.067  69.440 0.0000000000
66256  49.418  -22.275  47.045 0.0000000000
67146  49.353  -21.719  46.057 0.0000000000
66255  50.224  -22.212  46.992 0.0000000000
117716  51.881  -22.267  47.015 0.0000000000
68156  52.684  -20.737  38.768 0.0000000000
67244  52.292  -21.113  39.391 0.0000000000
66333  53.266  -21.995  40.189 0.0000000000
67245  51.917  -21.210  39.995 0.0000000000
39510  26.399  -50.534  69.518 0.0000000000
39509  27.052  -50.689  69.036 0.0000000000
38514  27.332  -50.913  70.688 0.0000000000
123874  14.763  -48.960  79.666 0.0000000000
122836  15.705  -49.055  81.258 0.0000000000
41326  14.895  -49.154  81.286 0.0000000000
41294  13.778  -48.768  85.259 0.0000000000
131490  15.036  -48.967  84.956 0.0000000000
64550  47.021  -24.294  48.064 0.0000000000
63712  48.795  -25.653  48.790 0.0000000000
63713  47.849  -25.533  48.662 0.0000000000
61881  46.282  -27.434  50.821 0.0000000000
62817  47.821  -26.932  50.452 0.0000000000
61845  47.692  -27.480  52.419 0.0000000000
61824  49.314  -27.434  53.636 0.0000000000
117243  47.628  -27.550  53.782 0.0000000000
138670  42.408  -32.958  58.644 0.0000000000
57320  43.449  -32.361  58.701 0.0000000000
57312  43.676  -32.760  59.564 0.0000000000
66258  47.045  -22.941  46.995 0.0000000000
39378  8.187  -51.183  82.065 0.0000000000
38385  6.660  -52.176  81.741 0.0000000000
57376  39.093  -32.076  55.064 0.0000000000
57361  40.211  -32.275  55.756 0.0000000000
57362  39.378  -32.520  55.566 0.0000000000
56403  38.385  -33.890  57.942 0.0000000000
56402  39.240  -33.790  57.939 0.0000000000
55534  39.457  -34.449  59.341 0.0000000000
118712  40.848  -34.599  61.104 0.0000000000
55501  39.431  -34.655  61.477 0.0000000000
117663  26.184  -44.849  61.741 0.0000000000
127191  29.176  -48.999  65.213 0.0000000000
42656  28.336  -47.422  65.258 0.0000000000
40492  29.916  -48.818  65.706 0.0000000000
41535  30.107  -48.143  66.477 0.0000000000
40490  31.365  -49.360  66.213 0.0000000000
38537  29.083  -52.485  68.230 0.0000000000
38549  28.883  -52.172  67.296 0.0000000000
124125  30.415  -53.068  67.945 0.0000000000
35580  32.682  -54.083  67.819 0.0000000000
37567  34.314  -52.796  67.320 0.0000000000
39435  22.840  -51.050  72.809 0.0000000000
38446  22.910  -51.772  74.863 0.0000000000
116860  21.983  -50.970  73.801 0.0000000000
41463  18.865  -48.380  73.267 0.0000000000
40391  19.719  -49.340  74.378 0.0000000000
41431  19.074  -48.770  74.839 0.0000000000
41415  19.109  -49.117  75.736 0.0000000000
41432  18.311  -48.131  74.951 0.0000000000
116300  16.029  -46.174  71.093 0.0000000000
42560  13.354  -47.435  73.376 0.0000000000
43621  15.056  -47.049  73.583 0.0000000000
42538  15.178  -47.239  74.402 0.0000000000
119892  16.136  -47.461  75.410 0.0000000000
116893  14.784  -47.659  75.780 0.0000000000
42488  15.235  -48.091  77.427 0.0000000000
42518  13.895  -47.753  75.505 0.0000000000
133546  11.196  -49.063  78.139 0.0000000000
42712  23.156  -47.230  62.797 0.0000000000
42713  22.398  -47.160  62.912 0.0000000000
41538  20.674  -48.280  66.663 0.0000000000
41537  21.502  -48.548  66.457 0.0000000000
41551  22.612  -48.664  65.652 0.0000000000
40497  22.836  -49.242  66.901 0.0000000000
40466  23.959  -49.830  68.210 0.0000000000
124153  22.875  -49.545  68.007 0.0000000000
129684  22.499  -50.215  71.277 0.0000000000
39476  23.150  -50.423  71.068 0.0000000000
39452  22.860  -50.645  71.863 0.0000000000
38476  24.287  -51.452  72.417 0.0000000000
38419  22.917  -51.711  76.955 0.0000000000
118715  8.271  -49.664  85.754 0.0000000000
41289  9.233  -48.891  85.865 0.0000000000
66242  55.796  -21.819  48.863 0.0000000000
65355  55.638  -23.603  51.256 0.0000000000
65354  56.887  -23.609  51.460 0.0000000000
65346  56.987  -24.006  52.104 0.0000000000
64487  56.939  -24.862  53.049 0.0000000000
62814  51.775  -26.482  50.793 0.0000000000
63674  52.836  -26.142  51.379 0.0000000000
63666  52.770  -26.407  52.088 0.0000000000
124628  55.536  -25.177  55.540 0.0000000000
134104  44.537  -27.481  55.568 0.0000000000
61814  44.236  -27.681  54.801 0.0000000000
61799  45.755  -27.353  55.622 0.0000000000
61782  46.961  -26.984  56.341 0.0000000000
62748  46.580  -26.789  56.988 0.0000000000
58246  45.480  -31.304  58.366 0.0000000000
59178  45.434  -30.561  57.796 0.0000000000
58245  46.333  -31.133  58.668 0.0000000000
54533  35.570  -35.488  60.647 0.0000000000
52574  37.381  -37.357  63.723 0.0000000000
54487  37.707  -36.122  62.621 0.0000000000
53488  38.200  -37.170  63.851 0.0000000000
53501  39.457  -36.139  63.733 0.0000000000
52546  39.783  -37.737  65.283 0.0000000000
47549  28.052  -42.770  62.771 0.0000000000
46574  29.098  -43.012  63.911 0.0000000000
46551  31.411  -43.369  66.810 0.0000000000
48489  30.087  -41.865  65.474 0.0000000000
48477  31.382  -41.827  66.563 0.0000000000
49497  31.147  -40.579  65.830 0.0000000000
48462  32.500  -41.434  67.457 0.0000000000
43674  34.251  -46.486  70.644 0.0000000000
48433  35.300  -41.429  69.871 0.0000000000
49468  34.375  -40.881  68.512 0.0000000000
50520  36.182  -40.236  69.073 0.0000000000
117252  36.894  -39.699  67.616 0.0000000000
123122  36.959  -39.892  69.035 0.0000000000
67187  49.022  -22.296  43.330 0.0000000000
67204  50.279  -22.079  42.348 0.0000000000
66309  52.549  -22.801  42.786 0.0000000000
66297  51.263  -23.261  43.891 0.0000000000
67142  53.058  -21.003  46.158 0.0000000000
68066  53.374  -20.557  45.099 0.0000000000
68052  55.271  -20.755  46.597 0.0000000000
68997  56.091  -20.127  46.587 0.0000000000
66359  55.547  -22.818  38.032 0.0000000000
67200  56.645  -20.709  41.859 0.0000000000
69033  57.747  -19.064  42.838 0.0000000000
69027  56.348  -19.006  44.149 0.0000000000
116653  25.738  -51.266  71.662 0.0000000000
38494  27.502  -51.257  71.551 0.0000000000
38458  27.461  -52.123  73.575 0.0000000000
41349  12.914  -49.256  80.846 0.0000000000
117268  13.853  -49.389  82.054 0.0000000000
117267  13.084  -49.328  82.087 0.0000000000
41304  12.366  -49.064  83.736 0.0000000000
41286  12.357  -48.531  85.802 0.0000000000
62837  44.860  -26.219  49.661 0.0000000000
61882  45.446  -27.496  50.750 0.0000000000
55517  43.020  -34.098  61.054 0.0000000000
56369  43.862  -33.939  61.320 0.0000000000
55496  44.160  -34.360  62.183 0.0000000000
126284  45.054  -34.893  63.614 0.0000000000
37421  5.658  -52.556  81.593 0.0000000000
37422  4.682  -52.605  81.543 0.0000000000
37406  3.964  -52.724  82.422 0.0000000000
56450  37.888  -33.359  55.615 0.0000000000
56404  37.532  -33.948  58.048 0.0000000000
43784  26.052  -46.309  62.606 0.0000000000
42673  26.516  -47.888  63.962 0.0000000000
130595  27.675  -48.778  64.591 0.0000000000
39559  29.454  -50.636  65.158 0.0000000000
122894  21.100  -49.672  71.723 0.0000000000
40407  21.214  -49.928  72.537 0.0000000000
40408  20.502  -49.443  72.093 0.0000000000
41478  19.148  -48.542  72.466 0.0000000000
42578  17.681  -47.303  72.671 0.0000000000
123925  12.684  -47.796  74.645 0.0000000000
121145  11.723  -47.458  73.341 0.0000000000
41539  19.961  -48.029  66.956 0.0000000000
41525  20.734  -48.592  67.855 0.0000000000
40469  21.743  -49.319  68.760 0.0000000000
40470  21.179  -49.170  69.106 0.0000000000
40435  20.825  -49.240  70.536 0.0000000000
39409  21.406  -50.798  77.732 0.0000000000
66253  53.545  -22.711  47.186 0.0000000000
66237  55.386  -22.455  49.308 0.0000000000
65376  53.700  -23.702  48.389 0.0000000000
64523  54.285  -23.753  50.015 0.0000000000
64506  54.736  -24.192  51.610 0.0000000000
62774  51.862  -27.041  53.706 0.0000000000
62772  53.132  -26.336  54.118 0.0000000000
62756  52.565  -26.601  55.482 0.0000000000
115730  54.533  -25.309  56.586 0.0000000000
61829  42.667  -28.014  53.040 0.0000000000
61816  42.265  -27.896  54.797 0.0000000000
61802  42.748  -27.889  55.461 0.0000000000
60895  44.261  -28.110  56.874 0.0000000000
58233  47.476  -31.302  59.509 0.0000000000
53532  34.757  -36.776  61.306 0.0000000000
53531  35.439  -36.512  61.634 0.0000000000
52589  35.223  -37.380  62.780 0.0000000000
52563  36.286  -37.987  64.241 0.0000000000
51577  37.289  -38.609  65.106 0.0000000000
43742  30.332  -45.939  65.415 0.0000000000
45639  30.306  -44.333  64.976 0.0000000000
44732  31.092  -45.065  66.157 0.0000000000
44731  31.608  -45.071  66.963 0.0000000000
45606  32.888  -44.557  68.254 0.0000000000
67173  46.503  -21.411  44.774 0.0000000000
67190  46.621  -21.184  43.962 0.0000000000
67158  47.848  -21.864  45.372 0.0000000000
67170  48.633  -22.075  45.357 0.0000000000
66281  50.166  -23.041  44.631 0.0000000000
67168  51.693  -21.538  45.166 0.0000000000
67156  51.334  -21.348  45.732 0.0000000000
67133  52.595  -21.816  46.732 0.0000000000
68155  53.153  -20.428  38.216 0.0000000000
67254  54.075  -21.993  38.232 0.0000000000
66345  55.389  -22.656  39.005 0.0000000000
67227  57.044  -21.030  39.992 0.0000000000
66331  55.197  -22.295  39.962 0.0000000000
67229  55.044  -21.949  40.902 0.0000000000
126676  54.213  -22.080  42.253 0.0000000000
39552  25.853  -50.090  66.898 0.0000000000
39551  26.658  -50.528  66.480 0.0000000000
39524  27.056  -50.776  68.109 0.0000000000
125372  28.115  -51.582  69.192 0.0000000000
121073  29.180  -52.384  70.007 0.0000000000
41362  16.821  -48.957  79.093 0.0000000000
40339  17.838  -49.561  80.463 0.0000000000
40328  17.466  -49.484  81.252 0.0000000000
41309  17.400  -49.600  82.757 0.0000000000
116267  15.265  -49.457  83.134 0.0000000000
41291  16.173  -49.760  84.377 0.0000000000
64547  49.723  -24.154  47.767 0.0000000000
135947  50.543  -24.447  48.074 0.0000000000
63711  49.733  -25.490  48.691 0.0000000000
134838  50.608  -26.134  49.763 0.0000000000
62796  50.509  -26.768  51.140 0.0000000000
62834  47.510  -26.593  49.673 0.0000000000
125678  48.707  -26.787  50.493 0.0000000000
62782  50.691  -27.066  52.157 0.0000000000
61823  50.150  -27.461  53.603 0.0000000000
61794  50.643  -27.211  55.231 0.0000000000
62758  49.947  -26.940  56.010 0.0000000000
59200  42.056  -31.023  56.205 0.0000000000
59199  42.534  -30.472  56.340 0.0000000000
58259  43.322  -31.547  57.206 0.0000000000
58247  44.604  -31.657  58.295 0.0000000000
57310  45.362  -32.184  59.836 0.0000000000
56379  44.557  -33.416  60.877 0.0000000000
57292  46.149  -32.939  61.090 0.0000000000
57291  46.921  -32.768  61.260 0.0000000000
51596  31.715  -38.995  64.373 0.0000000000
41492  33.228  -48.767  70.670 0.0000000000
67160  46.359  -21.587  45.544 0.0000000000
67148  47.010  -21.975  46.159 0.0000000000
66257  48.527  -22.432  46.984 0.0000000000
70739  51.799  -17.553  40.020 0.0000000000
69879  51.017  -17.991  40.250 0.0000000000
39390  9.167  -50.314  80.826 0.0000000000
40325  9.616  -49.862  82.620 0.0000000000
39377  8.915  -50.525  82.295 0.0000000000
39374  8.310  -50.629  83.794 0.0000000000
39367  7.196  -50.505  85.873 0.0000000000
37389  5.755  -52.578  83.112 0.0000000000
60072  40.087  -29.295  54.573 0.0000000000
59238  39.309  -30.507  54.433 0.0000000000
59218  40.627  -30.428  55.271 0.0000000000
57360  40.924  -32.156  55.982 0.0000000000
57334  41.171  -32.887  57.056 0.0000000000
56399  41.865  -33.258  58.572 0.0000000000
118905  39.181  -33.435  56.634 0.0000000000
56401  40.631  -33.603  58.229 0.0000000000
56391  41.631  -33.705  59.130 0.0000000000
55519  41.449  -34.443  60.605 0.0000000000
55479  41.628  -34.842  62.363 0.0000000000
123720  41.811  -35.698  64.268 0.0000000000
45677  28.159  -44.050  62.968 0.0000000000
118464  27.284  -45.956  63.766 0.0000000000
44756  27.911  -45.929  64.310 0.0000000000
43743  29.572  -46.020  65.000 0.0000000000
43735  30.285  -47.243  66.385 0.0000000000
40479  31.502  -48.347  67.715 0.0000000000
40464  32.564  -49.198  68.587 0.0000000000
38565  27.961  -51.450  66.358 0.0000000000
38577  29.080  -51.392  65.514 0.0000000000
38562  30.427  -51.790  65.773 0.0000000000
36607  31.249  -53.354  67.612 0.0000000000
37570  31.668  -52.896  66.800 0.0000000000
38561  31.898  -51.552  66.018 0.0000000000
39547  33.123  -51.111  66.649 0.0000000000
39536  33.501  -50.621  67.380 0.0000000000
38526  34.290  -50.767  68.787 0.0000000000
38444  24.777  -52.333  74.817 0.0000000000
38445  23.847  -52.181  74.809 0.0000000000
38431  22.925  -51.742  75.975 0.0000000000
39416  21.710  -50.969  76.068 0.0000000000
40389  20.755  -50.129  74.263 0.0000000000
40384  20.831  -50.387  74.913 0.0000000000
39413  21.148  -50.665  76.731 0.0000000000
122359  19.694  -49.886  76.874 0.0000000000
136842  19.120  -49.652  77.249 0.0000000000
41376  17.972  -49.104  77.689 0.0000000000
132312  17.189  -46.464  70.618 0.0000000000
138203  17.541  -46.991  72.050 0.0000000000
43648  17.035  -46.935  73.093 0.0000000000
133719  14.923  -46.774  72.093 0.0000000000
43634  15.758  -46.833  73.169 0.0000000000
42535  17.155  -47.383  74.293 0.0000000000
42516  16.777  -47.669  75.477 0.0000000000
135759  16.856  -48.200  76.712 0.0000000000
41398  16.560  -48.430  77.542 0.0000000000
41399  15.895  -48.187  77.734 0.0000000000
41400  14.586  -48.370  77.903 0.0000000000
41381  13.933  -48.615  78.341 0.0000000000
42504  12.566  -48.161  75.917 0.0000000000
41402  12.396  -48.587  77.239 0.0000000000
41382  12.380  -48.808  78.521 0.0000000000
41383  11.726  -48.980  78.733 0.0000000000
41384  10.890  -49.394  78.865 0.0000000000
137703  9.812  -49.831  79.120 0.0000000000
40352  9.347  -49.987  79.477 0.0000000000
39400  8.059  -50.676  79.742 0.0000000000
42710  24.625  -47.207  62.753 0.0000000000
41589  24.062  -48.121  63.778 0.0000000000
136728  24.322  -48.695  64.771 0.0000000000
41572  22.856  -48.314  64.511 0.0000000000
118155  23.164  -48.614  65.217 0.0000000000
40508  24.704  -49.275  65.834 0.0000000000
40482  24.217  -49.630  67.418 0.0000000000
39527  24.597  -50.102  68.783 0.0000000000
39494  24.976  -50.602  70.220 0.0000000000
39513  23.024  -49.980  69.704 0.0000000000
39495  24.179  -50.502  70.391 0.0000000000
39474  25.094  -50.879  70.962 0.0000000000
38475  25.168  -51.556  72.487 0.0000000000
116905  25.183  -52.081  74.134 0.0000000000
41298  10.105  -49.090  84.085 0.0000000000
41288  10.569  -48.546  85.875 0.0000000000
65367  56.076  -22.607  50.191 0.0000000000
63693  52.643  -25.478  49.732 0.0000000000
63673  53.346  -25.471  51.231 0.0000000000
63664  54.434  -24.812  52.864 0.0000000000
63658  53.557  -25.826  53.605 0.0000000000
63657  54.544  -25.074  53.733 0.0000000000
64479  56.575  -25.030  53.947 0.0000000000
61884  43.818  -27.253  50.699 0.0000000000
61848  45.115  -28.082  52.135 0.0000000000
139680  43.845  -27.989  53.248 0.0000000000
116243  44.453  -28.045  52.958 0.0000000000
116245  46.374  -27.861  53.054 0.0000000000
61811  47.312  -27.528  54.603 0.0000000000
62759  48.914  -27.023  56.079 0.0000000000
62745  49.002  -26.590  57.171 0.0000000000
59197  43.964  -29.998  57.016 0.0000000000
60021  44.659  -29.165  57.205 0.0000000000
60879  45.561  -28.101  57.634 0.0000000000
59156  47.478  -30.064  58.502 0.0000000000
60002  46.820  -29.232  58.214 0.0000000000
135148  46.502  -27.229  57.668 0.0000000000
61753  47.875  -26.951  58.311 0.0000000000
62712  49.338  -26.474  58.616 0.0000000000
130632  36.299  -34.035  58.978 0.0000000000
55523  37.455  -34.642  60.341 0.0000000000
54522  36.554  -35.588  61.506 0.0000000000
54521  37.369  -35.349  61.777 0.0000000000
55502  38.598  -34.799  61.412 0.0000000000
54503  39.454  -34.992  62.702 0.0000000000
118870  41.057  -35.723  64.135 0.0000000000
53470  41.597  -36.612  65.148 0.0000000000
47506  29.868  -42.561  65.083 0.0000000000
50582  30.775  -39.976  65.324 0.0000000000
50593  31.404  -39.469  65.067 0.0000000000
50580  32.925  -39.405  65.515 0.0000000000
124699  33.612  -47.285  70.419 0.0000000000
44691  33.751  -45.192  69.313 0.0000000000
46520  33.677  -43.748  68.893 0.0000000000
46519  34.260  -43.626  69.464 0.0000000000
123147  33.498  -42.104  68.490 0.0000000000
49470  32.902  -40.973  67.742 0.0000000000
50552  33.925  -39.956  66.899 0.0000000000
116917  34.246  -39.338  65.622 0.0000000000
50562  35.317  -39.542  66.178 0.0000000000
50561  36.721  -39.446  66.278 0.0000000000
50559  37.990  -39.176  66.482 0.0000000000
50517  38.644  -39.683  69.061 0.0000000000
50532  39.199  -39.492  68.329 0.0000000000
51565  39.379  -38.577  66.314 0.0000000000
51563  41.250  -38.475  66.753 0.0000000000
69880  50.406  -18.373  40.697 0.0000000000
68136  50.727  -20.591  40.841 0.0000000000
67216  52.029  -21.980  41.297 0.0000000000
66308  53.403  -22.441  42.534 0.0000000000
67185  54.722  -21.697  43.984 0.0000000000
67167  52.364  -21.301  44.902 0.0000000000
68077  53.568  -20.455  44.959 0.0000000000
68075  55.423  -19.500  44.605 0.0000000000
119581  56.498  -18.932  45.392 0.0000000000
37484  25.662  -52.962  75.365 0.0000000000
37493  26.154  -52.674  74.884 0.0000000000
129889  10.182  -49.730  80.353 0.0000000000
40331  9.915  -49.842  81.076 0.0000000000
54467  42.560  -35.654  64.483 0.0000000000
54466  43.338  -35.613  64.719 0.0000000000
40521  25.832  -49.264  64.691 0.0000000000
42613  19.031  -47.948  69.908 0.0000000000
115913  18.438  -49.773  78.953 0.0000000000
40347  18.885  -49.986  79.639 0.0000000000
64546  51.118  -23.904  47.757 0.0000000000
65378  51.991  -24.178  47.853 0.0000000000
115685  51.183  -26.518  57.130 0.0000000000
62726  52.140  -26.243  57.268 0.0000000000
63629  51.403  -25.983  58.119 0.0000000000
60060  42.024  -28.940  55.678 0.0000000000
59216  41.974  -30.107  55.967 0.0000000000
51595  32.660  -38.870  63.960 0.0000000000
119513  33.333  -38.537  63.320 0.0000000000
51594  33.591  -38.802  64.077 0.0000000000
51593  34.355  -38.687  64.351 0.0000000000
41500  32.198  -48.414  68.926 0.0000000000
42626  31.871  -47.830  68.527 0.0000000000
41499  32.555  -48.755  69.481 0.0000000000
65391  49.948  -23.166  47.335 0.0000000000
65390  50.746  -23.123  47.307 0.0000000000
68145  52.052  -20.255  39.194 0.0000000000
68146  51.641  -20.577  39.770 0.0000000000
121098  25.765  -50.602  70.109 0.0000000000
39492  27.208  -50.715  69.887 0.0000000000
39493  26.563  -50.697  70.339 0.0000000000
41347  14.427  -49.137  80.570 0.0000000000
41346  15.248  -49.000  80.521 0.0000000000
135310  46.179  -24.089  48.048 0.0000000000
64536  47.622  -24.852  48.278 0.0000000000
64537  46.347  -24.697  48.322 0.0000000000
61880  47.132  -27.301  50.954 0.0000000000
61866  47.392  -27.450  51.673 0.0000000000
61846  46.874  -27.687  52.340 0.0000000000
56390  42.316  -33.320  59.141 0.0000000000
57313  42.917  -32.863  59.040 0.0000000000
38384  7.502  -51.592  81.447 0.0000000000
58299  38.128  -31.540  54.305 0.0000000000
57377  38.474  -32.090  54.773 0.0000000000
57363  38.757  -32.476  55.215 0.0000000000
55535  38.559  -34.347  59.349 0.0000000000
55551  38.954  -34.113  58.662 0.0000000000
55521  39.808  -34.686  60.056 0.0000000000
130134  39.196  -34.613  60.730 0.0000000000
40503  29.771  -49.739  65.174 0.0000000000
40502  30.543  -49.523  65.558 0.0000000000
37547  29.420  -52.752  69.114 0.0000000000
37559  29.757  -52.835  68.310 0.0000000000
37558  30.149  -53.203  68.943 0.0000000000
38463  22.664  -51.485  73.758 0.0000000000
39436  22.233  -50.928  73.232 0.0000000000
41448  18.611  -48.248  74.115 0.0000000000
41447  19.284  -48.816  73.898 0.0000000000
42559  14.291  -47.391  73.980 0.0000000000
124063  14.494  -47.538  74.904 0.0000000000
117670  21.207  -48.660  67.317 0.0000000000
40498  22.037  -48.958  67.093 0.0000000000
41536  22.346  -48.811  66.293 0.0000000000
40484  22.543  -49.341  67.652 0.0000000000
137854  22.322  -50.339  71.797 0.0000000000
40309  7.677  -49.998  86.256 0.0000000000
132580  8.349  -49.510  86.696 0.0000000000
64505  55.932  -23.854  51.994 0.0000000000
64492  57.001  -24.414  52.609 0.0000000000
62795  51.319  -26.764  51.403 0.0000000000
62794  52.171  -26.634  51.582 0.0000000000
134370  52.244  -26.817  52.689 0.0000000000
61800  44.647  -27.469  56.315 0.0000000000
117109  45.070  -27.362  55.774 0.0000000000
134770  45.323  -27.265  56.342 0.0000000000
61783  46.026  -27.042  56.528 0.0000000000
62732  46.128  -26.985  57.152 0.0000000000
122128  45.843  -31.680  59.207 0.0000000000
58234  46.668  -31.510  59.356 0.0000000000
54534  34.892  -35.808  60.368 0.0000000000
52561  37.795  -37.772  64.290 0.0000000000
52560  38.597  -37.615  64.466 0.0000000000
52559  39.432  -37.356  64.687 0.0000000000
52547  39.004  -37.934  65.127 0.0000000000
46589  28.822  -43.475  63.532 0.0000000000
130560  28.636  -42.869  63.357 0.0000000000
46540  32.083  -43.375  67.398 0.0000000000
47472  31.666  -42.551  66.958 0.0000000000
48463  31.961  -41.835  66.985 0.0000000000
47471  32.279  -42.360  67.441 0.0000000000
48424  35.706  -41.747  70.499 0.0000000000
49458  35.654  -40.855  69.503 0.0000000000
49457  36.371  -40.529  69.841 0.0000000000
50502  37.033  -40.199  70.152 0.0000000000
66299  49.531  -23.057  44.002 0.0000000000
66312  49.895  -22.710  43.236 0.0000000000
66311  50.794  -22.978  43.107 0.0000000000
67132  53.805  -21.845  46.703 0.0000000000
67141  54.162  -20.959  46.226 0.0000000000
67131  54.781  -21.652  46.925 0.0000000000
67130  55.538  -21.226  47.473 0.0000000000
66344  56.410  -22.512  38.558 0.0000000000
66358  56.599  -22.752  37.542 0.0000000000
67240  58.028  -21.192  39.145 0.0000000000
68104  56.413  -20.587  42.935 0.0000000000
68103  57.330  -19.792  42.297 0.0000000000
68085  56.843  -19.377  43.259 0.0000000000
69026  57.268  -18.647  43.655 0.0000000000
68086  55.890  -19.966  43.814 0.0000000000
116135  26.136  -51.634  72.677 0.0000000000
116697  26.968  -51.715  72.921 0.0000000000
41365  12.301  -49.241  80.249 0.0000000000
41350  12.195  -49.328  81.101 0.0000000000
41313  11.852  -49.207  83.006 0.0000000000
139569  12.096  -49.294  82.538 0.0000000000
41295  12.547  -48.815  84.795 0.0000000000
115678  11.796  -48.728  85.030 0.0000000000
62820  45.183  -26.910  50.143 0.0000000000
62821  44.328  -26.729  50.172 0.0000000000
55498  42.487  -34.482  61.586 0.0000000000
55497  43.269  -34.416  61.846 0.0000000000
55477  43.448  -34.756  62.646 0.0000000000
38386  5.272  -52.268  80.944 0.0000000000
37407  2.861  -52.760  82.584 0.0000000000
42692  25.203  -47.516  63.142 0.0000000000
133397  25.753  -47.014  62.963 0.0000000000
42691  25.955  -47.568  63.501 0.0000000000
40505  27.235  -50.111  64.869 0.0000000000
135136  27.164  -48.893  64.401 0.0000000000
40519  27.584  -49.430  64.604 0.0000000000
39571  28.114  -50.081  64.795 0.0000000000
39560  28.610  -50.753  65.126 0.0000000000
40421  20.655  -49.323  71.305 0.0000000000
41488  20.024  -48.971  71.616 0.0000000000
42576  18.838  -48.143  71.673 0.0000000000
130625  19.442  -48.677  71.860 0.0000000000
42577  18.445  -47.974  72.533 0.0000000000
42630  19.316  -47.794  68.188 0.0000000000
42640  19.375  -47.644  67.377 0.0000000000
41526  20.004  -48.203  67.810 0.0000000000
124722  20.498  -48.370  67.312 0.0000000000
127032  20.426  -48.558  68.379 0.0000000000
41524  21.078  -48.915  68.431 0.0000000000
41513  20.496  -48.787  69.123 0.0000000000
40420  21.335  -49.586  71.047 0.0000000000
133325  20.819  -50.606  78.191 0.0000000000
39406  20.736  -50.772  78.922 0.0000000000
66244  54.097  -23.102  47.836 0.0000000000
65387  53.298  -23.482  47.657 0.0000000000
64530  53.403  -24.338  48.968 0.0000000000
133528  53.727  -24.248  49.591 0.0000000000
64515  54.483  -23.954  50.802 0.0000000000
64516  53.777  -24.448  50.233 0.0000000000
61807  51.280  -27.311  54.482 0.0000000000
62766  52.081  -26.958  54.621 0.0000000000
63636  53.656  -25.666  56.828 0.0000000000
61818  41.052  -28.128  54.113 0.0000000000
61830  41.808  -27.966  53.895 0.0000000000
61817  41.606  -28.024  54.745 0.0000000000
60897  42.797  -28.335  56.158 0.0000000000
60909  43.130  -27.825  56.047 0.0000000000
61785  43.973  -27.748  56.379 0.0000000000
52614  34.170  -37.392  61.535 0.0000000000
52613  34.958  -37.124  61.987 0.0000000000
51592  35.492  -38.294  64.424 0.0000000000
52576  35.557  -37.702  63.663 0.0000000000
51591  36.805  -38.308  64.665 0.0000000000
51578  36.497  -38.713  65.169 0.0000000000
43734  30.609  -46.463  66.084 0.0000000000
138782  30.823  -45.717  65.868 0.0000000000
135773  31.195  -45.940  66.460 0.0000000000
44719  32.033  -45.528  67.682 0.0000000000
45615  32.240  -44.512  67.622 0.0000000000
126950  32.549  -45.174  68.087 0.0000000000
67159  47.135  -21.758  45.496 0.0000000000
67172  47.198  -21.659  44.584 0.0000000000
66276  49.871  -21.943  45.786 0.0000000000
66282  49.288  -22.743  44.729 0.0000000000
67169  50.836  -21.924  45.487 0.0000000000
121781  50.956  -21.350  46.040 0.0000000000
67134  51.504  -21.542  46.473 0.0000000000
67255  53.436  -21.906  38.907 0.0000000000
120353  53.304  -21.253  38.440 0.0000000000
66361  54.060  -22.331  38.938 0.0000000000
66360  54.753  -22.572  38.568 0.0000000000
66346  54.527  -22.446  39.402 0.0000000000
125103  53.547  -21.998  40.849 0.0000000000
66332  54.171  -22.182  40.321 0.0000000000
66319  54.204  -21.961  41.287 0.0000000000
67215  55.051  -21.810  41.892 0.0000000000
39539  25.608  -50.139  67.778 0.0000000000
39538  26.434  -50.487  67.470 0.0000000000
38529  27.685  -51.004  69.486 0.0000000000
38539  27.645  -51.197  68.637 0.0000000000
38527  28.699  -52.220  69.115 0.0000000000
132176  17.152  -49.275  80.487 0.0000000000
41344  16.558  -48.994  80.005 0.0000000000
41325  16.225  -49.221  82.022 0.0000000000
41324  17.047  -49.420  82.009 0.0000000000
41310  16.729  -49.484  82.777 0.0000000000
40318  17.778  -50.005  83.942 0.0000000000
41290  16.952  -50.015  84.034 0.0000000000
116266  14.445  -49.450  82.804 0.0000000000
41302  14.882  -49.377  83.947 0.0000000000
64548  48.761  -24.154  47.843 0.0000000000
64533  49.982  -24.918  48.231 0.0000000000
64534  49.231  -24.919  48.246 0.0000000000
63696  49.444  -26.012  49.291 0.0000000000
62815  50.522  -26.482  50.338 0.0000000000
131027  49.149  -26.437  49.889 0.0000000000
63699  46.318  -25.936  49.095 0.0000000000
63698  47.233  -26.089  49.082 0.0000000000
62798  48.305  -27.041  51.020 0.0000000000
62797  48.944  -27.037  51.275 0.0000000000
62783  49.756  -27.035  51.676 0.0000000000
61843  49.765  -27.360  52.744 0.0000000000
61842  50.613  -27.393  53.024 0.0000000000
61809  49.041  -27.410  54.426 0.0000000000
125018  49.721  -27.429  54.212 0.0000000000
61795  49.661  -27.291  55.055 0.0000000000
58272  42.135  -31.740  56.577 0.0000000000
58271  42.841  -31.191  56.659 0.0000000000
58260  42.744  -31.904  57.080 0.0000000000
57319  44.177  -32.116  58.992 0.0000000000
136882  43.916  -31.939  58.276 0.0000000000
58235  44.991  -31.873  59.100 0.0000000000
56368  44.556  -33.882  61.591 0.0000000000
132721  45.800  -33.399  61.435 0.0000000000
56366  46.481  -33.364  61.797 0.0000000000
57290  47.724  -32.557  61.403 0.0000000000
51612  31.777  -38.699  63.535 0.0000000000
67149  46.081  -21.822  46.176 0.0000000000
65393  47.449  -23.570  47.506 0.0000000000
131480  47.799  -22.907  47.079 0.0000000000
65392  48.253  -23.412  47.464 0.0000000000
131429  49.106  -23.254  47.424 0.0000000000
39382  8.727  -50.723  81.431 0.0000000000
39375  7.930  -51.285  83.016 0.0000000000
118302  7.661  -51.220  83.812 0.0000000000
39371  7.595  -50.746  84.771 0.0000000000
38367  7.074  -51.534  84.287 0.0000000000
37405  5.112  -52.722  82.323 0.0000000000
37404  6.009  -52.594  82.300 0.0000000000
119607  40.518  -28.683  54.562 0.0000000000
59237  40.016  -30.082  54.744 0.0000000000
58284  40.605  -31.465  55.549 0.0000000000
57349  40.594  -32.740  56.433 0.0000000000
56400  41.347  -33.161  57.867 0.0000000000
56436  38.517  -33.489  56.256 0.0000000000
56417  38.698  -33.710  57.100 0.0000000000
55550  39.942  -34.138  58.639 0.0000000000
116315  39.967  -33.660  57.878 0.0000000000
56392  40.853  -34.006  58.976 0.0000000000
55532  41.299  -34.264  59.761 0.0000000000
139579  41.942  -34.148  60.257 0.0000000000
120997  40.896  -34.710  61.932 0.0000000000
55461  41.293  -35.027  63.129 0.0000000000
55460  42.019  -35.073  63.096 0.0000000000
46604  27.893  -43.551  62.561 0.0000000000
45667  28.131  -44.704  63.385 0.0000000000
43767  26.844  -46.645  63.750 0.0000000000
44766  26.699  -46.093  63.193 0.0000000000
43755  27.417  -46.596  64.306 0.0000000000
43754  28.063  -46.615  64.875 0.0000000000
43744  28.881  -46.772  65.297 0.0000000000
43753  28.690  -45.968  64.698 0.0000000000
118752  29.793  -46.870  65.759 0.0000000000
40480  31.201  -48.495  66.973 0.0000000000
41523  30.834  -48.094  67.147 0.0000000000
40465  32.083  -48.724  68.130 0.0000000000
135738  32.393  -49.364  67.638 0.0000000000
38551  27.326  -50.998  67.062 0.0000000000
39550  27.461  -51.006  65.977 0.0000000000
37572  29.768  -52.624  67.350 0.0000000000
37583  29.449  -52.203  66.606 0.0000000000
37582  30.190  -52.339  66.381 0.0000000000
38563  29.632  -51.857  65.951 0.0000000000
36605  33.069  -53.453  67.200 0.0000000000
36606  32.142  -53.512  67.348 0.0000000000
37569  32.622  -52.881  66.765 0.0000000000
37580  32.179  -52.286  66.341 0.0000000000
38560  32.560  -51.608  66.331 0.0000000000
37579  33.105  -52.090  66.616 0.0000000000
38547  34.293  -51.947  67.413 0.0000000000
39523  33.681  -50.290  68.372 0.0000000000
124011  24.464  -52.492  75.503 0.0000000000
119998  22.213  -51.334  75.450 0.0000000000
117455  21.502  -50.862  75.138 0.0000000000
40394  20.951  -50.018  73.537 0.0000000000
40395  20.303  -49.692  73.924 0.0000000000
40390  20.251  -49.863  74.687 0.0000000000
40385  20.278  -50.046  75.477 0.0000000000
122968  20.961  -50.529  75.770 0.0000000000
39414  20.353  -50.206  76.370 0.0000000000
115587  19.681  -49.725  76.028 0.0000000000
40379  18.401  -48.870  76.293 0.0000000000
40378  19.093  -49.418  76.552 0.0000000000
40370  18.537  -49.291  77.124 0.0000000000
41396  17.975  -48.889  76.966 0.0000000000
132792  16.769  -46.366  71.359 0.0000000000
43665  17.066  -46.655  72.224 0.0000000000
43649  16.441  -46.680  72.735 0.0000000000
43668  14.296  -46.680  71.369 0.0000000000
43651  14.185  -46.962  72.294 0.0000000000
43633  16.437  -46.878  73.491 0.0000000000
43619  16.484  -47.079  74.192 0.0000000000
42536  16.651  -47.397  74.863 0.0000000000
42501  15.647  -47.629  76.027 0.0000000000
116862  16.441  -47.782  76.090 0.0000000000
42489  14.425  -48.066  77.137 0.0000000000
41401  13.851  -48.353  77.616 0.0000000000
42520  12.229  -47.950  75.153 0.0000000000
134249  11.723  -48.698  77.052 0.0000000000
41417  12.090  -48.463  76.506 0.0000000000
115988  12.708  -48.649  77.955 0.0000000000
119199  12.496  -48.988  79.339 0.0000000000
41404  10.464  -49.372  77.941 0.0000000000
40351  10.336  -49.666  79.231 0.0000000000
40361  10.070  -49.663  78.590 0.0000000000
40362  9.216  -49.891  78.604 0.0000000000
40363  8.212  -50.009  78.244 0.0000000000
40353  8.579  -50.222  79.146 0.0000000000
42694  23.620  -47.636  63.310 0.0000000000
127731  24.554  -48.539  64.257 0.0000000000
41571  23.747  -48.475  64.522 0.0000000000
42674  21.207  -47.605  64.121 0.0000000000
124718  21.951  -47.556  63.597 0.0000000000
41573  21.991  -48.099  64.511 0.0000000000
40510  23.229  -48.992  66.062 0.0000000000
41550  24.033  -48.838  65.389 0.0000000000
40509  24.027  -49.169  66.164 0.0000000000
40495  24.490  -49.489  66.633 0.0000000000
39511  25.393  -50.337  69.328 0.0000000000
39512  24.408  -50.334  69.594 0.0000000000
40449  21.669  -49.430  69.513 0.0000000000
116664  22.357  -49.620  69.219 0.0000000000
130197  23.617  -50.753  71.495 0.0000000000
39496  23.428  -50.307  70.393 0.0000000000
39475  24.315  -50.776  71.142 0.0000000000
139308  24.649  -50.675  70.683 0.0000000000
38495  24.777  -51.187  71.728 0.0000000000
38462  23.597  -51.709  73.178 0.0000000000
38461  24.647  -51.845  73.247 0.0000000000
38417  24.136  -52.697  76.194 0.0000000000
40327  18.341  -49.793  81.302 0.0000000000
122230  19.268  -50.307  81.266 0.0000000000
40320  9.571  -49.642  83.607 0.0000000000
116565  9.730  -48.653  87.088 0.0000000000
119922  9.770  -48.650  86.266 0.0000000000
41280  10.401  -48.431  86.873 0.0000000000
41279  11.164  -48.291  86.768 0.0000000000
41272  11.265  -48.648  87.520 0.0000000000
65368  54.840  -23.096  49.705 0.0000000000
65353  57.512  -23.983  51.454 0.0000000000
131132  51.571  -25.319  48.872 0.0000000000
63694  51.854  -25.766  49.504 0.0000000000
119920  53.291  -25.814  52.059 0.0000000000
64495  53.953  -24.897  52.030 0.0000000000
62764  53.389  -26.166  55.004 0.0000000000
63652  54.008  -25.644  54.451 0.0000000000
63651  55.165  -25.105  54.756 0.0000000000
64480  55.874  -24.773  54.103 0.0000000000
122089  43.381  -27.617  51.163 0.0000000000
61885  43.036  -27.097  50.753 0.0000000000
61870  44.046  -27.757  51.278 0.0000000000
61869  44.859  -27.884  51.356 0.0000000000
61849  44.241  -27.981  52.029 0.0000000000
134757  42.610  -27.952  54.037 0.0000000000
61828  43.316  -27.976  53.574 0.0000000000
61813  45.236  -27.618  54.872 0.0000000000
61827  44.881  -27.920  53.875 0.0000000000
61826  45.846  -27.806  53.867 0.0000000000
116244  45.447  -28.019  53.002 0.0000000000
61825  46.791  -27.664  53.836 0.0000000000
62747  47.264  -26.661  57.010 0.0000000000
61781  47.840  -26.958  56.256 0.0000000000
59180  43.643  -30.968  57.005 0.0000000000
59198  43.171  -30.287  56.623 0.0000000000
134447  45.284  -29.798  57.528 0.0000000000
60020  45.430  -28.950  57.549 0.0000000000
60019  46.038  -28.647  57.919 0.0000000000
60000  48.586  -29.025  58.749 0.0000000000
60001  47.757  -29.155  58.460 0.0000000000
60858  47.251  -28.370  58.290 0.0000000000
60859  46.580  -28.045  58.087 0.0000000000
128202  47.207  -27.464  58.168 0.0000000000
61766  47.347  -26.877  57.906 0.0000000000
55538  35.878  -34.504  59.644 0.0000000000
55537  36.823  -34.352  59.626 0.0000000000
53530  36.124  -36.216  61.922 0.0000000000
54523  35.848  -35.839  61.281 0.0000000000
54486  38.315  -35.916  62.840 0.0000000000
54505  37.393  -35.895  62.258 0.0000000000
122153  37.959  -35.576  62.275 0.0000000000
55503  37.781  -34.939  61.247 0.0000000000
55482  38.926  -34.869  62.101 0.0000000000
54485  39.048  -35.615  63.121 0.0000000000
53471  40.198  -37.091  64.954 0.0000000000
54469  40.261  -35.886  63.984 0.0000000000
53486  40.755  -36.398  64.622 0.0000000000
54468  41.445  -36.039  64.630 0.0000000000
46562  30.565  -43.638  65.529 0.0000000000
46563  30.087  -43.377  65.083 0.0000000000
48479  30.286  -41.171  65.459 0.0000000000
48490  29.759  -41.294  65.057 0.0000000000
49499  29.881  -40.607  65.020 0.0000000000
50566  31.840  -40.406  66.267 0.0000000000
50581  31.419  -40.000  65.690 0.0000000000
124905  32.095  -39.700  65.651 0.0000000000
50565  32.669  -39.903  66.275 0.0000000000
41486  33.841  -48.810  71.360 0.0000000000
42606  32.998  -48.065  70.256 0.0000000000
42605  33.582  -48.200  70.966 0.0000000000
44679  34.619  -45.502  70.488 0.0000000000
44680  34.038  -45.769  69.927 0.0000000000
45605  33.437  -44.541  68.819 0.0000000000
45598  33.987  -44.400  69.366 0.0000000000
48425  35.151  -42.097  70.106 0.0000000000
47423  35.174  -42.881  70.288 0.0000000000
47437  34.635  -42.711  69.602 0.0000000000
47438  33.919  -42.872  68.947 0.0000000000
48449  33.153  -41.437  68.068 0.0000000000
48448  33.784  -41.439  68.535 0.0000000000
50537  35.027  -40.172  68.059 0.0000000000
49479  34.129  -40.358  67.737 0.0000000000
50563  34.522  -39.609  66.200 0.0000000000
50549  36.567  -39.633  66.949 0.0000000000
50548  37.332  -39.479  66.872 0.0000000000
50560  37.381  -39.277  66.148 0.0000000000
50547  38.058  -39.352  67.136 0.0000000000
50500  38.534  -39.786  70.548 0.0000000000
128928  39.016  -39.658  69.854 0.0000000000
50516  39.542  -39.627  69.161 0.0000000000
50545  40.026  -39.299  67.810 0.0000000000
50546  39.251  -39.212  67.601 0.0000000000
51553  39.737  -38.891  67.126 0.0000000000
51564  40.326  -38.500  66.597 0.0000000000
51552  40.673  -38.917  67.297 0.0000000000
70729  50.636  -17.538  40.741 0.0000000000
67189  47.340  -21.486  43.649 0.0000000000
68089  46.890  -20.568  43.269 0.0000000000
68088  47.719  -21.117  42.905 0.0000000000
68124  50.182  -20.617  41.316 0.0000000000
67233  51.339  -21.440  41.004 0.0000000000
67217  51.419  -21.943  41.606 0.0000000000
66295  53.232  -22.629  43.593 0.0000000000
66294  54.125  -22.260  43.379 0.0000000000
68068  52.039  -21.076  45.452 0.0000000000
68079  52.338  -20.987  45.135 0.0000000000
69005  54.157  -20.281  45.396 0.0000000000
69020  54.282  -20.164  45.044 0.0000000000
68076  54.495  -20.049  44.881 0.0000000000
69019  55.138  -19.555  44.958 0.0000000000
69018  56.053  -19.029  44.774 0.0000000000
69012  55.765  -19.204  45.204 0.0000000000
136416  56.685  -19.816  46.331 0.0000000000
68165  54.433  -20.481  37.077 0.0000000000
37492  26.687  -52.745  74.508 0.0000000000
40329  11.385  -49.379  81.513 0.0000000000
41330  10.949  -49.344  82.174 0.0000000000
41314  11.003  -49.207  82.934 0.0000000000
55459  42.852  -35.043  63.259 0.0000000000
55458  43.627  -34.992  63.462 0.0000000000
41586  25.996  -48.343  63.905 0.0000000000
127844  26.078  -48.926  64.247 0.0000000000
42597  18.966  -48.005  70.778 0.0000000000
42598  18.411  -47.627  71.102 0.0000000000
41502  19.719  -48.402  69.514 0.0000000000
137032  19.394  -49.968  78.207 0.0000000000
40346  20.009  -50.502  79.099 0.0000000000
40359  19.282  -50.074  78.831 0.0000000000
39399  19.624  -50.447  79.700 0.0000000000
39389  20.002  -50.821  80.641 0.0000000000
65388  52.521  -23.663  47.594 0.0000000000
64531  52.760  -24.887  48.992 0.0000000000
62743  51.858  -26.660  56.300 0.0000000000
63628  53.149  -25.757  57.511 0.0000000000
60911  41.636  -28.205  55.165 0.0000000000
51624  33.123  -38.194  62.565 0.0000000000
134439  33.908  -38.209  62.816 0.0000000000
52577  34.638  -37.883  63.233 0.0000000000
139973  34.888  -38.462  64.395 0.0000000000
118861  31.407  -47.668  67.924 0.0000000000
42638  31.353  -47.047  67.628 0.0000000000
132195  31.680  -47.162  68.106 0.0000000000
43707  32.152  -46.811  68.456 0.0000000000
42625  32.448  -47.244  68.987 0.0000000000
134806  48.346  -22.007  46.400 0.0000000000
130295  48.528  -21.803  45.988 0.0000000000
66268  49.002  -21.866  46.469 0.0000000000
66267  49.770  -21.725  46.441 0.0000000000
66266  50.568  -21.625  46.424 0.0000000000
118483  51.078  -22.234  46.989 0.0000000000
67256  52.894  -21.355  38.946 0.0000000000
67243  52.972  -21.747  39.488 0.0000000000
67230  52.503  -21.637  40.069 0.0000000000
66334  52.764  -21.986  40.876 0.0000000000
115752  27.923  -51.047  70.274 0.0000000000
125672  15.701  -48.930  79.828 0.0000000000
41345  15.964  -48.975  80.534 0.0000000000
41311  15.996  -49.382  82.908 0.0000000000
41293  14.251  -48.996  84.575 0.0000000000
64535  48.366  -24.906  48.275 0.0000000000
63697  48.093  -26.156  49.192 0.0000000000
62818  46.901  -26.976  50.241 0.0000000000
61879  47.788  -27.204  51.158 0.0000000000
61865  48.221  -27.287  51.731 0.0000000000
117374  48.806  -27.409  53.000 0.0000000000
61844  48.345  -27.384  52.491 0.0000000000
117552  48.427  -27.470  53.843 0.0000000000
57332  42.494  -32.372  57.590 0.0000000000
57321  42.777  -32.557  58.334 0.0000000000
57303  44.267  -32.972  60.184 0.0000000000
55475  45.612  -34.301  62.625 0.0000000000
39392  7.560  -51.152  80.525 0.0000000000
39383  8.114  -51.140  81.192 0.0000000000
38380  7.406  -51.764  82.367 0.0000000000
58298  39.044  -31.425  54.664 0.0000000000
58285  39.708  -31.802  55.249 0.0000000000
57350  39.861  -32.779  56.084 0.0000000000
123018  40.666  -34.600  60.263 0.0000000000
55520  40.032  -34.536  60.886 0.0000000000
55500  40.176  -34.615  61.631 0.0000000000
44778  26.739  -44.949  62.323 0.0000000000
41566  27.971  -48.144  64.890 0.0000000000
42671  27.618  -47.327  64.728 0.0000000000
41549  28.688  -48.186  65.368 0.0000000000
41548  29.385  -48.175  65.896 0.0000000000
42647  29.797  -47.768  66.233 0.0000000000
40491  30.541  -48.555  66.419 0.0000000000
40489  32.204  -49.761  66.618 0.0000000000
38538  28.278  -51.884  68.203 0.0000000000
35579  33.514  -54.019  67.560 0.0000000000
123978  23.391  -51.899  74.081 0.0000000000
134706  19.536  -48.933  73.114 0.0000000000
40396  19.827  -49.271  73.666 0.0000000000
131923  18.554  -48.637  75.497 0.0000000000
41433  17.970  -48.221  75.729 0.0000000000
43667  15.404  -46.508  71.603 0.0000000000
43636  13.548  -47.160  72.616 0.0000000000
43635  14.219  -47.180  73.107 0.0000000000
42537  15.948  -47.150  74.706 0.0000000000
42517  15.377  -47.443  75.215 0.0000000000
119387  15.051  -47.831  76.617 0.0000000000
42502  14.200  -47.873  76.347 0.0000000000
41418  11.272  -48.637  76.397 0.0000000000
41403  10.992  -48.930  77.264 0.0000000000
41405  9.964  -49.255  77.009 0.0000000000
42695  22.820  -47.593  63.420 0.0000000000
41553  20.908  -48.114  65.824 0.0000000000
41552  21.850  -48.401  65.538 0.0000000000
40483  23.314  -49.541  67.618 0.0000000000
40467  23.201  -49.716  68.373 0.0000000000
40419  22.045  -49.827  70.799 0.0000000000
39497  22.747  -50.063  70.538 0.0000000000
39451  23.546  -51.112  72.244 0.0000000000
40314  8.291  -50.016  84.797 0.0000000000
133308  9.508  -49.378  84.402 0.0000000000
40308  8.710  -49.145  86.114 0.0000000000
41281  9.034  -48.861  86.827 0.0000000000
65362  56.579  -23.072  50.835 0.0000000000
138603  57.371  -24.329  52.052 0.0000000000
64491  57.276  -24.705  52.386 0.0000000000
64486  57.191  -25.139  52.766 0.0000000000
63685  51.298  -26.189  50.096 0.0000000000
118871  52.161  -26.082  50.231 0.0000000000
62813  52.370  -26.290  50.890 0.0000000000
63644  55.323  -25.187  56.293 0.0000000000
61801  43.691  -27.621  55.787 0.0000000000
61798  46.661  -27.333  55.543 0.0000000000
58258  44.817  -31.115  57.735 0.0000000000
59158  46.001  -30.665  58.197 0.0000000000
59157  46.653  -30.335  58.338 0.0000000000
61742  48.559  -27.137  58.738 0.0000000000
132946  35.875  -34.960  60.339 0.0000000000
53503  36.886  -36.966  63.154 0.0000000000
53510  37.147  -36.392  62.652 0.0000000000
123837  37.750  -36.665  63.175 0.0000000000
53502  38.638  -36.439  63.450 0.0000000000
53487  39.044  -36.908  64.090 0.0000000000
52545  40.532  -37.593  65.482 0.0000000000
47490  30.441  -42.715  65.749 0.0000000000
47489  31.059  -42.593  66.425 0.0000000000
48478  30.729  -41.756  65.981 0.0000000000
49489  30.770  -41.047  65.757 0.0000000000
130899  31.237  -41.199  66.184 0.0000000000
49481  31.819  -41.150  66.719 0.0000000000
43659  34.033  -47.464  71.204 0.0000000000
43658  34.534  -46.937  71.569 0.0000000000
119020  34.860  -46.044  71.266 0.0000000000
48434  34.752  -41.807  69.432 0.0000000000
48447  34.341  -41.462  68.933 0.0000000000
49459  34.940  -41.220  69.164 0.0000000000
49467  35.332  -40.622  68.764 0.0000000000
50536  35.748  -40.042  68.410 0.0000000000
50550  35.926  -39.814  67.575 0.0000000000
50535  36.481  -39.882  68.370 0.0000000000
50534  37.338  -39.759  68.333 0.0000000000
67206  48.562  -21.484  42.707 0.0000000000
67219  49.811  -21.187  41.787 0.0000000000
67203  51.145  -22.354  42.243 0.0000000000
66322  51.960  -22.473  42.115 0.0000000000
66310  51.690  -23.055  42.957 0.0000000000
66296  52.306  -23.003  43.711 0.0000000000
68059  53.179  -20.664  45.532 0.0000000000
117896  53.730  -20.561  45.791 0.0000000000
68058  54.547  -20.225  45.874 0.0000000000
127082  55.126  -19.732  45.543 0.0000000000
136481  55.387  -19.944  46.051 0.0000000000
66373  55.039  -22.486  37.725 0.0000000000
67264  55.445  -22.213  36.927 0.0000000000
66372  55.898  -22.757  37.161 0.0000000000
69032  58.101  -19.128  42.601 0.0000000000
38515  26.619  -51.021  71.170 0.0000000000
116404  26.764  -51.413  72.063 0.0000000000
38474  27.725  -51.698  72.594 0.0000000000
124205  13.096  -49.165  80.085 0.0000000000
41327  14.129  -49.296  81.322 0.0000000000
41328  13.413  -49.310  81.418 0.0000000000
116265  13.504  -49.413  82.791 0.0000000000
117596  12.263  -49.319  81.986 0.0000000000
41312  12.624  -49.314  82.794 0.0000000000
134254  13.131  -49.285  83.421 0.0000000000
135756  13.174  -48.794  84.962 0.0000000000
117052  13.195  -48.600  85.696 0.0000000000
41278  13.127  -48.365  86.872 0.0000000000
63700  45.403  -25.732  49.181 0.0000000000
62836  45.748  -26.468  49.571 0.0000000000
62819  46.036  -27.031  50.126 0.0000000000
61868  45.692  -27.818  51.456 0.0000000000
119296  42.626  -33.848  60.347 0.0000000000
56380  43.562  -33.479  60.432 0.0000000000
120819  44.103  -34.757  62.923 0.0000000000
55476  44.855  -34.616  62.886 0.0000000000
128902  6.116  -52.183  81.066 0.0000000000
38387  4.336  -52.141  80.986 0.0000000000
37391  3.320  -52.938  83.756 0.0000000000
56418  37.805  -33.896  57.109 0.0000000000
55552  38.061  -34.114  58.726 0.0000000000
43768  26.295  -46.819  63.268 0.0000000000
42690  26.510  -47.238  63.725 0.0000000000
41568  26.587  -48.627  64.217 0.0000000000
41567  27.191  -48.136  64.393 0.0000000000
40518  28.354  -49.114  64.782 0.0000000000
40504  28.959  -49.927  64.926 0.0000000000
41477  19.828  -49.011  72.368 0.0000000000
42557  18.167  -47.823  73.412 0.0000000000
42579  12.823  -47.185  72.535 0.0000000000
120689  12.630  -47.646  73.873 0.0000000000
42540  11.951  -47.769  74.300 0.0000000000
138470  21.205  -48.806  67.886 0.0000000000
40450  20.988  -49.195  69.751 0.0000000000
40434  21.517  -49.507  70.270 0.0000000000
39477  21.833  -49.966  71.668 0.0000000000
66252  54.389  -22.360  47.416 0.0000000000
66243  54.819  -22.435  48.356 0.0000000000
65375  54.422  -23.079  48.778 0.0000000000
65369  54.030  -23.701  49.223 0.0000000000
62781  51.350  -27.218  52.902 0.0000000000
128074  52.502  -26.792  54.111 0.0000000000
62765  52.729  -26.633  54.654 0.0000000000
62755  53.518  -25.878  55.953 0.0000000000
61851  41.772  -27.928  52.719 0.0000000000
61803  42.096  -28.010  55.200 0.0000000000
61768  44.786  -27.591  56.847 0.0000000000
53544  34.558  -36.449  60.699 0.0000000000
53543  35.201  -36.173  60.977 0.0000000000
53512  35.696  -36.813  62.345 0.0000000000
52588  36.057  -37.147  63.051 0.0000000000
52575  36.555  -37.504  63.683 0.0000000000
51590  37.417  -38.182  64.632 0.0000000000
44744  30.028  -45.241  64.852 0.0000000000
127408  29.794  -43.888  64.525 0.0000000000
44743  30.649  -45.127  65.428 0.0000000000
45638  30.838  -44.314  65.771 0.0000000000
43721  31.561  -46.177  67.227 0.0000000000
45627  31.275  -44.216  66.517 0.0000000000
45626  31.709  -44.103  67.078 0.0000000000
46530  32.733  -43.749  67.965 0.0000000000
67171  47.915  -21.950  44.398 0.0000000000
66283  48.702  -22.495  44.181 0.0000000000
65407  50.693  -23.235  44.212 0.0000000000
67144  51.664  -21.065  45.961 0.0000000000
67143  52.173  -21.169  46.225 0.0000000000
69094  53.622  -20.057  37.628 0.0000000000
68166  53.763  -21.040  37.754 0.0000000000
67241  57.442  -21.413  39.209 0.0000000000
67242  56.244  -22.114  39.553 0.0000000000
67228  56.027  -21.699  40.474 0.0000000000
67214  55.899  -21.458  41.394 0.0000000000
67201  55.838  -21.412  42.504 0.0000000000
67202  55.021  -21.905  42.993 0.0000000000
40494  25.289  -49.689  66.343 0.0000000000
40493  26.125  -49.951  66.007 0.0000000000
130527  27.674  -51.342  67.833 0.0000000000
139853  27.946  -51.177  71.052 0.0000000000
38513  28.418  -51.463  70.937 0.0000000000
120136  28.810  -51.773  71.542 0.0000000000
38512  29.012  -51.937  70.853 0.0000000000
123680  17.653  -46.683  69.254 0.0000000000
134664  17.420  -49.222  78.919 0.0000000000
121122  18.159  -49.663  79.703 0.0000000000
40349  17.390  -49.301  79.686 0.0000000000
118516  16.575  -49.168  81.069 0.0000000000
120979  18.001  -49.634  82.287 0.0000000000
122429  17.964  -49.780  83.308 0.0000000000
138343  14.523  -49.347  81.920 0.0000000000
117269  15.298  -49.306  82.176 0.0000000000
41301  15.775  -49.539  83.821 0.0000000000
63710  50.646  -25.251  48.659 0.0000000000
63695  50.243  -25.876  49.230 0.0000000000
126642  51.095  -26.563  50.734 0.0000000000
63714  46.917  -25.273  48.551 0.0000000000
62833  48.346  -26.536  49.815 0.0000000000
62816  49.651  -26.707  50.635 0.0000000000
61822  50.984  -27.460  53.674 0.0000000000
61808  50.430  -27.418  54.363 0.0000000000
62744  50.041  -26.571  57.174 0.0000000000
116781  44.015  -31.494  57.620 0.0000000000
57331  43.260  -32.041  57.824 0.0000000000
57309  46.167  -31.995  59.973 0.0000000000
57302  44.991  -32.807  60.328 0.0000000000
122688  45.189  -33.640  61.468 0.0000000000
56367  45.410  -33.142  60.936 0.0000000000
57301  45.770  -32.596  60.459 0.0000000000
57300  46.558  -32.433  60.588 0.0000000000
57299  47.344  -32.240  60.742 0.0000000000
117299  31.761  -38.412  62.794 0.0000000000
50591  33.179  -39.062  64.733 0.0000000000
40446  33.294  -49.648  69.949 0.0000000000
40447  32.998  -49.163  70.174 0.0000000000
39472  34.275  -49.557  71.153 0.0000000000
66270  46.654  -22.262  46.646 0.0000000000
66269  47.659  -22.271  46.603 0.0000000000
69887  51.531  -18.573  39.633 0.0000000000
39381  9.394  -50.174  81.688 0.0000000000
40321  8.965  -50.196  83.198 0.0000000000
123423  8.504  -50.815  82.860 0.0000000000
40315  7.749  -50.126  85.504 0.0000000000
37388  6.671  -52.297  82.751 0.0000000000
38375  6.496  -52.159  83.736 0.0000000000
39372  6.783  -51.123  85.370 0.0000000000
39368  6.822  -51.060  86.121 0.0000000000
119573  40.324  -28.318  53.980 0.0000000000
60062  40.678  -29.374  55.021 0.0000000000
59217  41.348  -30.771  55.738 0.0000000000
58273  41.445  -31.616  56.067 0.0000000000
57348  41.491  -32.327  56.582 0.0000000000
57333  41.815  -32.648  57.332 0.0000000000
57322  42.129  -32.828  58.063 0.0000000000
56449  38.663  -32.989  55.619 0.0000000000
56435  39.254  -33.115  56.098 0.0000000000
56434  39.839  -33.198  56.597 0.0000000000
56416  39.576  -33.536  57.224 0.0000000000
123531  41.274  -33.543  58.566 0.0000000000
56381  42.123  -33.789  59.722 0.0000000000
55518  42.210  -34.281  60.881 0.0000000000
55499  41.676  -34.594  61.473 0.0000000000
55445  42.290  -35.297  63.828 0.0000000000
136596  27.613  -42.995  62.211 0.0000000000
46603  28.390  -43.475  63.093 0.0000000000
45652  28.911  -44.631  63.940 0.0000000000
135281  26.568  -45.635  62.663 0.0000000000
44765  27.240  -45.277  63.086 0.0000000000
118671  27.787  -45.412  63.737 0.0000000000
44755  28.449  -45.300  64.089 0.0000000000
44754  29.248  -45.287  64.474 0.0000000000
42646  30.386  -47.819  66.855 0.0000000000
42639  30.999  -47.744  67.415 0.0000000000
41512  31.397  -48.085  67.853 0.0000000000
39508  33.152  -49.662  69.008 0.0000000000
39562  26.911  -50.457  65.547 0.0000000000
38564  28.756  -51.782  66.326 0.0000000000
38578  28.243  -51.294  65.683 0.0000000000
38576  29.896  -51.307  65.425 0.0000000000
136057  30.551  -51.147  65.456 0.0000000000
36594  30.892  -53.635  68.569 0.0000000000
37581  31.175  -52.259  66.158 0.0000000000
38575  31.154  -51.364  65.694 0.0000000000
39557  31.007  -50.399  65.526 0.0000000000
39549  31.789  -50.505  65.882 0.0000000000
39548  32.490  -50.762  66.302 0.0000000000
130384  32.888  -50.164  66.996 0.0000000000
140105  33.813  -52.233  66.985 0.0000000000
38548  33.722  -51.515  67.010 0.0000000000
39537  33.072  -49.792  67.980 0.0000000000
39507  33.756  -50.138  69.370 0.0000000000
38428  25.132  -52.627  75.310 0.0000000000
38430  23.682  -52.111  75.713 0.0000000000
122885  22.369  -51.370  76.304 0.0000000000
39437  21.607  -50.533  73.265 0.0000000000
39424  21.367  -50.622  74.201 0.0000000000
40368  20.415  -50.334  77.402 0.0000000000
40369  19.563  -49.941  77.677 0.0000000000
41361  17.939  -49.363  78.494 0.0000000000
43699  17.785  -46.846  70.081 0.0000000000
43682  17.889  -47.059  70.913 0.0000000000
134275  17.400  -46.796  71.495 0.0000000000
42558  17.474  -47.369  73.583 0.0000000000
43650  15.666  -46.660  72.402 0.0000000000
120821  14.985  -46.915  72.783 0.0000000000
43632  16.932  -47.074  73.744 0.0000000000
42515  17.451  -47.748  75.086 0.0000000000
42500  17.223  -47.968  75.947 0.0000000000
41397  17.328  -48.733  77.241 0.0000000000
41377  17.174  -48.936  78.196 0.0000000000
41378  16.224  -48.613  78.447 0.0000000000
41379  15.363  -48.426  78.214 0.0000000000
41363  15.478  -48.774  79.019 0.0000000000
41380  14.680  -48.703  78.707 0.0000000000
41364  13.954  -48.878  79.131 0.0000000000
42519  13.048  -47.879  75.320 0.0000000000
42503  13.371  -47.996  76.114 0.0000000000
42491  12.874  -48.345  76.671 0.0000000000
121627  13.137  -48.454  77.393 0.0000000000
132943  13.358  -48.560  78.006 0.0000000000
117489  13.155  -48.763  78.684 0.0000000000
131491  13.309  -48.968  79.443 0.0000000000
40350  11.611  -49.263  79.596 0.0000000000
40341  10.762  -49.563  79.870 0.0000000000
133036  10.000  -49.779  79.721 0.0000000000
40343  8.876  -50.355  79.975 0.0000000000
43785  25.203  -46.728  62.488 0.0000000000
42711  23.931  -47.240  62.742 0.0000000000
42693  24.403  -47.651  63.216 0.0000000000
41588  24.856  -48.147  63.657 0.0000000000
41570  24.927  -48.924  64.954 0.0000000000
136494  22.560  -47.959  63.963 0.0000000000
125760  22.486  -48.445  65.086 0.0000000000
40481  25.054  -49.791  67.197 0.0000000000
39540  24.822  -49.857  68.011 0.0000000000
39526  25.338  -50.141  68.499 0.0000000000
139856  25.408  -50.709  70.529 0.0000000000
40468  22.486  -49.499  68.408 0.0000000000
40448  22.947  -49.788  68.946 0.0000000000
116980  23.734  -50.273  69.812 0.0000000000
38460  25.654  -51.850  73.421 0.0000000000
40338  18.616  -49.900  80.429 0.0000000000
115611  9.950  -49.760  81.900 0.0000000000
40319  10.221  -49.368  83.229 0.0000000000
41305  10.705  -49.045  83.702 0.0000000000
116054  9.837  -48.858  85.123 0.0000000000
41297  10.920  -48.800  84.662 0.0000000000
41287  11.454  -48.522  85.786 0.0000000000
42420  12.064  -48.290  86.774 0.0000000000
66236  56.697  -22.029  49.621 0.0000000000
64532  51.353  -24.673  48.295 0.0000000000
63709  52.212  -25.314  49.082 0.0000000000
119195  52.795  -25.832  50.610 0.0000000000
63684  53.300  -25.184  50.377 0.0000000000
64507  53.846  -24.657  51.060 0.0000000000
64494  55.064  -24.364  52.420 0.0000000000
62773  52.678  -26.678  53.507 0.0000000000
62780  53.083  -26.263  52.906 0.0000000000
64489  55.452  -24.582  53.230 0.0000000000
64488  56.479  -24.613  53.326 0.0000000000
61883  44.616  -27.430  50.710 0.0000000000
138958  43.042  -27.976  52.413 0.0000000000
116430  43.569  -28.002  52.707 0.0000000000
117531  43.992  -27.898  53.849 0.0000000000
61847  46.001  -27.924  52.246 0.0000000000
116431  47.239  -27.626  53.095 0.0000000000
61810  48.221  -27.469  54.740 0.0000000000
61797  47.575  -27.323  55.475 0.0000000000
61796  48.298  -27.269  55.512 0.0000000000
137906  49.491  -26.760  56.588 0.0000000000
60040  43.340  -29.218  56.558 0.0000000000
121886  44.764  -30.300  57.406 0.0000000000
60039  43.953  -28.938  56.818 0.0000000000
60880  44.960  -28.033  57.313 0.0000000000
61767  45.597  -27.444  57.285 0.0000000000
59142  47.108  -30.866  58.874 0.0000000000
59155  48.342  -29.915  58.727 0.0000000000
60878  46.012  -27.807  57.765 0.0000000000
62730  47.629  -26.665  57.620 0.0000000000
62713  48.557  -26.693  58.338 0.0000000000
62729  48.394  -26.458  57.862 0.0000000000
62728  49.175  -26.342  57.995 0.0000000000
117341  49.931  -26.208  58.421 0.0000000000
63620  50.706  -25.885  58.871 0.0000000000
55553  37.180  -34.067  58.879 0.0000000000
55536  37.701  -34.311  59.491 0.0000000000
139582  38.190  -34.492  59.952 0.0000000000
54532  36.199  -35.221  60.894 0.0000000000
54506  36.825  -35.992  62.114 0.0000000000
55504  36.956  -35.051  61.049 0.0000000000
55522  38.345  -34.668  60.614 0.0000000000
138616  39.625  -34.745  62.074 0.0000000000
137283  40.154  -35.020  62.987 0.0000000000
125667  39.847  -35.494  63.325 0.0000000000
54484  40.681  -35.299  63.463 0.0000000000
54456  42.064  -35.970  64.924 0.0000000000
46573  29.595  -43.198  64.461 0.0000000000
47519  29.386  -42.410  64.463 0.0000000000
125622  29.664  -41.913  64.989 0.0000000000
48503  29.256  -41.582  64.602 0.0000000000
123768  30.478  -39.332  64.736 0.0000000000
139241  31.102  -39.109  64.607 0.0000000000
50592  32.341  -39.191  64.906 0.0000000000
41493  32.788  -48.617  70.040 0.0000000000
43676  33.082  -47.080  69.594 0.0000000000
43675  33.714  -46.507  69.964 0.0000000000
44692  33.046  -45.387  68.710 0.0000000000
46529  33.202  -43.943  68.446 0.0000000000
47453  33.225  -43.075  68.357 0.0000000000
45587  34.787  -44.638  70.356 0.0000000000
46509  35.430  -43.409  70.952 0.0000000000
46498  34.887  -43.702  70.152 0.0000000000
45597  34.436  -44.275  69.849 0.0000000000
47454  32.878  -42.177  67.953 0.0000000000
49469  33.520  -40.933  68.082 0.0000000000
49480  33.305  -40.531  67.438 0.0000000000
137846  33.181  -40.068  66.773 0.0000000000
50564  33.586  -39.607  66.098 0.0000000000
50579  33.694  -39.244  65.282 0.0000000000
50578  34.356  -39.030  65.029 0.0000000000
50577  35.031  -39.192  65.522 0.0000000000
51579  35.702  -38.704  65.100 0.0000000000
116508  35.935  -39.621  66.582 0.0000000000
50576  36.038  -39.222  65.763 0.0000000000
50575  36.985  -39.108  65.650 0.0000000000
51567  37.869  -38.886  65.699 0.0000000000
51576  38.735  -38.484  65.642 0.0000000000
50501  37.732  -39.942  70.381 0.0000000000
122718  37.783  -39.788  69.016 0.0000000000
50533  38.195  -39.622  68.347 0.0000000000
115769  38.522  -39.388  67.690 0.0000000000
51554  38.783  -39.020  66.969 0.0000000000
51566  38.563  -38.843  66.205 0.0000000000
127640  39.404  -38.183  65.656 0.0000000000
52529  40.025  -38.048  65.961 0.0000000000
52528  40.861  -37.995  66.110 0.0000000000
52527  41.758  -37.882  66.263 0.0000000000
52544  41.322  -37.415  65.625 0.0000000000
69065  50.828  -19.066  40.223 0.0000000000
69066  50.577  -19.744  40.614 0.0000000000
68135  51.083  -20.097  40.260 0.0000000000
67232  51.378  -20.949  40.364 0.0000000000
67231  51.970  -21.556  40.578 0.0000000000
66321  52.697  -22.296  41.821 0.0000000000
66279  51.942  -22.569  44.473 0.0000000000
66278  52.889  -22.351  44.374 0.0000000000
68078  52.807  -20.748  45.022 0.0000000000
67166  53.126  -21.109  44.735 0.0000000000
67165  54.008  -20.818  44.591 0.0000000000
68087  55.078  -20.622  44.309 0.0000000000
69004  56.030  -19.403  45.863 0.0000000000
69003  56.915  -19.245  45.853 0.0000000000
37526  29.325  -52.245  71.731 0.0000000000
38536  34.100  -51.090  67.771 0.0000000000
40313  8.968  -49.351  85.125 0.0000000000
40317  18.387  -50.172  83.826 0.0000000000
40324  10.367  -49.489  82.429 0.0000000000
40432  33.631  -49.240  70.889 0.0000000000
41283  15.323  -49.143  85.683 0.0000000000
41296  11.797  -48.878  84.343 0.0000000000
41299  17.267  -49.751  83.431 0.0000000000
41329  12.785  -49.304  81.490 0.0000000000
41348  13.650  -49.232  80.699 0.0000000000
41510  32.332  -48.756  68.841 0.0000000000
42419  10.968  -48.389  87.296 0.0000000000
43691  33.450  -46.045  69.365 0.0000000000
43692  32.769  -46.392  68.894 0.0000000000
43786  24.306  -46.741  62.302 0.0000000000
45651  29.608  -44.548  64.428 0.0000000000
45666  28.666  -44.059  63.429 0.0000000000
50518  37.388  -39.901  69.679 0.0000000000
50519  36.781  -40.098  69.565 0.0000000000
52562  37.056  -37.865  64.204 0.0000000000
54483  41.496  -35.309  63.685 0.0000000000
54504  38.147  -34.999  61.991 0.0000000000
55481  40.181  -34.807  62.354 0.0000000000
60912  41.039  -28.502  54.954 0.0000000000
62714  47.920  -26.651  58.059 0.0000000000
62731  46.890  -26.856  57.389 0.0000000000
62832  49.946  -26.331  49.822 0.0000000000
66280  51.059  -22.820  44.647 0.0000000000
67157  50.677  -21.452  45.962 0.0000000000
68067  52.668  -20.841  45.239 0.0000000000
116386  13.284  -48.990  84.284 0.0000000000
118457  48.022  -27.435  53.117 0.0000000000
119622  39.863  -36.616  64.359 0.0000000000
123006  39.803  -39.637  69.843 0.0000000000
125304  33.879  -50.044  70.104 0.0000000000
131698  34.358  -47.722  71.869 0.0000000000
133311  38.159  -39.740  69.785 0.0000000000
134768  23.740  -50.539  70.898 0.0000000000
136777  47.910  -27.524  54.231 0.0000000000
136953  31.507  -40.844  66.259 0.0000000000
138510  42.102  -34.676  61.937 0.0000000000
138925  28.059  -51.266  69.754 0.0000000000
139336  48.838  -26.479  58.190 0.0000000000
139626  53.109  -26.311  53.542 0.0000000000
