#!ascii label  , from subject sub-v1s22x0050470_ses-1 vox2ras=TkReg
831
44601  -21.550  -28.510  83.595 0.0000000000
59087  -43.938  -14.966  75.366 0.0000000000
66934  -45.612  -6.089  70.615 0.0000000000
135801  -53.277  -4.074  65.015 0.0000000000
128576  -42.046  -19.628  75.148 0.0000000000
67876  -50.715  -6.067  69.305 0.0000000000
70924  -53.791  -2.283  55.931 0.0000000000
72901  -58.755  -0.245  54.430 0.0000000000
56948  -47.728  -16.382  74.147 0.0000000000
132292  -48.075  -12.970  71.379 0.0000000000
64120  -44.957  -10.097  74.164 0.0000000000
46771  -23.993  -26.863  85.792 0.0000000000
44606  -27.694  -29.500  83.344 0.0000000000
129909  -32.398  -28.616  82.501 0.0000000000
51151  -31.206  -22.167  81.960 0.0000000000
54951  -34.258  -18.291  80.678 0.0000000000
52199  -39.838  -21.230  79.507 0.0000000000
53164  -44.362  -20.882  76.952 0.0000000000
63232  -49.861  -10.766  67.833 0.0000000000
72908  -60.121  0.567  53.979 0.0000000000
138334  -45.393  -15.318  75.890 0.0000000000
60186  -46.729  -12.579  74.644 0.0000000000
130049  -44.759  -12.825  74.680 0.0000000000
47840  -24.179  -26.151  83.757 0.0000000000
44594  -25.519  -28.423  85.020 0.0000000000
54971  -35.487  -18.380  77.992 0.0000000000
53988  -37.167  -19.243  80.203 0.0000000000
54974  -38.006  -19.226  77.880 0.0000000000
127317  -43.138  -17.210  75.675 0.0000000000
54975  -42.826  -18.822  77.462 0.0000000000
55966  -44.134  -16.970  76.803 0.0000000000
55008  -46.458  -18.531  75.318 0.0000000000
133200  -46.313  -9.473  71.531 0.0000000000
61250  -47.764  -12.093  68.297 0.0000000000
65142  -48.511  -8.201  69.878 0.0000000000
67895  -52.417  -5.622  66.850 0.0000000000
66062  -53.308  -7.974  69.204 0.0000000000
66996  -54.936  -6.009  66.503 0.0000000000
67922  -55.503  -5.304  64.296 0.0000000000
70902  -58.072  -2.347  57.882 0.0000000000
70884  -55.891  -2.347  59.469 0.0000000000
54073  -38.744  -19.300  75.402 0.0000000000
67918  -49.968  -5.754  63.059 0.0000000000
71941  -55.918  -1.820  54.685 0.0000000000
70928  -58.965  -2.077  56.354 0.0000000000
69944  -58.729  -3.272  52.581 0.0000000000
55060  -49.445  -18.606  72.396 0.0000000000
59102  -48.863  -14.612  72.881 0.0000000000
62263  -46.799  -10.964  73.682 0.0000000000
44583  -22.981  -28.503  85.949 0.0000000000
41806  -28.230  -32.237  82.220 0.0000000000
43563  -29.920  -29.755  82.483 0.0000000000
132984  -31.783  -31.994  81.389 0.0000000000
126536  -33.558  -30.203  81.044 0.0000000000
130991  -33.655  -26.031  80.791 0.0000000000
50095  -32.588  -23.320  79.980 0.0000000000
53970  -31.965  -19.157  81.570 0.0000000000
53112  -35.330  -20.182  80.111 0.0000000000
54013  -40.351  -19.928  78.062 0.0000000000
136104  -42.035  -21.697  78.331 0.0000000000
50117  -43.775  -23.289  76.676 0.0000000000
51214  -46.499  -22.728  74.663 0.0000000000
53197  -47.982  -21.203  73.660 0.0000000000
65133  -51.159  -7.647  70.327 0.0000000000
69854  -53.728  -2.991  60.142 0.0000000000
69813  -54.941  -2.477  63.595 0.0000000000
44591  -21.401  -28.259  85.302 0.0000000000
59081  -44.542  -15.068  75.891 0.0000000000
59089  -45.548  -13.732  75.356 0.0000000000
60185  -44.433  -13.558  74.746 0.0000000000
54986  -35.592  -18.396  76.252 0.0000000000
54972  -36.773  -18.667  77.582 0.0000000000
54988  -37.637  -18.854  76.462 0.0000000000
56945  -43.298  -16.206  75.895 0.0000000000
55965  -43.541  -17.002  76.622 0.0000000000
58026  -44.036  -15.657  76.246 0.0000000000
56940  -45.042  -16.025  76.360 0.0000000000
64159  -46.724  -9.304  69.858 0.0000000000
65129  -47.085  -7.489  70.648 0.0000000000
68826  -52.470  -4.874  65.533 0.0000000000
142985  -53.913  -5.458  67.291 0.0000000000
68820  -54.414  -4.409  66.030 0.0000000000
67008  -55.450  -6.027  65.475 0.0000000000
69790  -55.178  -3.807  64.909 0.0000000000
69892  -59.103  -3.238  58.245 0.0000000000
70864  -58.316  -2.647  59.403 0.0000000000
68907  -59.028  -4.896  59.275 0.0000000000
70942  -56.080  -1.827  53.182 0.0000000000
123888  -57.682  -0.679  54.488 0.0000000000
71935  -58.357  -1.333  55.500 0.0000000000
71936  -58.819  -1.418  55.314 0.0000000000
70937  -58.925  -1.944  55.523 0.0000000000
132469  -59.194  -0.993  54.893 0.0000000000
70952  -60.047  -0.878  53.402 0.0000000000
55985  -49.046  -18.198  73.365 0.0000000000
56954  -49.113  -16.335  72.999 0.0000000000
58041  -47.984  -15.370  73.802 0.0000000000
140442  -46.098  -10.931  74.723 0.0000000000
129440  -47.028  -11.725  74.145 0.0000000000
64121  -45.774  -10.090  74.257 0.0000000000
64128  -46.080  -9.569  73.505 0.0000000000
137841  -44.029  -8.861  73.144 0.0000000000
43535  -23.965  -29.421  85.255 0.0000000000
44585  -24.501  -28.377  85.715 0.0000000000
44604  -26.580  -28.925  84.171 0.0000000000
44634  -30.874  -28.541  82.175 0.0000000000
134459  -30.874  -29.231  82.383 0.0000000000
41801  -30.679  -31.105  81.956 0.0000000000
42638  -31.741  -30.509  81.853 0.0000000000
133430  -33.187  -31.319  80.951 0.0000000000
43565  -33.105  -29.030  82.187 0.0000000000
48964  -32.609  -24.417  81.836 0.0000000000
142036  -33.355  -24.981  80.470 0.0000000000
51152  -31.679  -22.305  81.720 0.0000000000
54958  -33.324  -18.098  79.544 0.0000000000
54949  -32.514  -18.111  80.218 0.0000000000
54939  -32.967  -18.677  81.401 0.0000000000
53095  -32.662  -19.530  81.469 0.0000000000
142223  -34.334  -19.462  81.137 0.0000000000
53111  -34.330  -20.141  79.734 0.0000000000
53097  -35.105  -19.535  80.987 0.0000000000
53101  -38.575  -20.682  80.180 0.0000000000
52187  -38.322  -21.129  80.150 0.0000000000
52198  -39.222  -21.423  79.657 0.0000000000
51172  -40.108  -22.147  78.785 0.0000000000
54031  -39.442  -19.616  76.715 0.0000000000
141357  -41.151  -19.987  76.594 0.0000000000
133163  -43.907  -20.014  77.534 0.0000000000
53146  -42.421  -20.266  78.274 0.0000000000
52232  -43.420  -21.929  77.626 0.0000000000
130853  -43.042  -23.036  77.403 0.0000000000
51199  -44.401  -22.869  76.506 0.0000000000
51200  -45.227  -22.677  75.755 0.0000000000
55024  -46.972  -17.921  74.809 0.0000000000
53178  -47.633  -20.614  74.506 0.0000000000
130837  -48.111  -19.033  74.218 0.0000000000
138064  -48.797  -19.724  73.119 0.0000000000
47829  -22.695  -25.981  84.846 0.0000000000
47815  -22.643  -26.079  86.147 0.0000000000
45669  -22.394  -27.053  86.901 0.0000000000
59124  -49.738  -14.860  71.631 0.0000000000
60247  -49.083  -14.196  70.569 0.0000000000
62313  -48.366  -11.446  67.836 0.0000000000
67875  -49.282  -5.626  69.594 0.0000000000
66938  -49.444  -5.886  70.421 0.0000000000
136524  -50.736  -5.996  70.073 0.0000000000
65159  -54.304  -8.853  67.663 0.0000000000
64165  -53.418  -9.102  68.916 0.0000000000
70861  -56.315  -2.058  60.429 0.0000000000
70859  -54.101  -2.593  59.495 0.0000000000
70820  -55.762  -1.753  61.811 0.0000000000
69836  -53.981  -2.908  61.684 0.0000000000
70810  -55.971  -1.794  62.336 0.0000000000
69815  -56.220  -2.988  62.798 0.0000000000
71955  -57.590  -0.623  52.970 0.0000000000
72907  -59.587  0.276  54.180 0.0000000000
72921  -59.539  0.719  52.525 0.0000000000
72927  -59.962  0.843  51.603 0.0000000000
56947  -46.881  -16.350  74.680 0.0000000000
128077  -47.526  -14.373  74.124 0.0000000000
59093  -46.333  -13.450  75.010 0.0000000000
61170  -46.018  -12.125  75.149 0.0000000000
62240  -44.984  -11.535  74.582 0.0000000000
143182  -24.149  -26.176  84.499 0.0000000000
45676  -24.939  -27.860  85.450 0.0000000000
45686  -26.884  -28.269  83.462 0.0000000000
54960  -35.453  -18.438  79.256 0.0000000000
54942  -35.843  -18.583  80.734 0.0000000000
121140  -36.382  -18.399  79.788 0.0000000000
53998  -37.752  -19.302  79.522 0.0000000000
54000  -39.321  -19.912  79.131 0.0000000000
55006  -42.618  -18.993  75.464 0.0000000000
54034  -42.313  -19.187  77.359 0.0000000000
54991  -43.209  -17.800  76.983 0.0000000000
54977  -43.879  -18.278  77.340 0.0000000000
54036  -44.833  -19.234  76.720 0.0000000000
54056  -45.482  -19.640  76.030 0.0000000000
54992  -45.448  -18.554  76.177 0.0000000000
55973  -46.033  -16.953  75.565 0.0000000000
47839  -22.967  -26.105  84.069 0.0000000000
62284  -46.627  -10.942  71.323 0.0000000000
61229  -47.701  -12.650  70.292 0.0000000000
63210  -46.811  -10.333  69.578 0.0000000000
64171  -47.381  -9.785  69.034 0.0000000000
64160  -49.167  -8.992  69.177 0.0000000000
66980  -51.925  -6.208  67.653 0.0000000000
67862  -51.849  -6.453  69.245 0.0000000000
67878  -52.593  -6.353  68.397 0.0000000000
66969  -54.214  -7.000  67.924 0.0000000000
70915  -55.549  -2.166  56.795 0.0000000000
70899  -54.738  -2.180  57.373 0.0000000000
70900  -55.941  -2.323  57.813 0.0000000000
70862  -57.230  -2.203  60.267 0.0000000000
58045  -43.648  -15.581  74.361 0.0000000000
132488  -43.586  -16.391  73.817 0.0000000000
67842  -46.591  -5.841  70.444 0.0000000000
66075  -49.744  -7.163  67.317 0.0000000000
120281  -50.586  -6.521  66.024 0.0000000000
67912  -50.923  -5.293  64.590 0.0000000000
67913  -51.652  -4.793  64.550 0.0000000000
70936  -55.121  -2.081  55.040 0.0000000000
71926  -56.538  -2.107  56.236 0.0000000000
70917  -58.523  -2.075  56.993 0.0000000000
128331  -59.324  -3.986  57.816 0.0000000000
70944  -59.556  -0.760  54.289 0.0000000000
69935  -58.612  -3.306  53.685 0.0000000000
55061  -50.027  -18.201  71.976 0.0000000000
59103  -49.487  -14.900  72.242 0.0000000000
60219  -48.702  -13.753  72.375 0.0000000000
59094  -47.705  -13.534  73.764 0.0000000000
61199  -47.737  -12.810  73.371 0.0000000000
131408  -47.307  -11.601  73.104 0.0000000000
63192  -46.409  -10.183  71.936 0.0000000000
65111  -45.475  -8.289  72.585 0.0000000000
125420  -44.759  -12.960  73.100 0.0000000000
61206  -44.586  -12.181  73.069 0.0000000000
63183  -43.624  -9.580  72.220 0.0000000000
118576  -22.129  -28.585  84.884 0.0000000000
44603  -23.247  -29.177  83.910 0.0000000000
41050  -29.275  -32.735  80.685 0.0000000000
46795  -27.095  -26.997  82.163 0.0000000000
44616  -27.608  -28.788  83.108 0.0000000000
43562  -28.889  -30.048  82.826 0.0000000000
41028  -29.549  -32.649  81.517 0.0000000000
43597  -33.424  -29.843  80.481 0.0000000000
44681  -33.468  -28.180  79.889 0.0000000000
53094  -30.617  -20.288  81.047 0.0000000000
53987  -31.393  -18.798  80.076 0.0000000000
133126  -31.160  -20.627  81.690 0.0000000000
52186  -31.921  -21.359  81.472 0.0000000000
129720  -32.542  -21.636  79.537 0.0000000000
53099  -36.906  -20.145  80.501 0.0000000000
54051  -38.680  -19.252  76.251 0.0000000000
54012  -39.491  -19.658  77.658 0.0000000000
54001  -40.017  -20.171  78.832 0.0000000000
54015  -42.247  -19.615  77.998 0.0000000000
54003  -41.666  -20.334  78.466 0.0000000000
52200  -40.556  -21.270  79.181 0.0000000000
51184  -41.595  -22.641  77.788 0.0000000000
50124  -42.279  -23.277  76.881 0.0000000000
50149  -46.535  -23.077  73.668 0.0000000000
127139  -46.546  -21.227  75.277 0.0000000000
52270  -47.223  -22.174  74.330 0.0000000000
52285  -47.116  -22.401  73.383 0.0000000000
53208  -47.599  -21.114  72.985 0.0000000000
133444  -21.938  -27.571  86.747 0.0000000000
66050  -48.510  -6.595  70.648 0.0000000000
65143  -49.761  -8.145  70.153 0.0000000000
64162  -50.958  -8.972  69.579 0.0000000000
66054  -51.858  -7.519  69.994 0.0000000000
64175  -52.487  -9.580  69.197 0.0000000000
62307  -52.352  -10.933  67.998 0.0000000000
68847  -50.678  -4.974  62.170 0.0000000000
68841  -52.372  -4.144  63.848 0.0000000000
70898  -53.416  -2.522  57.661 0.0000000000
69877  -52.747  -3.232  58.381 0.0000000000
68875  -52.285  -3.807  60.888 0.0000000000
69822  -53.134  -3.487  62.677 0.0000000000
69812  -54.171  -3.152  64.050 0.0000000000
69802  -55.414  -3.498  64.211 0.0000000000
44600  -20.716  -28.409  83.735 0.0000000000
58032  -44.255  -15.037  75.737 0.0000000000
59088  -44.819  -14.407  75.597 0.0000000000
138563  -44.454  -14.147  75.316 0.0000000000
140073  -35.559  -18.507  75.481 0.0000000000
54987  -36.730  -18.637  76.514 0.0000000000
55004  -37.240  -18.761  75.613 0.0000000000
58031  -43.718  -15.606  75.904 0.0000000000
58025  -43.595  -16.027  76.255 0.0000000000
66041  -45.954  -6.892  71.447 0.0000000000
65128  -46.434  -7.459  71.238 0.0000000000
66048  -46.664  -6.644  71.105 0.0000000000
68827  -53.158  -4.453  65.604 0.0000000000
68819  -53.679  -4.518  66.239 0.0000000000
68828  -54.039  -3.950  65.543 0.0000000000
68829  -54.813  -4.050  65.482 0.0000000000
68921  -59.239  -4.524  58.731 0.0000000000
69878  -58.917  -3.406  59.068 0.0000000000
71949  -57.672  -0.508  53.829 0.0000000000
71943  -58.506  -0.774  54.966 0.0000000000
135132  -59.071  -0.740  54.753 0.0000000000
55980  -48.305  -17.466  73.890 0.0000000000
56953  -48.469  -16.371  73.567 0.0000000000
63173  -45.643  -10.630  74.539 0.0000000000
63174  -46.167  -10.585  74.466 0.0000000000
64127  -45.211  -9.531  73.793 0.0000000000
64126  -44.402  -9.480  73.564 0.0000000000
45671  -23.766  -27.361  86.169 0.0000000000
45675  -24.335  -27.528  85.816 0.0000000000
44605  -27.165  -29.207  83.716 0.0000000000
43553  -26.790  -29.730  84.168 0.0000000000
123586  -31.484  -28.628  82.428 0.0000000000
43564  -31.833  -29.375  82.414 0.0000000000
42639  -32.834  -29.943  81.859 0.0000000000
50077  -32.030  -23.909  82.229 0.0000000000
123961  -31.647  -22.966  81.982 0.0000000000
50082  -32.145  -23.403  81.770 0.0000000000
54950  -33.285  -18.255  80.904 0.0000000000
54940  -34.036  -18.666  81.127 0.0000000000
53096  -33.534  -19.102  81.414 0.0000000000
53977  -34.667  -18.901  81.277 0.0000000000
54941  -35.111  -18.509  80.927 0.0000000000
53115  -39.196  -20.973  80.092 0.0000000000
52188  -38.779  -21.131  80.181 0.0000000000
51171  -39.513  -21.931  78.999 0.0000000000
51165  -39.735  -21.720  79.208 0.0000000000
140701  -40.922  -19.985  75.534 0.0000000000
54054  -41.456  -19.843  75.916 0.0000000000
53148  -43.808  -21.047  77.433 0.0000000000
51187  -43.884  -22.816  77.164 0.0000000000
52243  -44.158  -22.048  77.096 0.0000000000
52244  -44.813  -21.848  76.374 0.0000000000
55979  -47.389  -17.245  74.468 0.0000000000
55025  -47.798  -18.179  74.344 0.0000000000
55026  -48.537  -18.630  73.827 0.0000000000
47822  -23.110  -26.169  85.604 0.0000000000
47821  -22.665  -25.971  85.591 0.0000000000
46770  -23.323  -26.577  86.075 0.0000000000
45670  -23.077  -27.186  86.469 0.0000000000
60234  -48.693  -13.643  71.481 0.0000000000
59136  -49.825  -14.827  70.940 0.0000000000
143407  -48.962  -10.853  67.822 0.0000000000
62314  -49.199  -11.522  67.514 0.0000000000
62315  -50.277  -11.521  67.424 0.0000000000
122420  -49.999  -5.685  69.711 0.0000000000
67860  -49.737  -5.569  70.064 0.0000000000
67861  -50.359  -5.762  69.925 0.0000000000
70839  -56.427  -1.867  61.202 0.0000000000
70838  -55.488  -2.181  60.737 0.0000000000
58039  -46.305  -15.469  75.269 0.0000000000
58034  -45.874  -14.441  75.475 0.0000000000
60172  -44.965  -13.071  75.090 0.0000000000
60173  -45.597  -12.948  75.173 0.0000000000
61169  -45.547  -12.402  75.088 0.0000000000
61183  -45.787  -11.820  75.066 0.0000000000
45691  -26.643  -27.143  83.048 0.0000000000
118958  -35.097  -18.198  77.211 0.0000000000
54970  -34.719  -18.255  78.158 0.0000000000
118960  -36.172  -18.529  78.399 0.0000000000
54973  -37.420  -18.929  77.783 0.0000000000
54962  -37.504  -19.038  78.695 0.0000000000
54963  -38.145  -19.313  78.705 0.0000000000
54011  -38.826  -19.513  78.297 0.0000000000
133642  -42.986  -18.265  75.218 0.0000000000
55007  -42.971  -17.848  76.338 0.0000000000
55961  -43.652  -17.711  77.062 0.0000000000
133436  -44.418  -18.096  77.005 0.0000000000
132088  -45.037  -17.390  76.618 0.0000000000
56941  -45.740  -16.137  75.840 0.0000000000
55972  -45.410  -16.764  76.242 0.0000000000
56946  -46.331  -16.414  75.276 0.0000000000
47851  -23.595  -26.178  83.347 0.0000000000
128725  -23.529  -26.097  84.296 0.0000000000
62293  -46.709  -10.980  70.220 0.0000000000
63201  -46.429  -10.069  70.629 0.0000000000
65141  -47.375  -8.402  69.907 0.0000000000
141720  -47.345  -9.097  69.452 0.0000000000
126989  -47.971  -8.962  69.199 0.0000000000
64172  -48.300  -9.776  68.606 0.0000000000
118313  -52.671  -5.977  67.653 0.0000000000
67890  -54.387  -5.575  67.017 0.0000000000
66981  -53.927  -6.241  67.772 0.0000000000
66982  -54.555  -6.511  67.259 0.0000000000
66076  -54.575  -7.483  67.471 0.0000000000
66100  -55.147  -6.713  65.889 0.0000000000
123682  -56.508  -2.264  57.204 0.0000000000
70901  -57.058  -2.367  58.197 0.0000000000
66994  -50.557  -6.857  67.001 0.0000000000
67028  -50.077  -6.049  64.043 0.0000000000
67919  -50.644  -5.335  63.762 0.0000000000
71947  -55.930  -1.753  53.933 0.0000000000
135085  -55.104  -2.174  54.230 0.0000000000
71933  -55.972  -2.027  55.393 0.0000000000
70927  -58.748  -1.828  56.181 0.0000000000
71927  -57.907  -1.757  56.260 0.0000000000
70918  -58.979  -2.235  57.009 0.0000000000
138617  -59.091  -2.855  57.564 0.0000000000
69907  -59.171  -3.063  57.084 0.0000000000
71951  -60.126  -0.025  54.225 0.0000000000
69955  -59.212  -2.340  52.334 0.0000000000
70951  -58.969  -2.063  53.420 0.0000000000
55081  -49.609  -18.507  71.821 0.0000000000
124482  -49.683  -18.228  72.458 0.0000000000
58048  -49.333  -15.547  72.647 0.0000000000
59113  -48.811  -14.098  72.628 0.0000000000
135510  -47.102  -13.407  74.441 0.0000000000
60187  -47.318  -12.695  74.127 0.0000000000
62253  -46.653  -11.140  74.223 0.0000000000
61198  -47.383  -12.357  73.871 0.0000000000
137674  -47.060  -11.526  73.873 0.0000000000
61207  -47.487  -12.227  73.488 0.0000000000
62273  -46.848  -10.928  72.604 0.0000000000
63185  -46.460  -10.201  73.106 0.0000000000
65110  -44.797  -8.214  72.796 0.0000000000
64136  -45.858  -8.934  72.897 0.0000000000
119659  -22.208  -28.452  85.617 0.0000000000
133290  -22.686  -28.907  84.464 0.0000000000
44592  -22.798  -28.855  85.221 0.0000000000
132801  -27.711  -31.957  82.042 0.0000000000
41815  -28.401  -32.200  81.297 0.0000000000
41038  -29.024  -32.598  81.566 0.0000000000
45692  -27.347  -27.943  82.740 0.0000000000
42635  -28.358  -31.086  83.147 0.0000000000
42636  -29.231  -30.827  82.704 0.0000000000
126411  -29.649  -31.586  82.305 0.0000000000
41807  -30.374  -32.381  81.636 0.0000000000
41039  -29.953  -33.184  80.945 0.0000000000
41030  -31.505  -33.204  80.996 0.0000000000
41040  -31.214  -33.697  80.376 0.0000000000
42650  -33.461  -30.717  81.030 0.0000000000
41808  -32.603  -32.133  80.619 0.0000000000
41809  -33.078  -31.340  80.812 0.0000000000
42667  -33.014  -31.302  80.565 0.0000000000
43586  -33.593  -29.713  80.882 0.0000000000
47865  -33.484  -25.856  81.638 0.0000000000
124617  -33.533  -27.173  81.731 0.0000000000
46807  -33.622  -26.634  81.364 0.0000000000
125553  -33.605  -28.048  80.540 0.0000000000
46818  -33.653  -26.791  80.490 0.0000000000
50088  -32.885  -24.287  80.321 0.0000000000
48978  -33.232  -24.900  79.623 0.0000000000
50096  -32.888  -24.099  79.113 0.0000000000
136427  -32.586  -23.137  79.112 0.0000000000
54938  -31.990  -18.405  80.752 0.0000000000
53975  -31.587  -18.980  81.173 0.0000000000
53969  -31.247  -19.621  81.410 0.0000000000
53088  -31.493  -19.736  81.494 0.0000000000
132625  -31.669  -20.436  81.625 0.0000000000
53089  -32.062  -19.574  81.595 0.0000000000
131410  -32.997  -20.077  80.982 0.0000000000
134372  -32.673  -20.936  80.127 0.0000000000
53128  -35.277  -20.368  78.858 0.0000000000
54943  -36.431  -18.938  80.551 0.0000000000
53979  -36.228  -19.265  80.718 0.0000000000
53980  -37.034  -19.713  80.469 0.0000000000
55005  -38.063  -18.980  75.672 0.0000000000
142042  -40.129  -19.862  77.202 0.0000000000
138914  -39.625  -19.810  78.433 0.0000000000
52216  -42.643  -21.236  78.226 0.0000000000
52215  -41.862  -20.967  78.623 0.0000000000
53130  -41.108  -20.865  78.935 0.0000000000
52214  -41.195  -21.612  78.722 0.0000000000
51174  -41.792  -22.289  78.096 0.0000000000
50110  -43.412  -23.214  77.107 0.0000000000
50109  -42.973  -23.164  77.288 0.0000000000
50116  -43.098  -23.386  76.945 0.0000000000
51213  -45.720  -23.031  75.145 0.0000000000
51225  -46.960  -22.745  74.079 0.0000000000
54057  -46.187  -19.532  75.505 0.0000000000
53176  -45.964  -20.486  75.632 0.0000000000
53177  -46.821  -20.473  75.121 0.0000000000
53188  -48.219  -20.673  73.882 0.0000000000
53187  -47.836  -21.472  74.073 0.0000000000
52271  -47.505  -22.110  73.822 0.0000000000
52299  -47.672  -21.644  73.472 0.0000000000
53209  -48.170  -20.783  73.321 0.0000000000
54096  -49.132  -19.214  72.834 0.0000000000
53210  -48.725  -19.884  73.015 0.0000000000
54116  -49.144  -19.068  72.555 0.0000000000
44574  -22.690  -27.793  86.483 0.0000000000
44573  -22.142  -28.149  86.217 0.0000000000
61238  -47.392  -12.004  69.384 0.0000000000
61239  -47.863  -13.027  69.187 0.0000000000
67843  -47.556  -5.670  70.331 0.0000000000
66936  -48.006  -6.017  70.649 0.0000000000
65132  -50.278  -7.346  70.551 0.0000000000
64161  -50.239  -8.730  69.623 0.0000000000
65144  -50.918  -8.277  70.129 0.0000000000
66968  -52.712  -6.764  68.974 0.0000000000
66953  -52.081  -6.997  69.666 0.0000000000
66061  -52.576  -7.813  69.625 0.0000000000
136796  -53.107  -9.314  69.155 0.0000000000
63222  -52.753  -10.221  68.635 0.0000000000
63221  -51.834  -10.257  68.666 0.0000000000
68848  -51.696  -4.476  63.318 0.0000000000
142876  -51.729  -4.381  62.604 0.0000000000
126483  -55.338  -2.345  58.408 0.0000000000
140231  -54.033  -2.217  57.472 0.0000000000
124668  -54.271  -2.242  58.031 0.0000000000
69865  -53.225  -3.116  59.289 0.0000000000
142218  -52.068  -3.800  58.606 0.0000000000
69853  -52.822  -3.524  60.014 0.0000000000
68889  -51.959  -3.978  59.886 0.0000000000
121737  -53.363  -3.245  60.890 0.0000000000
69824  -55.080  -2.105  63.016 0.0000000000
69823  -54.079  -2.882  62.459 0.0000000000
123681  -54.154  -2.946  63.288 0.0000000000
69811  -53.215  -3.587  63.558 0.0000000000
124704  -54.775  -2.924  64.178 0.0000000000
69801  -54.954  -3.252  64.518 0.0000000000
70792  -55.248  -2.694  63.663 0.0000000000
120770  -45.066  -13.664  75.331 0.0000000000
118957  -35.980  -18.403  77.287 0.0000000000
138544  -37.382  -18.777  77.075 0.0000000000
54989  -37.901  -18.962  77.138 0.0000000000
55971  -43.284  -16.960  76.413 0.0000000000
56935  -43.474  -16.472  76.307 0.0000000000
56936  -43.782  -16.329  76.502 0.0000000000
55967  -44.777  -16.628  76.590 0.0000000000
56937  -44.318  -16.151  76.503 0.0000000000
58027  -44.671  -15.459  76.157 0.0000000000
126669  -46.316  -8.218  71.287 0.0000000000
64151  -46.392  -9.047  70.846 0.0000000000
65140  -46.648  -8.345  70.554 0.0000000000
65130  -47.981  -7.442  70.405 0.0000000000
67906  -52.871  -4.908  66.213 0.0000000000
67896  -53.343  -5.205  66.993 0.0000000000
67897  -54.144  -4.899  66.732 0.0000000000
67898  -54.847  -5.059  66.287 0.0000000000
66089  -55.244  -6.279  66.049 0.0000000000
67899  -55.320  -4.960  65.718 0.0000000000
68830  -55.399  -4.510  65.261 0.0000000000
123015  -55.633  -4.930  64.884 0.0000000000
70886  -57.809  -2.365  58.902 0.0000000000
70903  -58.530  -2.639  58.522 0.0000000000
69867  -58.650  -3.352  59.813 0.0000000000
71948  -56.794  -1.175  53.810 0.0000000000
71942  -56.783  -1.335  54.512 0.0000000000
71934  -56.964  -1.610  55.411 0.0000000000
140201  -57.718  -0.996  55.031 0.0000000000
72914  -60.399  0.971  53.379 0.0000000000
71956  -60.493  0.224  53.664 0.0000000000
71964  -60.762  -0.439  52.783 0.0000000000
69956  -58.998  -3.291  51.644 0.0000000000
55042  -49.389  -18.614  72.840 0.0000000000
55986  -49.491  -17.877  72.859 0.0000000000
137355  -48.994  -17.224  73.261 0.0000000000
58047  -48.711  -15.405  73.239 0.0000000000
61184  -46.436  -11.932  74.814 0.0000000000
61185  -46.958  -12.006  74.400 0.0000000000
62243  -46.568  -11.449  74.520 0.0000000000
62252  -46.339  -10.933  74.531 0.0000000000
63179  -46.356  -10.359  74.103 0.0000000000
143434  -45.939  -9.703  73.896 0.0000000000
65106  -44.554  -8.842  73.284 0.0000000000
65109  -44.071  -8.213  72.702 0.0000000000
44593  -23.406  -29.022  85.447 0.0000000000
44584  -23.901  -28.699  85.830 0.0000000000
43536  -24.563  -29.215  85.459 0.0000000000
41792  -27.853  -31.729  83.084 0.0000000000
42637  -30.029  -30.586  82.408 0.0000000000
133706  -30.804  -29.954  82.330 0.0000000000
42648  -32.732  -31.108  81.361 0.0000000000
42649  -33.352  -30.645  81.220 0.0000000000
43574  -33.420  -29.938  81.398 0.0000000000
47878  -33.509  -25.361  81.060 0.0000000000
48973  -33.159  -24.730  81.228 0.0000000000
50087  -32.483  -23.506  80.879 0.0000000000
51158  -32.231  -22.543  81.003 0.0000000000
143123  -32.871  -17.927  78.316 0.0000000000
54957  -32.331  -18.062  78.889 0.0000000000
143263  -32.576  -18.373  81.097 0.0000000000
53976  -32.504  -19.046  81.583 0.0000000000
53110  -33.718  -19.994  80.712 0.0000000000
53981  -37.922  -20.184  80.326 0.0000000000
53100  -37.737  -20.550  80.304 0.0000000000
138876  -38.330  -20.855  80.262 0.0000000000
52197  -38.804  -21.371  79.873 0.0000000000
51182  -39.939  -22.364  78.442 0.0000000000
51183  -40.631  -22.440  78.224 0.0000000000
54074  -39.419  -19.487  74.764 0.0000000000
54052  -39.479  -19.558  75.767 0.0000000000
122885  -40.473  -19.913  76.253 0.0000000000
54032  -40.882  -20.054  77.223 0.0000000000
54017  -43.479  -19.399  77.699 0.0000000000
54016  -42.919  -19.445  77.840 0.0000000000
53147  -43.219  -20.394  77.953 0.0000000000
52231  -42.697  -22.362  77.783 0.0000000000
51186  -43.435  -22.923  77.332 0.0000000000
51198  -43.874  -23.168  76.905 0.0000000000
51212  -44.943  -22.914  75.788 0.0000000000
125633  -46.022  -22.574  75.282 0.0000000000
54058  -47.092  -19.626  74.911 0.0000000000
55009  -47.385  -18.832  74.662 0.0000000000
54078  -47.943  -19.788  74.332 0.0000000000
54079  -48.500  -19.683  73.665 0.0000000000
53198  -48.356  -20.386  73.363 0.0000000000
55041  -49.040  -19.099  73.253 0.0000000000
126533  -22.093  -25.760  85.611 0.0000000000
132887  -22.133  -25.800  86.247 0.0000000000
62306  -47.870  -11.201  68.211 0.0000000000
129228  -48.180  -12.960  68.243 0.0000000000
61263  -48.597  -12.436  67.611 0.0000000000
67859  -48.905  -5.454  70.038 0.0000000000
127435  -50.229  -6.498  70.552 0.0000000000
66052  -50.799  -7.041  70.524 0.0000000000
139293  -53.805  -8.021  68.726 0.0000000000
65152  -53.579  -8.617  68.864 0.0000000000
70883  -54.729  -2.371  58.943 0.0000000000
70860  -55.215  -2.369  59.868 0.0000000000
70837  -54.551  -2.565  60.245 0.0000000000
131967  -54.540  -2.609  61.077 0.0000000000
69837  -54.917  -2.187  62.184 0.0000000000
70801  -55.478  -2.103  62.853 0.0000000000
70802  -55.854  -2.331  62.874 0.0000000000
72906  -58.608  0.139  53.785 0.0000000000
72913  -59.494  0.673  53.611 0.0000000000
72915  -60.864  1.065  52.859 0.0000000000
58040  -47.189  -15.376  74.438 0.0000000000
127525  -46.692  -14.379  74.781 0.0000000000
60174  -46.140  -12.704  75.075 0.0000000000
62241  -45.646  -11.281  74.839 0.0000000000
63172  -44.971  -10.825  74.397 0.0000000000
46775  -23.748  -26.354  85.364 0.0000000000
45680  -24.557  -26.775  85.226 0.0000000000
45681  -25.283  -27.227  84.712 0.0000000000
45682  -25.949  -27.778  83.950 0.0000000000
51150  -30.678  -22.145  81.840 0.0000000000
54969  -33.724  -18.033  78.276 0.0000000000
54959  -34.416  -18.303  79.379 0.0000000000
139835  -35.096  -18.323  80.509 0.0000000000
54952  -35.791  -18.361  80.522 0.0000000000
54953  -36.327  -18.572  80.329 0.0000000000
54961  -36.860  -18.716  78.653 0.0000000000
119858  -36.970  -18.716  79.717 0.0000000000
53989  -38.210  -19.892  80.091 0.0000000000
53990  -38.910  -20.357  79.803 0.0000000000
53991  -39.598  -20.571  79.519 0.0000000000
54055  -42.128  -19.374  76.246 0.0000000000
54990  -42.611  -18.492  76.990 0.0000000000
54976  -43.420  -18.556  77.425 0.0000000000
54035  -44.091  -18.960  77.485 0.0000000000
133561  -44.445  -19.871  77.040 0.0000000000
53165  -45.104  -20.508  76.345 0.0000000000
132079  -45.775  -17.640  75.853 0.0000000000
132199  -46.385  -17.633  75.305 0.0000000000
55978  -46.639  -17.100  74.970 0.0000000000
47830  -23.321  -26.087  85.023 0.0000000000
125351  -47.518  -12.250  71.202 0.0000000000
62285  -46.986  -11.630  70.822 0.0000000000
134072  -47.054  -11.586  69.994 0.0000000000
62294  -47.080  -11.138  69.399 0.0000000000
63211  -47.260  -10.616  68.956 0.0000000000
63219  -47.736  -10.539  68.515 0.0000000000
63231  -48.383  -10.649  68.161 0.0000000000
124179  -49.345  -10.050  68.356 0.0000000000
67888  -51.323  -6.336  68.459 0.0000000000
120226  -51.008  -6.117  69.629 0.0000000000
67877  -51.732  -6.303  68.686 0.0000000000
67879  -53.256  -6.476  68.328 0.0000000000
67889  -53.334  -5.917  67.733 0.0000000000
66067  -53.565  -7.194  68.607 0.0000000000
128094  -54.465  -8.210  67.763 0.0000000000
70914  -54.570  -2.103  56.392 0.0000000000
125869  -56.440  -2.395  58.971 0.0000000000
70885  -57.170  -2.259  59.467 0.0000000000
120669  -56.772  -2.151  60.083 0.0000000000
120432  -56.776  -2.002  60.669 0.0000000000
58038  -43.754  -15.014  74.781 0.0000000000
59092  -44.012  -14.345  74.754 0.0000000000
58046  -43.995  -14.846  73.869 0.0000000000
54077  -42.389  -19.388  74.367 0.0000000000
55022  -42.852  -18.775  74.368 0.0000000000
55023  -43.200  -17.729  74.446 0.0000000000
55977  -43.296  -16.774  75.074 0.0000000000
56952  -43.412  -16.146  74.847 0.0000000000
58037  -43.582  -15.552  75.296 0.0000000000
66951  -45.337  -5.919  69.756 0.0000000000
67872  -46.706  -5.353  69.064 0.0000000000
67873  -47.513  -5.207  69.138 0.0000000000
66965  -48.878  -5.896  68.825 0.0000000000
131130  -49.419  -6.663  68.082 0.0000000000
66978  -50.272  -6.727  67.948 0.0000000000
66995  -51.460  -6.204  66.644 0.0000000000
67904  -51.161  -5.679  65.506 0.0000000000
67905  -52.045  -5.408  65.944 0.0000000000
134034  -51.750  -5.063  65.108 0.0000000000
68834  -52.457  -4.631  65.013 0.0000000000
118263  -52.409  -4.362  64.482 0.0000000000
70935  -54.252  -2.313  54.670 0.0000000000
70925  -54.443  -2.156  55.528 0.0000000000
70926  -55.315  -2.055  55.909 0.0000000000
70916  -57.471  -2.160  57.113 0.0000000000
123440  -58.741  -2.509  57.652 0.0000000000
69919  -58.912  -3.565  56.025 0.0000000000
71950  -59.506  -0.329  54.391 0.0000000000
70943  -58.857  -1.952  54.526 0.0000000000
55992  -49.967  -17.549  72.321 0.0000000000
56960  -50.275  -16.802  71.925 0.0000000000
58054  -50.358  -16.237  71.597 0.0000000000
60220  -49.233  -14.371  72.144 0.0000000000
61218  -48.319  -13.204  72.188 0.0000000000
59095  -48.242  -14.448  73.489 0.0000000000
128310  -48.344  -13.754  73.192 0.0000000000
60203  -47.744  -13.026  73.500 0.0000000000
60204  -48.284  -13.378  73.035 0.0000000000
61208  -48.098  -13.005  72.918 0.0000000000
61217  -47.785  -12.445  72.430 0.0000000000
62274  -47.289  -11.622  72.008 0.0000000000
119758  -46.192  -9.451  72.571 0.0000000000
64144  -46.105  -8.630  71.994 0.0000000000
66924  -45.198  -6.545  71.183 0.0000000000
59101  -44.291  -13.901  73.979 0.0000000000
60202  -44.592  -13.129  74.038 0.0000000000
61197  -44.659  -12.259  74.150 0.0000000000
62251  -44.518  -11.356  73.947 0.0000000000
62262  -44.249  -11.289  72.990 0.0000000000
63178  -44.276  -10.310  73.704 0.0000000000
64134  -43.856  -9.474  73.130 0.0000000000
64133  -43.790  -8.710  72.646 0.0000000000
141298  -45.067  -6.177  70.373 0.0000000000
44602  -22.394  -28.726  83.674 0.0000000000
139167  -22.792  -28.676  82.999 0.0000000000
43537  -25.087  -28.918  85.430 0.0000000000
43555  -28.021  -30.214  83.257 0.0000000000
41799  -28.633  -31.839  82.669 0.0000000000
41022  -28.711  -32.316  82.180 0.0000000000
41031  -32.266  -33.143  80.961 0.0000000000
44622  -33.321  -28.393  82.041 0.0000000000
44636  -33.519  -28.754  81.456 0.0000000000
44651  -33.645  -28.692  81.012 0.0000000000
44664  -33.524  -28.955  80.517 0.0000000000
47891  -33.491  -25.497  80.172 0.0000000000
47905  -33.298  -25.422  79.279 0.0000000000
140397  -30.477  -21.669  81.680 0.0000000000
52178  -30.785  -21.352  81.821 0.0000000000
53986  -30.943  -19.464  80.618 0.0000000000
53087  -30.923  -20.450  81.587 0.0000000000
52179  -31.377  -21.338  81.789 0.0000000000
124769  -32.336  -20.407  81.257 0.0000000000
52196  -32.357  -21.522  80.573 0.0000000000
51164  -32.450  -22.397  79.772 0.0000000000
53978  -35.494  -18.951  81.080 0.0000000000
53098  -36.018  -19.839  80.627 0.0000000000
136533  -36.767  -20.483  80.184 0.0000000000
53113  -36.092  -20.477  79.663 0.0000000000
134664  -38.142  -19.057  76.573 0.0000000000
54030  -38.572  -19.315  77.185 0.0000000000
54033  -41.603  -19.666  77.084 0.0000000000
54014  -41.374  -19.968  78.066 0.0000000000
54002  -40.796  -20.331  78.572 0.0000000000
53116  -40.361  -20.733  79.230 0.0000000000
52213  -40.326  -21.774  79.035 0.0000000000
51173  -40.873  -22.223  78.462 0.0000000000
51185  -42.461  -22.834  77.562 0.0000000000
50108  -42.449  -23.073  77.346 0.0000000000
52256  -45.778  -21.674  75.686 0.0000000000
52257  -46.621  -22.029  75.030 0.0000000000
53186  -47.182  -21.360  74.722 0.0000000000
54114  -46.965  -20.145  72.534 0.0000000000
132294  -48.290  -20.282  72.892 0.0000000000
44582  -21.637  -28.181  85.953 0.0000000000
60246  -48.318  -13.395  70.422 0.0000000000
66935  -47.021  -6.080  70.718 0.0000000000
66049  -47.539  -6.601  70.759 0.0000000000
66937  -48.800  -6.094  70.587 0.0000000000
65131  -49.124  -7.368  70.488 0.0000000000
64173  -50.303  -9.387  69.046 0.0000000000
63220  -50.651  -10.150  68.511 0.0000000000
66952  -51.282  -6.419  69.917 0.0000000000
66940  -51.465  -6.909  70.141 0.0000000000
65134  -51.656  -7.799  70.122 0.0000000000
64164  -52.461  -8.826  69.587 0.0000000000
65145  -51.747  -8.264  69.977 0.0000000000
64174  -51.379  -9.559  69.170 0.0000000000
63233  -51.064  -10.853  67.958 0.0000000000
131584  -50.632  -5.240  62.967 0.0000000000
68839  -51.129  -4.898  63.568 0.0000000000
68840  -51.647  -4.584  64.060 0.0000000000
69799  -53.264  -3.783  64.338 0.0000000000
70913  -53.788  -2.290  56.842 0.0000000000
70912  -52.996  -2.629  56.918 0.0000000000
69891  -52.537  -3.105  57.403 0.0000000000
70882  -53.680  -2.587  58.630 0.0000000000
68874  -51.396  -4.350  60.532 0.0000000000
68860  -51.577  -4.276  61.305 0.0000000000
69835  -53.114  -3.410  61.764 0.0000000000
123711  -52.186  -4.007  62.019 0.0000000000
128266  -52.354  -4.035  62.996 0.0000000000
69800  -54.213  -3.489  64.733 0.0000000000
69789  -54.650  -3.645  65.068 0.0000000000
126937  -55.603  -4.808  64.399 0.0000000000
69814  -55.785  -3.184  63.428 0.0000000000
139839  -55.651  -4.458  63.681 0.0000000000
41029  -30.478  -33.153  81.103 0.0000000000
42656  -33.464  -30.576  80.856 0.0000000000
42668  -33.251  -30.551  80.426 0.0000000000
43566  -33.419  -29.143  81.657 0.0000000000
43575  -33.568  -29.484  81.156 0.0000000000
45717  -33.660  -27.548  81.058 0.0000000000
48972  -32.644  -24.103  81.281 0.0000000000
52177  -30.352  -21.198  81.436 0.0000000000
53997  -31.253  -18.702  78.836 0.0000000000
53999  -38.584  -19.656  79.335 0.0000000000
54932  -32.178  -18.809  81.459 0.0000000000
56959  -49.719  -16.512  72.477 0.0000000000
58033  -45.111  -14.708  75.765 0.0000000000
58053  -49.926  -15.864  72.089 0.0000000000
60235  -49.271  -14.281  71.597 0.0000000000
61182  -45.175  -12.143  74.911 0.0000000000
61228  -47.308  -12.055  70.319 0.0000000000
62242  -46.156  -11.418  74.882 0.0000000000
62305  -47.453  -11.263  68.692 0.0000000000
64135  -45.439  -9.021  73.306 0.0000000000
64163  -51.776  -8.879  69.690 0.0000000000
64177  -53.489  -9.518  68.532 0.0000000000
65146  -52.228  -8.186  69.823 0.0000000000
65153  -54.103  -8.494  68.309 0.0000000000
66051  -49.446  -6.571  70.628 0.0000000000
66053  -51.295  -7.245  70.301 0.0000000000
66068  -54.218  -7.732  68.216 0.0000000000
66939  -50.258  -5.909  70.270 0.0000000000
66954  -52.869  -7.362  69.281 0.0000000000
66966  -49.919  -6.105  68.930 0.0000000000
66967  -50.716  -6.360  68.531 0.0000000000
66979  -51.116  -6.526  67.696 0.0000000000
66997  -55.350  -5.625  65.870 0.0000000000
67857  -47.138  -5.399  69.818 0.0000000000
67874  -48.369  -5.397  69.369 0.0000000000
67907  -55.543  -5.305  65.301 0.0000000000
67920  -51.162  -4.947  64.152 0.0000000000
68821  -55.002  -4.527  65.772 0.0000000000
68835  -55.534  -4.272  64.611 0.0000000000
69864  -52.431  -3.668  59.196 0.0000000000
69945  -58.886  -4.169  51.982 0.0000000000
70809  -55.762  -1.815  62.476 0.0000000000
72922  -60.606  1.193  52.572 0.0000000000
127084  -50.864  -6.519  70.331 0.0000000000
127569  -54.699  -8.055  67.140 0.0000000000
131505  -59.014  -4.156  59.473 0.0000000000
134516  -45.981  -6.276  71.125 0.0000000000
134936  -31.726  -19.206  81.503 0.0000000000
136496  -32.637  -31.974  80.978 0.0000000000
137810  -33.633  -27.443  80.543 0.0000000000
138659  -28.127  -32.056  82.639 0.0000000000
138705  -22.067  -28.633  84.220 0.0000000000
139645  -51.188  -4.778  62.767 0.0000000000
139826  -55.729  -4.036  63.910 0.0000000000
141506  -32.607  -29.185  82.358 0.0000000000
142025  -43.401  -16.858  74.294 0.0000000000
143550  -49.462  -17.099  72.792 0.0000000000
