#!ascii label  , from subject sub-v1s22x0050470_ses-1 vox2ras=TkReg
1154
12482  32.083  -67.152  8.150 0.3000000119
18881  34.868  -59.494  6.266 0.6000000238
22322  34.119  -55.658  3.925 0.6999999881
22323  33.363  -55.567  3.925 0.6999999881
12495  32.466  -67.350  7.277 0.4000000060
14777  33.402  -64.312  3.939 0.4000000060
13188  33.732  -66.330  8.288 0.5000000000
125945  33.109  -66.235  9.066 0.5000000000
18880  35.689  -59.102  5.946 0.6999999881
20597  34.523  -57.484  6.339 0.6999999881
19751  35.426  -57.984  6.178 0.5000000000
21457  35.450  -56.262  4.505 0.6000000238
21458  34.494  -56.086  4.449 0.6000000238
22333  34.719  -55.248  3.500 0.6999999881
23189  33.602  -54.582  3.489 0.6999999881
12508  33.863  -67.559  6.096 0.5000000000
13971  33.966  -65.369  4.234 0.4000000060
12494  33.391  -67.118  6.982 0.6000000238
139256  33.205  -62.931  4.020 0.4000000060
17216  34.109  -62.102  4.576 0.5000000000
12493  34.543  -67.062  6.587 0.6000000238
17217  33.626  -61.851  4.610 0.6000000238
18043  35.000  -60.921  5.394 0.6000000238
13187  34.705  -66.213  7.953 0.6000000238
18889  35.458  -60.091  5.646 0.6000000238
21444  35.974  -56.826  5.192 0.6000000238
125597  36.274  -56.478  4.468 0.6000000238
22339  36.097  -54.752  2.798 0.6999999881
22332  35.786  -55.321  3.309 0.6999999881
23195  35.746  -54.347  2.697 0.6999999881
23196  34.994  -54.188  2.878 0.6999999881
24100  33.356  -53.735  3.464 0.6999999881
24105  35.730  -53.696  2.505 0.6999999881
24106  34.814  -53.383  2.742 0.6999999881
25018  34.670  -52.490  2.643 0.6999999881
25017  35.620  -52.822  2.394 0.6999999881
11819  34.213  -68.070  4.561 0.5000000000
13248  34.433  -67.231  4.083 0.5000000000
13244  33.885  -66.318  3.765 0.5000000000
141457  33.899  -63.447  4.728 0.4000000060
12507  34.892  -67.429  5.757 0.5000000000
131490  34.560  -62.084  4.899 0.5000000000
18042  35.768  -60.535  5.540 0.6000000238
13186  35.954  -66.185  7.543 0.6000000238
13201  36.125  -66.388  6.706 0.5000000000
13932  36.638  -65.757  7.065 0.5000000000
19761  36.325  -58.389  5.630 0.6999999881
21456  36.886  -56.915  4.607 0.6000000238
20608  35.979  -57.555  5.659 0.6999999881
22331  37.631  -55.653  3.193 0.6000000238
21466  37.055  -56.301  3.856 0.6000000238
22338  37.018  -55.053  2.735 0.6000000238
139920  36.651  -55.659  3.383 0.6000000238
24103  37.993  -53.706  1.995 0.6000000238
23194  36.844  -54.122  2.283 0.6999999881
25019  33.922  -52.984  3.108 0.6999999881
24107  38.249  -52.890  1.871 0.6000000238
133356  35.519  -51.923  2.322 0.6999999881
133984  34.498  -51.656  2.565 0.6999999881
24104  36.678  -53.139  2.137 0.6999999881
14776  33.948  -64.376  4.809 0.4000000060
12519  35.342  -67.193  5.058 0.5000000000
133624  34.726  -66.470  4.428 0.4000000060
132236  34.521  -62.865  5.321 0.5000000000
133943  35.434  -61.055  5.456 0.6000000238
13243  35.446  -66.587  5.194 0.4000000060
125689  36.170  -59.886  5.479 0.6000000238
13233  35.678  -66.769  5.615 0.4000000060
13959  35.617  -65.776  5.620 0.4000000060
13946  36.458  -65.786  6.551 0.4000000060
14737  36.233  -64.452  7.138 0.4000000060
19760  37.272  -58.753  5.215 0.6999999881
20616  37.526  -57.516  4.521 0.6000000238
121475  37.852  -57.011  4.070 0.6000000238
22337  38.301  -55.010  2.641 0.6000000238
21465  38.221  -56.272  3.602 0.6000000238
23192  38.684  -54.250  2.533 0.6000000238
25971  33.531  -51.434  2.881 0.6999999881
25976  35.359  -51.043  2.262 0.6999999881
25980  37.637  -51.730  1.791 0.6000000238
25975  36.560  -51.298  1.903 0.6000000238
14766  34.728  -64.775  5.524 0.4000000060
141411  34.864  -63.074  6.074 0.4000000060
18041  36.398  -60.246  5.586 0.6999999881
15550  35.439  -63.708  6.643 0.4000000060
143746  37.921  -58.781  5.322 0.8000000119
129019  36.300  -63.668  7.852 0.5000000000
20606  37.713  -58.109  4.739 0.6999999881
21455  38.783  -56.810  4.094 0.6000000238
22329  39.183  -55.276  3.330 0.5000000000
21464  39.096  -56.043  3.746 0.6000000238
25977  32.756  -50.787  3.186 0.6999999881
25010  38.333  -52.556  2.614 0.6000000238
24102  38.432  -53.305  2.224 0.6000000238
119598  34.255  -50.888  2.537 0.8000000119
139433  33.498  -50.690  2.807 0.8000000119
25978  38.337  -51.974  1.977 0.6000000238
25021  38.232  -52.177  1.837 0.6000000238
17208  36.258  -61.262  6.398 0.5000000000
17213  35.535  -61.598  5.855 0.6000000238
16350  35.883  -62.092  6.874 0.5000000000
140638  37.127  -61.364  8.392 0.6999999881
16346  36.226  -62.582  7.586 0.4000000060
136263  38.196  -58.331  4.901 0.6999999881
20614  39.326  -57.095  4.659 0.6999999881
22321  39.312  -55.509  4.074 0.6000000238
21463  39.419  -56.167  4.268 0.6000000238
23181  38.637  -54.384  3.832 0.6000000238
26917  33.187  -50.128  2.971 0.6000000238
24098  38.438  -52.965  2.307 0.6000000238
26915  34.977  -50.260  2.333 0.6999999881
27816  34.501  -49.523  2.524 0.6999999881
25974  38.069  -51.396  2.082 0.6999999881
26913  37.692  -50.412  2.185 0.6999999881
26914  36.350  -50.274  1.869 0.6999999881
17203  36.884  -60.819  6.974 0.5000000000
18038  36.629  -60.575  5.991 0.6000000238
18040  37.041  -59.989  5.701 0.6000000238
18860  37.654  -59.478  8.294 0.6999999881
17193  37.239  -60.939  7.845 0.6000000238
18885  38.161  -58.894  5.968 0.6999999881
18850  37.339  -59.775  9.179 0.6999999881
17183  37.182  -61.175  9.237 0.6999999881
19759  38.648  -58.332  5.577 0.6999999881
20605  39.685  -57.070  5.404 0.6999999881
23171  38.999  -55.204  4.381 0.5000000000
22314  39.384  -55.878  4.918 0.6000000238
28773  31.888  -48.840  3.865 0.5000000000
24092  37.962  -53.663  3.862 0.6000000238
24081  37.496  -54.109  4.642 0.6000000238
27811  33.171  -48.950  3.194 0.6000000238
28772  32.604  -48.475  3.584 0.5000000000
25002  37.800  -52.927  3.539 0.6000000238
24091  38.633  -53.559  3.106 0.6000000238
28780  35.078  -48.843  2.426 0.6000000238
28781  34.046  -48.711  2.782 0.5000000000
29731  33.574  -47.285  3.372 0.5000000000
25964  36.783  -51.573  3.604 0.6999999881
25970  37.829  -51.360  2.943 0.6999999881
26910  37.652  -50.007  2.683 0.6999999881
27819  37.127  -49.228  1.886 0.6999999881
28779  35.796  -48.122  2.296 0.5000000000
26911  37.245  -49.824  3.314 0.6999999881
28777  37.423  -48.841  2.447 0.6000000238
18879  37.605  -59.511  6.224 0.6000000238
18859  38.203  -58.886  7.709 0.6999999881
18870  37.727  -59.582  7.236 0.6000000238
19703  37.394  -58.901  8.964 0.6999999881
19750  38.808  -58.274  6.393 0.6999999881
22309  39.181  -56.182  5.783 0.6999999881
20595  39.697  -57.092  6.100 0.6999999881
22315  38.615  -55.483  5.358 0.6000000238
29733  32.087  -48.035  4.061 0.4000000060
23173  37.074  -54.523  5.463 0.5000000000
30750  33.014  -46.762  3.782 0.4000000060
25003  36.781  -52.514  3.980 0.6000000238
138915  34.784  -48.186  2.614 0.5000000000
29740  34.162  -47.785  2.931 0.5000000000
28778  37.021  -48.318  2.363 0.5000000000
135277  35.905  -47.111  2.501 0.4000000060
26902  36.465  -50.660  3.668 0.6000000238
27803  36.679  -49.026  3.764 0.6999999881
142107  37.569  -48.973  2.715 0.6000000238
29729  37.215  -47.768  3.402 0.5000000000
19721  37.800  -58.180  8.448 0.6000000238
19720  38.361  -58.289  7.915 0.6999999881
133454  38.653  -57.802  7.450 0.6999999881
20561  36.034  -58.115  9.158 0.6999999881
20575  36.477  -57.544  8.698 0.6999999881
21428  38.662  -56.752  7.096 0.6000000238
22301  37.841  -56.190  6.833 0.6000000238
23174  36.142  -54.337  5.736 0.6000000238
124932  36.646  -54.964  6.177 0.5000000000
24082  36.634  -53.977  5.139 0.6000000238
25004  35.824  -52.193  4.326 0.6000000238
24094  36.049  -52.880  4.633 0.6000000238
29739  35.004  -47.439  2.651 0.4000000060
29730  34.379  -46.914  3.036 0.5000000000
30749  33.789  -46.364  3.370 0.4000000060
25965  35.641  -51.352  4.152 0.6000000238
30748  34.642  -46.001  2.978 0.4000000060
125882  36.264  -49.890  3.876 0.6000000238
28761  36.849  -48.012  3.889 0.5000000000
20574  37.383  -57.437  8.353 0.6999999881
20585  38.078  -57.046  7.832 0.6000000238
20576  35.521  -57.325  8.820 0.6999999881
21417  37.245  -56.865  8.003 0.6000000238
21429  37.575  -56.552  7.498 0.6000000238
19706  34.463  -58.613  9.777 0.6999999881
22302  36.914  -56.012  7.162 0.5000000000
24076  35.299  -54.069  5.936 0.6000000238
23166  35.684  -54.791  6.534 0.6000000238
24083  35.848  -53.552  5.241 0.6000000238
24998  35.160  -52.807  5.007 0.5000000000
26903  35.521  -50.458  4.224 0.6000000238
28762  35.955  -48.474  4.437 0.5000000000
21420  34.676  -56.750  8.746 0.6999999881
21431  35.762  -56.249  7.988 0.6999999881
22312  35.676  -55.343  7.154 0.6000000238
23159  35.016  -55.027  7.167 0.5000000000
125623  33.868  -53.342  6.060 0.6000000238
23167  34.767  -54.400  6.586 0.6000000238
24999  34.327  -52.397  5.180 0.6000000238
25966  34.635  -51.077  4.576 0.6000000238
27804  35.506  -49.503  4.414 0.5000000000
15516  36.702  -63.545  10.464 0.5000000000
16332  36.444  -62.784  9.716 0.5000000000
15515  37.125  -62.994  11.297 0.5000000000
16323  36.777  -62.362  10.615 0.5000000000
17184  36.780  -61.870  9.792 0.6999999881
17995  36.836  -60.523  11.427 0.6999999881
17177  37.155  -61.253  10.405 0.5000000000
123763  37.470  -61.145  11.353 0.5000000000
18834  36.999  -60.247  9.940 0.6999999881
18007  36.468  -60.404  10.731 0.6999999881
18852  36.047  -59.398  9.781 0.6999999881
13189  32.398  -66.702  8.786 0.3000000119
22334  33.844  -55.190  3.618 0.6999999881
21445  34.945  -56.499  5.233 0.6000000238
24099  34.195  -53.948  3.181 0.6999999881
25012  33.314  -52.259  3.214 0.6999999881
16340  36.529  -62.486  8.098 0.6000000238
126233  38.730  -53.904  2.676 0.6000000238
126680  37.451  -50.802  1.835 0.6999999881
27817  33.604  -49.520  2.847 0.6000000238
28785  35.942  -48.923  2.030 0.6999999881
27818  37.462  -49.390  2.126 0.6999999881
28771  33.378  -48.149  3.271 0.5000000000
29732  32.799  -47.651  3.709 0.5000000000
29728  37.331  -47.643  3.054 0.5000000000
121485  37.220  -55.590  6.519 0.5000000000
21418  36.377  -56.876  8.334 0.6999999881
22311  36.340  -55.428  6.846 0.5000000000
130736  34.207  -51.739  4.897 0.6000000238
26904  34.787  -50.219  4.574 0.6000000238
123367  36.095  -55.825  7.465 0.6000000238
24084  34.431  -53.088  5.587 0.6000000238
22303  35.286  -55.645  7.641 0.5000000000
18808  36.081  -59.685  12.571 0.6000000238
21346  38.743  -55.337  14.654 0.6000000238
23105  37.693  -54.251  15.445 0.4000000060
19646  37.623  -57.464  13.479 0.5000000000
17984  35.836  -60.256  11.940 0.6000000238
17215  33.011  -61.657  5.097 0.5000000000
23104  37.967  -54.174  15.612 0.4000000060
18044  34.183  -61.011  5.572 0.5000000000
18032  33.601  -60.334  6.608 0.5000000000
131136  37.210  -53.446  16.363 0.4000000060
17209  33.389  -61.149  5.976 0.5000000000
18871  33.137  -59.549  7.227 0.5000000000
21363  37.046  -56.287  13.705 0.6000000238
19752  34.553  -58.560  6.554 0.5000000000
19659  36.598  -58.557  13.290 0.5000000000
17996  35.678  -60.298  11.306 0.6000000238
24921  36.191  -51.676  17.682 0.4000000060
24903  34.984  -51.416  18.417 0.4000000060
22238  36.900  -55.048  14.573 0.4000000060
18873  31.504  -58.995  8.017 0.5000000000
20527  36.618  -57.273  13.513 0.5000000000
19736  33.382  -58.529  7.071 0.5000000000
20587  32.204  -57.114  6.776 0.5000000000
18809  35.130  -59.812  12.233 0.6000000238
18810  34.422  -59.716  11.790 0.6000000238
18835  36.245  -59.946  10.197 0.6000000238
138269  34.318  -56.700  5.807 0.5000000000
21448  32.335  -56.447  5.193 0.5000000000
20599  31.418  -57.040  6.691 0.4000000060
19648  34.841  -58.267  13.156 0.5000000000
19647  35.750  -57.979  13.395 0.5000000000
19661  34.374  -59.164  12.493 0.6000000238
18820  33.774  -59.332  11.640 0.6000000238
18009  34.796  -59.839  10.773 0.6000000238
19687  33.618  -58.720  10.522 0.6000000238
142301  34.803  -59.185  9.956 0.6000000238
23091  37.367  -53.784  15.717 0.4000000060
24930  36.317  -51.680  17.296 0.4000000060
128393  31.483  -56.531  4.973 0.5000000000
20609  30.059  -57.090  5.343 0.4000000060
21459  32.697  -56.191  4.629 0.6000000238
121467  30.562  -57.190  6.542 0.4000000060
21365  34.615  -56.752  13.701 0.6000000238
20530  33.413  -58.108  12.908 0.6000000238
19663  32.843  -58.435  12.351 0.6000000238
19688  32.799  -58.401  10.921 0.6000000238
25834  34.932  -50.464  18.289 0.4000000060
21460  31.983  -56.157  4.570 0.5000000000
133063  30.631  -56.639  4.915 0.4000000060
20610  29.034  -57.303  5.274 0.4000000060
22239  35.739  -55.185  14.553 0.6000000238
23106  36.588  -54.499  15.082 0.4000000060
131705  34.058  -56.370  13.977 0.6000000238
143016  35.888  -55.722  14.188 0.6000000238
20529  34.285  -57.645  13.327 0.5000000000
20537  32.214  -57.928  12.344 0.6000000238
21366  33.545  -57.104  13.466 0.5000000000
20555  33.177  -58.009  10.170 0.6000000238
25835  33.750  -50.294  18.757 0.4000000060
131215  36.158  -52.934  16.358 0.4000000060
23182  32.289  -55.114  4.075 0.6000000238
22326  30.951  -55.698  4.492 0.5000000000
22316  29.337  -56.251  4.924 0.5000000000
21451  28.542  -56.857  5.003 0.5000000000
23107  34.960  -54.465  15.216 0.4000000060
23092  35.567  -53.601  15.725 0.4000000060
140168  33.759  -54.999  15.046 0.5000000000
21351  32.189  -56.320  13.943 0.5000000000
124455  31.800  -56.767  13.357 0.5000000000
134763  31.901  -57.762  11.842 0.6000000238
143194  32.588  -57.799  10.484 0.6000000238
21406  33.840  -56.880  9.207 0.6000000238
27637  34.741  -49.856  18.089 0.4000000060
26747  35.863  -50.762  17.849 0.4000000060
26749  34.734  -49.778  18.129 0.4000000060
26750  33.922  -49.383  18.480 0.4000000060
130800  33.141  -52.962  3.461 0.6000000238
25853  35.151  -50.751  17.262 0.4000000060
25868  35.874  -51.096  17.242 0.4000000060
127706  31.177  -54.027  4.538 0.6000000238
23185  29.933  -54.566  5.070 0.5000000000
23175  29.163  -55.208  5.181 0.4000000060
24002  34.206  -52.653  16.467 0.4000000060
22241  32.893  -55.704  14.501 0.5000000000
143952  31.743  -57.448  12.404 0.5000000000
20547  31.622  -57.278  11.262 0.6000000238
20564  32.898  -57.240  9.776 0.6000000238
21407  33.205  -56.335  9.242 0.6000000238
28573  33.832  -48.250  17.967 0.4000000060
25013  32.596  -52.457  3.581 0.6000000238
24095  31.686  -53.411  4.292 0.6000000238
129587  30.482  -54.059  4.853 0.5000000000
137372  27.241  -55.309  5.136 0.5000000000
24922  34.099  -51.283  17.056 0.4000000060
24014  33.570  -53.555  15.982 0.4000000060
23094  33.064  -54.351  15.489 0.5000000000
21352  31.248  -56.191  13.635 0.5000000000
21395  31.499  -56.462  10.530 0.5000000000
28558  32.914  -48.249  18.657 0.4000000060
25014  31.916  -52.652  4.007 0.6000000238
25007  30.597  -52.278  4.717 0.5000000000
121697  29.127  -53.063  5.335 0.5000000000
23108  32.460  -55.083  15.025 0.5000000000
21369  30.820  -56.262  13.014 0.4000000060
22271  30.918  -55.871  11.124 0.4000000060
21408  32.233  -56.547  9.733 0.4000000060
137037  33.359  -55.836  8.776 0.6000000238
22304  34.381  -55.319  7.717 0.4000000060
30545  32.660  -46.499  18.600 0.4000000060
26768  34.905  -50.185  17.738 0.4000000060
25972  32.721  -51.658  3.338 0.6000000238
25854  34.043  -50.567  17.362 0.4000000060
25006  31.392  -52.025  4.206 0.5000000000
25008  30.014  -52.876  5.056 0.5000000000
126529  28.825  -52.105  5.470 0.4000000060
25968  30.896  -51.386  4.415 0.4000000060
23109  31.334  -54.967  14.795 0.5000000000
22244  30.328  -54.999  13.884 0.5000000000
22259  30.501  -55.706  12.540 0.6000000238
22289  31.791  -55.896  9.741 0.4000000060
22296  31.769  -55.143  9.403 0.4000000060
22305  33.584  -55.062  7.917 0.4000000060
22284  30.631  -55.125  10.870 0.5000000000
26912  31.863  -50.466  3.632 0.5000000000
25967  31.556  -51.241  3.888 0.6000000238
135828  31.337  -49.942  3.949 0.4000000060
24063  32.166  -54.115  8.079 0.5000000000
125861  34.247  -54.682  7.204 0.5000000000
23137  30.269  -54.717  11.359 0.5000000000
22272  30.488  -55.435  11.659 0.5000000000
23145  31.284  -54.595  9.705 0.5000000000
23155  31.644  -54.511  9.108 0.5000000000
29542  33.679  -47.401  17.766 0.4000000060
25956  33.777  -51.202  5.083 0.5000000000
23168  33.884  -53.994  6.655 0.4000000060
23161  32.674  -54.112  7.537 0.5000000000
23150  30.791  -54.057  10.004 0.5000000000
23146  30.490  -54.378  10.685 0.5000000000
28764  31.380  -48.418  4.398 0.4000000060
25957  33.129  -51.405  5.593 0.4000000060
24996  32.408  -52.196  6.358 0.4000000060
24085  33.745  -52.704  5.662 0.5000000000
24079  32.710  -52.970  6.503 0.5000000000
24064  31.522  -53.460  8.294 0.5000000000
24072  32.182  -53.418  7.353 0.5000000000
128633  31.727  -54.169  8.645 0.5000000000
24986  31.106  -52.745  8.301 0.5000000000
24073  31.495  -52.725  7.662 0.4000000060
21447  33.324  -56.440  5.363 0.5000000000
22324  32.622  -55.726  4.201 0.6000000238
19753  33.836  -57.771  6.699 0.6000000238
23190  32.798  -54.448  3.746 0.6000000238
17214  33.721  -61.447  5.127 0.5000000000
134190  32.495  -49.971  3.336 0.5000000000
22293  34.786  -56.053  8.247 0.6000000238
22294  33.872  -55.649  8.320 0.4000000060
20586  32.420  -57.897  7.245 0.5000000000
21438  33.660  -56.956  6.354 0.5000000000
21439  32.760  -56.715  6.232 0.5000000000
21449  31.018  -56.803  5.747 0.4000000060
20600  29.593  -57.524  6.179 0.4000000060
21349  34.920  -55.939  14.227 0.6000000238
21461  31.192  -56.197  4.609 0.6000000238
21450  29.667  -56.796  5.000 0.4000000060
24001  35.827  -52.094  16.742 0.4000000060
24101  32.511  -53.413  3.828 0.6000000238
23183  31.482  -55.003  4.347 0.6000000238
22327  30.110  -55.552  4.799 0.5000000000
21452  27.469  -56.844  5.012 0.5000000000
19762  27.649  -58.191  5.513 0.5000000000
23176  28.183  -54.792  5.274 0.5000000000
144252  31.185  -53.370  4.531 0.5000000000
24086  29.093  -54.144  5.274 0.5000000000
24097  29.900  -53.645  5.113 0.5000000000
21374  30.972  -56.456  12.352 0.5000000000
23095  31.943  -54.456  15.402 0.5000000000
25973  32.161  -51.203  3.507 0.6000000238
125411  33.075  -55.290  8.468 0.3000000119
24992  31.975  -52.515  6.877 0.4000000060
5801  32.601  -77.749  14.308 0.3000000119
6417  31.112  -76.242  13.156 0.3000000119
6404  32.131  -76.843  13.509 0.3000000119
7701  32.064  -74.406  12.200 0.3000000119
7033  31.876  -75.609  13.055 0.3000000119
7045  33.874  -75.523  12.853 0.3000000119
8390  33.301  -73.742  10.430 0.3000000119
7713  33.842  -73.853  11.655 0.3000000119
7662  34.728  -74.586  14.559 0.3000000119
7044  34.860  -74.831  12.591 0.3000000119
7712  35.074  -73.848  11.676 0.3000000119
8389  34.225  -73.439  10.672 0.3000000119
122819  35.060  -74.655  12.764 0.3000000119
8991  33.662  -72.474  13.729 0.3000000119
127817  35.029  -74.171  12.888 0.3000000119
8380  35.351  -73.922  12.230 0.4000000060
8379  35.651  -73.280  11.555 0.4000000060
9006  36.010  -72.450  10.055 0.4000000060
9644  35.165  -72.357  9.253 0.3000000119
10320  34.962  -70.775  13.614 0.3000000119
136259  35.204  -72.225  12.905 0.4000000060
9627  36.371  -72.223  12.342 0.4000000060
9003  36.169  -72.707  10.821 0.4000000060
10303  33.457  -70.469  14.204 0.3000000119
9634  36.769  -71.654  9.955 0.4000000060
129872  33.324  -69.014  14.367 0.4000000060
10302  34.311  -70.182  13.970 0.4000000060
9635  36.001  -71.814  9.522 0.4000000060
10331  37.176  -70.784  10.480 0.3000000119
11036  35.323  -69.924  13.923 0.4000000060
9622  35.680  -71.468  13.102 0.3000000119
9621  36.761  -71.424  12.727 0.4000000060
11019  34.348  -69.383  14.263 0.4000000060
10317  38.600  -70.937  12.727 0.5000000000
9625  38.159  -71.479  11.996 0.4000000060
13922  34.120  -65.892  8.833 0.5000000000
11709  34.265  -68.401  14.389 0.4000000060
9633  37.410  -71.223  10.376 0.4000000060
13167  32.529  -66.514  10.250 0.3000000119
141991  33.793  -65.911  10.750 0.4000000060
11751  35.487  -69.046  11.894 0.3000000119
134046  32.324  -62.586  4.136 0.4000000060
16354  32.402  -62.226  4.836 0.4000000060
15536  36.570  -64.571  8.525 0.4000000060
15526  36.499  -64.015  9.499 0.4000000060
140056  36.610  -65.661  7.572 0.4000000060
139201  35.822  -69.488  14.153 0.4000000060
10319  36.104  -70.736  13.407 0.3000000119
10318  37.382  -70.835  13.083 0.5000000000
13920  36.409  -65.686  8.078 0.4000000060
13921  35.329  -65.802  8.476 0.4000000060
124832  35.179  -69.088  14.325 0.4000000060
13175  32.975  -65.988  9.946 0.4000000060
10330  38.024  -70.883  10.943 0.4000000060
13903  34.482  -65.549  10.672 0.5000000000
11061  37.632  -70.284  11.176 0.5000000000
13877  35.044  -65.881  11.877 0.4000000060
13155  33.511  -66.372  11.086 0.4000000060
11049  36.793  -69.353  11.790 0.3000000119
12449  33.984  -66.734  11.622 0.4000000060
17210  32.655  -61.414  6.248 0.4000000060
17194  36.694  -62.067  8.877 0.4000000060
11018  36.240  -69.034  14.408 0.4000000060
135619  36.655  -69.967  13.814 0.4000000060
13910  36.527  -65.223  8.963 0.4000000060
135492  36.257  -65.263  9.705 0.5000000000
11017  37.767  -69.524  14.237 0.4000000060
11035  38.146  -70.300  13.496 0.4000000060
13902  35.742  -65.239  10.691 0.5000000000
144115  36.128  -67.535  14.709 0.4000000060
12394  37.893  -68.230  15.106 0.4000000060
11016  39.114  -69.514  14.291 0.4000000060
11015  39.528  -69.519  13.680 0.5000000000
11734  39.351  -69.721  12.763 0.5000000000
122382  37.021  -64.640  10.928 0.4000000060
140114  35.869  -65.215  11.461 0.5000000000
142697  36.919  -66.621  15.139 0.4000000060
11735  38.574  -69.256  12.540 0.5000000000
119385  35.664  -65.436  11.947 0.4000000060
11736  37.206  -68.767  12.378 0.4000000060
12437  35.639  -67.508  12.502 0.4000000060
12438  34.646  -67.346  12.173 0.4000000060
13147  35.158  -66.525  12.273 0.4000000060
14705  37.346  -64.190  11.055 0.4000000060
16312  37.872  -62.499  11.783 0.3000000119
11705  39.268  -68.628  15.101 0.4000000060
140559  39.893  -69.016  13.984 0.4000000060
14696  37.707  -64.299  11.518 0.4000000060
20601  28.572  -57.946  5.710 0.4000000060
13831  36.907  -65.433  15.138 0.4000000060
12382  38.586  -67.820  15.417 0.4000000060
126055  39.947  -68.728  14.003 0.5000000000
11723  39.328  -68.827  13.261 0.5000000000
14685  37.921  -64.561  12.314 0.5000000000
13875  36.949  -64.991  12.467 0.4000000060
13830  38.023  -65.496  15.477 0.4000000060
12435  37.639  -68.018  12.945 0.4000000060
13876  36.273  -65.430  12.436 0.4000000060
140379  35.806  -66.623  12.613 0.4000000060
13133  37.600  -66.197  13.463 0.4000000060
17169  37.992  -61.511  12.001 0.4000000060
15505  38.096  -63.655  11.685 0.3000000119
12381  39.739  -67.667  15.546 0.4000000060
12380  40.267  -67.590  15.398 0.4000000060
140057  39.014  -63.703  12.223 0.3000000119
13097  39.960  -66.326  15.984 0.4000000060
13096  40.235  -66.418  15.691 0.4000000060
12416  40.275  -68.005  14.635 0.4000000060
12417  39.783  -67.927  13.993 0.5000000000
14634  38.482  -64.804  15.436 0.4000000060
14633  39.696  -64.895  15.694 0.4000000060
13132  39.025  -66.658  13.883 0.4000000060
14675  38.588  -64.890  13.110 0.4000000060
17994  37.605  -60.747  11.965 0.4000000060
13109  40.391  -66.443  15.313 0.4000000060
9024  28.812  -72.718  9.715 0.3000000119
8337  33.690  -73.670  15.106 0.3000000119
9612  33.244  -71.467  14.098 0.3000000119
11020  32.953  -69.848  14.440 0.4000000060
12398  33.899  -67.423  14.305 0.4000000060
12396  35.480  -67.362  14.582 0.4000000060
13113  34.600  -66.839  14.403 0.4000000060
13844  35.920  -65.369  14.825 0.4000000060
16300  39.395  -62.181  12.546 0.3000000119
14635  37.354  -64.721  15.164 0.4000000060
17982  38.479  -60.738  12.356 0.4000000060
17157  40.141  -61.380  12.919 0.4000000060
15492  39.867  -62.993  12.760 0.4000000060
142641  38.975  -64.229  15.250 0.4000000060
14632  40.352  -64.870  15.569 0.4000000060
13843  40.570  -65.386  15.119 0.4000000060
13863  40.204  -65.077  14.392 0.4000000060
14673  40.451  -64.159  13.792 0.3000000119
14683  39.799  -63.891  12.911 0.4000000060
15446  40.011  -64.135  15.543 0.4000000060
130877  34.220  -65.504  10.064 0.4000000060
134421  37.862  -60.080  12.482 0.4000000060
6418  30.186  -76.386  12.749 0.3000000119
7032  32.866  -75.963  13.209 0.3000000119
7715  31.781  -74.216  11.226 0.3000000119
8416  28.908  -73.414  9.257 0.3000000119
126482  30.104  -72.462  10.385 0.3000000119
7700  33.235  -74.477  12.284 0.3000000119
8353  34.117  -73.807  14.028 0.3000000119
7699  35.262  -74.089  12.254 0.4000000060
8387  35.484  -72.839  10.351 0.4000000060
8990  34.731  -73.036  12.945 0.3000000119
126100  34.144  -71.953  13.493 0.3000000119
8998  35.831  -73.113  12.128 0.4000000060
8996  37.161  -72.182  11.363 0.4000000060
9613  32.413  -71.348  14.699 0.3000000119
125278  32.301  -68.415  14.327 0.4000000060
10316  39.167  -70.506  12.753 0.4000000060
11048  38.083  -69.747  11.844 0.5000000000
11737  36.065  -68.490  12.296 0.3000000119
10329  38.469  -70.432  11.687 0.5000000000
142378  35.465  -66.267  14.634 0.4000000060
12418  38.415  -67.377  13.499 0.4000000060
140023  39.306  -65.276  13.693 0.4000000060
20524  40.936  -57.066  13.936 0.4000000060
19644  40.767  -57.738  13.600 0.4000000060
20494  39.835  -55.916  15.038 0.4000000060
22227  38.955  -55.283  15.210 0.3000000119
20526  38.758  -56.395  13.753 0.5000000000
19645  39.244  -58.082  13.413 0.4000000060
127693  37.218  -59.415  12.842 0.4000000060
20502  30.692  -58.110  15.852 0.3000000119
20501  31.620  -57.897  15.584 0.3000000119
23074  32.943  -54.480  17.720 0.3000000119
22206  34.577  -54.818  17.288 0.3000000119
23992  34.873  -53.215  18.082 0.3000000119
23070  37.009  -53.324  16.718 0.3000000119
21319  31.421  -56.510  16.399 0.3000000119
23075  31.871  -54.644  17.700 0.3000000119
23976  31.630  -53.431  18.606 0.3000000119
121936  30.149  -57.565  16.364 0.3000000119
21311  29.964  -56.260  17.170 0.3000000119
127390  33.720  -52.129  18.646 0.3000000119
121311  33.837  -51.249  18.760 0.3000000119
23076  30.808  -54.835  17.812 0.3000000119
23955  30.951  -53.012  19.237 0.3000000119
23975  32.867  -52.999  18.542 0.3000000119
23049  29.789  -54.119  19.181 0.3000000119
23956  30.148  -53.475  19.511 0.3000000119
26718  30.556  -50.449  20.713 0.3000000119
24882  30.092  -52.348  20.556 0.3000000119
124323  30.285  -51.143  21.312 0.3000000119
23065  29.400  -54.737  18.760 0.3000000119
25820  31.636  -51.115  19.491 0.3000000119
27625  31.369  -49.403  19.681 0.3000000119
28559  31.657  -48.463  19.455 0.3000000119
24883  29.722  -52.779  21.038 0.3000000119
25821  30.923  -50.824  19.853 0.3000000119
29516  31.287  -47.391  20.888 0.3000000119
25792  30.180  -51.379  22.056 0.3000000119
28501  30.893  -48.981  22.163 0.3000000119
28527  30.775  -48.927  21.650 0.3000000119
29479  32.011  -47.435  22.458 0.3000000119
29529  31.953  -46.996  19.125 0.3000000119
29530  31.498  -47.574  19.842 0.3000000119
30533  31.598  -46.731  20.142 0.3000000119
32628  32.739  -44.756  19.025 0.3000000119
129015  33.555  -46.818  17.959 0.3000000119
32627  33.219  -44.054  18.817 0.3000000119
31562  33.132  -45.271  18.251 0.3000000119
31579  33.759  -45.801  17.641 0.3000000119
21329  38.671  -55.205  15.419 0.3000000119
21361  39.826  -55.971  14.171 0.4000000060
23991  36.068  -52.677  17.797 0.3000000119
133139  32.491  -50.562  19.234 0.3000000119
138288  40.855  -57.159  14.311 0.5000000000
22218  30.854  -55.959  16.830 0.3000000119
24905  31.900  -52.740  18.884 0.3000000119
23993  33.561  -53.644  18.142 0.3000000119
22205  35.718  -54.219  17.378 0.3000000119
23082  36.638  -54.055  17.075 0.3000000119
23063  31.285  -54.170  18.230 0.3000000119
22209  30.362  -55.538  17.474 0.3000000119
25819  32.628  -51.265  19.153 0.3000000119
24891  30.518  -52.369  19.828 0.3000000119
27574  31.124  -49.415  22.614 0.3000000119
28499  31.927  -48.289  22.827 0.3000000119
27613  30.775  -49.551  20.446 0.3000000119
26681  30.503  -51.009  22.653 0.3000000119
141023  31.279  -47.662  21.515 0.3000000119
15490  40.885  -62.458  13.610 0.3000000119
16286  41.244  -62.388  14.097 0.4000000060
17133  39.379  -61.540  14.679 0.4000000060
17132  40.627  -61.479  14.608 0.4000000060
17156  41.143  -61.309  13.543 0.3000000119
132493  39.247  -59.909  14.680 0.4000000060
17148  41.709  -60.876  13.985 0.4000000060
130579  40.772  -59.591  14.784 0.4000000060
18772  38.531  -59.242  14.746 0.3000000119
134405  42.120  -59.419  14.005 0.3000000119
138740  42.081  -59.537  14.039 0.4000000060
133993  40.308  -58.045  15.021 0.4000000060
18794  41.342  -58.605  13.520 0.3000000119
19625  41.940  -58.182  14.044 0.4000000060
20516  39.995  -57.003  15.059 0.4000000060
17980  40.948  -60.425  13.285 0.3000000119
18795  39.991  -58.868  13.206 0.3000000119
18807  39.127  -59.907  12.769 0.3000000119
17981  39.704  -60.625  12.746 0.3000000119
18770  41.187  -58.488  14.698 0.4000000060
17131  41.373  -61.272  14.248 0.4000000060
10305  31.946  -70.531  14.823 0.3000000119
15444  40.928  -63.923  14.908 0.3000000119
10255  33.042  -70.700  18.424 0.3000000119
10267  32.102  -70.701  18.037 0.3000000119
138681  31.316  -70.655  15.703 0.3000000119
11021  32.142  -69.874  14.626 0.3000000119
16261  41.102  -62.374  14.339 0.3000000119
15463  40.384  -63.358  15.110 0.3000000119
130144  31.152  -69.303  18.203 0.3000000119
10281  30.603  -69.803  16.380 0.3000000119
10988  30.962  -69.837  17.626 0.3000000119
11711  31.631  -69.048  14.595 0.3000000119
122303  33.008  -67.184  14.033 0.3000000119
16262  40.803  -62.456  14.622 0.3000000119
12353  31.683  -67.663  19.103 0.3000000119
11681  30.134  -68.815  17.381 0.3000000119
11677  31.401  -68.524  18.676 0.3000000119
11694  30.367  -68.704  15.419 0.3000000119
10998  30.028  -68.880  16.382 0.3000000119
12400  31.735  -67.614  14.221 0.3000000119
12358  30.037  -67.935  17.833 0.3000000119
135633  29.697  -68.251  17.022 0.3000000119
12401  30.832  -67.582  14.527 0.3000000119
11695  29.843  -68.218  15.703 0.3000000119
13114  33.632  -66.438  14.092 0.3000000119
13845  35.080  -65.393  14.587 0.3000000119
14652  36.339  -64.633  14.888 0.3000000119
131907  30.294  -67.141  18.437 0.3000000119
123675  32.158  -66.999  13.931 0.3000000119
13116  31.305  -66.863  14.150 0.3000000119
136560  33.792  -65.572  14.112 0.3000000119
123036  39.932  -62.404  14.856 0.3000000119
13085  29.088  -66.980  16.619 0.3000000119
13071  29.666  -66.491  18.272 0.3000000119
121310  29.246  -66.987  15.861 0.3000000119
12402  30.035  -67.217  14.883 0.3000000119
13847  32.881  -65.640  13.905 0.3000000119
14653  35.191  -64.447  14.661 0.3000000119
15465  37.317  -63.228  14.757 0.3000000119
16263  38.769  -62.210  14.690 0.3000000119
125056  38.659  -60.844  14.544 0.3000000119
14672  40.888  -63.664  14.263 0.3000000119
13100  29.279  -66.312  15.427 0.3000000119
13849  31.318  -65.365  14.109 0.3000000119
14655  34.137  -64.197  14.468 0.3000000119
15466  36.402  -63.289  14.687 0.3000000119
11007  31.065  -69.791  15.249 0.3000000119
10256  31.604  -70.009  18.189 0.3000000119
136042  31.303  -70.741  16.841 0.3000000119
7046  32.534  -75.044  12.750 0.3000000119
7047  31.229  -75.261  12.744 0.3000000119
7714  32.715  -73.996  11.491 0.3000000119
8352  35.213  -74.911  13.420 0.3000000119
8367  34.130  -73.232  13.505 0.3000000119
8388  35.053  -73.219  10.787 0.4000000060
8399  34.573  -73.215  9.420 0.4000000060
8402  29.498  -73.447  9.524 0.3000000119
8995  37.700  -71.758  11.478 0.4000000060
8997  36.485  -72.696  11.530 0.4000000060
9001  37.398  -71.706  10.702 0.4000000060
9002  36.697  -72.244  10.467 0.4000000060
9011  29.303  -72.428  10.222 0.3000000119
9019  36.084  -72.095  9.589 0.4000000060
9570  32.719  -71.324  17.803 0.3000000119
9620  37.787  -71.381  12.437 0.5000000000
9623  34.048  -71.022  13.771 0.3000000119
9626  37.361  -71.926  12.031 0.4000000060
10268  31.409  -70.481  17.497 0.3000000119
10269  30.873  -70.203  16.994 0.3000000119
10280  31.050  -70.475  16.294 0.3000000119
10292  31.424  -70.331  15.225 0.3000000119
10293  30.954  -70.116  15.710 0.3000000119
10304  32.645  -70.626  14.515 0.4000000060
10327  38.652  -70.955  11.931 0.4000000060
10342  36.620  -71.310  9.973 0.3000000119
10982  30.614  -69.264  17.686 0.3000000119
10989  30.457  -69.522  17.097 0.3000000119
11008  30.607  -69.438  15.676 0.3000000119
11022  31.508  -69.802  14.861 0.3000000119
11023  30.950  -69.225  15.007 0.3000000119
11033  39.445  -70.080  13.137 0.5000000000
11034  39.184  -70.224  13.404 0.4000000060
11046  39.362  -70.165  12.767 0.5000000000
11047  39.000  -70.015  12.214 0.5000000000
11678  30.628  -68.656  18.112 0.3000000119
11693  40.146  -68.226  15.121 0.4000000060
11703  40.073  -68.405  14.567 0.4000000060
11704  39.778  -68.857  14.452 0.4000000060
11706  37.137  -68.626  14.701 0.4000000060
11707  36.109  -68.096  14.636 0.4000000060
11708  35.285  -68.267  14.488 0.4000000060
11710  33.212  -68.020  14.266 0.3000000119
11712  30.871  -68.456  14.779 0.3000000119
11722  39.548  -69.534  13.358 0.5000000000
11738  35.223  -68.180  12.260 0.3000000119
12352  32.549  -67.350  19.378 0.3000000119
12357  30.837  -67.828  18.589 0.3000000119
12359  29.713  -67.172  17.822 0.3000000119
12363  29.460  -67.520  17.160 0.3000000119
12371  29.467  -67.811  16.295 0.3000000119
12379  40.330  -67.185  15.429 0.4000000060
12383  30.213  -67.962  15.087 0.3000000119
12384  29.669  -67.535  15.484 0.3000000119
12393  40.375  -67.843  15.112 0.4000000060
12395  36.804  -67.764  14.876 0.4000000060
12397  34.685  -67.652  14.443 0.4000000060
12399  32.473  -67.652  14.146 0.3000000119
12419  37.219  -66.985  13.266 0.4000000060
12436  36.486  -67.250  12.857 0.4000000060
12450  33.212  -67.037  11.389 0.4000000060
12506  35.508  -67.087  5.576 0.5000000000
12520  34.937  -67.603  5.060 0.5000000000
12521  34.266  -67.929  5.222 0.5000000000
12530  34.581  -67.637  4.481 0.5000000000
13074  29.217  -66.790  17.414 0.3000000119
13098  38.609  -67.015  15.565 0.4000000060
13099  37.547  -66.286  15.371 0.4000000060
13110  40.451  -67.291  15.098 0.4000000060
13111  37.472  -67.232  15.227 0.4000000060
13112  36.369  -66.958  14.852 0.4000000060
13115  32.696  -66.482  13.898 0.3000000119
13117  30.495  -66.727  14.502 0.3000000119
13118  29.818  -66.493  14.858 0.3000000119
13131  40.103  -67.112  14.601 0.4000000060
13134  36.485  -66.265  12.967 0.4000000060
13146  35.660  -65.916  12.384 0.4000000060
13148  34.592  -66.424  11.857 0.4000000060
13156  32.800  -66.701  10.864 0.4000000060
13166  33.189  -66.180  10.503 0.4000000060
13176  32.390  -66.555  9.583 0.3000000119
13202  35.246  -66.609  7.062 0.6000000238
13203  34.031  -66.635  7.487 0.6000000238
13204  32.938  -66.683  7.988 0.5000000000
13218  36.394  -66.134  6.599 0.5000000000
13219  35.979  -66.582  6.074 0.4000000060
13220  35.574  -66.908  6.218 0.5000000000
13232  36.094  -66.269  5.989 0.4000000060
13827  40.395  -65.571  15.462 0.4000000060
13828  40.146  -65.645  15.820 0.4000000060
13829  39.326  -65.579  15.779 0.4000000060
13846  34.497  -65.916  14.343 0.3000000119
13848  31.876  -66.118  13.887 0.3000000119
13851  29.630  -65.617  14.923 0.3000000119
13864  38.524  -65.704  13.637 0.4000000060
13865  37.595  -65.230  13.134 0.4000000060
13866  36.891  -65.537  13.005 0.4000000060
13891  36.741  -64.964  10.957 0.5000000000
13892  35.143  -65.528  11.377 0.4000000060
13901  36.659  -65.002  10.009 0.4000000060
13904  33.657  -65.750  10.258 0.4000000060
13911  35.905  -65.478  9.098 0.4000000060
13912  34.686  -65.580  9.401 0.5000000000
13913  33.688  -65.732  9.675 0.4000000060
13919  36.617  -65.352  8.255 0.4000000060
13933  36.539  -65.987  7.225 0.4000000060
13970  34.790  -65.611  4.963 0.4000000060
14631  40.694  -64.702  15.231 0.4000000060
14650  40.728  -64.404  14.731 0.3000000119
14651  36.842  -63.956  14.867 0.3000000119
14674  39.601  -64.548  13.331 0.3000000119
14684  38.969  -64.291  12.468 0.4000000060
14697  37.237  -64.629  11.524 0.5000000000
14706  36.739  -64.704  10.258 0.5000000000
14713  36.657  -65.027  9.204 0.4000000060
14736  36.687  -65.156  7.568 0.4000000060
14750  36.596  -65.361  6.943 0.5000000000
14751  36.033  -64.994  6.513 0.4000000060
14765  35.491  -65.109  6.010 0.4000000060
15445  40.613  -64.140  15.242 0.3000000119
15447  37.910  -64.030  15.034 0.4000000060
15462  41.074  -63.157  14.448 0.3000000119
15464  38.871  -63.248  14.907 0.4000000060
15481  41.099  -63.061  13.973 0.4000000060
15491  40.574  -63.408  13.526 0.3000000119
15504  38.393  -64.124  11.926 0.4000000060
15545  35.797  -63.172  7.185 0.4000000060
15556  34.223  -63.697  5.243 0.4000000060
15558  33.543  -63.314  4.276 0.4000000060
16244  40.856  -63.366  14.808 0.3000000119
16260  41.475  -61.503  14.089 0.4000000060
16299  40.332  -62.106  13.098 0.4000000060
16311  38.752  -62.874  12.148 0.3000000119
16322  37.352  -61.924  11.364 0.5000000000
16351  32.301  -62.031  5.793 0.4000000060
16353  34.971  -62.182  5.516 0.5000000000
16357  32.950  -62.164  4.374 0.4000000060
16358  31.793  -62.673  4.648 0.4000000060
17130  41.769  -60.726  14.011 0.4000000060
17134  38.287  -61.604  14.530 0.3000000119
17168  38.503  -62.099  12.207 0.3000000119
17204  36.685  -61.673  7.545 0.4000000060
17212  36.026  -60.874  5.620 0.6000000238
17954  42.039  -60.129  14.028 0.4000000060
17955  41.907  -60.190  14.109 0.4000000060
17956  41.292  -60.382  14.501 0.4000000060
17968  41.791  -60.231  13.814 0.3000000119
17969  41.657  -59.432  13.607 0.3000000119
17983  36.817  -60.231  12.246 0.4000000060
17985  35.132  -60.099  11.666 0.6000000238
17997  34.897  -60.049  11.222 0.6000000238
18006  37.200  -60.797  10.676 0.6999999881
18008  35.456  -60.131  10.753 0.6000000238
18017  37.196  -60.558  9.634 0.6999999881
18022  37.366  -60.445  8.620 0.6999999881
18031  37.405  -60.234  7.592 0.6000000238
18037  37.214  -60.176  6.496 0.6000000238
18039  34.562  -60.205  6.068 0.5000000000
18769  42.086  -58.809  14.061 0.4000000060
18771  39.919  -58.894  14.889 0.4000000060
18793  41.993  -58.621  13.917 0.3000000119
18796  38.486  -59.185  13.029 0.3000000119
18806  40.548  -59.653  13.149 0.3000000119
18811  33.765  -59.313  12.060 0.6000000238
18819  34.307  -59.645  11.172 0.6000000238
18836  34.376  -59.335  10.479 0.6000000238
18837  33.810  -59.276  11.083 0.6000000238
18851  36.879  -59.489  9.556 0.6999999881
18853  35.235  -59.600  10.214 0.6000000238
18869  38.277  -58.929  6.836 0.6000000238
18882  34.032  -59.468  6.712 0.5000000000
18886  37.418  -59.269  5.552 0.6999999881
18887  36.816  -59.627  5.482 0.6999999881
18888  36.544  -59.281  5.476 0.6999999881
19626  41.823  -58.213  14.190 0.4000000060
19627  41.005  -57.469  14.456 0.4000000060
19628  39.201  -58.244  15.132 0.4000000060
19629  37.922  -58.595  15.060 0.3000000119
19643  41.651  -57.876  13.918 0.4000000060
19649  34.049  -58.441  12.871 0.6000000238
19658  37.901  -58.408  13.318 0.4000000060
19660  35.413  -58.993  12.851 0.6000000238
19662  33.532  -58.822  12.397 0.6000000238
19673  33.228  -58.968  11.956 0.6000000238
19674  32.577  -58.407  11.732 0.6000000238
19704  36.536  -58.794  9.381 0.6999999881
19705  35.409  -58.893  9.613 0.6999999881
19707  33.812  -58.131  9.797 0.6999999881
19722  37.001  -58.129  8.873 0.6999999881
19734  39.166  -57.565  6.713 0.6999999881
19735  38.635  -58.298  7.196 0.6999999881
19749  39.417  -57.611  5.930 0.6999999881
19764  39.088  -57.717  5.125 0.6999999881
20482  31.049  -57.283  16.090 0.3000000119
20514  41.371  -57.576  14.132 0.4000000060
20515  40.386  -56.690  14.549 0.5000000000
20525  39.989  -56.755  13.756 0.4000000060
20528  35.289  -57.260  13.521 0.5000000000
20531  32.662  -57.736  12.903 0.6000000238
20532  31.959  -57.373  12.904 0.5000000000
20538  31.423  -57.118  12.068 0.5000000000
20546  32.206  -57.882  11.144 0.6000000238
20562  35.170  -58.092  9.310 0.6999999881
20563  34.463  -57.548  9.286 0.6000000238
20573  38.265  -57.629  7.996 0.6999999881
20583  39.327  -57.086  6.686 0.6000000238
20584  38.729  -57.279  7.336 0.6000000238
20588  31.053  -57.509  7.324 0.4000000060
20596  35.225  -57.136  5.808 0.6999999881
20598  33.054  -57.430  6.847 0.5000000000
20607  36.838  -57.690  5.107 0.6000000238
20611  28.004  -57.496  5.165 0.5000000000
20615  38.434  -57.592  4.506 0.6999999881
21320  30.471  -56.729  16.573 0.3000000119
21321  29.601  -56.994  16.868 0.3000000119
21328  39.308  -55.480  15.170 0.4000000060
21343  40.636  -56.865  14.290 0.5000000000
21344  40.106  -56.054  14.546 0.4000000060
21345  39.543  -55.629  14.685 0.4000000060
21347  37.581  -55.503  14.289 0.6000000238
21348  36.481  -55.933  13.955 0.6000000238
21350  33.214  -56.349  13.967 0.5000000000
21360  40.328  -56.447  14.176 0.4000000060
21362  38.139  -55.920  13.989 0.6000000238
21364  36.125  -56.711  13.632 0.5000000000
21367  32.521  -56.953  13.397 0.5000000000
21368  31.373  -56.850  12.856 0.5000000000
21383  31.183  -56.557  11.552 0.6000000238
21419  35.435  -56.613  8.433 0.6999999881
21421  33.967  -56.250  8.719 0.6000000238
21427  39.448  -56.756  6.301 0.6999999881
21430  36.635  -56.415  7.740 0.6000000238
21437  38.704  -56.339  6.475 0.6000000238
21440  31.883  -56.653  6.054 0.5000000000
21443  39.586  -56.596  5.432 0.6999999881
21446  34.118  -56.318  5.090 0.5000000000
21453  39.558  -56.565  4.825 0.6999999881
21454  39.291  -56.542  4.310 0.6000000238
21462  30.373  -56.272  4.749 0.4000000060
21467  36.011  -55.962  3.882 0.6000000238
22198  29.863  -55.109  18.104 0.3000000119
22210  29.483  -55.797  17.788 0.3000000119
22215  35.517  -54.926  16.953 0.3000000119
22226  39.626  -55.628  14.978 0.4000000060
22228  37.990  -54.389  15.651 0.4000000060
22237  38.163  -54.745  15.230 0.4000000060
22240  34.778  -55.181  14.695 0.6000000238
22242  31.745  -55.671  14.396 0.5000000000
22243  30.856  -55.434  14.157 0.5000000000
22253  30.590  -55.621  13.429 0.5000000000
22295  32.235  -54.779  8.698 0.5000000000
22310  38.225  -55.790  6.177 0.5000000000
22317  28.047  -55.971  4.992 0.5000000000
22320  39.467  -56.068  4.584 0.6000000238
22325  31.751  -55.693  4.377 0.6000000238
22328  39.321  -55.676  3.903 0.6000000238
22330  38.682  -55.486  3.189 0.6000000238
22335  33.047  -55.190  3.759 0.6999999881
22336  39.036  -54.914  2.846 0.6000000238
23062  32.377  -53.922  18.144 0.3000000119
23064  30.270  -54.438  18.470 0.3000000119
23071  36.418  -53.326  17.384 0.3000000119
23072  35.298  -53.796  17.692 0.3000000119
23073  34.071  -54.224  17.733 0.3000000119
23090  37.831  -53.857  15.851 0.4000000060
23093  34.270  -54.030  15.556 0.4000000060
23138  30.021  -54.292  11.749 0.5000000000
23154  32.857  -54.652  8.015 0.4000000060
23160  33.444  -54.463  7.402 0.4000000060
23165  37.599  -55.181  5.802 0.5000000000
23172  38.096  -54.765  4.965 0.5000000000
23180  39.227  -54.922  3.521 0.6000000238
23184  30.703  -54.858  4.641 0.5000000000
23186  39.150  -54.719  3.023 0.5000000000
23187  35.268  -54.770  3.090 0.6999999881
23188  34.436  -54.688  3.297 0.6999999881
23191  32.020  -54.248  4.190 0.6000000238
23193  37.862  -54.456  2.355 0.6000000238
23946  29.929  -53.063  20.194 0.3000000119
23973  35.615  -52.071  18.168 0.4000000060
23974  34.268  -52.637  18.406 0.3000000119
23977  30.641  -53.753  18.822 0.3000000119
23990  36.507  -52.477  17.249 0.3000000119
23999  37.473  -53.560  16.274 0.4000000060
24000  36.695  -52.740  16.784 0.4000000060
24011  37.581  -53.561  16.068 0.4000000060
24012  36.759  -53.296  16.060 0.4000000060
24013  34.935  -53.168  16.148 0.4000000060
24016  31.518  -53.912  15.692 0.5000000000
24057  31.239  -53.840  9.216 0.5000000000
24065  30.872  -53.036  8.879 0.5000000000
24071  33.016  -53.763  6.941 0.4000000060
24077  34.541  -53.729  6.068 0.6000000238
24078  33.356  -53.422  6.437 0.4000000060
24093  36.896  -53.359  4.488 0.6000000238
24096  30.651  -53.280  4.758 0.5000000000
24870  30.016  -51.959  21.357 0.3000000119
24890  31.579  -52.078  19.360 0.3000000119
24902  35.992  -51.081  18.023 0.4000000060
24904  32.741  -52.115  18.896 0.3000000119
24931  34.893  -51.565  16.865 0.4000000060
24995  32.999  -52.299  5.855 0.5000000000
25005  34.888  -51.950  4.600 0.6000000238
25009  38.180  -51.779  2.363 0.6000000238
25011  37.722  -52.087  3.249 0.6000000238
25015  38.390  -52.319  2.116 0.6000000238
25016  36.623  -52.233  2.019 0.6999999881
25020  38.391  -52.535  2.017 0.6000000238
25022  37.636  -52.566  1.800 0.6999999881
25772  30.289  -51.804  22.683 0.3000000119
25793  30.008  -52.039  22.139 0.3000000119
25807  30.425  -51.518  20.450 0.3000000119
25833  35.662  -50.679  18.051 0.4000000060
25851  36.125  -51.007  17.649 0.4000000060
25852  35.690  -50.717  17.682 0.4000000060
25979  38.063  -51.479  1.953 0.6000000238
26664  31.117  -50.719  23.189 0.3000000119
26680  30.791  -50.173  22.594 0.3000000119
26704  30.419  -50.442  21.859 0.3000000119
26732  32.932  -49.888  19.047 0.4000000060
26733  31.750  -50.163  19.483 0.3000000119
26734  30.952  -50.091  19.913 0.3000000119
26748  35.355  -50.427  17.909 0.4000000060
26916  33.959  -50.182  2.632 0.8000000119
26918  37.268  -49.831  1.838 0.6999999881
26919  36.526  -49.406  1.854 0.6999999881
27575  30.665  -49.548  22.060 0.3000000119
27599  30.605  -49.615  21.305 0.3000000119
27624  32.640  -49.150  19.050 0.3000000119
27638  34.331  -49.096  18.019 0.4000000060
27639  33.802  -48.772  18.366 0.4000000060
27655  34.344  -49.252  17.904 0.4000000060
27810  37.564  -49.105  3.006 0.6000000238
27812  31.846  -49.619  3.714 0.5000000000
27814  37.626  -49.423  2.465 0.6999999881
27815  35.569  -49.542  2.152 0.6000000238
28500  31.333  -48.709  22.514 0.3000000119
28526  31.028  -48.180  21.373 0.3000000119
28548  31.124  -48.199  20.472 0.3000000119
28549  30.772  -48.862  20.930 0.3000000119
28763  34.962  -48.807  4.857 0.5000000000
28769  37.460  -48.435  2.960 0.6000000238
28770  37.237  -48.432  3.353 0.6000000238
28783  37.221  -48.924  2.112 0.6000000238
28784  36.641  -48.731  2.029 0.5000000000
29480  31.370  -47.943  22.121 0.3000000119
29497  31.540  -47.203  21.723 0.3000000119
29543  33.192  -47.305  18.325 0.4000000060
29737  37.089  -47.567  2.741 0.5000000000
30521  31.907  -45.934  20.394 0.3000000119
30532  32.049  -46.184  19.438 0.3000000119
30544  33.252  -46.112  18.133 0.3000000119
30746  37.201  -47.050  3.049 0.5000000000
30755  35.228  -46.575  2.727 0.4000000060
31563  32.586  -45.675  18.829 0.4000000060
119842  38.294  -68.995  14.781 0.4000000060
120720  40.182  -67.021  15.738 0.4000000060
120922  35.912  -63.795  14.712 0.3000000119
121224  36.366  -63.215  8.793 0.4000000060
121965  31.452  -68.214  14.474 0.3000000119
122069  35.655  -62.943  14.591 0.3000000119
122179  36.358  -65.013  11.911 0.5000000000
122340  35.051  -55.787  3.870 0.6999999881
122877  31.383  -55.333  17.300 0.3000000119
122933  33.947  -52.153  2.839 0.6999999881
122934  31.001  -48.509  21.969 0.3000000119
123005  32.029  -51.866  3.690 0.6000000238
123511  35.035  -53.452  5.573 0.6000000238
124004  33.652  -51.983  5.341 0.6000000238
124430  36.125  -65.697  6.135 0.4000000060
125228  31.252  -52.819  4.457 0.5000000000
125296  40.412  -66.314  15.010 0.4000000060
125396  30.911  -51.587  19.734 0.3000000119
125449  38.970  -61.443  12.437 0.4000000060
125833  37.583  -50.674  3.070 0.6999999881
126147  40.122  -60.643  14.708 0.4000000060
126382  33.270  -58.892  11.376 0.6000000238
126838  41.405  -61.691  13.932 0.4000000060
127535  31.262  -55.389  10.248 0.4000000060
128009  34.973  -61.524  5.284 0.6000000238
128504  37.582  -56.636  13.610 0.6000000238
129036  35.540  -56.385  13.843 0.6000000238
130061  39.125  -55.731  14.268 0.6000000238
130387  37.844  -50.949  2.452 0.6999999881
130429  34.610  -69.063  11.751 0.3000000119
130767  33.509  -64.858  14.158 0.3000000119
130940  34.854  -64.045  6.047 0.4000000060
130993  35.182  -65.380  10.019 0.4000000060
131952  32.449  -69.257  14.454 0.3000000119
132131  31.735  -77.951  14.068 0.3000000119
132176  38.036  -71.352  11.146 0.4000000060
132200  33.478  -56.022  4.409 0.6999999881
132228  30.917  -66.101  14.215 0.3000000119
132506  38.894  -66.242  15.758 0.4000000060
132575  34.376  -65.046  14.391 0.3000000119
132998  41.818  -59.275  14.332 0.4000000060
133231  32.040  -47.719  18.987 0.3000000119
133873  37.966  -58.767  8.298 0.6000000238
134082  39.535  -65.980  14.323 0.4000000060
134340  31.700  -74.874  12.616 0.3000000119
134360  36.497  -66.130  14.992 0.4000000060
134527  33.933  -55.769  14.433 0.5000000000
134852  33.261  -44.554  18.370 0.3000000119
134891  32.474  -49.235  3.469 0.5000000000
135302  34.337  -61.593  4.967 0.6000000238
137028  33.622  -57.551  9.615 0.6000000238
137052  35.322  -62.579  6.395 0.4000000060
137160  39.000  -70.461  12.306 0.5000000000
137356  35.064  -67.109  4.624 0.5000000000
137569  31.009  -48.889  20.164 0.3000000119
137979  29.572  -66.919  15.270 0.3000000119
138157  39.241  -55.198  3.515 0.6000000238
138300  36.526  -68.012  12.617 0.4000000060
138454  32.057  -57.295  10.412 0.6000000238
138852  32.553  -55.663  9.152 0.4000000060
139076  31.752  -57.498  7.189 0.5000000000
139099  31.864  -55.817  16.780 0.3000000119
139154  39.051  -54.363  3.089 0.6000000238
139197  32.448  -70.035  18.563 0.3000000119
139361  34.726  -71.466  13.433 0.3000000119
139804  37.286  -48.173  2.715 0.6000000238
139932  30.897  -54.703  10.308 0.5000000000
139979  30.360  -53.008  19.677 0.3000000119
140532  36.129  -54.069  15.432 0.4000000060
140558  33.699  -69.767  14.283 0.4000000060
141547  36.832  -61.881  8.202 0.6000000238
141648  35.588  -54.699  14.940 0.4000000060
141691  38.736  -69.950  13.863 0.4000000060
142080  34.084  -62.727  4.663 0.5000000000
142350  32.073  -65.299  13.904 0.3000000119
142881  35.919  -57.284  13.518 0.5000000000
142947  33.910  -54.892  7.567 0.4000000060
143073  38.662  -57.401  13.502 0.5000000000
143192  37.377  -60.849  11.360 0.6999999881
143412  34.333  -65.981  11.310 0.4000000060
143418  37.599  -53.299  1.926 0.6000000238
143556  39.685  -66.843  15.840 0.4000000060
143649  36.546  -48.205  2.254 0.5000000000
143685  32.980  -49.568  3.171 0.6000000238
143978  33.317  -52.967  6.079 0.5000000000
144219  36.897  -72.324  11.842 0.4000000060
144440  30.724  -56.068  11.859 0.5000000000
