#!ascii label  , from subject sub-v1s22x0050513_ses-1 vox2ras=TkReg
1237
4224  -42.351  -83.408  5.776 0.5000000000
4241  -42.021  -83.488  5.410 0.6000000238
6024  -45.825  -79.704  12.163 0.3000000119
4222  -40.955  -83.821  5.962 0.5000000000
6050  -45.925  -78.858  10.099 0.4000000060
6556  -47.608  -78.446  10.602 0.4000000060
6557  -48.118  -78.421  11.465 0.4000000060
6034  -46.667  -78.964  11.751 0.3000000119
6127  -43.121  -80.401  4.619 0.5000000000
5629  -43.615  -80.771  4.765 0.5000000000
127730  -42.632  -82.955  5.655 0.5000000000
5628  -42.445  -81.036  4.526 0.6000000238
5159  -41.885  -81.814  4.374 0.5000000000
4242  -42.319  -83.052  5.234 0.6000000238
6015  -46.713  -79.837  13.443 0.3000000119
4250  -41.276  -83.322  4.927 0.5000000000
6562  -46.591  -78.585  9.387 0.5000000000
6072  -45.566  -79.061  9.148 0.5000000000
6026  -47.479  -78.973  12.605 0.3000000119
4693  -40.912  -82.940  4.500 0.6000000238
4221  -39.713  -83.408  5.734 0.5000000000
6585  -47.337  -78.101  8.799 0.5000000000
117447  -48.742  -77.917  10.636 0.4000000060
125509  -48.617  -78.369  12.090 0.3000000119
6564  -48.658  -77.758  9.900 0.4000000060
6586  -48.521  -77.556  9.075 0.4000000060
6614  -43.534  -78.211  7.024 0.6999999881
6627  -43.808  -78.264  5.645 0.6999999881
6106  -43.418  -78.907  5.176 0.6999999881
122028  -43.628  -81.804  6.210 0.5000000000
6613  -42.737  -78.685  7.793 0.6999999881
6105  -42.730  -79.551  5.361 0.8000000119
6118  -43.227  -79.625  4.800 0.5000000000
129595  -42.043  -80.746  4.805 0.6999999881
5128  -44.172  -81.130  6.574 0.5000000000
6104  -42.178  -79.780  6.400 0.6999999881
5608  -44.744  -80.545  6.956 0.4000000060
6085  -45.779  -79.303  7.965 0.5000000000
5546  -47.613  -79.628  14.446 0.3000000119
5618  -41.462  -80.918  5.426 0.6000000238
123920  -46.309  -78.865  7.586 0.5000000000
6584  -46.400  -78.695  8.437 0.5000000000
121773  -47.647  -79.395  13.587 0.3000000119
5627  -41.629  -81.371  4.611 0.5000000000
6602  -46.964  -78.012  7.741 0.5000000000
7183  -48.399  -76.395  8.015 0.4000000060
6603  -48.102  -77.248  8.249 0.4000000060
6558  -49.544  -77.271  10.216 0.4000000060
110162  -49.421  -77.664  11.217 0.4000000060
7184  -48.948  -76.485  8.800 0.3000000119
7165  -49.366  -76.715  9.402 0.4000000060
7799  -42.154  -76.210  9.467 0.5000000000
7162  -42.540  -76.873  9.429 0.6000000238
7800  -43.067  -76.140  9.355 0.6000000238
130756  -43.489  -77.348  8.651 0.6000000238
7182  -43.960  -77.506  7.758 0.6000000238
8370  -40.746  -75.316  8.341 0.5000000000
8357  -40.874  -75.794  9.194 0.5000000000
7798  -41.255  -76.473  9.499 0.6000000238
7181  -42.856  -77.504  9.095 0.6000000238
6120  -44.382  -79.306  4.941 0.6000000238
5006  -46.121  -81.716  16.514 0.3000000119
122640  -39.404  -76.300  8.689 0.6999999881
7817  -40.082  -76.012  8.903 0.6000000238
7797  -40.444  -76.601  9.392 0.6000000238
7161  -41.758  -77.064  9.566 0.6000000238
6582  -41.563  -77.868  9.456 0.6999999881
130707  -42.016  -78.889  8.414 0.6999999881
6637  -44.835  -78.471  5.205 0.6000000238
6108  -45.171  -79.140  5.400 0.6000000238
5621  -44.604  -80.682  6.199 0.5000000000
7816  -38.905  -76.259  8.120 0.6999999881
7796  -39.588  -76.813  9.296 0.6000000238
7160  -40.888  -77.358  9.564 0.6000000238
6070  -40.866  -78.972  9.164 0.6999999881
6095  -41.479  -79.880  7.360 0.6999999881
5609  -45.272  -79.889  6.379 0.5000000000
127465  -46.937  -80.175  14.269 0.3000000119
7828  -38.390  -76.495  7.224 0.6999999881
7815  -38.155  -76.734  8.369 0.6000000238
7795  -38.779  -76.742  8.961 0.6999999881
6580  -39.876  -78.348  9.605 0.6000000238
6069  -40.202  -78.987  9.404 0.6000000238
5607  -41.454  -80.368  6.362 0.6999999881
6629  -46.056  -77.897  5.989 0.5000000000
6615  -46.813  -77.501  6.705 0.5000000000
7158  -38.812  -77.410  9.487 0.6000000238
6068  -39.381  -79.032  9.623 0.6000000238
5598  -40.147  -80.285  8.241 0.6000000238
5135  -39.931  -81.307  6.135 0.6000000238
5144  -39.681  -81.827  5.084 0.6000000238
6537  -48.536  -78.727  12.934 0.3000000119
7180  -38.018  -77.252  9.153 0.6999999881
108468  -37.978  -78.088  9.710 0.6000000238
6579  -39.026  -78.267  9.747 0.6000000238
5588  -38.923  -79.795  9.406 0.6000000238
5597  -39.272  -80.405  8.700 0.5000000000
5111  -39.518  -80.827  7.945 0.5000000000
5143  -38.841  -82.064  5.053 0.5000000000
4681  -39.443  -82.482  4.602 0.5000000000
6616  -47.622  -76.911  7.318 0.5000000000
118354  -48.313  -76.404  10.347 0.3000000119
7779  -49.554  -76.422  10.244 0.3000000119
7166  -49.569  -76.636  9.988 0.3000000119
7134  -50.509  -76.323  11.499 0.4000000060
7132  -50.164  -76.867  10.772 0.4000000060
4680  -38.639  -82.662  4.606 0.5000000000
7801  -48.657  -76.106  9.289 0.3000000119
7802  -49.051  -76.342  9.219 0.3000000119
7145  -49.707  -76.885  9.991 0.4000000060
8380  -41.452  -74.529  7.456 0.5000000000
119508  -41.666  -75.103  8.707 0.5000000000
8371  -42.672  -74.653  8.790 0.5000000000
8900  -43.389  -74.582  8.755 0.5000000000
8385  -40.500  -74.871  6.339 0.5000000000
8379  -40.716  -75.047  7.093 0.5000000000
118311  -42.143  -75.462  9.220 0.5000000000
8359  -42.854  -75.459  9.257 0.5000000000
7818  -43.918  -75.985  8.936 0.6000000238
7819  -45.025  -75.777  8.206 0.6000000238
8378  -40.002  -75.414  6.614 0.5000000000
7194  -44.948  -76.805  7.248 0.6000000238
7209  -45.181  -77.309  5.961 0.8000000119
126021  -45.725  -81.657  16.747 0.3000000119
7842  -39.449  -75.654  5.914 0.6000000238
7829  -39.196  -75.956  6.975 0.6000000238
8369  -39.789  -75.662  7.960 0.6000000238
7830  -45.738  -76.033  7.353 0.4000000060
5515  -46.425  -81.388  17.073 0.3000000119
7210  -45.879  -77.108  5.944 0.5000000000
7221  -45.304  -77.823  5.613 0.6000000238
5527  -47.243  -80.810  16.160 0.3000000119
5538  -47.098  -80.479  15.186 0.3000000119
7193  -37.167  -77.342  6.782 0.6999999881
7211  -46.514  -76.412  6.466 0.4000000060
7814  -37.650  -76.944  7.496 0.6000000238
7179  -37.426  -77.212  8.530 0.6999999881
6538  -49.333  -78.260  13.270 0.3000000119
7192  -36.495  -77.659  7.373 0.6000000238
7178  -36.671  -77.596  8.481 0.6999999881
5587  -38.126  -79.951  9.530 0.5000000000
5596  -38.477  -80.507  8.964 0.5000000000
5134  -39.074  -81.607  5.974 0.6000000238
7832  -47.265  -75.648  6.929 0.4000000060
7197  -47.746  -76.140  7.187 0.4000000060
7755  -46.359  -76.661  11.718 0.3000000119
120616  -47.130  -76.538  10.850 0.3000000119
7735  -47.189  -76.616  12.601 0.3000000119
7756  -47.795  -76.603  11.494 0.3000000119
7758  -50.295  -76.243  11.350 0.4000000060
6551  -49.467  -77.937  12.280 0.3000000119
6578  -37.480  -78.908  9.932 0.6000000238
5586  -37.351  -80.185  9.612 0.5000000000
5595  -37.836  -80.530  9.179 0.5000000000
5110  -38.716  -81.075  8.081 0.5000000000
5123  -38.504  -81.560  6.948 0.5000000000
5133  -38.291  -81.920  5.788 0.6000000238
4679  -37.834  -82.690  4.728 0.5000000000
8363  -48.186  -75.760  8.539 0.3000000119
7778  -47.464  -76.204  9.920 0.3000000119
6066  -37.687  -79.510  9.780 0.5000000000
5109  -37.897  -80.990  8.590 0.5000000000
5122  -37.729  -81.889  6.645 0.5000000000
4664  -35.800  -82.601  6.208 0.5000000000
9492  -40.988  -73.631  6.833 0.5000000000
9506  -41.159  -73.985  6.663 0.5000000000
8912  -42.195  -74.076  7.916 0.5000000000
9476  -43.112  -73.208  8.493 0.5000000000
8913  -43.210  -73.707  8.376 0.5000000000
8389  -39.506  -75.157  5.488 0.5000000000
8923  -41.598  -74.023  7.116 0.5000000000
9478  -44.840  -73.034  8.657 0.4000000060
8384  -39.985  -75.187  5.963 0.5000000000
8915  -45.373  -73.631  8.464 0.4000000060
123066  -45.706  -81.342  17.119 0.3000000119
5504  -46.299  -80.885  17.537 0.3000000119
8388  -38.760  -75.687  5.067 0.6000000238
8373  -45.731  -74.500  8.061 0.4000000060
7820  -45.954  -75.268  7.600 0.4000000060
116942  -37.904  -76.581  5.244 0.6000000238
7840  -37.853  -76.843  6.419 0.6000000238
120669  -46.790  -81.365  16.660 0.3000000119
7207  -37.285  -77.313  5.737 0.6000000238
7831  -46.585  -75.610  7.030 0.4000000060
7206  -36.482  -77.846  6.086 0.6000000238
8902  -46.780  -74.163  8.306 0.4000000060
8375  -47.192  -74.409  7.964 0.4000000060
125182  -48.173  -79.196  14.597 0.3000000119
8362  -47.293  -74.878  8.436 0.3000000119
8350  -46.439  -76.207  10.578 0.3000000119
9493  -41.532  -73.776  7.245 0.5000000000
9494  -42.157  -73.763  7.976 0.5000000000
10069  -42.903  -72.956  8.546 0.5000000000
10070  -43.831  -72.797  8.657 0.4000000060
8927  -40.609  -74.327  6.312 0.5000000000
10050  -44.218  -72.616  9.027 0.4000000060
9511  -40.106  -74.334  5.925 0.6000000238
9479  -45.532  -73.322  8.799 0.4000000060
5506  -47.216  -80.369  17.952 0.3000000119
114540  -46.777  -80.838  17.537 0.3000000119
122853  -37.237  -77.115  4.960 0.6000000238
8916  -46.280  -73.929  8.282 0.4000000060
8374  -46.580  -74.637  7.659 0.4000000060
8901  -46.156  -73.765  8.640 0.4000000060
108849  -45.844  -75.091  10.052 0.4000000060
8351  -46.866  -75.447  9.480 0.3000000119
8342  -45.469  -76.145  11.194 0.3000000119
7205  -35.800  -78.085  6.878 0.6000000238
10090  -41.281  -73.308  7.594 0.5000000000
116262  -41.876  -73.077  8.398 0.5000000000
10048  -42.376  -72.780  9.204 0.4000000060
10031  -42.767  -72.590  9.921 0.4000000060
10089  -40.593  -73.209  7.233 0.5000000000
10068  -40.417  -72.847  7.993 0.5000000000
10032  -43.707  -72.665  9.670 0.4000000060
8931  -39.516  -74.683  5.491 0.6000000238
9504  -39.812  -73.665  6.230 0.6000000238
10088  -39.811  -72.910  7.409 0.6000000238
129669  -44.351  -72.751  9.409 0.4000000060
8937  -38.918  -75.043  4.907 0.6000000238
8930  -38.745  -74.548  5.002 0.6000000238
9453  -44.701  -73.002  9.591 0.4000000060
9454  -45.471  -73.179  9.118 0.4000000060
115056  -37.786  -75.911  4.241 0.6000000238
8892  -45.890  -73.785  9.267 0.4000000060
8891  -45.083  -73.945  10.009 0.4000000060
8349  -44.944  -75.341  10.854 0.4000000060
8340  -43.743  -75.459  12.160 0.4000000060
5998  -47.622  -79.920  16.259 0.3000000119
5990  -47.743  -79.721  17.252 0.3000000119
7845  -37.324  -76.606  4.453 0.6000000238
6524  -49.058  -78.102  14.740 0.3000000119
6008  -47.599  -79.781  15.313 0.3000000119
7219  -36.696  -77.620  4.957 0.6000000238
127640  -35.713  -78.301  5.885 0.6000000238
7228  -35.371  -77.868  3.623 0.6999999881
7232  -35.485  -76.196  2.979 0.6999999881
7218  -35.872  -78.181  4.813 0.6000000238
7231  -35.130  -77.020  2.854 0.6999999881
7846  -34.689  -76.646  2.909 0.6999999881
128255  -34.524  -78.510  3.537 0.6000000238
7847  -35.400  -75.948  3.142 0.6999999881
8387  -35.550  -74.551  4.149 0.6000000238
7230  -34.315  -77.134  2.806 0.6999999881
119805  -34.631  -76.512  3.146 0.6999999881
10047  -41.302  -72.710  9.272 0.5000000000
10030  -41.669  -72.511  10.228 0.5000000000
119408  -40.279  -72.547  9.154 0.5000000000
119569  -41.034  -72.907  8.440 0.5000000000
10017  -41.535  -72.231  11.258 0.5000000000
121163  -42.194  -72.583  10.751 0.4000000060
9491  -39.238  -73.243  6.759 0.6000000238
10067  -39.382  -72.572  8.492 0.6000000238
10028  -39.902  -72.060  10.088 0.6000000238
9441  -42.525  -73.219  11.739 0.4000000060
8936  -38.264  -74.895  4.372 0.6000000238
10087  -38.844  -72.798  7.648 0.6000000238
128396  -38.708  -72.359  9.145 0.6000000238
9452  -43.904  -72.882  10.166 0.4000000060
8391  -37.712  -75.220  3.919 0.6000000238
9510  -38.021  -74.164  4.844 0.6000000238
112364  -38.191  -73.547  6.343 0.6000000238
10086  -37.853  -72.980  7.823 0.6000000238
10045  -37.971  -72.357  9.343 0.6000000238
8882  -43.407  -74.522  11.622 0.4000000060
8846  -42.737  -74.305  14.010 0.4000000060
8935  -37.494  -74.666  3.938 0.6000000238
9509  -37.088  -73.794  4.811 0.6000000238
109559  -37.146  -73.497  6.898 0.6000000238
10065  -37.391  -72.864  8.782 0.6000000238
10044  -37.034  -72.554  9.657 0.6000000238
8872  -43.117  -74.925  12.639 0.4000000060
8860  -43.189  -74.921  13.589 0.4000000060
7849  -36.824  -76.283  3.699 0.6000000238
8934  -36.550  -74.351  3.749 0.5000000000
9502  -37.091  -73.689  5.702 0.6000000238
9474  -36.708  -73.270  7.987 0.6000000238
10064  -36.407  -72.995  8.950 0.6000000238
10027  -36.627  -71.786  10.457 0.6999999881
122026  -36.030  -77.450  3.813 0.6999999881
8394  -36.269  -75.354  3.207 0.6000000238
9508  -36.075  -73.503  4.787 0.6000000238
9501  -35.988  -73.440  5.785 0.6000000238
10043  -36.102  -72.522  9.654 0.6000000238
113720  -35.780  -71.356  10.532 0.6000000238
11791  -36.014  -69.381  11.020 0.6000000238
9490  -35.940  -73.367  6.926 0.6000000238
113480  -35.689  -72.815  8.951 0.6000000238
10026  -35.590  -71.909  10.063 0.6000000238
119085  -35.573  -69.942  10.560 0.6000000238
8933  -35.858  -74.219  3.798 0.6000000238
9512  -35.721  -73.825  4.434 0.6000000238
9489  -35.032  -73.001  6.555 0.5000000000
10658  -34.966  -71.800  9.563 0.6000000238
10641  -35.066  -71.246  10.029 0.6000000238
9500  -35.034  -73.296  5.950 0.5000000000
7227  -33.926  -76.915  2.881 0.6999999881
7844  -35.344  -75.668  3.976 0.6999999881
8929  -35.311  -73.849  5.086 0.5000000000
8928  -34.641  -73.433  5.898 0.6000000238
9488  -34.317  -73.012  6.047 0.5000000000
10041  -34.509  -72.010  8.752 0.5000000000
7728  -30.235  -76.282  12.276 0.6000000238
7750  -30.681  -76.488  11.589 0.6000000238
119780  -30.004  -76.606  10.866 0.6000000238
10647  -40.989  -72.154  10.755 0.5000000000
10646  -40.347  -71.883  10.753 0.5000000000
10018  -42.180  -72.626  11.511 0.5000000000
9451  -42.926  -72.815  10.679 0.4000000060
10660  -38.557  -72.033  9.798 0.5000000000
10645  -39.147  -71.788  10.212 0.5000000000
11218  -39.005  -70.590  11.705 0.5000000000
9434  -42.243  -73.572  12.735 0.4000000060
10644  -38.441  -71.583  10.452 0.5000000000
11217  -38.219  -70.291  11.622 0.5000000000
8881  -42.717  -74.120  12.159 0.4000000060
9425  -42.224  -73.707  13.670 0.4000000060
9407  -42.517  -73.586  14.467 0.4000000060
113709  -36.952  -71.116  11.083 0.5000000000
10629  -37.591  -70.699  11.280 0.5000000000
10630  -38.460  -71.022  11.110 0.5000000000
8871  -42.599  -74.366  13.159 0.4000000060
10628  -36.792  -70.503  11.343 0.6000000238
11230  -36.118  -70.258  11.088 0.6000000238
11215  -36.641  -69.723  11.467 0.5000000000
11790  -35.660  -69.061  10.294 0.4000000060
12418  -36.018  -68.394  10.735 0.4000000060
13070  -36.347  -67.592  10.870 0.4000000060
11239  -34.356  -70.838  9.397 0.6000000238
11798  -35.188  -69.583  9.857 0.6000000238
12423  -35.498  -68.748  9.479 0.5000000000
123649  -35.820  -68.371  9.905 0.4000000060
116241  -36.175  -67.719  9.861 0.4000000060
13726  -36.525  -67.105  9.212 0.4000000060
6645  -32.801  -77.681  3.101 0.6999999881
10657  -34.378  -71.419  9.154 0.6000000238
11804  -34.870  -69.184  9.063 0.5000000000
124138  -36.049  -68.076  8.995 0.4000000060
8383  -35.441  -75.045  5.133 0.6000000238
10062  -33.822  -72.242  7.303 0.5000000000
10671  -33.646  -71.625  8.018 0.5000000000
11803  -33.943  -69.621  8.565 0.5000000000
12430  -35.472  -68.470  8.607 0.5000000000
12431  -36.033  -67.956  7.980 0.4000000060
10656  -33.559  -71.100  8.398 0.5000000000
8311  -30.057  -75.735  13.840 0.6999999881
8325  -30.898  -75.892  12.928 0.6000000238
8296  -30.703  -75.172  14.075 0.6999999881
8326  -31.810  -75.753  12.764 0.6000000238
8857  -31.663  -74.773  13.826 0.6000000238
7751  -31.655  -76.541  11.513 0.6000000238
8314  -32.256  -75.173  13.247 0.6000000238
8858  -32.628  -74.414  13.578 0.6000000238
9423  -32.948  -73.551  13.843 0.6000000238
10000  -33.435  -72.383  13.469 0.6000000238
7774  -30.942  -76.797  10.890 0.5000000000
7730  -32.389  -76.193  12.075 0.6000000238
8327  -32.765  -75.550  12.611 0.6000000238
8868  -33.194  -74.847  12.986 0.6000000238
9424  -33.575  -73.095  13.349 0.6000000238
10008  -41.656  -72.255  12.127 0.5000000000
125294  -31.059  -77.127  10.204 0.5000000000
7775  -31.953  -76.871  10.684 0.5000000000
8869  -33.890  -74.407  12.509 0.5000000000
9433  -33.950  -73.509  12.579 0.5000000000
10632  -40.071  -71.443  11.389 0.4000000060
116120  -41.592  -72.396  12.872 0.5000000000
10009  -42.011  -72.799  12.366 0.4000000060
7144  -32.574  -76.988  10.086 0.5000000000
7752  -33.162  -76.222  11.539 0.5000000000
8879  -34.174  -74.824  11.846 0.5000000000
9439  -34.046  -73.206  11.850 0.5000000000
11219  -39.777  -70.921  11.932 0.5000000000
10002  -41.785  -73.018  13.313 0.4000000060
9406  -41.857  -73.038  14.211 0.4000000060
112093  -42.229  -72.162  15.364 0.4000000060
7143  -31.713  -77.250  9.769 0.5000000000
7776  -33.903  -76.265  10.405 0.5000000000
8338  -33.833  -75.640  11.594 0.6000000238
8880  -34.301  -74.464  11.323 0.6000000238
9969  -42.274  -72.888  14.958 0.4000000060
128808  -33.261  -77.060  9.167 0.6000000238
7777  -34.410  -75.697  10.007 0.6000000238
8348  -34.421  -75.203  10.529 0.6999999881
11779  -37.974  -69.565  12.012 0.4000000060
11778  -37.208  -69.159  11.811 0.5000000000
7202  -31.426  -77.085  4.732 0.6000000238
13064  -36.651  -67.601  11.502 0.4000000060
7215  -31.624  -77.189  3.640 0.6000000238
12411  -36.418  -68.103  11.348 0.4000000060
7216  -32.845  -77.309  3.520 0.6000000238
13717  -36.567  -66.953  10.263 0.4000000060
7839  -35.263  -76.113  5.567 0.6000000238
7217  -33.801  -76.924  3.273 0.6999999881
8925  -34.470  -73.533  5.974 0.6000000238
8920  -33.593  -73.444  6.380 0.6000000238
10084  -33.593  -72.813  6.258 0.5000000000
10061  -32.938  -71.950  6.968 0.5000000000
8843  -31.138  -74.399  14.487 0.6999999881
8829  -31.538  -73.630  14.839 0.6000000238
9404  -32.413  -73.225  14.524 0.6000000238
125615  -32.549  -72.548  14.761 0.6000000238
9405  -33.129  -72.610  14.114 0.6000000238
10594  -33.247  -71.862  13.979 0.6999999881
10618  -33.342  -71.897  13.180 0.6000000238
11206  -40.180  -70.646  12.658 0.5000000000
10607  -40.851  -70.996  13.042 0.5000000000
121798  -41.215  -71.832  11.940 0.5000000000
10608  -41.250  -71.369  13.499 0.5000000000
10006  -33.206  -72.007  12.259 0.6000000238
10617  -32.551  -71.366  12.642 0.5000000000
11198  -41.063  -70.676  13.915 0.5000000000
10001  -41.519  -72.233  13.719 0.5000000000
10579  -41.751  -71.393  15.229 0.4000000060
10025  -33.587  -72.932  10.895 0.6000000238
10627  -32.170  -71.587  11.664 0.5000000000
11205  -39.450  -70.303  12.388 0.5000000000
117584  -32.209  -77.361  6.229 0.6000000238
7191  -32.733  -77.339  7.462 0.4000000060
7176  -33.112  -77.223  8.524 0.6000000238
110599  -34.584  -75.017  9.988 0.6000000238
9450  -34.160  -74.039  10.146 0.6000000238
11766  -38.462  -69.238  12.509 0.4000000060
12401  -38.852  -68.866  13.043 0.4000000060
110809  -33.126  -77.347  6.624 0.5000000000
7825  -33.720  -76.960  7.661 0.5000000000
7811  -33.836  -76.680  8.938 0.6000000238
112614  -34.501  -76.045  9.121 0.6999999881
8899  -34.383  -74.547  9.475 0.6000000238
9462  -33.633  -73.809  9.183 0.6000000238
9448  -32.970  -73.155  9.672 0.6000000238
12399  -37.766  -68.727  12.275 0.5000000000
7203  -32.795  -77.382  5.100 0.6000000238
7812  -34.545  -76.348  8.202 0.6000000238
10040  -31.962  -72.734  8.997 0.6000000238
12412  -36.984  -68.170  11.876 0.4000000060
7837  -33.877  -77.170  6.270 0.5000000000
7826  -34.539  -76.567  7.154 0.6000000238
8367  -34.977  -75.683  8.251 0.6000000238
9472  -33.184  -73.731  7.742 0.6000000238
9461  -32.514  -73.333  8.325 0.6000000238
7204  -33.904  -77.168  4.718 0.6000000238
7827  -35.124  -76.201  6.791 0.6000000238
8922  -35.053  -75.193  7.536 0.6000000238
8910  -33.740  -74.091  7.143 0.6000000238
8921  -34.562  -74.482  6.733 0.6000000238
8926  -35.142  -74.605  6.003 0.6000000238
10083  -32.703  -72.608  6.421 0.5000000000
10670  -32.642  -71.693  6.966 0.5000000000
8295  -29.845  -75.370  14.541 0.6999999881
8842  -30.297  -74.715  14.870 0.6999999881
8278  -28.615  -75.235  15.903 0.6999999881
123546  -29.124  -74.555  15.991 0.6999999881
8827  -29.863  -74.274  15.635 0.6999999881
9389  -31.087  -73.205  15.516 0.6999999881
9390  -31.933  -72.874  15.150 0.6000000238
10578  -32.374  -71.375  15.192 0.6000000238
11185  -32.130  -70.599  14.840 0.5000000000
10593  -32.711  -71.275  14.418 0.6999999881
11195  -32.163  -70.527  13.889 0.5000000000
11203  -31.927  -70.626  12.875 0.5000000000
11197  -40.451  -70.324  13.392 0.4000000060
11186  -40.980  -70.129  14.710 0.5000000000
110496  -41.341  -70.799  14.777 0.5000000000
11174  -41.544  -70.364  15.436 0.5000000000
11162  -42.048  -70.234  16.016 0.4000000060
11754  -39.477  -69.243  13.389 0.4000000060
127739  -40.600  -70.030  14.060 0.4000000060
10640  -31.840  -71.859  10.728 0.6000000238
10024  -32.361  -72.509  10.225 0.6000000238
10639  -31.303  -71.415  10.313 0.6000000238
10039  -31.311  -72.392  8.468 0.6000000238
10023  -31.457  -72.082  9.584 0.6000000238
9487  -32.957  -73.414  6.664 0.6000000238
9471  -32.248  -73.270  7.021 0.6000000238
10655  -30.944  -71.984  8.494 0.6000000238
10060  -31.538  -72.825  7.579 0.5000000000
9486  -32.631  -73.054  6.537 0.6000000238
10082  -31.713  -72.706  6.755 0.5000000000
10681  -31.961  -72.336  6.557 0.5000000000
8265  -27.773  -75.052  16.520 0.6999999881
9387  -29.210  -73.782  16.353 0.6999999881
9367  -29.743  -72.902  16.467 0.6999999881
9388  -30.217  -73.490  15.924 0.6999999881
9965  -30.643  -72.677  16.154 0.6000000238
9966  -31.469  -72.407  15.736 0.6999999881
10577  -31.762  -71.574  15.820 0.4000000060
8810  -27.615  -74.322  16.650 0.6999999881
9366  -28.294  -73.708  16.612 0.6999999881
116010  -28.871  -73.028  16.598 0.6000000238
9949  -30.175  -72.081  16.655 0.6000000238
11172  -31.514  -69.965  15.245 0.5000000000
108505  -26.158  -74.951  16.552 0.6999999881
8809  -26.798  -74.195  16.574 0.6999999881
11753  -31.061  -69.242  13.668 0.5000000000
130456  -25.154  -74.356  15.722 0.6999999881
11194  -31.459  -69.914  13.178 0.5000000000
125920  -24.756  -73.875  15.427 0.6000000238
9964  -24.145  -73.049  15.206 0.6000000238
9982  -23.678  -72.038  14.613 0.6000000238
10590  -23.033  -71.162  13.796 0.5000000000
110462  -23.360  -70.893  12.901 0.5000000000
11732  -41.060  -69.522  15.393 0.4000000060
11723  -41.665  -69.634  16.016 0.4000000060
10669  -30.608  -72.045  7.297 0.6000000238
10567  -30.508  -71.211  16.797 0.5000000000
10568  -31.315  -70.940  16.393 0.5000000000
9365  -27.586  -73.588  16.583 0.6000000238
9947  -28.466  -72.411  16.592 0.6000000238
9948  -29.273  -72.245  16.730 0.6000000238
11159  -29.851  -70.616  17.155 0.6000000238
11161  -31.268  -70.150  16.135 0.5000000000
11742  -30.875  -69.247  14.450 0.5000000000
9386  -26.255  -73.643  16.028 0.6999999881
9364  -26.997  -73.423  16.383 0.6000000238
9946  -27.578  -72.697  16.337 0.6000000238
10565  -28.693  -71.569  16.873 0.6000000238
119583  -28.391  -70.683  17.107 0.6000000238
12382  -31.166  -68.837  13.506 0.5000000000
8825  -25.447  -73.809  15.517 0.6999999881
126202  -26.660  -72.933  15.763 0.6000000238
10576  -26.910  -71.790  15.395 0.6000000238
10563  -27.087  -71.087  16.158 0.6000000238
11158  -27.498  -70.479  16.813 0.6000000238
9403  -25.099  -73.386  14.777 0.6000000238
9385  -25.899  -73.193  15.100 0.6000000238
113834  -26.580  -71.713  14.743 0.6000000238
11171  -26.596  -70.878  15.425 0.6000000238
9983  -24.768  -72.675  14.276 0.6000000238
9998  -25.343  -72.231  13.609 0.6000000238
10605  -26.118  -71.738  13.302 0.6000000238
11183  -26.367  -71.194  14.410 0.6000000238
10591  -24.366  -71.723  13.786 0.5000000000
10602  -24.083  -71.120  13.137 0.5000000000
10603  -25.063  -71.748  13.054 0.5000000000
10604  -25.826  -71.774  13.068 0.6000000238
11193  -26.253  -71.442  13.423 0.6000000238
12355  -41.251  -68.893  15.977 0.4000000060
10623  -22.352  -71.230  11.626 0.5000000000
10613  -24.947  -71.342  12.511 0.5000000000
10614  -25.718  -71.336  12.479 0.6000000238
111261  -26.326  -70.839  12.960 0.6000000238
110457  -22.904  -70.904  11.125 0.5000000000
11227  -24.550  -70.600  10.907 0.5000000000
11211  -23.858  -70.676  11.497 0.4000000060
10625  -25.044  -70.857  11.760 0.5000000000
11213  -26.193  -70.754  12.180 0.6000000238
11160  -30.622  -70.349  16.705 0.6000000238
11730  -30.457  -68.909  15.739 0.5000000000
11731  -30.903  -69.402  15.528 0.5000000000
109761  -29.785  -69.690  17.031 0.6000000238
12339  -29.876  -68.756  16.380 0.5000000000
12369  -30.905  -68.322  14.147 0.5000000000
109304  -28.108  -69.757  17.209 0.6999999881
12337  -28.348  -68.767  17.064 0.6999999881
11719  -26.776  -70.240  16.325 0.6000000238
11720  -27.391  -69.077  16.846 0.6999999881
11729  -26.383  -69.902  15.706 0.6000000238
12335  -26.765  -68.534  16.384 0.6999999881
11740  -26.220  -69.598  14.749 0.6000000238
12351  -26.340  -68.986  15.727 0.6999999881
11751  -26.207  -69.855  13.623 0.6000000238
12367  -26.133  -68.596  14.839 0.6999999881
10665  -22.771  -72.209  8.563 0.5000000000
10638  -24.429  -70.905  9.971 0.5000000000
109380  -25.437  -70.418  11.081 0.4000000060
11212  -25.952  -70.351  11.540 0.6000000238
114762  -26.138  -69.266  12.487 0.6000000238
10653  -23.402  -71.345  9.453 0.5000000000
126308  -25.052  -70.564  10.345 0.4000000060
130590  -25.774  -70.067  10.907 0.5000000000
12368  -30.654  -68.294  14.661 0.5000000000
12353  -30.313  -68.317  15.445 0.5000000000
108835  -29.241  -68.969  17.022 0.6000000238
12338  -29.078  -68.221  16.641 0.5000000000
12991  -29.835  -67.250  15.982 0.5000000000
12336  -27.483  -68.189  16.705 0.6999999881
13005  -26.363  -67.954  15.705 0.6000000238
12381  -25.964  -68.394  13.890 0.6999999881
113556  -26.307  -67.199  15.327 0.6000000238
12407  -26.074  -69.004  11.890 0.6000000238
12396  -25.994  -68.397  12.764 0.6000000238
11245  -24.900  -70.855  8.348 0.5000000000
112223  -25.457  -70.241  10.140 0.4000000060
11774  -25.965  -69.643  11.289 0.6000000238
120598  -25.695  -69.970  8.209 0.4000000060
11237  -25.334  -70.320  8.964 0.4000000060
109814  -25.519  -68.843  9.538 0.5000000000
11788  -25.691  -69.495  10.425 0.5000000000
12990  -29.023  -67.323  16.434 0.6000000238
13625  -30.297  -66.522  16.158 0.5000000000
12989  -28.264  -67.080  16.572 0.6000000238
13623  -28.641  -66.488  16.511 0.5000000000
13621  -27.053  -66.677  16.234 0.6000000238
116125  -26.583  -67.167  15.933 0.6000000238
13622  -27.527  -65.868  16.226 0.5000000000
13640  -26.541  -66.443  15.525 0.6000000238
13036  -25.837  -67.557  13.670 0.6999999881
14350  -26.332  -65.887  14.794 0.5000000000
12395  -25.827  -68.106  11.884 0.6000000238
12406  -25.803  -68.751  11.157 0.5000000000
11795  -25.659  -69.125  8.510 0.4000000060
12416  -25.534  -68.394  10.339 0.5000000000
13060  -23.455  -67.115  11.349 0.4000000060
13703  -23.582  -66.263  11.519 0.3000000119
114256  -23.738  -65.918  10.768 0.4000000060
14309  -29.112  -65.736  16.548 0.5000000000
13721  -23.099  -66.816  8.612 0.3000000119
110406  -23.357  -66.104  8.859 0.4000000060
14328  -27.278  -65.352  15.791 0.5000000000
121267  -28.715  -65.172  16.471 0.5000000000
13082  -23.422  -67.515  7.316 0.3000000119
13728  -23.419  -66.229  8.242 0.4000000060
14327  -26.757  -65.635  15.392 0.5000000000
13090  -24.374  -67.781  6.532 0.3000000119
13679  -25.756  -66.657  13.463 0.6000000238
116246  -25.505  -67.077  11.759 0.6999999881
13693  -25.589  -66.412  12.529 0.6000000238
12420  -25.465  -68.051  9.579 0.5000000000
13061  -25.523  -67.752  11.027 0.5000000000
13068  -25.457  -67.446  10.074 0.4000000060
14390  -25.647  -65.744  10.918 0.4000000060
14375  -21.388  -65.442  12.961 0.3000000119
119186  -23.201  -65.936  12.337 0.3000000119
14377  -23.016  -65.074  12.431 0.3000000119
14389  -23.684  -65.345  11.641 0.3000000119
14403  -23.916  -65.400  10.334 0.4000000060
14308  -28.016  -65.068  16.192 0.5000000000
13737  -23.603  -66.302  7.733 0.4000000060
14429  -23.678  -65.615  8.419 0.4000000060
15051  -27.584  -64.637  15.508 0.5000000000
13747  -24.030  -66.891  7.033 0.4000000060
13738  -24.267  -66.080  7.164 0.4000000060
14367  -26.330  -65.318  14.080 0.5000000000
112552  -27.273  -64.452  14.907 0.5000000000
113968  -25.081  -67.324  6.169 0.4000000060
110124  -26.726  -64.561  13.691 0.5000000000
13704  -25.554  -66.074  11.624 0.5000000000
114727  -26.245  -64.991  13.068 0.5000000000
13076  -25.919  -67.671  7.821 0.3000000119
13722  -25.976  -66.811  8.216 0.4000000060
124679  -25.707  -65.783  10.130 0.4000000060
14379  -26.369  -64.619  12.007 0.4000000060
14374  -20.558  -65.218  13.282 0.3000000119
15103  -21.857  -64.973  12.602 0.3000000119
15123  -23.573  -64.416  12.029 0.4000000060
110532  -24.101  -64.644  10.986 0.4000000060
15832  -31.924  -63.730  16.420 0.4000000060
15157  -24.184  -64.874  9.675 0.4000000060
15831  -31.047  -63.701  16.138 0.4000000060
14441  -23.798  -65.715  7.885 0.4000000060
15187  -24.087  -65.089  7.997 0.4000000060
15053  -29.174  -64.117  16.000 0.4000000060
15188  -24.518  -64.588  7.497 0.4000000060
15071  -27.311  -64.177  14.190 0.5000000000
13748  -25.175  -66.659  6.214 0.4000000060
13084  -26.931  -67.241  5.942 0.3000000119
15088  -27.328  -64.040  13.177 0.5000000000
13723  -26.238  -65.919  8.641 0.3000000119
15102  -20.586  -64.804  12.532 0.3000000119
15121  -21.403  -64.196  12.214 0.3000000119
15122  -22.639  -64.269  12.365 0.3000000119
15906  -23.278  -63.004  11.817 0.4000000060
15922  -24.385  -63.249  10.720 0.4000000060
112007  -24.401  -62.469  10.545 0.3000000119
15934  -24.552  -63.263  9.630 0.4000000060
15833  -33.069  -63.393  16.355 0.4000000060
16572  -34.411  -62.865  15.969 0.4000000060
116129  -24.543  -63.601  8.554 0.4000000060
15830  -30.076  -63.973  16.073 0.4000000060
15844  -28.860  -63.725  15.304 0.4000000060
15200  -25.137  -65.010  6.713 0.3000000119
15072  -27.943  -63.892  14.899 0.4000000060
13749  -26.510  -66.554  5.769 0.3000000119
14452  -26.264  -65.592  5.920 0.3000000119
14443  -27.611  -66.183  6.459 0.3000000119
15124  -26.364  -64.738  11.098 0.4000000060
119065  -19.211  -64.229  12.644 0.3000000119
15905  -22.238  -63.380  11.999 0.4000000060
16619  -22.447  -62.411  11.595 0.4000000060
16620  -23.438  -62.348  11.534 0.4000000060
116718  -35.445  -62.101  15.474 0.4000000060
16571  -33.795  -62.167  15.921 0.4000000060
113330  -24.660  -62.910  8.687 0.4000000060
15847  -31.718  -63.084  15.984 0.4000000060
109084  -24.738  -63.908  7.640 0.4000000060
15845  -29.701  -63.626  15.463 0.4000000060
16570  -31.574  -62.548  15.274 0.4000000060
15189  -25.332  -64.223  7.020 0.3000000119
122308  -29.447  -63.423  14.813 0.4000000060
119950  -28.031  -64.975  6.063 0.3000000119
15858  -28.217  -63.678  13.587 0.5000000000
14453  -27.417  -66.031  5.800 0.3000000119
116896  -28.049  -65.245  6.139 0.3000000119
15159  -27.492  -64.661  9.243 0.3000000119
120743  -27.256  -64.283  11.128 0.4000000060
128720  -25.861  -65.800  9.464 0.4000000060
15902  -18.863  -63.265  11.499 0.3000000119
17280  -24.385  -61.458  10.181 0.3000000119
17229  -35.163  -61.476  15.494 0.4000000060
15946  -24.740  -63.208  7.943 0.3000000119
16558  -33.014  -62.670  16.120 0.4000000060
17228  -34.336  -61.469  15.592 0.3000000119
15955  -25.327  -63.262  7.481 0.3000000119
16569  -30.898  -62.766  14.931 0.4000000060
17226  -32.875  -61.916  15.548 0.4000000060
15957  -27.377  -63.554  6.801 0.3000000119
130165  -28.141  -64.130  6.703 0.3000000119
15874  -29.247  -63.340  13.333 0.4000000060
14444  -27.948  -65.509  6.645 0.3000000119
15145  -28.422  -64.103  9.654 0.3000000119
15144  -27.697  -64.350  10.200 0.3000000119
15908  -28.147  -63.830  11.508 0.3000000119
16645  -24.771  -62.198  8.249 0.3000000119
117578  -24.806  -60.574  8.229 0.3000000119
16657  -25.076  -62.197  7.816 0.3000000119
17227  -33.466  -61.320  15.425 0.3000000119
16588  -32.083  -61.928  14.969 0.4000000060
17241  -33.395  -60.714  15.076 0.4000000060
16659  -27.400  -62.892  7.442 0.3000000119
16586  -30.688  -62.556  14.118 0.4000000060
16587  -31.417  -62.181  14.324 0.4000000060
15176  -28.498  -64.140  7.808 0.3000000119
15175  -28.410  -64.261  8.484 0.3000000119
15888  -28.986  -63.457  12.509 0.3000000119
15125  -28.358  -63.941  10.582 0.3000000119
17306  -26.946  -61.851  8.487 0.3000000119
16648  -28.139  -63.042  7.951 0.3000000119
17249  -31.335  -61.628  13.853 0.3000000119
17968  -31.789  -61.056  14.101 0.3000000119
110756  -28.582  -63.265  8.727 0.3000000119
16595  -29.842  -62.895  13.282 0.3000000119
15126  -29.003  -63.553  10.102 0.3000000119
130471  -28.799  -63.539  11.782 0.3000000119
18023  -26.612  -60.896  9.793 0.3000000119
18008  -26.374  -60.282  10.377 0.3000000119
17296  -28.433  -62.182  9.843 0.3000000119
17248  -30.757  -61.659  13.444 0.3000000119
17281  -27.634  -61.536  10.312 0.3000000119
17997  -26.461  -60.084  11.160 0.3000000119
15143  -26.778  -64.691  10.324 0.4000000060
13730  -26.854  -66.498  7.300 0.3000000119
14431  -27.823  -64.981  7.878 0.3000000119
6119  -43.818  -79.199  4.807 0.6000000238
5147  -43.874  -81.150  5.242 0.5000000000
4682  -42.864  -82.387  5.134 0.5000000000
4695  -42.170  -82.458  4.599 0.5000000000
5137  -44.083  -81.308  5.884 0.5000000000
6084  -44.891  -79.611  8.501 0.5000000000
6626  -42.951  -78.961  6.317 0.6999999881
7208  -44.373  -77.633  6.290 0.6999999881
6083  -42.174  -79.344  7.498 0.6999999881
5619  -42.112  -80.304  5.503 0.6999999881
111548  -44.137  -80.852  7.274 0.4000000060
6086  -46.330  -78.489  6.801 0.5000000000
6009  -48.898  -78.553  14.221 0.3000000119
7821  -48.465  -75.984  8.325 0.3000000119
8372  -44.688  -74.880  8.519 0.6000000238
7163  -43.302  -76.763  9.150 0.6000000238
8360  -43.685  -75.242  8.956 0.5000000000
6600  -42.335  -78.240  8.951 0.6999999881
5526  -46.646  -81.325  15.898 0.3000000119
7159  -39.627  -77.662  9.586 0.6000000238
6581  -40.732  -78.286  9.467 0.6000000238
6082  -41.355  -79.343  8.425 0.6999999881
117371  -45.740  -78.910  6.136 0.6000000238
6107  -44.724  -80.052  5.528 0.5000000000
6081  -40.534  -79.537  8.838 0.6000000238
5125  -40.086  -80.879  7.231 0.6999999881
6067  -38.397  -79.080  9.814 0.5000000000
5124  -39.316  -81.236  7.126 0.5000000000
7157  -37.070  -77.740  9.284 0.6000000238
7757  -49.265  -76.326  11.173 0.3000000119
7195  -45.873  -76.555  6.438 0.5000000000
6525  -49.894  -77.575  13.674 0.3000000119
111567  -37.870  -81.495  7.732 0.5000000000
9463  -44.860  -72.831  8.986 0.4000000060
126610  -38.761  -74.106  5.350 0.6000000238
7229  -36.006  -76.584  3.218 0.6999999881
8938  -36.042  -74.813  3.333 0.6000000238
115827  -35.674  -74.190  4.055 0.6000000238
112606  -38.312  -73.165  7.119 0.6000000238
10631  -39.320  -71.169  11.282 0.5000000000
9442  -43.220  -73.493  11.156 0.4000000060
10659  -37.737  -71.982  10.126 0.5000000000
7226  -33.194  -77.288  3.109 0.6000000238
113524  -34.737  -76.531  4.396 0.6999999881
10633  -40.797  -71.800  11.387 0.4000000060
11204  -38.706  -69.964  12.182 0.4000000060
13707  -36.715  -66.965  11.227 0.4000000060
6642  -32.018  -77.915  3.199 0.6000000238
8313  -31.313  -75.395  13.399 0.6000000238
8337  -33.204  -75.862  12.083 0.6000000238
10595  -41.420  -71.447  14.336 0.5000000000
7793  -33.385  -76.777  9.790 0.5000000000
10015  -32.835  -72.225  11.287 0.6000000238
7155  -32.580  -77.292  9.252 0.4000000060
126757  -35.153  -75.173  6.872 0.5000000000
12400  -38.624  -67.969  13.087 0.5000000000
8898  -34.001  -74.246  8.406 0.6000000238
7813  -35.020  -76.164  7.616 0.5000000000
9384  -24.037  -73.874  15.840 0.6000000238
10624  -23.137  -70.855  12.072 0.5000000000
109167  -29.155  -70.895  17.218 0.5000000000
129910  -26.957  -72.349  15.681 0.6000000238
112749  -27.815  -71.309  16.637 0.6000000238
11721  -28.931  -69.466  17.251 0.6000000238
9984  -25.572  -72.701  14.326 0.6000000238
116122  -22.818  -71.186  10.300 0.5000000000
12352  -29.708  -67.902  15.969 0.5000000000
13020  -26.042  -67.728  14.695 0.6000000238
11236  -24.971  -70.680  9.521 0.5000000000
13052  -25.695  -67.394  12.665 0.6000000238
13067  -23.310  -67.561  10.245 0.3000000119
109444  -27.834  -66.507  16.478 0.5000000000
112080  -25.569  -68.230  8.722 0.3000000119
15037  -30.557  -64.393  16.387 0.4000000060
13714  -25.667  -66.483  9.481 0.4000000060
13729  -26.695  -67.282  6.784 0.3000000119
15104  -27.238  -64.039  12.174 0.5000000000
15848  -32.433  -63.178  16.260 0.4000000060
15120  -20.273  -64.203  11.798 0.3000000119
15966  -26.355  -64.425  6.418 0.3000000119
15860  -29.635  -63.204  14.039 0.4000000060
108635  -26.212  -63.111  7.216 0.3000000119
15887  -28.110  -63.723  12.437 0.4000000060
16616  -18.781  -62.629  11.249 0.3000000119
120660  -26.620  -62.777  7.337 0.3000000119
16585  -30.149  -62.825  13.884 0.4000000060
17295  -27.325  -61.712  9.409 0.3000000119
4217  -33.647  -83.844  6.526 0.5000000000
4198  -34.169  -83.331  7.311 0.5000000000
4663  -35.027  -82.909  6.665 0.5000000000
129962  -32.923  -83.957  8.182 0.5000000000
4180  -33.585  -83.598  8.350 0.5000000000
4649  -34.936  -82.823  7.853 0.5000000000
4650  -35.632  -82.568  7.340 0.5000000000
4651  -36.409  -82.320  7.067 0.4000000060
4164  -32.956  -83.869  9.197 0.4000000060
4165  -33.803  -83.402  9.390 0.5000000000
4641  -35.628  -82.354  8.421 0.5000000000
4642  -36.465  -81.960  8.222 0.4000000060
4630  -33.959  -82.910  10.130 0.5000000000
4631  -34.595  -82.440  9.812 0.5000000000
4181  -34.324  -83.174  8.564 0.5000000000
5093  -34.800  -81.726  10.062 0.5000000000
4632  -35.274  -82.100  9.417 0.5000000000
5094  -35.502  -81.412  9.707 0.5000000000
110166  -36.122  -81.208  9.487 0.5000000000
5585  -36.600  -80.666  9.597 0.4000000060
4619  -34.095  -82.157  10.402 0.5000000000
5082  -35.027  -80.964  10.104 0.5000000000
5575  -36.146  -80.090  10.061 0.5000000000
5576  -36.743  -80.034  9.901 0.5000000000
5581  -31.966  -80.399  10.207 0.5000000000
5080  -33.516  -81.715  10.655 0.5000000000
130895  -32.981  -81.196  10.702 0.5000000000
5572  -33.676  -80.798  10.472 0.5000000000
6044  -34.090  -79.945  10.148 0.5000000000
5573  -34.558  -80.499  10.238 0.5000000000
6064  -34.496  -79.246  9.747 0.5000000000
6046  -35.808  -79.397  10.131 0.5000000000
6561  -36.600  -78.953  10.061 0.5000000000
5582  -32.311  -80.061  9.622 0.5000000000
6062  -32.743  -79.751  9.020 0.5000000000
6092  -32.273  -79.757  6.744 0.5000000000
6063  -33.635  -79.506  9.441 0.5000000000
6079  -33.305  -79.434  8.326 0.5000000000
123360  -32.909  -79.655  7.311 0.5000000000
6574  -34.116  -78.947  8.966 0.5000000000
6597  -33.949  -78.960  8.033 0.5000000000
6575  -34.902  -78.681  9.349 0.5000000000
129409  -35.286  -78.303  8.211 0.5000000000
6065  -35.258  -78.951  9.998 0.5000000000
6560  -35.923  -78.787  10.012 0.5000000000
121968  -37.111  -78.391  9.747 0.5000000000
6641  -31.257  -78.043  3.420 0.5000000000
6126  -32.187  -78.854  3.636 0.6000000238
117311  -32.946  -79.662  6.347 0.5000000000
6611  -34.340  -78.859  7.042 0.5000000000
6633  -33.577  -79.378  4.639 0.5000000000
112004  -35.084  -78.528  6.376 0.5000000000
6624  -34.366  -78.971  5.572 0.5000000000
7177  -35.842  -77.996  8.097 0.5000000000
7156  -36.146  -77.970  9.121 0.5000000000
7223  -30.178  -77.156  3.844 0.5000000000
7224  -31.086  -77.385  3.430 0.5000000000
126109  -33.171  -78.688  3.374 0.6000000238
7725  -27.848  -76.696  11.501 0.5000000000
123633  -29.222  -76.485  11.679 0.6000000238
7112  -27.663  -77.197  12.494 0.5000000000
7726  -28.566  -76.739  12.361 0.5000000000
7727  -29.468  -76.397  12.737 0.6000000238
7706  -29.532  -76.194  13.564 0.6000000238
7093  -28.176  -77.149  13.363 0.5000000000
123272  -28.487  -76.857  14.153 0.6000000238
7686  -27.958  -76.852  15.014 0.5000000000
7688  -29.399  -75.945  14.252 0.6000000238
8294  -29.091  -75.658  15.007 0.6000000238
130552  -27.293  -76.972  15.552 0.5000000000
7668  -28.335  -76.046  15.436 0.6000000238
8279  -29.501  -74.991  15.327 0.6000000238
7653  -26.889  -76.527  16.126 0.5000000000
8277  -27.958  -75.730  16.116 0.5000000000
8262  -25.422  -75.510  16.361 0.5000000000
116928  -24.691  -75.195  16.261 0.6000000238
9362  -23.324  -73.952  16.493 0.6000000238
8806  -23.351  -74.696  16.914 0.5000000000
7654  -27.289  -75.758  16.406 0.5000000000
8807  -24.591  -74.527  15.931 0.5000000000
9963  -23.031  -72.461  15.409 0.6000000238
9383  -23.267  -73.220  15.976 0.6000000238
9981  -22.566  -71.849  14.740 0.6000000238
7089  -50.472  -76.610  13.609 0.3000000119
7695  -50.119  -75.735  14.128 0.3000000119
7119  -50.635  -76.308  11.811 0.3000000119
113671  -49.809  -74.526  14.643 0.3000000119
7737  -50.482  -75.942  12.267 0.3000000119
7118  -50.708  -76.676  12.097 0.3000000119
6539  -50.286  -77.414  12.618 0.3000000119
5095  -36.649  -81.370  9.037 0.4000000060
6612  -35.173  -78.372  7.503 0.5000000000
6625  -35.114  -78.647  5.139 0.5000000000
123234  -29.856  -76.472  11.451 0.5000000000
5108  -35.971  -81.765  9.106 0.5000000000
5081  -34.292  -81.343  10.392 0.5000000000
111532  -32.264  -81.002  10.729 0.5000000000
5571  -32.754  -80.590  10.381 0.5000000000
128990  -31.690  -79.973  9.525 0.5000000000
6078  -32.429  -79.790  7.900 0.5000000000
6623  -33.621  -79.350  6.035 0.5000000000
124474  -50.797  -76.185  13.052 0.3000000119
8320  -49.824  -75.479  13.359 0.3000000119
8321  -50.369  -75.547  13.519 0.3000000119
7718  -50.626  -75.890  12.818 0.3000000119
7717  -50.353  -75.670  12.945 0.3000000119
8306  -49.804  -75.224  14.201 0.3000000119
130492  -32.579  -61.112  14.698 0.3000000119
3750  -32.478  -84.253  7.671 0.5000000000
4166  -34.359  -82.987  9.410 0.5000000000
4197  -33.256  -83.858  7.463 0.5000000000
4199  -39.296  -83.672  6.854 0.5000000000
4218  -34.482  -83.337  6.014 0.5000000000
4240  -40.582  -83.427  5.190 0.5000000000
4640  -34.885  -82.675  8.935 0.5000000000
4652  -37.063  -82.114  6.458 0.5000000000
4667  -42.641  -83.059  6.145 0.5000000000
4668  -43.103  -82.492  5.852 0.5000000000
4694  -41.749  -83.045  4.780 0.5000000000
5096  -37.283  -80.898  9.103 0.4000000060
5121  -37.133  -81.885  7.443 0.5000000000
5136  -43.514  -81.854  5.519 0.5000000000
5142  -38.185  -82.241  4.989 0.5000000000
5145  -40.682  -81.505  5.070 0.6000000238
5146  -43.320  -81.528  4.856 0.5000000000
5160  -42.620  -81.687  4.566 0.5000000000
5161  -43.114  -80.993  4.529 0.5000000000
5516  -47.169  -80.886  17.101 0.3000000119
5574  -35.375  -80.183  10.127 0.5000000000
5583  -33.167  -80.037  9.963 0.5000000000
5584  -35.788  -80.722  9.872 0.5000000000
5599  -44.431  -80.276  7.853 0.4000000060
5606  -40.803  -80.407  7.270 0.6999999881
5620  -42.628  -80.246  4.843 0.5000000000
5630  -44.160  -80.340  4.984 0.5000000000
6016  -48.433  -79.019  13.830 0.3000000119
6045  -34.941  -79.679  10.128 0.5000000000
6047  -36.473  -79.587  10.068 0.5000000000
6048  -37.062  -79.527  9.936 0.5000000000
6080  -39.759  -79.686  9.146 0.5000000000
6093  -33.492  -79.361  7.191 0.5000000000
6094  -40.874  -79.916  8.079 0.6000000238
6096  -45.247  -79.893  7.434 0.4000000060
6097  -45.923  -79.351  6.991 0.5000000000
6128  -43.713  -80.003  4.726 0.6000000238
6552  -50.364  -77.156  11.619 0.4000000060
6563  -46.794  -78.608  10.129 0.4000000060
6576  -35.662  -78.496  9.565 0.5000000000
6577  -36.392  -78.354  9.659 0.5000000000
6583  -42.200  -77.529  9.400 0.6999999881
6587  -49.380  -77.108  9.465 0.4000000060
6598  -34.702  -78.565  8.339 0.5000000000
6599  -35.414  -78.302  8.845 0.5000000000
6601  -43.200  -78.005  8.307 0.6999999881
6628  -44.572  -77.980  5.481 0.8000000119
6634  -34.357  -78.936  4.070 0.6000000238
6635  -35.024  -78.461  4.005 0.6000000238
6636  -44.119  -78.546  4.986 0.6999999881
6638  -45.422  -78.434  5.586 0.6000000238
6643  -34.102  -78.425  3.218 0.6999999881
6644  -34.583  -77.883  3.052 0.6999999881
6646  -33.680  -77.615  2.914 0.6999999881
7099  -50.718  -76.745  12.896 0.3000000119
7100  -50.774  -76.260  12.388 0.3000000119
7133  -50.479  -76.502  11.426 0.4000000060
7146  -50.080  -76.527  10.887 0.4000000060
7164  -49.038  -76.868  8.788 0.4000000060
7196  -47.131  -76.540  6.668 0.4000000060
7214  -30.592  -76.998  3.834 0.5000000000
7220  -36.737  -77.012  4.170 0.6000000238
7225  -32.237  -77.563  3.371 0.6000000238
7667  -27.655  -76.360  15.819 0.5000000000
7687  -28.718  -76.288  14.630 0.6000000238
7696  -50.553  -75.941  13.531 0.3000000119
7705  -28.911  -76.620  13.379 0.6000000238
7707  -30.157  -76.024  13.144 0.6000000238
7729  -31.297  -76.230  12.243 0.6000000238
7738  -50.622  -76.225  11.954 0.3000000119
7753  -33.698  -76.140  11.068 0.5000000000
7773  -30.200  -76.916  10.148 0.5000000000
7794  -34.091  -76.323  9.705 0.6000000238
7833  -47.905  -75.669  7.579 0.4000000060
7838  -34.668  -76.634  5.911 0.6000000238
7841  -38.673  -76.294  6.076 0.6000000238
7848  -36.177  -75.901  3.051 0.6000000238
8264  -26.982  -74.974  16.684 0.6999999881
8312  -30.619  -75.635  13.478 0.6000000238
8328  -33.607  -75.247  12.330 0.5000000000
8339  -34.319  -75.092  11.156 0.6000000238
8347  -34.158  -75.698  10.827 0.6999999881
8358  -41.556  -75.796  9.319 0.5000000000
8361  -46.551  -74.295  8.986 0.4000000060
8368  -35.213  -75.783  7.348 0.5000000000
8376  -47.750  -75.217  7.987 0.4000000060
8377  -35.309  -75.655  6.392 0.6000000238
8381  -47.022  -74.922  7.317 0.4000000060
8382  -47.342  -74.950  7.562 0.4000000060
8386  -41.072  -74.360  6.711 0.5000000000
8390  -35.746  -74.892  3.517 0.6999999881
8392  -38.333  -75.314  4.473 0.6000000238
8393  -35.809  -75.494  3.100 0.6000000238
8395  -36.960  -75.647  3.540 0.6000000238
8808  -25.288  -74.870  16.165 0.6999999881
8811  -28.426  -74.442  16.445 0.6999999881
8826  -25.824  -74.322  16.186 0.6999999881
8828  -30.705  -73.989  15.231 0.6999999881
8844  -32.071  -74.026  14.208 0.6000000238
8859  -33.520  -73.984  13.214 0.6000000238
8870  -34.238  -73.999  11.879 0.5000000000
8883  -44.212  -74.931  11.149 0.4000000060
8889  -34.379  -74.582  10.551 0.6000000238
8890  -44.086  -73.686  10.574 0.4000000060
8911  -34.655  -74.810  8.205 0.6000000238
8914  -44.292  -73.792  8.454 0.5000000000
8917  -46.713  -74.105  8.180 0.4000000060
8924  -46.958  -74.327  7.805 0.4000000060
8932  -40.102  -74.773  5.886 0.5000000000
8939  -36.843  -74.952  3.479 0.6000000238
9361  -22.523  -73.527  16.569 0.6000000238
9363  -23.952  -74.537  16.284 0.5000000000
9440  -34.172  -73.793  11.018 0.6000000238
9449  -33.776  -73.538  10.226 0.6000000238
9473  -35.639  -73.045  7.903 0.6000000238
9475  -42.085  -73.435  8.063 0.5000000000
9477  -44.073  -73.035  8.471 0.4000000060
9498  -33.074  -73.079  6.300 0.6000000238
9499  -33.770  -73.120  6.168 0.5000000000
9503  -39.014  -73.743  5.954 0.6000000238
9505  -40.471  -73.908  6.294 0.6000000238
9507  -35.361  -73.632  5.305 0.6000000238
9513  -36.243  -73.797  4.188 0.6000000238
9514  -37.223  -74.171  4.268 0.6000000238
9515  -37.978  -74.517  4.446 0.6000000238
9950  -31.064  -71.818  16.363 0.5000000000
9967  -32.254  -72.135  15.292 0.6000000238
9968  -41.724  -72.284  14.742 0.4000000060
9985  -26.357  -72.379  14.770 0.6000000238
9986  -32.826  -71.958  14.670 0.6999999881
9999  -25.984  -72.072  13.751 0.6000000238
10007  -33.719  -72.643  12.673 0.6000000238
10016  -33.621  -72.595  11.838 0.6000000238
10029  -40.727  -72.319  10.075 0.5000000000
10042  -35.299  -72.347  9.318 0.6000000238
10046  -39.322  -72.227  9.491 0.6000000238
10049  -43.425  -72.618  9.083 0.4000000060
10059  -30.957  -72.342  7.633 0.6000000238
10063  -34.930  -72.549  8.272 0.6000000238
10066  -38.352  -72.601  8.537 0.6000000238
10071  -44.424  -72.824  8.753 0.4000000060
10081  -30.964  -72.432  6.858 0.5000000000
10085  -34.496  -72.712  6.823 0.5000000000
10095  -33.062  -72.963  6.275 0.5000000000
10564  -27.431  -71.884  16.064 0.6000000238
10566  -29.639  -71.459  17.027 0.6000000238
10592  -26.249  -71.872  13.949 0.6000000238
10606  -32.808  -71.262  13.589 0.6999999881
10612  -24.043  -70.828  12.385 0.5000000000
10615  -26.114  -71.358  12.735 0.6000000238
10619  -40.595  -71.335  12.167 0.4000000060
10620  -41.273  -71.723  12.747 0.5000000000
10622  -21.549  -71.642  11.638 0.5000000000
10637  -23.627  -70.849  10.552 0.5000000000
10642  -36.263  -71.025  11.006 0.6000000238
10643  -37.664  -71.361  10.761 0.5000000000
10654  -24.356  -71.204  8.930 0.5000000000
11149  -29.068  -70.167  17.317 0.6000000238
11173  -31.818  -70.738  15.671 0.4000000060
11175  -42.097  -70.791  15.715 0.4000000060
11184  -31.398  -69.813  14.141 0.5000000000
11201  -25.944  -70.955  11.926 0.5000000000
11216  -37.384  -70.003  11.670 0.5000000000
11229  -35.046  -70.474  10.055 0.6000000238
11247  -30.284  -71.591  6.835 0.6000000238
11722  -30.545  -69.558  16.353 0.5000000000
11741  -30.635  -68.770  14.895 0.5000000000
11752  -30.768  -68.769  14.110 0.5000000000
11764  -26.212  -69.982  12.708 0.6000000238
11767  -39.154  -69.607  12.751 0.4000000060
11775  -26.168  -69.889  11.940 0.6000000238
11777  -36.500  -68.834  11.436 0.4000000060
11797  -34.476  -70.075  9.383 0.6000000238
12426  -25.957  -68.541  7.498 0.3000000119
12987  -26.884  -67.624  16.340 0.6000000238
12988  -27.580  -67.305  16.563 0.6000000238
13071  -22.880  -67.477  9.123 0.3000000119
13072  -25.581  -67.403  9.011 0.3000000119
13091  -25.661  -68.058  5.845 0.4000000060
13624  -29.463  -66.518  16.387 0.5000000000
13641  -26.977  -65.967  15.927 0.5000000000
13642  -30.445  -67.161  15.605 0.5000000000
13659  -26.087  -66.772  14.531 0.5000000000
13680  -26.009  -66.054  14.072 0.6000000238
13739  -27.292  -66.796  6.118 0.3000000119
13750  -27.348  -66.597  5.954 0.3000000119
14366  -25.853  -65.785  13.295 0.6000000238
14376  -22.377  -65.723  12.749 0.3000000119
14378  -25.779  -65.463  12.333 0.5000000000
14404  -26.000  -65.149  10.580 0.4000000060
14415  -23.674  -65.507  9.142 0.4000000060
14416  -26.321  -65.250  9.576 0.4000000060
14430  -27.221  -65.717  7.576 0.3000000119
14442  -24.367  -65.325  7.331 0.4000000060
14451  -25.182  -65.824  6.352 0.4000000060
14454  -27.796  -66.044  6.002 0.3000000119
15038  -31.443  -64.526  16.478 0.4000000060
15050  -26.998  -64.994  15.206 0.5000000000
15052  -28.347  -64.309  15.751 0.5000000000
15070  -26.816  -64.761  14.536 0.5000000000
15087  -26.740  -64.413  12.840 0.5000000000
15101  -19.773  -64.528  12.287 0.3000000119
15119  -19.429  -63.975  11.835 0.3000000119
15142  -24.404  -64.021  10.293 0.4000000060
15158  -24.372  -64.215  9.055 0.4000000060
15173  -24.059  -65.005  8.617 0.4000000060
15174  -24.379  -64.263  8.091 0.4000000060
15190  -28.247  -64.659  7.094 0.3000000119
15191  -28.368  -64.198  7.112 0.3000000119
15201  -25.971  -64.850  6.352 0.3000000119
15202  -28.187  -64.643  6.508 0.3000000119
15203  -27.966  -64.410  6.425 0.3000000119
15846  -30.518  -63.383  15.501 0.4000000060
15859  -28.875  -63.519  14.359 0.4000000060
15861  -30.158  -63.124  14.675 0.4000000060
15886  -18.758  -63.702  12.119 0.3000000119
15907  -24.070  -62.758  11.338 0.4000000060
15909  -29.004  -63.553  11.020 0.3000000119
15921  -24.024  -63.685  11.459 0.4000000060
15947  -28.500  -63.733  7.877 0.3000000119
15956  -26.258  -63.747  6.798 0.3000000119
15958  -28.092  -63.601  7.233 0.3000000119
15967  -27.371  -64.367  6.290 0.3000000119
16559  -33.651  -63.025  16.215 0.4000000060
16596  -30.426  -62.353  13.365 0.3000000119
16597  -30.990  -62.113  13.717 0.3000000119
16630  -24.027  -61.934  11.191 0.4000000060
16635  -24.565  -62.275  9.370 0.4000000060
16636  -28.010  -62.518  8.885 0.3000000119
16646  -26.493  -62.079  7.678 0.3000000119
16647  -27.415  -62.458  8.059 0.3000000119
17240  -31.811  -61.546  14.313 0.4000000060
17242  -35.950  -61.592  15.169 0.4000000060
17293  -24.627  -61.385  8.797 0.3000000119
17314  -25.155  -61.302  7.825 0.3000000119
17956  -33.973  -60.888  15.340 0.3000000119
18009  -26.864  -60.921  10.858 0.3000000119
109469  -35.609  -70.755  10.633 0.6000000238
109587  -44.106  -76.729  8.498 0.6000000238
109598  -37.230  -81.442  8.399 0.4000000060
110130  -39.564  -74.151  5.723 0.6000000238
110956  -25.609  -69.814  9.383 0.4000000060
111104  -38.081  -73.850  5.481 0.6000000238
111407  -47.611  -78.249  9.650 0.4000000060
111462  -26.144  -67.363  5.772 0.3000000119
111688  -26.106  -69.136  13.251 0.6000000238
111834  -40.172  -77.274  9.510 0.6000000238
111948  -28.287  -67.810  16.700 0.6000000238
112416  -40.754  -80.971  6.302 0.6000000238
113026  -23.575  -66.024  9.783 0.4000000060
113167  -28.635  -63.836  8.638 0.3000000119
113838  -31.807  -79.854  8.637 0.5000000000
114070  -32.283  -62.525  15.746 0.4000000060
114247  -25.839  -65.220  11.422 0.4000000060
114296  -28.736  -64.669  16.275 0.5000000000
114800  -29.607  -64.820  16.482 0.5000000000
115014  -40.236  -73.374  6.721 0.6000000238
115498  -34.760  -62.143  15.750 0.4000000060
116068  -28.031  -71.961  16.466 0.6000000238
116683  -39.628  -71.617  10.755 0.5000000000
116864  -41.426  -82.461  4.444 0.6000000238
117209  -33.076  -76.576  10.737 0.5000000000
117437  -40.263  -77.797  9.580 0.6000000238
117875  -23.558  -66.613  10.495 0.4000000060
117958  -26.270  -70.564  14.025 0.6000000238
118178  -27.232  -65.161  5.912 0.3000000119
118685  -31.281  -77.256  5.922 0.6000000238
118863  -37.061  -77.307  7.757 0.6000000238
118904  -25.492  -66.629  10.748 0.4000000060
119242  -34.700  -75.258  9.226 0.6000000238
119554  -26.709  -69.408  16.387 0.6999999881
120524  -28.180  -73.089  16.582 0.6000000238
120863  -28.269  -65.769  16.456 0.5000000000
121262  -31.085  -71.518  9.399 0.6000000238
121496  -41.474  -78.615  9.097 0.6999999881
121581  -31.146  -63.088  15.571 0.4000000060
121748  -23.218  -63.698  12.115 0.3000000119
122076  -32.596  -63.754  16.456 0.4000000060
124639  -41.677  -83.754  5.769 0.6000000238
124864  -23.286  -66.750  9.448 0.3000000119
124956  -25.516  -76.166  16.368 0.5000000000
124969  -32.481  -76.502  11.336 0.5000000000
125154  -26.926  -65.275  8.613 0.3000000119
125374  -27.953  -65.579  5.881 0.3000000119
126060  -46.461  -77.061  6.261 0.5000000000
126718  -47.733  -75.656  9.021 0.3000000119
127509  -44.321  -80.750  5.574 0.5000000000
128083  -24.333  -74.862  16.270 0.5000000000
128243  -36.310  -67.640  9.037 0.4000000060
128744  -43.390  -80.541  4.650 0.5000000000
128814  -26.308  -70.390  14.928 0.6000000238
129461  -36.043  -82.332  7.788 0.5000000000
130216  -25.445  -71.590  12.761 0.5000000000
130305  -39.001  -71.417  10.756 0.5000000000
130426  -29.048  -76.406  14.012 0.6000000238
130459  -27.228  -69.781  16.815 0.6999999881
130813  -26.621  -65.301  14.841 0.5000000000
130992  -26.120  -69.083  14.073 0.6999999881
131108  -18.797  -63.811  12.608 0.3000000119
