#!ascii label  , from subject sub-v1s22x0050513_ses-1 vox2ras=TkReg
1057
116822  19.088  -25.168  64.937 0.0000000000
53343  32.744  -25.127  70.931 0.0000000000
70654  34.168  -9.318  46.150 0.0000000000
61568  27.258  -18.382  58.900 0.0000000000
60558  33.109  -20.571  65.205 0.0000000000
74067  45.349  -5.068  37.165 0.0000000000
68591  35.605  -11.493  49.895 0.0000000000
65615  30.592  -14.741  50.672 0.0000000000
52402  13.446  -27.156  63.631 0.0000000000
57640  25.421  -22.478  68.563 0.0000000000
56557  28.940  -23.171  65.031 0.0000000000
57735  21.805  -22.052  61.856 0.0000000000
112910  39.816  -7.124  41.241 0.0000000000
53366  21.837  -24.431  70.108 0.0000000000
112399  16.563  -25.958  69.129 0.0000000000
72491  40.261  -7.177  45.559 0.0000000000
51244  11.599  -27.462  69.037 0.0000000000
126645  6.894  -30.377  68.069 0.0000000000
65570  30.336  -14.186  55.374 0.0000000000
60578  29.464  -19.528  62.737 0.0000000000
56611  33.701  -23.478  59.672 0.0000000000
120034  30.729  -25.120  61.376 0.0000000000
120171  35.547  -12.257  51.271 0.0000000000
66633  33.263  -13.249  50.129 0.0000000000
65599  33.274  -14.184  52.345 0.0000000000
68580  37.131  -10.408  50.527 0.0000000000
54481  17.615  -25.743  62.118 0.0000000000
52426  15.311  -27.361  61.490 0.0000000000
53429  16.361  -26.286  64.242 0.0000000000
56550  21.732  -23.021  67.195 0.0000000000
128461  23.818  -21.627  65.546 0.0000000000
56579  20.303  -23.437  63.804 0.0000000000
54496  18.811  -25.041  60.141 0.0000000000
71640  34.777  -8.676  43.863 0.0000000000
71605  36.992  -8.566  47.354 0.0000000000
71628  37.560  -8.249  45.790 0.0000000000
71646  37.125  -7.862  43.968 0.0000000000
52297  15.303  -26.185  71.494 0.0000000000
112599  13.708  -26.721  68.895 0.0000000000
52312  12.252  -27.113  71.454 0.0000000000
50161  6.864  -29.276  73.502 0.0000000000
50168  7.475  -29.090  71.232 0.0000000000
49088  5.552  -30.429  70.746 0.0000000000
46870  4.454  -32.623  70.530 0.0000000000
45711  3.768  -33.148  72.572 0.0000000000
63501  30.669  -16.651  64.884 0.0000000000
60560  31.829  -20.192  64.742 0.0000000000
59613  32.046  -21.514  62.044 0.0000000000
58691  33.556  -22.473  62.556 0.0000000000
56588  27.575  -22.858  62.689 0.0000000000
55490  29.688  -24.272  63.413 0.0000000000
55531  28.229  -24.113  60.918 0.0000000000
55544  29.232  -25.083  59.175 0.0000000000
64562  28.804  -15.830  57.342 0.0000000000
124931  28.496  -15.648  54.005 0.0000000000
62664  26.683  -17.816  55.783 0.0000000000
74083  47.711  -4.841  34.135 0.0000000000
74085  45.428  -5.325  34.705 0.0000000000
69617  35.397  -10.109  48.132 0.0000000000
68605  32.869  -11.941  48.403 0.0000000000
70629  37.154  -9.190  49.352 0.0000000000
55435  30.096  -23.812  70.167 0.0000000000
55448  30.713  -23.872  67.569 0.0000000000
57651  27.593  -22.266  67.092 0.0000000000
57705  25.795  -21.646  63.634 0.0000000000
57747  23.641  -21.586  60.797 0.0000000000
73296  42.341  -6.597  43.311 0.0000000000
73310  42.836  -6.725  41.242 0.0000000000
115374  42.829  -6.448  39.214 0.0000000000
73333  42.641  -6.382  37.208 0.0000000000
54411  20.752  -24.607  67.570 0.0000000000
113895  17.641  -25.784  67.406 0.0000000000
52332  20.216  -25.768  69.480 0.0000000000
56513  24.050  -23.185  69.729 0.0000000000
72501  39.567  -7.140  43.523 0.0000000000
52371  15.229  -26.271  67.241 0.0000000000
52374  12.581  -26.844  66.937 0.0000000000
51268  10.172  -27.859  66.289 0.0000000000
132067  10.308  -27.811  70.800 0.0000000000
51247  8.601  -28.455  68.657 0.0000000000
43446  2.408  -35.745  73.745 0.0000000000
66584  32.574  -13.656  54.477 0.0000000000
63575  29.279  -16.158  59.805 0.0000000000
63550  30.273  -15.970  62.182 0.0000000000
61545  28.132  -18.640  61.059 0.0000000000
119887  30.217  -21.018  60.823 0.0000000000
58712  33.061  -22.216  59.542 0.0000000000
55574  32.999  -23.990  56.843 0.0000000000
53413  31.981  -24.853  65.980 0.0000000000
53439  33.417  -25.143  64.437 0.0000000000
55500  34.096  -23.622  63.104 0.0000000000
54506  32.452  -25.072  59.789 0.0000000000
119714  31.518  -24.832  57.760 0.0000000000
65601  30.860  -14.323  52.947 0.0000000000
126637  29.166  -16.286  50.985 0.0000000000
66610  35.148  -12.779  52.112 0.0000000000
66611  34.464  -13.321  51.865 0.0000000000
66602  33.996  -13.707  52.309 0.0000000000
67592  36.250  -11.656  51.402 0.0000000000
54452  18.254  -25.463  63.414 0.0000000000
53450  17.143  -25.964  62.741 0.0000000000
53427  17.864  -25.813  64.701 0.0000000000
55469  20.561  -23.801  65.914 0.0000000000
56560  21.005  -23.171  65.490 0.0000000000
55481  19.774  -24.047  64.227 0.0000000000
55505  19.086  -24.357  62.702 0.0000000000
70664  34.466  -8.887  45.445 0.0000000000
70652  36.333  -8.923  46.924 0.0000000000
71616  36.909  -8.492  46.357 0.0000000000
71617  36.160  -8.678  45.977 0.0000000000
71630  35.899  -8.480  45.089 0.0000000000
49062  5.384  -30.166  72.633 0.0000000000
49074  6.103  -29.746  72.153 0.0000000000
47946  4.910  -30.889  71.184 0.0000000000
46878  5.030  -32.150  69.868 0.0000000000
47947  4.399  -31.501  71.654 0.0000000000
116839  3.947  -33.088  71.410 0.0000000000
61509  31.394  -19.121  66.014 0.0000000000
60559  32.522  -20.311  65.122 0.0000000000
59601  32.974  -21.423  63.306 0.0000000000
59591  33.445  -21.463  63.965 0.0000000000
53353  33.534  -25.124  69.817 0.0000000000
57744  26.511  -22.503  60.229 0.0000000000
56600  27.787  -23.612  61.273 0.0000000000
56625  26.940  -23.008  59.696 0.0000000000
56624  27.472  -23.700  59.389 0.0000000000
63602  27.934  -17.104  57.999 0.0000000000
63628  27.495  -16.618  56.443 0.0000000000
74063  45.293  -5.112  38.022 0.0000000000
74841  45.909  -4.764  37.695 0.0000000000
74859  46.243  -4.608  36.140 0.0000000000
74074  45.793  -4.818  35.422 0.0000000000
118457  45.156  -5.256  35.391 0.0000000000
69604  34.986  -10.715  48.581 0.0000000000
129178  34.235  -10.997  48.345 0.0000000000
67624  34.055  -11.905  49.341 0.0000000000
65636  31.924  -14.064  50.281 0.0000000000
65637  31.385  -13.736  49.412 0.0000000000
118366  30.859  -14.391  49.922 0.0000000000
116469  36.661  -10.737  50.248 0.0000000000
69603  36.614  -9.900  49.291 0.0000000000
69616  36.176  -9.793  48.409 0.0000000000
120717  14.681  -26.863  63.026 0.0000000000
52403  12.716  -27.377  63.745 0.0000000000
119649  28.261  -22.805  69.388 0.0000000000
56524  28.700  -22.851  68.311 0.0000000000
57639  27.198  -22.349  68.089 0.0000000000
57708  22.288  -21.806  63.702 0.0000000000
57694  24.856  -21.523  64.273 0.0000000000
112585  23.652  -21.466  62.657 0.0000000000
57733  23.965  -21.456  61.787 0.0000000000
57734  22.609  -21.705  61.128 0.0000000000
56614  20.980  -22.708  60.036 0.0000000000
58714  30.333  -21.382  59.157 0.0000000000
72512  41.510  -6.835  42.686 0.0000000000
72511  42.275  -6.743  42.646 0.0000000000
72520  41.470  -6.898  41.823 0.0000000000
73325  42.023  -6.816  39.399 0.0000000000
73330  41.597  -6.961  38.510 0.0000000000
73328  42.875  -6.168  38.167 0.0000000000
55445  21.383  -24.771  68.825 0.0000000000
54392  20.889  -25.397  68.713 0.0000000000
127677  21.101  -25.450  69.490 0.0000000000
55437  22.610  -23.621  69.750 0.0000000000
132854  21.836  -23.979  69.048 0.0000000000
112942  41.133  -6.812  44.333 0.0000000000
72496  39.845  -7.249  44.301 0.0000000000
72516  37.615  -7.682  42.317 0.0000000000
53390  17.485  -25.746  68.131 0.0000000000
53391  16.704  -25.933  67.388 0.0000000000
52348  15.763  -25.979  68.297 0.0000000000
112729  12.940  -27.103  68.926 0.0000000000
52350  13.415  -26.839  68.339 0.0000000000
52363  11.863  -27.297  68.060 0.0000000000
52385  10.852  -27.546  65.985 0.0000000000
52364  10.910  -27.350  68.166 0.0000000000
51223  9.468  -27.894  72.268 0.0000000000
50181  7.522  -29.440  69.509 0.0000000000
50180  8.192  -28.841  70.014 0.0000000000
50195  7.454  -29.654  68.393 0.0000000000
132066  8.072  -29.150  67.052 0.0000000000
64551  30.079  -15.149  58.983 0.0000000000
61523  29.650  -18.032  64.167 0.0000000000
63534  30.306  -16.516  63.128 0.0000000000
62587  29.140  -17.951  62.757 0.0000000000
62593  29.018  -17.385  61.973 0.0000000000
61538  28.984  -18.788  62.478 0.0000000000
59616  29.515  -20.498  60.955 0.0000000000
59615  30.022  -20.660  61.530 0.0000000000
58701  33.186  -22.427  61.000 0.0000000000
58702  32.691  -21.972  60.604 0.0000000000
56622  33.760  -22.982  59.602 0.0000000000
128111  33.875  -23.513  58.590 0.0000000000
55542  33.700  -24.089  58.852 0.0000000000
56547  29.911  -23.632  66.199 0.0000000000
112886  31.408  -24.439  66.944 0.0000000000
54410  30.275  -24.009  65.675 0.0000000000
135752  29.806  -24.550  62.172 0.0000000000
54449  30.732  -24.737  63.703 0.0000000000
133481  32.265  -25.212  63.244 0.0000000000
55489  34.308  -24.006  63.676 0.0000000000
54474  32.391  -25.037  61.637 0.0000000000
55514  33.189  -24.113  61.500 0.0000000000
130256  31.346  -25.397  60.844 0.0000000000
55578  28.483  -24.782  57.617 0.0000000000
54523  29.829  -25.348  58.806 0.0000000000
65568  31.819  -13.621  54.791 0.0000000000
65591  31.353  -14.027  53.638 0.0000000000
131510  30.562  -14.125  54.455 0.0000000000
63666  27.718  -17.093  52.911 0.0000000000
133071  28.846  -15.891  52.711 0.0000000000
74096  47.465  -5.386  33.367 0.0000000000
67603  35.572  -11.887  50.522 0.0000000000
67612  34.456  -12.290  49.996 0.0000000000
66632  34.057  -12.924  50.442 0.0000000000
66623  33.610  -13.541  50.881 0.0000000000
65626  32.348  -14.241  51.064 0.0000000000
68570  37.259  -10.633  51.138 0.0000000000
68581  36.643  -11.068  50.850 0.0000000000
112975  16.862  -26.145  61.742 0.0000000000
53452  15.381  -26.639  62.787 0.0000000000
53444  14.725  -26.721  64.038 0.0000000000
57654  23.902  -22.368  67.900 0.0000000000
57668  25.234  -21.787  66.805 0.0000000000
57685  22.391  -22.306  66.676 0.0000000000
57709  21.438  -22.367  64.058 0.0000000000
56589  20.842  -22.669  62.340 0.0000000000
56615  20.333  -23.231  60.585 0.0000000000
55504  19.571  -23.722  62.226 0.0000000000
54479  18.595  -25.159  61.209 0.0000000000
72531  39.260  -7.565  40.635 0.0000000000
52317  21.555  -25.074  70.693 0.0000000000
71614  38.138  -7.829  47.042 0.0000000000
71627  38.286  -8.043  46.163 0.0000000000
71637  38.222  -7.947  45.307 0.0000000000
72497  38.116  -7.679  44.306 0.0000000000
117542  37.411  -8.112  44.880 0.0000000000
71647  36.247  -8.107  43.609 0.0000000000
112739  15.620  -26.215  70.214 0.0000000000
52337  15.067  -26.481  69.093 0.0000000000
52324  14.314  -26.498  70.059 0.0000000000
123631  13.569  -26.710  70.061 0.0000000000
113792  12.383  -27.342  69.863 0.0000000000
50164  8.130  -28.597  72.467 0.0000000000
115389  7.458  -28.992  72.097 0.0000000000
49087  6.837  -29.542  70.796 0.0000000000
49098  6.325  -30.440  69.488 0.0000000000
47983  5.516  -32.073  68.956 0.0000000000
61522  30.201  -18.614  64.936 0.0000000000
60570  30.480  -19.889  63.775 0.0000000000
59603  31.215  -20.814  62.835 0.0000000000
59593  31.734  -20.824  63.471 0.0000000000
58685  33.042  -21.728  62.573 0.0000000000
57742  33.558  -23.182  60.408 0.0000000000
123343  28.394  -23.061  63.920 0.0000000000
55491  29.398  -23.940  63.779 0.0000000000
55503  28.711  -23.815  62.563 0.0000000000
120330  28.983  -24.229  62.113 0.0000000000
54495  29.424  -24.742  61.108 0.0000000000
116948  29.899  -25.249  60.491 0.0000000000
55545  28.617  -24.604  59.642 0.0000000000
55579  27.762  -24.483  58.092 0.0000000000
64583  29.106  -15.151  56.102 0.0000000000
64591  29.080  -15.035  55.230 0.0000000000
64584  28.452  -15.523  55.639 0.0000000000
63650  27.261  -16.602  54.713 0.0000000000
74857  47.415  -4.347  35.533 0.0000000000
74084  46.216  -4.850  34.670 0.0000000000
69629  34.899  -9.789  47.476 0.0000000000
69631  33.283  -9.940  46.116 0.0000000000
69619  33.498  -10.460  47.034 0.0000000000
67613  32.858  -12.880  49.382 0.0000000000
67627  31.491  -12.655  48.181 0.0000000000
71557  38.325  -9.086  50.716 0.0000000000
71581  37.978  -8.728  50.129 0.0000000000
71594  37.828  -8.298  49.436 0.0000000000
70643  37.151  -8.728  48.409 0.0000000000
70644  36.506  -9.149  47.925 0.0000000000
54382  31.331  -24.886  70.430 0.0000000000
53376  32.026  -25.084  69.086 0.0000000000
55442  30.218  -23.608  68.398 0.0000000000
55449  29.912  -23.440  67.161 0.0000000000
56548  28.809  -22.869  65.812 0.0000000000
113371  25.930  -21.665  66.051 0.0000000000
57681  26.752  -21.785  65.389 0.0000000000
126721  27.806  -22.510  64.360 0.0000000000
57704  26.924  -22.208  63.152 0.0000000000
116133  25.359  -21.844  60.657 0.0000000000
57757  24.791  -22.035  59.467 0.0000000000
73316  44.215  -6.483  41.109 0.0000000000
72536  41.657  -6.906  40.197 0.0000000000
73318  42.653  -6.726  40.252 0.0000000000
124861  44.271  -6.292  40.323 0.0000000000
73327  43.614  -5.938  38.875 0.0000000000
74061  43.756  -5.671  37.969 0.0000000000
74065  43.921  -5.723  37.112 0.0000000000
74077  43.961  -6.272  35.608 0.0000000000
54422  19.793  -24.822  66.081 0.0000000000
54424  18.574  -25.609  65.957 0.0000000000
53401  19.175  -25.461  67.297 0.0000000000
127725  18.673  -25.751  68.546 0.0000000000
52334  18.392  -25.730  69.657 0.0000000000
52319  20.483  -25.677  70.211 0.0000000000
112602  17.158  -25.655  70.577 0.0000000000
127043  16.881  -25.682  71.355 0.0000000000
54361  32.537  -25.080  71.923 0.0000000000
54373  30.897  -24.584  71.121 0.0000000000
55423  29.203  -23.475  70.942 0.0000000000
56510  27.282  -22.770  70.155 0.0000000000
56497  25.436  -23.071  70.683 0.0000000000
56526  24.662  -22.857  69.026 0.0000000000
56539  22.803  -22.841  68.317 0.0000000000
56551  21.323  -23.720  67.680 0.0000000000
73290  42.509  -6.262  44.700 0.0000000000
122879  41.300  -6.797  43.490 0.0000000000
112763  40.169  -6.948  42.885 0.0000000000
72502  38.530  -7.370  43.238 0.0000000000
72515  38.517  -7.373  42.194 0.0000000000
72522  39.090  -7.273  41.553 0.0000000000
53415  17.360  -26.017  65.536 0.0000000000
53417  15.630  -26.390  65.910 0.0000000000
52381  14.227  -26.597  65.561 0.0000000000
128209  14.788  -26.290  68.261 0.0000000000
52372  14.246  -26.497  66.688 0.0000000000
52391  13.369  -26.743  64.731 0.0000000000
52392  12.276  -27.090  64.709 0.0000000000
119755  10.616  -28.491  64.607 0.0000000000
52327  11.534  -27.446  71.095 0.0000000000
115989  11.113  -27.647  70.211 0.0000000000
51233  9.702  -27.979  70.319 0.0000000000
51245  10.518  -27.417  68.963 0.0000000000
51257  9.373  -27.979  67.499 0.0000000000
44546  3.221  -34.600  73.548 0.0000000000
130122  34.071  -13.533  53.812 0.0000000000
125786  30.132  -14.361  56.941 0.0000000000
64561  29.418  -15.400  57.805 0.0000000000
64553  29.049  -15.999  58.119 0.0000000000
62625  28.089  -17.267  58.861 0.0000000000
116533  29.368  -16.276  60.712 0.0000000000
63576  28.691  -16.845  60.278 0.0000000000
61555  27.579  -18.469  59.627 0.0000000000
59630  28.581  -20.003  60.062 0.0000000000
59629  29.393  -20.625  60.156 0.0000000000
58713  31.072  -21.621  59.463 0.0000000000
59614  31.571  -21.443  61.424 0.0000000000
131053  32.141  -21.699  59.745 0.0000000000
58723  32.728  -22.009  58.778 0.0000000000
116237  33.530  -22.674  57.828 0.0000000000
56649  33.610  -23.291  56.824 0.0000000000
59573  34.073  -20.842  65.793 0.0000000000
53386  32.360  -24.969  68.394 0.0000000000
114863  32.918  -25.013  67.232 0.0000000000
53398  33.581  -24.550  66.755 0.0000000000
125678  30.532  -24.521  64.326 0.0000000000
115175  32.672  -25.248  65.514 0.0000000000
53409  34.125  -24.283  65.655 0.0000000000
55478  34.604  -23.503  64.886 0.0000000000
57703  34.639  -22.627  64.595 0.0000000000
58675  34.294  -21.942  64.466 0.0000000000
57717  33.808  -22.898  62.682 0.0000000000
55513  33.355  -23.609  60.904 0.0000000000
55528  33.555  -24.089  59.511 0.0000000000
54508  30.504  -25.595  59.844 0.0000000000
55543  32.152  -25.152  59.091 0.0000000000
55557  33.067  -24.554  58.584 0.0000000000
126168  32.565  -24.477  57.695 0.0000000000
65589  33.154  -14.272  53.108 0.0000000000
65600  32.230  -14.401  52.227 0.0000000000
132490  30.509  -14.700  51.827 0.0000000000
64600  29.693  -14.931  53.585 0.0000000000
64611  29.569  -15.254  52.692 0.0000000000
64621  29.668  -15.556  51.163 0.0000000000
136023  44.522  -6.434  34.531 0.0000000000
66600  35.096  -12.942  52.910 0.0000000000
66601  34.548  -13.365  52.613 0.0000000000
112177  35.953  -12.172  51.983 0.0000000000
54437  18.827  -25.194  64.092 0.0000000000
122224  18.270  -25.584  64.155 0.0000000000
117249  19.857  -24.242  65.334 0.0000000000
55482  19.358  -24.706  64.579 0.0000000000
55494  19.255  -24.571  63.643 0.0000000000
70665  33.607  -9.345  45.272 0.0000000000
128836  35.607  -9.030  46.507 0.0000000000
135398  34.855  -8.977  46.147 0.0000000000
70663  35.309  -8.708  45.674 0.0000000000
47932  4.754  -30.740  72.128 0.0000000000
46862  3.956  -32.246  72.080 0.0000000000
60547  32.849  -20.051  65.626 0.0000000000
60548  32.006  -19.797  65.474 0.0000000000
59584  32.670  -20.653  64.667 0.0000000000
59583  33.430  -21.086  64.759 0.0000000000
54359  33.574  -24.502  71.236 0.0000000000
54372  33.313  -24.970  70.647 0.0000000000
57756  25.405  -22.269  58.925 0.0000000000
126804  26.206  -22.487  59.513 0.0000000000
57755  26.290  -22.729  58.870 0.0000000000
56636  26.400  -23.133  58.115 0.0000000000
62626  27.431  -17.762  58.456 0.0000000000
62638  27.188  -17.581  57.463 0.0000000000
74075  45.374  -4.993  36.204 0.0000000000
68602  35.382  -11.081  49.259 0.0000000000
68603  34.540  -11.329  48.948 0.0000000000
68592  34.873  -11.695  49.598 0.0000000000
65627  31.479  -14.436  50.790 0.0000000000
64644  30.094  -15.206  49.850 0.0000000000
68590  36.231  -10.761  49.672 0.0000000000
68601  35.884  -10.444  48.872 0.0000000000
52401  14.061  -27.036  63.362 0.0000000000
52414  14.153  -27.582  62.457 0.0000000000
52415  13.610  -27.569  62.946 0.0000000000
51302  13.110  -27.984  63.120 0.0000000000
57628  26.969  -22.462  69.207 0.0000000000
132905  26.227  -22.276  68.466 0.0000000000
57721  22.557  -21.702  62.775 0.0000000000
57707  23.350  -21.503  63.467 0.0000000000
128315  22.954  -21.555  61.940 0.0000000000
57748  21.676  -22.213  60.620 0.0000000000
56602  20.925  -22.674  61.178 0.0000000000
58725  30.790  -21.554  58.559 0.0000000000
72513  40.791  -6.926  42.332 0.0000000000
72521  40.581  -6.958  41.480 0.0000000000
73334  42.003  -6.562  37.770 0.0000000000
54384  21.684  -24.344  69.371 0.0000000000
53368  21.255  -25.226  69.237 0.0000000000
53367  21.523  -24.810  69.551 0.0000000000
54383  22.164  -23.919  69.914 0.0000000000
130707  21.938  -23.897  69.373 0.0000000000
72492  39.577  -7.494  46.008 0.0000000000
72495  40.402  -7.150  44.721 0.0000000000
124430  39.596  -7.512  45.097 0.0000000000
52347  16.996  -25.826  68.636 0.0000000000
52357  16.456  -25.830  68.147 0.0000000000
128549  16.268  -25.934  68.584 0.0000000000
129230  12.094  -27.463  69.280 0.0000000000
52351  12.325  -27.385  68.901 0.0000000000
51219  9.567  -27.848  73.172 0.0000000000
49112  6.943  -30.119  69.015 0.0000000000
50208  7.270  -30.257  67.395 0.0000000000
61531  29.434  -18.447  63.509 0.0000000000
62576  29.619  -17.485  63.338 0.0000000000
123301  29.279  -18.816  62.995 0.0000000000
131027  29.111  -19.484  62.190 0.0000000000
60584  29.733  -20.171  62.219 0.0000000000
58711  33.376  -22.516  60.009 0.0000000000
56623  33.842  -23.538  59.113 0.0000000000
55458  29.517  -23.540  65.484 0.0000000000
55468  29.897  -23.984  64.960 0.0000000000
54476  30.141  -24.777  61.869 0.0000000000
114790  31.022  -24.914  63.025 0.0000000000
113751  30.886  -24.989  62.206 0.0000000000
113568  31.832  -25.181  62.584 0.0000000000
54475  31.624  -25.294  61.527 0.0000000000
65569  31.034  -13.762  55.068 0.0000000000
128504  34.873  -12.534  50.695 0.0000000000
66612  33.807  -13.691  51.664 0.0000000000
65612  33.089  -13.970  51.422 0.0000000000
65613  32.630  -14.300  51.827 0.0000000000
69568  37.804  -10.336  51.411 0.0000000000
67602  36.041  -11.630  50.869 0.0000000000
53441  16.741  -26.170  63.519 0.0000000000
53451  16.171  -26.307  62.474 0.0000000000
53442  15.921  -26.414  63.523 0.0000000000
53443  15.260  -26.634  63.592 0.0000000000
53430  15.581  -26.459  64.538 0.0000000000
57671  22.340  -22.720  67.598 0.0000000000
57670  23.144  -22.270  67.405 0.0000000000
57697  21.464  -22.553  65.066 0.0000000000
56578  20.802  -22.788  63.415 0.0000000000
56590  20.179  -23.214  62.794 0.0000000000
56603  20.230  -23.200  61.710 0.0000000000
54462  18.574  -24.926  62.189 0.0000000000
54480  18.152  -25.530  61.707 0.0000000000
132369  37.626  -8.234  48.366 0.0000000000
71604  37.597  -8.192  47.635 0.0000000000
71615  37.581  -8.186  46.722 0.0000000000
71631  35.009  -8.611  44.791 0.0000000000
71639  35.634  -8.373  44.190 0.0000000000
124217  15.597  -26.053  70.990 0.0000000000
112722  14.921  -26.308  70.647 0.0000000000
52310  13.990  -26.275  70.761 0.0000000000
52311  13.060  -26.747  70.900 0.0000000000
52325  12.867  -27.076  70.104 0.0000000000
52326  12.304  -27.291  70.544 0.0000000000
134098  7.536  -28.828  73.602 0.0000000000
50160  7.465  -28.902  72.943 0.0000000000
125100  6.123  -29.827  71.213 0.0000000000
119341  6.234  -30.081  70.335 0.0000000000
47957  5.714  -30.762  69.916 0.0000000000
47969  5.821  -31.202  69.128 0.0000000000
47970  5.373  -31.472  69.601 0.0000000000
44563  3.775  -33.975  72.089 0.0000000000
61521  30.988  -19.479  65.369 0.0000000000
61510  30.738  -18.656  65.643 0.0000000000
60561  30.714  -19.676  64.547 0.0000000000
60569  31.381  -20.348  64.035 0.0000000000
60576  31.053  -20.474  63.443 0.0000000000
58692  33.232  -22.211  62.057 0.0000000000
57729  33.440  -22.804  61.451 0.0000000000
56576  28.260  -23.283  63.091 0.0000000000
56587  27.990  -23.527  62.206 0.0000000000
56612  27.639  -23.594  60.322 0.0000000000
55517  28.444  -24.018  61.757 0.0000000000
55516  28.880  -24.399  61.439 0.0000000000
55530  28.744  -24.500  60.584 0.0000000000
55546  28.095  -24.148  60.004 0.0000000000
55562  27.915  -24.301  59.050 0.0000000000
64573  28.586  -15.655  56.511 0.0000000000
120518  26.953  -17.107  56.092 0.0000000000
63639  27.307  -16.532  55.620 0.0000000000
62663  26.834  -17.204  55.233 0.0000000000
74097  45.863  -5.491  33.910 0.0000000000
73342  45.011  -6.123  34.073 0.0000000000
69630  34.165  -9.841  46.937 0.0000000000
69618  34.402  -10.408  47.775 0.0000000000
68604  33.632  -11.551  48.529 0.0000000000
68617  32.831  -11.529  47.771 0.0000000000
67639  32.164  -12.082  47.891 0.0000000000
117284  33.660  -12.572  49.733 0.0000000000
66643  31.970  -13.144  48.966 0.0000000000
66644  30.962  -13.298  48.523 0.0000000000
66658  30.771  -12.918  47.690 0.0000000000
70604  37.924  -9.600  50.713 0.0000000000
70615  37.413  -9.349  49.942 0.0000000000
71582  37.588  -8.895  49.764 0.0000000000
71595  37.532  -8.553  49.060 0.0000000000
70645  35.756  -9.502  47.458 0.0000000000
55421  30.809  -24.448  70.317 0.0000000000
55434  30.751  -24.136  69.386 0.0000000000
132859  29.937  -23.625  69.350 0.0000000000
56538  28.176  -22.538  67.671 0.0000000000
56537  29.074  -22.874  67.326 0.0000000000
119009  28.533  -22.609  66.691 0.0000000000
117604  29.317  -23.154  66.382 0.0000000000
56549  28.018  -22.316  66.179 0.0000000000
112586  24.729  -21.619  66.051 0.0000000000
57693  26.053  -21.646  64.664 0.0000000000
129158  27.186  -21.995  64.721 0.0000000000
57692  27.049  -22.101  64.052 0.0000000000
57732  24.711  -21.579  61.153 0.0000000000
57746  24.646  -21.800  60.255 0.0000000000
57758  23.752  -21.931  59.613 0.0000000000
55518  19.604  -23.853  61.084 0.0000000000
55532  19.740  -23.728  59.905 0.0000000000
55533  19.262  -24.304  60.303 0.0000000000
122743  42.746  -6.356  43.846 0.0000000000
72519  42.261  -6.808  41.877 0.0000000000
72510  43.074  -6.641  42.131 0.0000000000
112801  43.977  -6.407  41.916 0.0000000000
134630  43.515  -6.583  41.410 0.0000000000
72538  40.349  -7.562  39.640 0.0000000000
129602  40.925  -7.187  40.146 0.0000000000
73317  43.513  -6.569  40.692 0.0000000000
73324  43.540  -6.355  39.817 0.0000000000
73323  44.303  -5.894  39.496 0.0000000000
117965  43.308  -6.024  37.437 0.0000000000
73332  43.317  -6.237  36.692 0.0000000000
55460  20.350  -24.763  66.879 0.0000000000
130614  19.771  -25.211  66.823 0.0000000000
54412  20.486  -25.007  67.550 0.0000000000
52344  20.312  -25.690  68.925 0.0000000000
53378  19.637  -25.705  68.628 0.0000000000
52345  19.471  -25.822  69.072 0.0000000000
52346  18.553  -25.830  69.117 0.0000000000
52333  19.280  -25.832  69.554 0.0000000000
52304  21.080  -25.400  71.041 0.0000000000
52306  19.476  -25.596  71.280 0.0000000000
52321  18.250  -25.649  70.472 0.0000000000
52308  17.758  -25.596  71.347 0.0000000000
112158  31.337  -24.958  71.212 0.0000000000
56495  28.261  -22.981  70.451 0.0000000000
56498  24.401  -23.293  70.439 0.0000000000
56512  25.048  -22.878  69.928 0.0000000000
56527  23.707  -23.092  69.223 0.0000000000
56528  22.896  -23.175  69.063 0.0000000000
113021  21.501  -24.137  68.605 0.0000000000
116334  21.092  -24.359  68.004 0.0000000000
55459  20.803  -24.148  67.027 0.0000000000
115198  32.842  -10.571  46.464 0.0000000000
72500  40.480  -7.003  43.766 0.0000000000
112911  40.870  -6.889  43.041 0.0000000000
114429  39.068  -7.400  44.251 0.0000000000
72503  37.643  -7.651  43.382 0.0000000000
72523  38.159  -7.713  41.288 0.0000000000
53402  18.323  -25.669  66.839 0.0000000000
53414  18.096  -25.753  65.446 0.0000000000
53403  17.418  -25.927  66.625 0.0000000000
129431  15.858  -26.246  66.950 0.0000000000
52370  16.560  -26.194  66.298 0.0000000000
134427  15.374  -26.362  66.686 0.0000000000
53431  14.835  -26.575  65.170 0.0000000000
53418  14.899  -26.472  66.375 0.0000000000
112600  14.541  -26.512  68.760 0.0000000000
52349  15.200  -26.253  68.542 0.0000000000
52361  13.075  -26.902  67.607 0.0000000000
112598  13.824  -26.538  67.570 0.0000000000
52373  13.296  -26.627  66.608 0.0000000000
52382  13.713  -26.594  65.832 0.0000000000
115005  13.029  -26.643  65.549 0.0000000000
52383  12.399  -26.848  65.994 0.0000000000
51292  10.754  -27.681  65.039 0.0000000000
51280  10.212  -28.079  65.351 0.0000000000
51281  9.620  -28.557  65.592 0.0000000000
51226  10.175  -27.723  71.683 0.0000000000
116262  10.798  -27.621  71.204 0.0000000000
51232  11.101  -27.610  70.670 0.0000000000
50167  8.129  -28.669  71.627 0.0000000000
50173  8.158  -28.750  70.824 0.0000000000
50194  8.083  -28.924  69.086 0.0000000000
51234  8.882  -28.369  70.480 0.0000000000
51240  8.969  -28.264  69.611 0.0000000000
51239  10.023  -27.668  69.667 0.0000000000
51246  9.421  -27.807  68.660 0.0000000000
116402  10.063  -27.463  68.154 0.0000000000
51258  8.652  -28.455  67.772 0.0000000000
45712  3.582  -33.961  73.108 0.0000000000
45698  3.238  -33.846  73.860 0.0000000000
43445  2.816  -35.172  73.743 0.0000000000
66573  31.575  -13.499  55.569 0.0000000000
65549  30.345  -14.348  57.583 0.0000000000
65550  29.734  -14.786  57.378 0.0000000000
131349  30.044  -14.861  58.262 0.0000000000
64542  29.695  -15.554  59.368 0.0000000000
64552  29.591  -15.496  58.562 0.0000000000
63589  29.162  -16.060  58.918 0.0000000000
63601  28.599  -16.622  58.450 0.0000000000
63590  28.688  -16.724  59.354 0.0000000000
63563  29.477  -16.495  61.642 0.0000000000
62594  28.445  -17.918  61.533 0.0000000000
62600  28.771  -17.034  61.176 0.0000000000
62601  28.170  -17.726  60.640 0.0000000000
62602  27.809  -17.974  59.964 0.0000000000
61554  27.852  -18.522  60.316 0.0000000000
60597  27.698  -19.012  59.910 0.0000000000
60596  28.141  -19.327  60.458 0.0000000000
59628  30.382  -21.359  60.020 0.0000000000
117967  31.393  -21.218  62.129 0.0000000000
58703  31.845  -21.593  60.711 0.0000000000
58722  33.396  -22.497  58.726 0.0000000000
55556  33.558  -23.787  57.975 0.0000000000
56635  33.775  -23.144  57.858 0.0000000000
118672  32.537  -24.244  56.026 0.0000000000
54389  31.509  -24.602  69.052 0.0000000000
53375  32.521  -25.244  68.963 0.0000000000
114627  31.915  -24.742  68.507 0.0000000000
54408  31.424  -24.600  66.115 0.0000000000
120093  31.994  -24.674  66.756 0.0000000000
132617  32.535  -24.925  66.548 0.0000000000
114852  33.295  -24.746  67.320 0.0000000000
53412  32.878  -25.152  66.268 0.0000000000
55479  29.881  -24.256  64.227 0.0000000000
54448  31.660  -25.116  63.744 0.0000000000
54433  32.051  -25.263  64.765 0.0000000000
53440  32.799  -25.360  64.847 0.0000000000
53425  33.287  -25.163  65.310 0.0000000000
53424  33.840  -24.694  65.049 0.0000000000
129574  34.762  -23.397  65.431 0.0000000000
54432  34.321  -24.141  64.909 0.0000000000
54457  33.909  -24.312  63.186 0.0000000000
55488  34.483  -23.488  64.043 0.0000000000
56574  34.484  -23.056  63.918 0.0000000000
58669  34.822  -22.062  65.114 0.0000000000
57716  34.369  -22.654  63.957 0.0000000000
58683  33.922  -22.344  63.491 0.0000000000
56586  33.762  -23.279  62.493 0.0000000000
55515  32.752  -24.594  60.912 0.0000000000
115383  33.233  -24.091  60.359 0.0000000000
133432  33.524  -23.675  60.053 0.0000000000
55529  32.926  -24.653  59.982 0.0000000000
54510  29.302  -24.873  60.165 0.0000000000
54509  29.813  -25.423  59.606 0.0000000000
55559  30.464  -25.122  58.086 0.0000000000
54522  30.492  -25.452  59.029 0.0000000000
55558  31.317  -25.183  58.613 0.0000000000
124323  32.138  -24.906  58.351 0.0000000000
127563  33.453  -13.809  53.671 0.0000000000
65579  32.829  -13.952  53.744 0.0000000000
116325  31.864  -14.337  52.843 0.0000000000
64609  31.235  -14.458  52.167 0.0000000000
64610  30.346  -14.694  52.417 0.0000000000
64592  28.429  -15.503  54.755 0.0000000000
114592  29.210  -15.107  54.294 0.0000000000
63680  29.151  -15.888  51.869 0.0000000000
115796  29.885  -15.128  51.866 0.0000000000
74110  48.171  -5.636  32.681 0.0000000000
119050  49.021  -5.625  32.365 0.0000000000
73338  44.258  -6.332  35.073 0.0000000000
134009  34.861  -12.840  51.414 0.0000000000
54463  18.190  -25.396  62.578 0.0000000000
54464  17.779  -25.672  62.910 0.0000000000
54453  17.614  -25.834  63.694 0.0000000000
53428  17.085  -26.091  64.466 0.0000000000
114165  21.185  -23.446  66.589 0.0000000000
56559  21.634  -22.808  66.114 0.0000000000
56570  20.352  -23.566  64.862 0.0000000000
55493  19.657  -23.826  63.223 0.0000000000
54451  18.679  -24.977  63.109 0.0000000000
70674  34.112  -8.995  44.465 0.0000000000
71629  36.762  -8.403  45.419 0.0000000000
53339  15.257  -26.202  72.265 0.0000000000
53348  14.608  -26.189  71.553 0.0000000000
53340  14.431  -26.165  72.493 0.0000000000
49075  5.462  -30.258  71.677 0.0000000000
47958  5.131  -31.186  70.311 0.0000000000
47959  4.672  -31.748  70.779 0.0000000000
131265  4.238  -32.217  71.261 0.0000000000
59592  32.173  -20.722  64.094 0.0000000000
117970  32.829  -21.086  64.089 0.0000000000
58684  33.463  -21.885  63.111 0.0000000000
57730  26.647  -22.508  61.131 0.0000000000
56601  27.349  -23.028  61.701 0.0000000000
56613  27.181  -23.036  60.706 0.0000000000
115115  26.863  -23.329  58.905 0.0000000000
116080  28.407  -16.453  57.663 0.0000000000
63614  28.147  -16.226  56.879 0.0000000000
63615  27.697  -16.837  57.208 0.0000000000
62650  27.189  -17.150  56.764 0.0000000000
74059  45.371  -5.184  38.841 0.0000000000
74836  45.811  -4.857  38.387 0.0000000000
121014  46.920  -4.416  36.065 0.0000000000
66634  32.416  -13.538  49.776 0.0000000000
65648  30.580  -14.045  48.892 0.0000000000
69589  37.442  -9.794  50.287 0.0000000000
69602  37.126  -9.680  49.797 0.0000000000
52400  14.879  -27.120  62.177 0.0000000000
51303  12.517  -28.355  63.378 0.0000000000
51290  12.036  -27.786  63.807 0.0000000000
56509  29.191  -23.299  69.877 0.0000000000
56523  29.284  -23.246  68.890 0.0000000000
56525  27.877  -22.547  68.561 0.0000000000
114880  23.091  -21.547  64.281 0.0000000000
57695  23.938  -21.542  64.723 0.0000000000
129877  23.958  -21.461  64.037 0.0000000000
57706  24.480  -21.497  63.398 0.0000000000
127916  25.149  -21.614  63.086 0.0000000000
135153  23.273  -21.533  61.422 0.0000000000
121472  22.636  -21.887  60.161 0.0000000000
57760  21.764  -22.407  59.582 0.0000000000
59641  29.618  -20.946  59.220 0.0000000000
133038  41.888  -6.834  42.269 0.0000000000
72528  41.991  -6.758  41.063 0.0000000000
72537  41.141  -7.263  39.323 0.0000000000
73329  42.247  -6.578  38.613 0.0000000000
55450  21.256  -24.671  68.506 0.0000000000
54399  20.718  -25.182  68.179 0.0000000000
53377  21.240  -25.195  68.924 0.0000000000
53369  20.943  -25.568  69.170 0.0000000000
52331  20.842  -25.636  69.599 0.0000000000
55436  23.501  -23.507  70.121 0.0000000000
56514  23.112  -23.381  69.560 0.0000000000
55443  22.305  -23.563  69.141 0.0000000000
55444  21.709  -24.265  69.146 0.0000000000
72490  40.969  -6.805  45.206 0.0000000000
52358  15.842  -26.011  67.712 0.0000000000
52362  12.713  -27.193  68.330 0.0000000000
114855  12.417  -27.095  67.587 0.0000000000
52375  11.776  -27.134  66.756 0.0000000000
52376  10.970  -27.439  67.115 0.0000000000
51256  10.186  -27.684  67.283 0.0000000000
51222  10.138  -27.590  72.612 0.0000000000
50174  7.521  -29.250  70.389 0.0000000000
50207  8.045  -29.013  68.077 0.0000000000
65524  30.622  -14.613  59.120 0.0000000000
64541  30.211  -15.087  59.733 0.0000000000
64534  29.816  -15.594  60.227 0.0000000000
62554  30.095  -17.411  64.608 0.0000000000
63516  30.508  -16.545  64.007 0.0000000000
62575  29.960  -17.192  63.866 0.0000000000
63551  29.612  -16.932  62.517 0.0000000000
126951  28.770  -18.151  62.144 0.0000000000
61544  28.561  -18.908  61.815 0.0000000000
60586  28.459  -19.397  61.163 0.0000000000
60585  29.110  -19.940  61.543 0.0000000000
58693  32.750  -21.860  61.753 0.0000000000
58694  32.191  -21.666  61.327 0.0000000000
120757  33.560  -22.670  59.314 0.0000000000
57765  33.836  -22.983  58.752 0.0000000000
55457  30.437  -23.927  66.599 0.0000000000
55456  30.918  -24.209  67.033 0.0000000000
54409  30.855  -24.306  66.286 0.0000000000
54421  30.904  -24.418  65.543 0.0000000000
54461  29.741  -24.405  62.762 0.0000000000
54450  30.074  -24.505  63.548 0.0000000000
54460  30.253  -24.663  62.762 0.0000000000
54447  32.660  -25.346  63.917 0.0000000000
54445  34.041  -24.513  64.095 0.0000000000
54446  33.448  -24.949  63.448 0.0000000000
54459  32.778  -25.113  62.713 0.0000000000
54458  33.313  -24.524  62.517 0.0000000000
55501  33.647  -24.036  62.452 0.0000000000
54473  32.806  -24.620  61.800 0.0000000000
54493  32.207  -25.150  60.644 0.0000000000
55561  28.512  -24.760  58.653 0.0000000000
55560  29.361  -25.091  58.080 0.0000000000
135212  29.982  -24.826  57.238 0.0000000000
55576  30.783  -24.679  56.963 0.0000000000
121152  30.026  -24.552  56.297 0.0000000000
65580  32.080  -13.859  54.026 0.0000000000
65581  31.349  -13.803  54.380 0.0000000000
64599  30.399  -14.396  53.671 0.0000000000
63658  27.414  -16.813  53.797 0.0000000000
63657  28.188  -16.193  53.342 0.0000000000
112750  46.804  -5.127  33.980 0.0000000000
67611  35.105  -12.007  50.135 0.0000000000
66622  34.330  -13.224  51.138 0.0000000000
66624  32.793  -13.780  50.602 0.0000000000
69577  38.016  -9.895  51.133 0.0000000000
69578  37.607  -10.091  50.842 0.0000000000
68571  36.836  -11.181  51.545 0.0000000000
68582  36.173  -11.294  50.315 0.0000000000
52425  15.987  -26.714  61.309 0.0000000000
52413  15.484  -26.735  61.993 0.0000000000
112301  24.814  -22.445  68.133 0.0000000000
116827  25.680  -22.249  67.999 0.0000000000
112383  24.733  -22.084  67.483 0.0000000000
57684  23.504  -21.798  66.470 0.0000000000
134950  22.927  -21.788  65.899 0.0000000000
126262  22.138  -22.134  65.617 0.0000000000
114857  22.963  -21.638  65.123 0.0000000000
57722  21.538  -22.243  63.047 0.0000000000
125387  19.049  -24.545  60.933 0.0000000000
55519  19.044  -24.379  61.749 0.0000000000
72530  40.247  -7.269  40.562 0.0000000000
115465  21.865  -24.598  70.425 0.0000000000
53347  22.099  -24.725  71.363 0.0000000000
72480  38.847  -7.071  47.866 0.0000000000
72481  38.580  -7.482  47.365 0.0000000000
72488  38.867  -7.686  46.500 0.0000000000
72493  38.945  -7.805  45.680 0.0000000000
129550  38.819  -7.703  44.951 0.0000000000
71638  36.524  -8.222  44.522 0.0000000000
52322  16.419  -25.918  69.924 0.0000000000
112601  15.737  -26.159  68.818 0.0000000000
52336  15.695  -26.246  69.426 0.0000000000
52323  14.970  -26.483  69.743 0.0000000000
52338  14.154  -26.602  69.408 0.0000000000
52339  13.114  -26.958  69.489 0.0000000000
52340  12.447  -27.327  69.360 0.0000000000
131979  11.810  -27.507  69.676 0.0000000000
132559  8.163  -28.562  73.293 0.0000000000
49073  6.800  -29.406  71.689 0.0000000000
49097  6.913  -29.798  69.937 0.0000000000
49113  6.374  -30.896  68.462 0.0000000000
47982  6.028  -31.683  68.466 0.0000000000
62536  30.473  -17.710  65.442 0.0000000000
61530  29.895  -19.023  64.113 0.0000000000
60571  29.711  -19.377  63.399 0.0000000000
60577  30.296  -20.212  62.971 0.0000000000
117968  31.889  -21.233  62.802 0.0000000000
117969  32.349  -21.157  63.457 0.0000000000
59602  32.519  -21.484  62.678 0.0000000000
57743  33.508  -22.800  60.384 0.0000000000
56575  28.960  -23.400  64.245 0.0000000000
55480  29.459  -23.738  64.613 0.0000000000
55492  28.900  -23.605  63.402 0.0000000000
55502  29.312  -24.114  62.833 0.0000000000
54478  29.418  -24.452  61.996 0.0000000000
54477  29.726  -24.677  61.648 0.0000000000
120384  30.030  -24.993  61.192 0.0000000000
65571  29.679  -14.647  55.729 0.0000000000
63627  27.889  -16.004  56.058 0.0000000000
63638  27.775  -15.943  55.169 0.0000000000
63649  27.855  -16.054  54.278 0.0000000000
74868  47.097  -4.569  34.750 0.0000000000
74858  46.595  -4.515  35.428 0.0000000000
73347  45.588  -6.318  33.318 0.0000000000
70653  34.896  -9.382  46.802 0.0000000000
68616  33.587  -11.023  47.749 0.0000000000
68631  32.774  -10.985  47.073 0.0000000000
67625  33.256  -12.191  49.033 0.0000000000
67626  32.459  -12.494  48.642 0.0000000000
70614  37.766  -9.244  50.280 0.0000000000
71603  37.834  -7.934  48.661 0.0000000000
70630  36.696  -9.328  48.743 0.0000000000
53356  31.771  -25.186  70.531 0.0000000000
53355  32.394  -25.282  70.252 0.0000000000
54381  31.676  -25.025  69.770 0.0000000000
55441  31.017  -24.016  68.486 0.0000000000
116496  29.463  -23.178  68.001 0.0000000000
57653  25.522  -22.041  67.429 0.0000000000
57667  26.163  -21.838  66.711 0.0000000000
57666  27.089  -22.004  66.524 0.0000000000
57682  25.657  -21.613  65.410 0.0000000000
113886  26.712  -21.815  66.059 0.0000000000
57680  27.484  -22.050  65.746 0.0000000000
56558  28.282  -22.549  65.395 0.0000000000
56567  28.402  -22.817  64.673 0.0000000000
56577  27.745  -22.693  63.592 0.0000000000
57718  26.765  -22.383  62.142 0.0000000000
57719  25.749  -21.737  62.589 0.0000000000
57731  25.764  -21.879  61.451 0.0000000000
125478  26.034  -22.172  60.635 0.0000000000
57745  25.594  -22.167  59.914 0.0000000000
112709  24.325  -22.144  58.736 0.0000000000
72529  41.141  -6.912  40.900 0.0000000000
74060  44.542  -5.481  38.585 0.0000000000
74064  44.596  -5.391  37.574 0.0000000000
74068  44.628  -5.422  36.659 0.0000000000
74076  44.568  -5.671  35.712 0.0000000000
74069  43.961  -5.953  36.262 0.0000000000
128918  19.422  -24.850  65.345 0.0000000000
54438  18.606  -25.508  64.990 0.0000000000
54423  19.218  -25.295  65.794 0.0000000000
54413  19.038  -25.452  66.551 0.0000000000
54400  20.027  -25.373  67.670 0.0000000000
53388  19.377  -25.578  68.052 0.0000000000
53389  18.428  -25.657  67.746 0.0000000000
127978  17.836  -25.790  68.732 0.0000000000
112067  17.619  -25.801  69.132 0.0000000000
52318  21.123  -25.471  70.067 0.0000000000
52305  20.329  -25.516  71.221 0.0000000000
112604  19.708  -25.706  70.551 0.0000000000
113670  19.775  -25.811  69.946 0.0000000000
52335  17.407  -25.700  69.754 0.0000000000
52309  16.251  -25.828  70.802 0.0000000000
52296  16.093  -26.001  71.866 0.0000000000
52284  16.585  -25.724  72.707 0.0000000000
53338  15.846  -25.918  72.827 0.0000000000
54346  33.430  -24.390  72.140 0.0000000000
53344  32.115  -25.254  71.215 0.0000000000
55422  30.226  -24.058  71.029 0.0000000000
57629  25.741  -22.502  69.268 0.0000000000
56496  26.519  -22.993  70.787 0.0000000000
56511  26.163  -22.705  70.073 0.0000000000
56529  22.100  -23.541  68.868 0.0000000000
56540  21.870  -23.270  68.148 0.0000000000
135142  20.264  -24.380  66.243 0.0000000000
73289  43.363  -6.010  44.503 0.0000000000
73291  41.723  -6.514  44.924 0.0000000000
73297  41.927  -6.550  43.950 0.0000000000
72499  41.871  -6.706  43.199 0.0000000000
112572  39.948  -6.937  42.006 0.0000000000
72514  39.296  -7.096  42.575 0.0000000000
133019  38.741  -7.601  40.974 0.0000000000
53416  16.421  -26.231  65.168 0.0000000000
52390  14.099  -26.758  64.410 0.0000000000
52359  15.243  -26.101  67.969 0.0000000000
112126  14.641  -26.313  67.617 0.0000000000
52360  14.162  -26.465  68.288 0.0000000000
128419  14.778  -26.372  67.017 0.0000000000
51291  11.325  -27.855  64.313 0.0000000000
52384  11.508  -27.287  65.437 0.0000000000
51231  11.727  -27.513  70.288 0.0000000000
51238  11.002  -27.590  69.682 0.0000000000
50166  8.778  -28.241  71.961 0.0000000000
51227  9.502  -28.019  71.433 0.0000000000
129123  9.466  -28.121  70.845 0.0000000000
123847  10.478  -27.736  70.197 0.0000000000
51269  9.459  -28.220  66.489 0.0000000000
51270  8.707  -28.644  66.697 0.0000000000
45697  3.503  -33.165  73.490 0.0000000000
44564  3.523  -34.822  72.651 0.0000000000
43456  3.236  -35.711  72.701 0.0000000000
66592  34.695  -13.245  53.532 0.0000000000
65558  30.834  -13.763  55.899 0.0000000000
65559  30.234  -14.261  56.227 0.0000000000
65560  29.644  -14.714  56.559 0.0000000000
64572  29.191  -15.248  56.970 0.0000000000
62612  27.624  -17.866  59.298 0.0000000000
62611  28.168  -17.410  59.759 0.0000000000
60612  27.435  -19.058  59.272 0.0000000000
60611  28.010  -19.577  59.631 0.0000000000
60595  28.811  -20.015  60.747 0.0000000000
58724  31.752  -21.710  58.760 0.0000000000
59604  30.615  -20.743  62.182 0.0000000000
117899  30.840  -21.154  61.476 0.0000000000
59627  31.031  -21.404  60.798 0.0000000000
58704  31.289  -21.568  60.199 0.0000000000
59574  33.683  -20.861  65.361 0.0000000000
53364  32.704  -25.331  69.467 0.0000000000
53363  33.174  -25.283  69.345 0.0000000000
123054  33.260  -25.155  68.843 0.0000000000
54397  31.973  -24.615  67.698 0.0000000000
53385  32.774  -25.095  68.243 0.0000000000
53373  33.644  -24.858  68.541 0.0000000000
54395  35.046  -23.532  67.147 0.0000000000
54436  30.422  -24.269  64.930 0.0000000000
54435  31.035  -24.569  64.958 0.0000000000
128702  31.551  -24.962  65.032 0.0000000000
53426  32.004  -25.096  65.425 0.0000000000
53411  33.194  -25.090  65.976 0.0000000000
125839  33.870  -24.390  66.265 0.0000000000
55455  35.212  -23.206  66.553 0.0000000000
56556  35.291  -23.096  66.004 0.0000000000
54444  34.426  -23.960  64.267 0.0000000000
56566  34.705  -23.080  64.792 0.0000000000
58668  34.977  -21.827  65.075 0.0000000000
121901  34.241  -21.374  65.273 0.0000000000
59590  34.037  -21.619  64.593 0.0000000000
58676  33.910  -21.856  63.938 0.0000000000
112277  33.478  -23.590  61.954 0.0000000000
56599  33.496  -23.188  61.567 0.0000000000
54494  30.613  -25.409  60.654 0.0000000000
54507  31.505  -25.412  60.025 0.0000000000
54521  31.171  -25.433  59.296 0.0000000000
112107  33.173  -24.715  59.271 0.0000000000
55575  31.868  -24.507  56.651 0.0000000000
66593  33.883  -13.803  53.029 0.0000000000
65590  32.442  -14.236  53.302 0.0000000000
126710  32.719  -14.441  52.711 0.0000000000
134405  32.769  -14.403  52.302 0.0000000000
113073  31.859  -14.427  51.560 0.0000000000
65614  30.970  -14.576  51.384 0.0000000000
65582  29.783  -14.594  54.877 0.0000000000
65592  29.925  -14.646  54.197 0.0000000000
129529  30.154  -14.678  53.060 0.0000000000
64601  28.986  -15.504  53.433 0.0000000000
64620  30.244  -14.940  51.281 0.0000000000
74086  44.805  -5.855  34.912 0.0000000000
52320  19.110  -25.789  70.126 0.0000000000
53354  33.008  -25.296  70.033 0.0000000000
53358  21.373  -25.146  69.816 0.0000000000
53365  32.158  -25.248  69.645 0.0000000000
53374  32.920  -25.279  68.850 0.0000000000
53384  33.135  -24.995  68.164 0.0000000000
53387  20.231  -25.505  68.363 0.0000000000
53397  34.022  -24.159  66.837 0.0000000000
53399  33.167  -24.921  66.612 0.0000000000
53400  32.517  -24.839  67.493 0.0000000000
53410  33.636  -24.757  65.777 0.0000000000
54360  33.115  -24.820  71.607 0.0000000000
54362  31.622  -25.203  71.423 0.0000000000
54371  33.802  -24.713  70.312 0.0000000000
54390  21.435  -24.842  69.065 0.0000000000
54391  21.166  -25.030  68.583 0.0000000000
54398  20.878  -24.834  68.045 0.0000000000
54406  34.831  -23.556  66.393 0.0000000000
54407  34.528  -23.819  66.986 0.0000000000
54419  34.357  -23.974  66.283 0.0000000000
54420  31.474  -24.763  65.479 0.0000000000
54434  31.245  -24.832  64.471 0.0000000000
55405  33.893  -24.076  71.733 0.0000000000
55467  34.958  -23.302  65.861 0.0000000000
55477  34.881  -23.062  65.316 0.0000000000
56565  34.992  -22.849  65.002 0.0000000000
56568  27.722  -22.248  65.045 0.0000000000
56569  20.859  -22.952  64.438 0.0000000000
56585  34.138  -23.140  63.240 0.0000000000
57641  23.794  -22.831  68.631 0.0000000000
57652  26.476  -22.098  67.471 0.0000000000
57669  24.188  -21.830  67.109 0.0000000000
57683  24.833  -21.591  65.092 0.0000000000
57691  34.931  -22.396  65.140 0.0000000000
57696  22.122  -21.960  64.661 0.0000000000
57720  24.641  -21.541  62.593 0.0000000000
58674  34.737  -22.309  64.893 0.0000000000
59572  34.797  -21.847  65.440 0.0000000000
59582  34.575  -21.823  65.012 0.0000000000
112664  17.965  -25.792  66.092 0.0000000000
114879  24.944  -21.597  61.926 0.0000000000
115397  33.485  -24.763  66.279 0.0000000000
115823  34.584  -23.752  65.630 0.0000000000
120202  31.446  -24.237  67.922 0.0000000000
131057  31.256  -24.739  69.811 0.0000000000
132112  33.124  -13.680  54.232 0.0000000000
132589  7.651  -29.597  67.470 0.0000000000
135315  33.723  -24.422  67.254 0.0000000000
135725  32.437  -25.068  65.894 0.0000000000
