#!ascii label  , from subject sub-v1s22x0050498_ses-1 vox2ras=TkReg
918
60128  -22.820  -22.567  3.222 0.4285714328
61063  -23.181  -21.060  2.695 0.2857142985
61047  -23.658  -21.534  3.243 0.4285714328
61942  -24.078  -20.935  3.191 0.4285714328
61943  -24.793  -20.787  3.490 0.4285714328
62823  -23.873  -19.864  2.409 0.2857142985
61960  -24.336  -20.255  2.936 0.4285714328
61962  -25.660  -19.528  3.437 0.4285714328
63667  -24.074  -19.048  1.990 0.4285714328
115452  -24.777  -18.868  2.359 0.4285714328
64531  -24.392  -17.464  1.640 0.4285714328
65365  -24.839  -16.636  1.744 0.4285714328
65390  -24.146  -16.068  0.458 0.5714285970
65378  -24.195  -16.699  1.137 0.5714285970
66141  -25.402  -15.814  1.766 0.2857142985
66152  -24.709  -15.345  0.525 0.7142857313
66153  -25.182  -15.312  1.127 0.7142857313
111242  -25.926  -14.288  1.114 0.7142857313
110838  -26.457  -14.421  1.797 0.4285714328
110843  -25.295  -14.642  0.669 0.7142857313
66154  -25.758  -14.956  1.417 0.5714285970
110833  -26.966  -12.807  1.450 0.5714285970
111118  -25.643  -13.884  0.545 0.5714285970
111073  -25.824  -13.134  0.353 0.5714285970
110839  -26.458  -12.629  0.729 0.5714285970
128769  -25.322  -13.520  -0.030 0.5714285970
110829  -27.506  -12.842  2.111 0.4285714328
69438  -27.119  -11.398  0.703 0.5714285970
70360  -27.524  -10.663  0.721 0.5714285970
68524  -25.501  -12.077  -0.894 0.7142857313
69451  -26.845  -11.044  0.160 0.7142857313
70361  -28.130  -10.043  1.146 0.5714285970
128843  -26.254  -11.547  -0.356 0.5714285970
68538  -25.105  -12.270  -1.804 0.5714285970
70371  -26.509  -10.684  -0.546 0.8571428657
71347  -27.759  -9.732  0.439 0.7142857313
114114  -25.854  -11.182  -1.083 0.7142857313
70388  -25.490  -10.869  -1.929 0.5714285970
71361  -28.000  -8.888  0.179 0.7142857313
71348  -28.348  -9.220  0.895 0.5714285970
71359  -26.777  -9.800  -0.731 0.7142857313
71360  -27.456  -9.379  -0.271 0.7142857313
72258  -28.265  -8.056  -0.214 0.5714285970
72241  -28.601  -8.376  0.584 0.5714285970
72269  -27.079  -8.831  -0.926 0.7142857313
72257  -27.691  -8.647  -0.397 0.7142857313
114519  -28.630  -7.298  -0.302 0.7142857313
73108  -28.889  -7.597  0.253 0.7142857313
119600  -27.160  -8.098  -1.362 0.7142857313
73123  -27.629  -8.060  -0.814 0.7142857313
73124  -28.064  -7.300  -0.754 0.7142857313
74788  -28.903  -5.782  -0.884 0.7142857313
73936  -29.178  -6.897  -0.067 0.5714285970
73135  -27.497  -7.385  -1.355 0.7142857313
72268  -26.632  -8.541  -1.744 0.5714285970
74789  -29.398  -5.365  -0.569 0.5714285970
74790  -30.025  -4.921  -0.149 0.5714285970
118693  -27.373  -6.720  -1.968 0.8571428657
73134  -26.851  -7.587  -1.994 0.8571428657
74810  -28.853  -5.095  -1.357 0.7142857313
73136  -27.941  -6.578  -1.352 0.8571428657
74809  -28.419  -5.848  -1.416 0.7142857313
75665  -28.689  -3.598  -1.997 0.8571428657
75653  -29.583  -3.883  -1.029 0.5714285970
75651  -28.374  -4.525  -2.057 0.8571428657
74823  -27.821  -5.101  -2.336 0.8571428657
73964  -27.799  -5.865  -2.037 0.8571428657
127810  -28.270  -5.287  -1.883 0.8571428657
76488  -29.054  -2.721  -1.964 0.8571428657
78135  -29.429  -1.888  -1.861 0.8571428657
123077  -29.047  -1.209  -2.235 0.8571428657
78145  -28.724  -1.993  -2.330 0.8571428657
119684  -28.119  -2.028  -2.699 1.0000000000
78144  -28.374  -1.310  -2.658 1.0000000000
76508  -28.262  -2.886  -2.467 0.8571428657
78958  -28.137  -0.005  -2.744 1.0000000000
79765  -27.683  0.544  -2.925 0.7142857313
78959  -28.583  -0.581  -2.525 1.0000000000
78968  -28.006  -0.683  -2.925 1.0000000000
82224  -28.265  3.526  -1.948 1.0000000000
82223  -27.565  3.537  -2.400 0.8571428657
118519  -27.711  4.920  -2.499 0.8571428657
83069  -28.022  4.284  -2.240 1.0000000000
116368  -28.286  7.942  -2.799 0.8571428657
129080  -28.420  7.095  -2.583 0.8571428657
84592  -28.589  6.217  -2.250 1.0000000000
86886  -28.017  9.511  -3.172 0.8571428657
130836  -28.821  9.214  -2.761 0.8571428657
87528  -27.689  10.309  -3.551 0.7142857313
86895  -27.358  9.055  -3.413 0.5714285970
112503  -27.032  10.930  -4.260 0.7142857313
87526  -25.174  10.178  -4.840 0.5714285970
86894  -26.368  9.011  -3.930 0.5714285970
121671  -24.854  9.820  -4.377 0.4285714328
88128  -25.320  11.731  -5.125 0.4285714328
88092  -25.453  10.860  -2.887 0.2857142985
112336  -24.800  10.876  -4.001 0.2857142985
87509  -25.950  10.791  -1.681 0.2857142985
61959  -23.737  -20.573  2.742 0.2857142985
69437  -26.574  -11.815  0.407 0.5714285970
75632  -29.472  -4.574  -0.815 0.5714285970
75652  -29.041  -4.182  -1.485 0.8571428657
76489  -29.343  -3.372  -1.500 0.8571428657
80576  -27.665  1.166  -2.727 0.8571428657
87492  -27.731  10.261  0.026 0.1428571492
61958  -22.749  -20.749  2.155 0.2857142985
62840  -23.357  -19.635  1.797 0.2857142985
64518  -25.794  -17.917  2.810 0.4285714328
116562  -23.365  -18.916  1.366 0.2857142985
64517  -25.138  -17.470  2.251 0.4285714328
64530  -23.726  -17.508  1.022 0.5714285970
66142  -26.094  -15.299  2.118 0.4285714328
66165  -24.183  -15.482  -0.252 0.2857142985
66894  -24.687  -14.770  -0.112 0.7142857313
110835  -26.378  -13.571  1.112 0.4285714328
110848  -24.963  -13.609  -0.789 0.5714285970
68504  -27.941  -12.141  2.377 0.4285714328
110845  -25.395  -12.908  -0.413 0.7142857313
68512  -26.990  -12.019  1.066 0.7142857313
69427  -27.516  -11.398  1.275 0.5714285970
69428  -28.026  -11.465  1.936 0.4285714328
70372  -27.215  -10.246  -0.085 0.7142857313
68549  -25.093  -11.664  -2.298 0.5714285970
69466  -25.401  -11.625  -1.609 0.5714285970
72242  -29.178  -7.837  1.011 0.5714285970
70389  -26.139  -10.316  -1.290 0.5714285970
72226  -28.905  -8.653  1.516 0.5714285970
71374  -26.418  -9.416  -1.493 0.8571428657
75664  -27.673  -4.382  -2.550 1.0000000000
78960  -29.190  -0.504  -2.047 1.0000000000
77319  -27.595  -2.507  -2.935 1.0000000000
123859  -27.622  -0.059  -3.103 0.8571428657
80575  -26.984  1.825  -2.948 0.7142857313
133129  -27.694  1.950  -2.423 1.0000000000
81385  -28.327  2.104  -1.919 1.0000000000
81396  -27.199  2.731  -2.617 0.7142857313
125537  -28.470  2.859  -1.732 1.0000000000
83863  -28.460  5.169  -2.085 1.0000000000
87539  -24.983  10.994  -5.144 0.7142857313
87527  -26.166  10.127  -4.622 0.7142857313
134360  -24.900  9.185  -3.935 0.4285714328
88127  -25.235  11.910  -5.042 0.4285714328
88113  -26.958  11.745  -4.596 0.4285714328
88734  -25.211  12.576  -5.499 0.4285714328
88093  -26.168  11.456  -2.053 0.2857142985
88721  -25.237  12.315  -4.407 0.4285714328
134517  -24.691  -14.297  -0.667 0.4285714328
110851  -24.454  -14.114  -1.365 0.4285714328
87525  -24.851  10.545  -4.652 0.4285714328
88112  -24.915  11.282  -4.642 0.2857142985
88101  -25.522  11.647  -3.357 0.2857142985
60129  -23.431  -22.349  3.445 0.4285714328
61062  -22.345  -21.463  2.317 0.2857142985
61036  -24.956  -21.479  3.855 0.4285714328
61984  -23.282  -20.337  2.248 0.2857142985
62824  -24.552  -19.502  2.599 0.4285714328
63666  -23.171  -18.260  0.816 0.2857142985
113002  -23.893  -18.255  1.483 0.4285714328
63651  -24.602  -18.254  2.041 0.4285714328
65377  -23.627  -16.859  0.420 0.4285714328
65364  -24.708  -15.934  1.177 0.4285714328
110844  -25.067  -14.094  -0.034 0.5714285970
111284  -26.004  -12.355  -0.030 0.5714285970
126464  -27.470  -12.111  1.717 0.4285714328
70347  -28.038  -10.775  1.490 0.5714285970
111335  -25.071  -12.859  -1.276 0.7142857313
71373  -25.758  -9.903  -2.035 0.7142857313
73949  -28.610  -6.531  -0.703 0.7142857313
76499  -28.110  -3.805  -2.404 0.8571428657
80590  -27.253  1.059  -3.125 0.8571428657
86213  -28.192  8.747  -3.033 0.8571428657
113412  -26.896  9.584  -3.872 0.7142857313
111631  -25.790  9.585  -4.552 0.5714285970
87501  -25.806  10.083  -1.336 0.2857142985
87513  -24.820  10.269  -3.855 0.2857142985
88086  -26.595  11.235  -1.153 0.2857142985
87503  -27.219  10.763  -0.572 0.1428571492
66172  -24.188  -14.900  -0.988 0.2857142985
88129  -25.689  11.016  -5.085 0.5714285970
90407  -25.246  15.591  -6.626 0.2857142985
90404  -26.019  16.030  -4.724 0.1428571492
89863  -24.980  14.384  -6.078 0.2857142985
90398  -25.857  15.249  -4.426 0.1428571492
88722  -25.482  13.078  -3.855 0.1428571492
89858  -24.973  13.723  -5.352 0.2857142985
89308  -25.494  13.839  -4.028 0.1428571492
89872  -25.960  14.590  -6.408 0.2857142985
89871  -25.148  14.623  -6.365 0.2857142985
89868  -31.038  14.013  -4.725 0.2857142985
89874  -28.917  14.731  -5.149 0.2857142985
90399  -27.067  15.528  -3.532 0.1428571492
88735  -25.268  12.966  -5.799 0.2857142985
88724  -28.963  12.330  -3.750 0.2857142985
134011  -25.024  13.922  -6.208 0.2857142985
117473  -31.204  11.458  -3.093 0.1428571492
89311  -29.431  13.071  -3.929 0.2857142985
89865  -28.545  14.049  -4.814 0.2857142985
89309  -26.228  14.672  -3.687 0.1428571492
123370  -26.839  13.155  -5.375 0.2857142985
89331  -25.354  13.927  -6.247 0.2857142985
86896  -32.679  9.917  -3.528 0.1428571492
88118  -32.187  10.995  -3.775 0.1428571492
88725  -30.137  12.574  -3.542 0.4285714328
88723  -27.961  12.230  -4.179 0.2857142985
85395  -30.666  7.941  -1.911 0.2857142985
118911  -29.982  10.109  -2.254 0.4285714328
87529  -28.681  10.898  -3.115 0.2857142985
114398  -25.866  12.170  -5.326 0.2857142985
85383  -31.971  7.076  -1.694 0.1428571492
86889  -31.723  9.416  -2.369 0.2857142985
88115  -29.559  11.636  -3.198 0.4285714328
86203  -30.218  8.654  -2.139 0.5714285970
87514  -28.914  10.078  -2.647 0.7142857313
125790  -31.347  6.044  -1.265 0.1428571492
85382  -31.022  7.198  -1.699 0.1428571492
120726  -27.937  10.943  -3.600 0.4285714328
83057  -31.831  4.951  -0.774 0.2857142985
83056  -30.917  4.867  -0.929 0.7142857313
86202  -29.172  8.496  -2.483 0.7142857313
83850  -29.855  5.694  -1.509 0.8571428657
117327  -29.823  7.993  -2.090 0.5714285970
82206  -31.384  3.209  -0.676 0.2857142985
83048  -31.362  4.012  -0.784 0.2857142985
85381  -29.938  7.230  -1.826 0.7142857313
84591  -27.725  6.489  -2.941 0.5714285970
114687  -29.092  6.938  -2.030 0.8571428657
81374  -31.834  2.723  -0.553 0.1428571492
118644  -30.323  4.069  -1.071 0.7142857313
77316  -25.759  -2.904  -3.883 0.5714285970
78149  -27.132  -1.421  -3.340 0.8571428657
78967  -27.433  -0.773  -3.245 0.8571428657
78161  -26.503  -1.642  -3.564 0.4285714328
78966  -27.006  -0.120  -3.395 0.5714285970
125391  -27.898  2.772  -2.143 0.8571428657
80563  -28.819  1.513  -1.746 0.8571428657
80565  -30.504  1.611  -0.802 0.2857142985
81386  -29.087  2.468  -1.436 0.8571428657
83055  -29.490  4.153  -1.392 0.8571428657
83864  -29.511  6.390  -1.772 0.8571428657
80549  -32.095  1.287  -0.435 0.4285714328
81387  -30.011  2.470  -0.975 0.7142857313
82214  -29.701  3.299  -1.180 0.7142857313
75683  -24.913  -4.053  -4.390 0.2857142985
77318  -27.011  -2.189  -3.359 0.5714285970
78150  -27.698  -1.541  -3.068 0.8571428657
79753  -28.713  0.757  -2.075 0.8571428657
80577  -28.234  1.308  -2.285 0.8571428657
79738  -30.681  0.668  -0.877 0.4285714328
122548  -29.252  0.992  -1.605 0.8571428657
79739  -31.458  0.504  -0.577 0.4285714328
72310  -25.708  -7.887  -3.237 0.7142857313
73186  -24.581  -7.275  -4.366 0.4285714328
118848  -26.451  -6.450  -3.066 0.8571428657
74833  -26.105  -5.736  -3.483 0.5714285970
124152  -25.094  -4.751  -4.251 0.5714285970
75682  -24.158  -4.436  -4.724 0.4285714328
75663  -26.628  -4.961  -3.182 0.8571428657
124771  -25.874  -4.900  -3.614 0.5714285970
76514  -25.291  -3.500  -4.136 0.5714285970
76506  -26.811  -3.582  -3.243 0.7142857313
76505  -26.115  -3.553  -3.647 0.5714285970
78948  -29.794  -1.109  -1.725 0.7142857313
79754  -29.334  0.240  -1.730 0.7142857313
118473  -31.507  -1.236  -0.283 0.2857142985
78949  -30.340  -0.626  -1.286 0.4285714328
124937  -30.878  -0.122  -0.866 0.5714285970
71415  -25.173  -9.143  -3.509 0.4285714328
72326  -24.701  -8.047  -4.330 0.4285714328
73153  -26.808  -6.832  -2.432 0.7142857313
73981  -27.157  -6.148  -2.531 0.7142857313
77303  -29.733  -2.591  -1.449 0.7142857313
78119  -30.775  -1.708  -0.662 0.2857142985
78136  -30.124  -1.831  -1.367 0.5714285970
70410  -25.310  -10.359  -2.702 0.4285714328
70428  -24.335  -10.114  -3.644 0.5714285970
72289  -25.634  -8.703  -3.016 0.5714285970
75633  -30.104  -4.015  -0.382 0.4285714328
77291  -30.354  -2.510  -0.835 0.4285714328
110857  -24.462  -13.123  -2.242 0.5714285970
71334  -29.087  -9.246  2.151 0.4285714328
74770  -30.453  -5.235  0.557 0.4285714328
73950  -29.319  -6.139  -0.319 0.4285714328
75634  -30.515  -4.423  0.386 0.4285714328
116445  -25.743  -16.993  2.734 0.1428571492
73109  -29.504  -7.150  0.615 0.4285714328
73090  -30.111  -6.725  0.981 0.4285714328
73938  -30.340  -6.022  0.733 0.4285714328
66133  -26.458  -15.634  2.797 0.1428571492
66134  -27.080  -15.134  3.053 0.1428571492
71294  -29.949  -9.965  3.635 0.2857142985
72199  -30.971  -7.845  3.697 0.2857142985
71313  -30.056  -8.541  2.911 0.2857142985
70348  -28.548  -10.822  2.148 0.4285714328
73067  -30.466  -7.812  3.024 0.2857142985
72212  -29.983  -7.940  2.403 0.2857142985
73077  -30.408  -7.274  2.428 0.2857142985
122114  -29.973  -7.475  1.945 0.4285714328
65349  -26.295  -16.474  3.134 0.1428571492
66123  -26.893  -15.951  3.493 0.1428571492
132470  -25.377  -16.602  2.218 0.1428571492
66867  -27.617  -14.586  3.336 0.2857142985
129022  -27.716  -13.936  3.056 0.2857142985
122349  -29.546  -11.977  4.295 0.2857142985
70290  -29.929  -10.739  4.006 0.2857142985
123956  -29.589  -11.175  3.719 0.2857142985
69413  -28.582  -11.532  2.668 0.2857142985
70308  -29.557  -10.708  3.389 0.2857142985
66124  -27.617  -15.426  3.793 0.1428571492
66846  -29.098  -14.168  4.894 0.2857142985
122541  -28.210  -15.259  4.409 0.2857142985
111361  -28.738  -13.707  4.347 0.2857142985
111302  -28.173  -13.999  3.703 0.2857142985
66880  -27.197  -14.305  2.549 0.2857142985
110818  -29.077  -13.077  4.288 0.2857142985
61961  -24.979  -19.898  3.211 0.2857142985
63642  -26.302  -18.298  3.449 0.1428571492
63652  -25.254  -18.413  2.513 0.2857142985
64512  -26.824  -17.769  3.946 0.1428571492
60130  -23.929  -22.753  3.925 0.2857142985
59211  -23.124  -23.169  3.663 0.2857142985
62814  -26.238  -19.135  3.723 0.2857142985
59203  -24.490  -23.101  4.502 0.1428571492
58367  -22.454  -23.767  3.554 0.2857142985
129840  -22.488  -24.443  3.825 0.1428571492
66845  -28.481  -14.480  4.409 0.2857142985
110817  -29.540  -12.620  4.650 0.2857142985
69384  -29.339  -11.702  3.794 0.2857142985
71295  -30.187  -9.032  3.540 0.2857142985
71333  -28.631  -9.577  1.641 0.4285714328
72211  -29.482  -8.602  2.297 0.4285714328
122355  -30.727  -6.496  2.310 0.2857142985
73996  -25.239  -6.852  -3.949 0.7142857313
73924  -30.541  -6.226  1.496 0.4285714328
124065  -26.404  -4.252  -3.399 0.5714285970
74769  -29.896  -5.696  0.100 0.4285714328
76490  -29.975  -3.271  -0.953 0.4285714328
77292  -30.909  -2.492  -0.139 0.2857142985
78927  -30.905  -0.874  -0.768 0.5714285970
83862  -27.762  5.641  -2.658 0.7142857313
79755  -30.180  0.081  -1.310 0.7142857313
83054  -28.728  4.259  -1.759 0.8571428657
86212  -27.161  8.300  -3.376 0.4285714328
85394  -29.119  7.622  -2.239 0.7142857313
83849  -29.279  5.012  -1.591 0.8571428657
88736  -27.196  12.595  -4.861 0.2857142985
86204  -31.245  8.678  -2.034 0.4285714328
90391  -27.367  14.559  -2.721 0.1428571492
88116  -30.677  11.967  -3.265 0.2857142985
87517  -31.754  10.871  -3.060 0.1428571492
89873  -27.692  14.687  -5.633 0.2857142985
60120  -24.659  -22.194  4.063 0.1428571492
60143  -22.290  -22.361  2.722 0.2857142985
61050  -25.870  -20.845  4.231 0.1428571492
63653  -25.782  -18.747  3.053 0.1428571492
62825  -25.232  -19.160  2.784 0.2857142985
65350  -26.801  -16.844  3.784 0.1428571492
65336  -27.955  -16.685  4.838 0.1428571492
66081  -28.312  -15.856  5.047 0.1428571492
110832  -27.078  -13.618  1.874 0.2857142985
110824  -28.064  -13.330  3.197 0.2857142985
110820  -29.060  -12.449  3.929 0.2857142985
70291  -30.317  -10.992  4.600 0.2857142985
71275  -30.420  -10.232  4.404 0.2857142985
69383  -29.184  -11.311  3.275 0.2857142985
72325  -24.150  -8.419  -4.433 0.2857142985
73902  -31.036  -6.997  3.155 0.2857142985
74746  -30.999  -5.662  2.098 0.2857142985
73169  -25.798  -7.095  -3.462 0.7142857313
73152  -26.313  -7.343  -2.780 0.5714285970
74841  -23.724  -5.888  -4.587 0.4285714328
117888  -25.424  -6.192  -3.850 0.5714285970
76513  -24.273  -3.439  -4.720 0.2857142985
74755  -30.736  -5.469  1.283 0.2857142985
73937  -29.743  -6.447  0.336 0.4285714328
134256  -25.012  -2.936  -4.270 0.2857142985
74771  -30.990  -4.654  1.127 0.1428571492
76475  -31.003  -3.200  0.359 0.4285714328
131816  -30.581  -3.733  0.229 0.4285714328
77277  -31.617  -2.536  0.486 0.1428571492
79767  -28.682  0.084  -2.331 0.8571428657
129711  -30.400  -1.226  -1.209 0.5714285970
80564  -29.585  1.652  -1.292 0.7142857313
81375  -32.371  2.192  -0.485 0.2857142985
128826  -32.565  2.889  -0.627 0.1428571492
81373  -30.927  2.538  -0.686 0.4285714328
125041  -31.496  1.937  -0.523 0.4285714328
82207  -32.156  3.460  -0.644 0.1428571492
84578  -30.521  6.407  -1.536 0.5714285970
83049  -32.456  4.280  -0.785 0.1428571492
133660  -31.356  5.451  -1.014 0.1428571492
84579  -32.107  6.356  -1.381 0.1428571492
118180  -26.484  14.045  -3.131 0.1428571492
85396  -31.671  7.868  -1.869 0.1428571492
87516  -30.504  10.577  -2.410 0.2857142985
86890  -32.505  9.308  -2.887 0.1428571492
87530  -32.319  10.512  -3.462 0.1428571492
89312  -30.449  13.334  -3.913 0.2857142985
89313  -31.116  13.501  -4.258 0.2857142985
120049  -31.530  12.907  -4.509 0.1428571492
88130  -31.670  12.165  -4.121 0.1428571492
61038  -26.229  -21.340  4.735 0.1428571492
64500  -27.367  -17.225  4.386 0.1428571492
130031  -30.519  -9.389  4.226 0.2857142985
130189  -32.392  10.846  -5.082 0.1428571492
89332  -31.388  13.618  -4.925 0.2857142985
113204  -24.050  -22.105  3.614 0.2857142985
61048  -24.389  -21.532  3.571 0.1428571492
61049  -25.346  -21.067  3.895 0.1428571492
61944  -25.495  -20.367  3.715 0.1428571492
66879  -26.652  -14.943  2.457 0.2857142985
119629  -28.481  -10.269  1.735 0.4285714328
72290  -26.208  -8.200  -2.502 0.5714285970
71397  -26.036  -9.053  -2.268 0.4285714328
119399  -27.234  -4.970  -2.737 0.7142857313
76507  -27.482  -3.493  -2.789 0.8571428657
79766  -28.194  0.618  -2.562 0.8571428657
88114  -28.183  11.549  -3.744 0.2857142985
121378  -26.198  12.806  -5.518 0.2857142985
64511  -26.273  -17.393  3.304 0.1428571492
110852  -24.689  -13.394  -1.628 0.5714285970
129292  -28.376  -12.221  2.873 0.2857142985
73091  -29.752  -7.334  1.339 0.4285714328
118081  -27.110  -2.943  -3.195 0.5714285970
82213  -28.918  3.426  -1.508 0.8571428657
128299  -29.135  5.721  -1.801 0.8571428657
116390  -25.151  12.623  -5.228 0.2857142985
89320  -24.937  13.081  -5.691 0.2857142985
89307  -25.084  13.129  -4.793 0.2857142985
74821  -26.838  -5.600  -2.914 0.8571428657
90995  -25.209  16.278  -6.086 0.1428571492
90403  -25.221  15.322  -5.621 0.2857142985
90408  -25.451  15.511  -6.834 0.2857142985
89859  -25.305  14.544  -4.885 0.1428571492
89324  -30.491  13.946  -4.424 0.2857142985
120724  -28.795  13.398  -4.375 0.2857142985
89310  -28.399  12.827  -4.274 0.2857142985
89321  -25.737  13.351  -5.881 0.2857142985
89864  -26.889  13.855  -5.626 0.2857142985
88102  -30.472  11.257  -2.753 0.2857142985
116779  -31.332  11.995  -3.560 0.1428571492
88117  -31.777  11.509  -3.672 0.1428571492
89322  -27.847  13.336  -4.797 0.2857142985
87540  -32.526  10.520  -4.261 0.1428571492
88131  -32.149  11.406  -4.471 0.1428571492
88726  -31.122  12.769  -3.710 0.1428571492
86887  -29.644  9.336  -2.380 0.5714285970
133007  -30.595  10.134  -2.194 0.4285714328
87515  -29.676  10.772  -2.600 0.5714285970
85397  -32.565  7.574  -2.160 0.1428571492
126958  -31.386  6.630  -1.508 0.1428571492
113551  -31.260  10.253  -2.403 0.2857142985
87518  -32.115  10.089  -2.860 0.2857142985
86888  -30.670  9.538  -2.119 0.4285714328
121636  -30.664  5.583  -1.257 0.4285714328
112254  -30.073  4.917  -1.266 0.7142857313
82215  -30.574  3.262  -0.876 0.5714285970
77317  -26.542  -2.913  -3.509 0.5714285970
78979  -26.717  -0.882  -3.435 0.4285714328
77328  -26.195  -2.294  -3.719 0.4285714328
80548  -31.224  1.185  -0.610 0.5714285970
118478  -29.924  0.863  -1.274 0.7142857313
72309  -25.235  -8.386  -3.784 0.5714285970
73168  -25.226  -7.614  -3.964 0.4285714328
73997  -25.821  -6.463  -3.557 0.7142857313
74843  -25.300  -5.557  -4.026 0.4285714328
75672  -25.631  -4.163  -3.881 0.5714285970
74842  -24.433  -5.358  -4.473 0.4285714328
75681  -23.645  -5.105  -4.699 0.2857142985
75673  -27.017  -4.279  -2.929 0.7142857313
116180  -29.770  -0.401  -1.632 0.7142857313
71396  -25.504  -9.521  -2.824 0.5714285970
70429  -25.016  -9.909  -3.300 0.5714285970
76474  -30.485  -3.198  -0.270 0.4285714328
132076  -31.372  -1.926  -0.088 0.2857142985
72227  -29.479  -7.935  1.791 0.4285714328
110828  -27.583  -13.475  2.573 0.2857142985
110826  -27.968  -12.773  2.750 0.2857142985
71312  -29.606  -9.391  2.839 0.2857142985
70327  -29.470  -10.200  2.982 0.2857142985
72198  -30.476  -8.362  3.442 0.2857142985
71311  -28.950  -10.031  2.357 0.2857142985
70326  -29.062  -10.774  2.805 0.2857142985
119512  -30.249  -6.916  1.744 0.4285714328
65335  -27.405  -16.335  4.149 0.1428571492
66868  -28.067  -14.782  3.880 0.2857142985
69361  -29.789  -11.385  4.215 0.2857142985
66107  -27.875  -15.903  4.459 0.1428571492
110816  -29.324  -13.415  4.757 0.2857142985
59202  -23.733  -23.597  4.328 0.1428571492
60121  -25.243  -22.638  4.691 0.1428571492
61934  -26.499  -20.568  4.591 0.1428571492
89296  -26.257  13.369  -3.116 0.1428571492
83876  -27.012  5.910  -3.321 0.5714285970
83068  -27.245  4.320  -2.666 0.4285714328
83067  -26.429  4.476  -3.221 0.4285714328
83861  -27.073  5.093  -3.034 0.5714285970
82222  -26.755  3.605  -2.846 0.4285714328
80589  -26.589  1.300  -3.405 0.4285714328
121424  -26.279  2.128  -3.360 0.4285714328
81395  -26.428  2.799  -3.129 0.5714285970
72177  -32.086  -7.759  5.032 0.1428571492
65389  -23.576  -16.302  -0.486 0.2857142985
72161  -33.369  -8.306  6.054 0.1428571492
113951  -31.680  -8.458  5.082 0.1428571492
72162  -34.097  -7.812  6.092 0.1428571492
64562  -23.073  -17.172  -0.322 0.2857142985
70275  -31.319  -10.833  5.790 0.1428571492
71258  -32.192  -9.508  5.937 0.1428571492
71257  -30.998  -9.718  4.867 0.1428571492
72135  -35.081  -8.900  7.490 0.1428571492
71259  -32.967  -9.029  6.369 0.1428571492
72178  -36.762  -8.871  5.052 0.1428571492
72147  -35.622  -8.216  6.525 0.1428571492
72163  -36.424  -8.339  5.713 0.1428571492
64546  -23.254  -17.554  0.398 0.2857142985
64545  -22.651  -17.933  -0.056 0.2857142985
110801  -30.472  -13.160  6.385 0.1428571492
110807  -30.863  -11.994  6.315 0.1428571492
111218  -30.648  -11.240  5.265 0.1428571492
110812  -29.985  -12.523  5.351 0.1428571492
126923  -32.936  -10.628  7.442 0.1428571492
70263  -31.819  -10.891  6.457 0.1428571492
71229  -33.716  -9.753  8.138 0.1428571492
70264  -32.491  -10.645  6.880 0.1428571492
71231  -35.479  -9.261  8.001 0.1428571492
70265  -36.769  -10.054  7.189 0.1428571492
118998  -36.820  -9.821  5.332 0.1428571492
71246  -36.430  -9.318  6.821 0.1428571492
63677  -22.401  -18.795  0.381 0.2857142985
63676  -21.609  -19.015  -0.062 0.2857142985
66819  -29.810  -14.064  6.043 0.1428571492
67555  -30.875  -13.572  6.930 0.1428571492
110798  -30.928  -12.728  6.658 0.1428571492
110799  -31.571  -12.107  6.981 0.1428571492
118674  -33.291  -10.694  8.103 0.1428571492
110803  -31.398  -11.428  6.404 0.1428571492
70238  -34.576  -10.379  9.024 0.1428571492
70239  -35.348  -10.385  8.864 0.1428571492
117882  -36.742  -9.716  4.481 0.1428571492
70292  -36.786  -10.564  4.682 0.1428571492
66818  -29.397  -14.528  5.527 0.1428571492
66795  -30.329  -14.409  6.729 0.1428571492
66040  -30.596  -14.897  7.353 0.1428571492
110789  -32.445  -13.979  8.165 0.1428571492
111188  -31.877  -14.436  7.752 0.1428571492
111199  -34.877  -12.698  9.468 0.1428571492
111184  -31.548  -12.981  7.228 0.1428571492
110783  -34.539  -12.004  9.443 0.1428571492
126616  -33.116  -12.364  7.892 0.1428571492
68390  -34.843  -11.501  9.354 0.1428571492
69349  -36.874  -11.411  5.789 0.1428571492
127118  -36.602  -11.872  7.542 0.1428571492
70277  -36.885  -10.684  5.559 0.1428571492
66059  -29.990  -15.424  6.908 0.1428571492
66817  -28.772  -15.027  5.122 0.1428571492
66021  -32.695  -15.093  8.781 0.1428571492
66765  -32.242  -15.082  8.399 0.1428571492
126635  -33.532  -13.525  8.893 0.1428571492
66779  -31.114  -14.313  7.376 0.1428571492
111189  -35.476  -12.783  9.270 0.1428571492
116738  -35.020  -13.157  9.714 0.1428571492
67543  -36.148  -13.407  8.591 0.1428571492
69332  -36.895  -10.794  6.477 0.1428571492
68401  -35.541  -11.904  9.071 0.1428571492
111162  -34.482  -16.353  10.631 0.1428571492
65259  -32.433  -15.863  8.645 0.1428571492
66020  -32.062  -15.770  8.625 0.1428571492
66004  -35.212  -15.363  10.395 0.1428571492
110779  -34.341  -15.411  10.858 0.1428571492
67532  -35.514  -13.755  9.617 0.1428571492
66752  -35.337  -14.609  10.126 0.1428571492
68416  -36.704  -12.589  7.061 0.1428571492
117930  -36.276  -14.103  7.797 0.1428571492
112225  -33.944  -14.464  9.618 0.1428571492
111473  -31.693  -13.772  7.490 0.1428571492
111168  -34.542  -13.273  9.228 0.1428571492
126603  -33.388  -11.775  7.920 0.1428571492
69347  -30.016  -11.784  4.861 0.1428571492
118550  -36.530  -11.181  4.042 0.1428571492
113117  -36.561  -9.674  3.754 0.1428571492
116277  -36.825  -9.954  6.247 0.1428571492
71245  -34.253  -9.075  7.405 0.1428571492
72136  -35.734  -8.904  7.143 0.1428571492
72175  -30.732  -8.591  4.031 0.1428571492
73045  -31.674  -7.179  4.190 0.1428571492
132540  -22.889  -18.828  0.972 0.2857142985
112832  -36.823  -11.795  6.567 0.1428571492
70309  -36.558  -10.379  3.875 0.1428571492
70329  -36.272  -10.125  3.100 0.1428571492
113382  -36.660  -8.991  4.150 0.1428571492
71260  -36.547  -9.160  5.930 0.1428571492
73031  -35.548  -7.545  5.935 0.1428571492
113100  -36.608  -7.981  5.053 0.1428571492
73885  -32.266  -6.484  4.192 0.1428571492
73918  -31.353  -6.031  2.854 0.1428571492
85403  -27.558  7.339  -3.231 0.4285714328
89336  -31.476  13.615  -5.844 0.1428571492
89875  -31.137  14.378  -5.433 0.1428571492
72176  -31.390  -8.129  4.433 0.1428571492
111456  -29.661  -13.099  5.179 0.1428571492
66794  -29.671  -14.883  6.209 0.1428571492
115762  -29.258  -15.198  5.736 0.1428571492
70274  -30.837  -10.492  5.078 0.1428571492
74756  -31.168  -5.049  1.720 0.1428571492
71276  -31.134  -8.902  4.674 0.1428571492
72160  -32.430  -8.541  5.632 0.1428571492
73028  -33.142  -7.558  5.595 0.1428571492
72146  -34.000  -8.623  6.645 0.1428571492
71244  -33.251  -9.307  7.296 0.1428571492
72159  -31.624  -9.162  5.328 0.1428571492
132527  -34.775  -8.684  6.947 0.1428571492
73046  -32.582  -6.987  4.819 0.1428571492
73029  -34.025  -7.194  5.689 0.1428571492
132330  -34.949  -8.016  6.505 0.1428571492
70276  -31.927  -10.264  6.246 0.1428571492
118908  -31.500  -10.008  5.515 0.1428571492
71243  -32.665  -9.893  6.620 0.1428571492
73006  -35.258  -8.564  6.910 0.1428571492
70250  -33.012  -10.033  7.501 0.1428571492
72148  -36.110  -8.580  6.434 0.1428571492
111224  -30.276  -13.689  6.396 0.1428571492
110813  -30.465  -11.919  5.590 0.1428571492
69348  -30.909  -11.462  5.856 0.1428571492
111196  -32.726  -11.140  7.514 0.1428571492
70251  -33.945  -10.450  8.788 0.1428571492
110793  -32.450  -11.863  7.491 0.1428571492
71230  -34.585  -9.350  8.131 0.1428571492
70253  -36.475  -10.142  7.898 0.1428571492
133331  -32.163  -12.484  7.515 0.1428571492
111226  -32.142  -13.038  8.099 0.1428571492
110790  -34.346  -11.125  9.248 0.1428571492
117253  -34.157  -11.765  9.287 0.1428571492
69306  -36.214  -11.474  8.379 0.1428571492
69320  -36.668  -10.959  7.532 0.1428571492
123270  -30.493  -15.555  7.667 0.1428571492
110786  -33.176  -14.056  8.839 0.1428571492
66041  -31.485  -15.008  7.853 0.1428571492
111169  -33.917  -12.185  8.494 0.1428571492
126655  -34.799  -12.317  9.515 0.1428571492
110787  -35.048  -13.532  9.732 0.1428571492
111153  -33.337  -12.959  8.702 0.1428571492
126656  -34.390  -15.760  10.912 0.1428571492
111511  -34.341  -13.698  9.536 0.1428571492
68402  -36.290  -12.485  8.245 0.1428571492
67569  -36.687  -13.308  6.460 0.1428571492
111248  -34.444  -14.539  10.426 0.1428571492
119839  -21.421  -24.848  3.410 0.1428571492
59209  -21.777  -23.589  3.087 0.1428571492
58382  -20.283  -24.406  2.563 0.1428571492
59225  -21.222  -23.423  2.576 0.1428571492
59210  -22.351  -23.056  3.169 0.1428571492
59226  -21.681  -22.913  2.611 0.1428571492
60142  -21.569  -22.139  2.159 0.1428571492
61079  -21.565  -21.360  1.690 0.1428571492
61993  -21.368  -20.254  0.842 0.1428571492
61080  -22.201  -20.774  1.727 0.1428571492
61983  -22.747  -20.189  1.699 0.1428571492
61981  -20.831  -20.992  1.181 0.1428571492
61992  -20.599  -20.294  0.618 0.1428571492
61994  -22.103  -20.178  1.196 0.1428571492
62849  -21.887  -19.590  0.583 0.1428571492
62865  -20.851  -19.111  -0.183 0.1428571492
63689  -20.496  -18.444  -0.444 0.1428571492
64560  -21.753  -17.849  -1.156 0.1428571492
63691  -22.034  -18.356  -0.608 0.1428571492
64561  -22.385  -17.496  -1.086 0.1428571492
65388  -22.952  -16.797  -1.116 0.1428571492
64567  -22.050  -17.161  -1.642 0.2857142985
66171  -23.608  -15.380  -1.552 0.2857142985
68563  -24.092  -12.085  -3.139 0.4285714328
69482  -25.093  -11.072  -2.659 0.4285714328
69499  -24.828  -10.732  -3.154 0.4285714328
78978  -26.209  -0.242  -3.620 0.2857142985
79788  -25.776  0.359  -3.797 0.2857142985
79777  -27.171  0.569  -3.282 0.2857142985
82231  -24.972  3.988  -3.713 0.2857142985
83875  -26.187  5.361  -3.531 0.4285714328
65393  -21.386  -17.247  -1.386 0.1428571492
131352  -22.242  -16.564  -1.986 0.2857142985
66164  -23.767  -15.638  -0.980 0.1428571492
60158  -20.766  -22.023  1.523 0.1428571492
62847  -20.382  -19.643  0.277 0.1428571492
63690  -21.337  -18.481  -0.653 0.1428571492
63698  -20.955  -17.898  -0.975 0.1428571492
66170  -21.350  -15.865  -1.885 0.2857142985
65396  -23.215  -16.148  -1.583 0.2857142985
65400  -22.676  -16.134  -2.112 0.2857142985
66177  -22.764  -15.471  -2.380 0.2857142985
66178  -23.194  -15.527  -2.120 0.2857142985
66909  -23.718  -14.616  -1.933 0.2857142985
110856  -24.205  -13.774  -2.019 0.4285714328
111205  -24.021  -13.444  -2.446 0.4285714328
68562  -23.256  -12.260  -3.282 0.2857142985
78160  -25.824  -1.787  -3.863 0.2857142985
78977  -25.287  -0.343  -4.117 0.2857142985
80602  -25.830  1.076  -3.723 0.2857142985
81408  -25.575  2.927  -3.626 0.2857142985
81407  -24.779  2.523  -4.020 0.2857142985
82232  -25.934  3.760  -3.405 0.2857142985
133566  -23.161  -14.988  -2.421 0.2857142985
121878  -25.915  -1.078  -3.688 0.2857142985
78159  -25.103  -1.472  -4.233 0.2857142985
79787  -25.018  0.750  -4.169 0.2857142985
80600  -24.381  1.687  -4.263 0.2857142985
80588  -25.738  1.912  -3.646 0.2857142985
78976  -24.443  0.079  -4.421 0.2857142985
79786  -23.945  0.865  -4.460 0.2857142985
80601  -25.200  1.582  -3.979 0.2857142985
68548  -24.667  -12.367  -2.495 0.4285714328
62839  -22.661  -19.431  1.169 0.1428571492
65395  -22.533  -16.741  -1.692 0.1428571492
58383  -21.125  -24.154  2.943 0.1428571492
60141  -20.894  -22.823  2.062 0.1428571492
61982  -21.621  -20.709  1.340 0.1428571492
62848  -21.119  -19.665  0.314 0.1428571492
65394  -21.751  -16.614  -1.866 0.2857142985
133392  -23.610  -12.770  -2.980 0.4285714328
110861  -23.752  -13.939  -2.376 0.4285714328
70427  -23.677  -10.486  -3.707 0.2857142985
69498  -24.270  -11.098  -3.407 0.2857142985
71414  -24.674  -9.445  -3.748 0.2857142985
91605  -29.130  18.232  -8.466 0.1428571492
91011  -30.017  18.113  -8.630 0.1428571492
91006  -28.721  17.165  -7.184 0.1428571492
90405  -29.719  15.122  -5.238 0.1428571492
90410  -30.481  15.229  -5.625 0.1428571492
119704  -29.347  19.405  -9.213 0.1428571492
90415  -29.545  16.141  -6.022 0.1428571492
91000  -25.924  16.280  -7.401 0.1428571492
91599  -25.678  17.931  -7.133 0.1428571492
70440  -23.738  -9.809  -3.945 0.2857142985
71428  -24.101  -9.246  -4.157 0.2857142985
91008  -30.668  16.847  -7.662 0.1428571492
89867  -30.499  14.543  -4.936 0.1428571492
89866  -29.701  14.407  -4.694 0.1428571492
90409  -26.833  15.455  -6.462 0.1428571492
91005  -26.763  17.301  -7.864 0.1428571492
91603  -26.110  18.357  -8.061 0.1428571492
90999  -25.126  16.485  -6.967 0.1428571492
91594  -25.380  17.165  -6.561 0.1428571492
90414  -25.314  16.348  -7.236 0.1428571492
121850  -28.565  15.475  -5.695 0.1428571492
69481  -24.716  -11.555  -2.936 0.2857142985
91007  -29.866  17.023  -7.133 0.1428571492
91610  -28.341  19.364  -9.220 0.1428571492
91001  -27.924  16.416  -6.530 0.1428571492
92174  -28.195  20.104  -9.268 0.1428571492
90416  -30.543  16.017  -6.501 0.1428571492
119167  -23.382  -1.046  -4.911 0.1428571492
123027  -24.331  -0.786  -4.533 0.1428571492
80599  -23.403  1.862  -4.478 0.1428571492
81422  -22.363  3.158  -4.186 0.1428571492
119067  -23.737  2.675  -4.276 0.1428571492
82240  -23.408  3.991  -3.708 0.1428571492
83077  -23.589  4.472  -3.682 0.2857142985
74012  -24.645  -6.318  -4.330 0.2857142985
74011  -23.780  -6.866  -4.543 0.1428571492
76519  -23.318  -3.405  -5.232 0.1428571492
77326  -24.509  -2.572  -4.532 0.1428571492
78158  -24.133  -1.838  -4.651 0.1428571492
78975  -23.551  -0.037  -4.733 0.1428571492
124240  -24.669  3.423  -3.887 0.1428571492
83079  -25.298  4.796  -3.611 0.1428571492
83078  -24.251  4.770  -3.578 0.1428571492
83874  -25.076  5.801  -3.753 0.2857142985
86200  -24.558  8.035  -3.138 0.2857142985
85393  -24.026  7.786  -2.472 0.2857142985
88712  -25.947  12.577  -3.202 0.1428571492
111932  -26.209  9.811  -0.529 0.1428571492
123537  -24.403  5.448  -3.625 0.2857142985
84606  -26.033  6.238  -3.691 0.2857142985
85402  -25.821  7.056  -3.711 0.2857142985
85401  -24.800  7.357  -3.549 0.2857142985
86211  -25.882  8.355  -3.916 0.2857142985
119084  -25.474  7.784  -3.703 0.2857142985
85400  -24.196  7.505  -3.014 0.2857142985
86893  -25.305  9.309  -4.302 0.2857142985
86194  -24.258  8.251  -2.220 0.2857142985
88094  -26.841  11.883  -1.433 0.1428571492
125789  -23.937  7.352  -2.714 0.1428571492
83848  -24.203  5.918  -2.514 0.1428571492
86885  -24.900  9.497  -3.455 0.1428571492
86195  -24.636  8.747  -1.894 0.2857142985
86883  -25.174  9.427  -1.983 0.1428571492
86185  -25.187  8.853  -0.993 0.1428571492
81394  -22.686  3.852  -3.995 0.2857142985
85371  -25.045  7.873  -0.973 0.1428571492
86177  -26.488  8.667  0.691 0.1428571492
116711  -25.259  8.198  -0.741 0.1428571492
80559  -21.977  1.973  -2.165 0.1428571492
78105  -31.943  -1.672  0.341 0.1428571492
75690  -23.547  -3.909  -5.119 0.1428571492
78157  -23.161  -1.973  -5.025 0.1428571492
79740  -32.228  0.481  -0.378 0.1428571492
78166  -22.280  -2.001  -5.233 0.1428571492
78973  -21.568  -0.263  -4.889 0.1428571492
79784  -22.180  0.602  -4.886 0.1428571492
79785  -22.865  0.964  -4.741 0.1428571492
80597  -21.995  2.211  -4.457 0.1428571492
81405  -22.495  4.080  -3.973 0.1428571492
82221  -22.840  4.212  -3.712 0.2857142985
83873  -24.169  6.151  -3.467 0.1428571492
84605  -24.947  6.621  -3.745 0.2857142985
84604  -24.259  6.931  -3.290 0.1428571492
120292  -25.557  7.670  -0.283 0.1428571492
84570  -24.815  6.843  -1.302 0.2857142985
86184  -24.643  8.289  -1.454 0.1428571492
87508  -25.399  10.158  -2.509 0.1428571492
86872  -26.010  9.102  -0.266 0.1428571492
78928  -31.723  -0.327  -0.412 0.1428571492
87502  -26.369  10.524  -0.853 0.1428571492
86210  -25.160  8.570  -3.736 0.2857142985
86201  -24.693  8.803  -2.963 0.2857142985
86879  -25.635  9.498  -0.938 0.1428571492
113281  -26.863  6.747  -3.492 0.2857142985
75689  -23.179  -4.520  -4.990 0.1428571492
77327  -25.316  -2.293  -4.131 0.1428571492
78974  -22.556  -0.300  -5.073 0.1428571492
78156  -21.873  -1.172  -5.176 0.1428571492
80598  -22.547  2.154  -4.514 0.1428571492
116526  -22.894  2.806  -4.384 0.1428571492
81423  -22.961  3.610  -4.094 0.1428571492
81406  -23.920  3.457  -4.045 0.1428571492
77325  -23.696  -2.701  -4.929 0.1428571492
82229  -22.868  4.223  -3.732 0.1428571492
82230  -24.057  4.090  -3.748 0.1428571492
77332  -22.833  -2.789  -5.312 0.1428571492
84577  -24.136  6.733  -2.139 0.1428571492
86873  -26.690  9.391  0.222 0.1428571492
122178  -26.508  7.578  -3.593 0.2857142985
88702  -27.185  12.467  -1.687 0.1428571492
113883  -23.883  5.485  -3.346 0.1428571492
66169  -20.532  -15.558  -1.256 0.1428571492
66176  -22.163  -15.971  -2.303 0.1428571492
111275  -21.668  -15.200  -2.272 0.1428571492
110853  -19.743  -14.403  -0.921 0.1428571492
110858  -19.563  -13.713  -1.004 0.1428571492
110854  -20.016  -13.173  -1.462 0.1428571492
110864  -21.215  -14.351  -2.019 0.1428571492
110859  -20.610  -12.917  -1.909 0.1428571492
111304  -21.577  -13.744  -2.406 0.1428571492
112454  -22.944  -14.753  -2.600 0.1428571492
68547  -21.391  -12.129  -2.569 0.1428571492
67693  -21.965  -12.567  -2.853 0.1428571492
110862  -23.526  -13.500  -2.732 0.1428571492
68561  -22.517  -12.182  -3.191 0.1428571492
129163  -22.897  -12.661  -3.212 0.1428571492
69465  -20.180  -11.802  -1.780 0.1428571492
69480  -21.512  -11.428  -2.775 0.1428571492
69496  -22.801  -11.426  -3.457 0.1428571492
70426  -23.034  -10.622  -3.704 0.1428571492
72324  -23.574  -8.717  -4.422 0.1428571492
114060  -23.680  -8.069  -4.567 0.1428571492
83065  -23.571  4.368  -3.619 0.1428571492
110866  -21.933  -14.472  -2.498 0.1428571492
110860  -23.314  -14.323  -2.571 0.1428571492
65386  -19.998  -16.077  -0.725 0.1428571492
66168  -19.836  -15.150  -0.809 0.1428571492
111156  -20.335  -14.141  -1.437 0.1428571492
85380  -24.033  7.953  -1.963 0.1428571492
73185  -24.053  -7.705  -4.563 0.1428571492
69497  -23.549  -11.356  -3.496 0.1428571492
111591  -22.390  -15.100  -2.491 0.1428571492
111892  -23.073  -13.997  -2.825 0.1428571492
66908  -20.898  -14.991  -1.640 0.1428571492
111280  -20.254  -14.830  -1.187 0.1428571492
111259  -20.827  -13.543  -1.926 0.1428571492
110865  -21.296  -12.929  -2.399 0.1428571492
110869  -22.048  -13.286  -2.764 0.1428571492
121855  -22.189  -13.898  -2.666 0.1428571492
68560  -21.925  -11.939  -2.927 0.1428571492
69479  -20.855  -11.585  -2.316 0.1428571492
110868  -22.684  -13.624  -2.884 0.1428571492
69495  -22.123  -11.381  -3.205 0.1428571492
110855  -19.535  -12.278  -1.321 0.1428571492
134442  -19.319  -16.181  -0.485 0.1428571492
60144  -22.951  -21.903  2.954 0.4285714328
65248  -34.012  -15.635  9.480 0.1428571492
65355  -25.856  -16.117  2.489 0.1428571492
67675  -24.845  -12.833  -1.947 0.5714285970
67694  -22.570  -12.927  -3.047 0.1428571492
67695  -24.073  -12.877  -2.703 0.4285714328
68546  -20.760  -12.316  -2.100 0.1428571492
69290  -34.864  -10.838  9.229 0.1428571492
69305  -35.515  -11.061  9.029 0.1428571492
69331  -32.079  -11.354  6.945 0.1428571492
70240  -36.104  -10.611  8.421 0.1428571492
70252  -35.874  -9.885  8.302 0.1428571492
71219  -35.027  -9.817  8.519 0.1428571492
71232  -36.230  -9.531  7.651 0.1428571492
71427  -23.492  -9.351  -4.209 0.2857142985
72308  -24.710  -8.792  -4.059 0.5714285970
73018  -36.024  -7.972  6.118 0.1428571492
74822  -27.396  -5.525  -2.532 0.8571428657
79776  -26.481  0.520  -3.538 0.2857142985
89323  -29.603  13.720  -4.298 0.1428571492
89329  -24.981  13.140  -5.929 0.2857142985
89330  -25.014  13.440  -6.120 0.2857142985
89862  -24.947  13.496  -6.117 0.2857142985
110782  -34.311  -15.139  10.638 0.1428571492
110794  -33.758  -11.215  8.891 0.1428571492
110802  -30.402  -12.572  6.039 0.1428571492
110811  -29.973  -13.244  5.832 0.1428571492
110819  -28.588  -13.194  3.799 0.2857142985
110825  -28.820  -11.963  3.326 0.2857142985
110863  -23.121  -13.145  -3.063 0.1428571492
110867  -22.605  -14.337  -2.672 0.1428571492
111346  -34.812  -14.000  10.214 0.1428571492
111411  -29.574  -13.762  5.327 0.1428571492
111780  -28.481  -12.654  3.308 0.2857142985
118607  -34.314  -9.922  8.559 0.1428571492
119207  -22.635  -1.302  -5.158 0.1428571492
122151  -22.487  3.886  -3.968 0.1428571492
126653  -34.180  -12.416  9.397 0.1428571492
130481  -34.721  -14.765  10.481 0.1428571492
132102  -24.765  -2.076  -4.403 0.1428571492
134001  -31.066  10.917  -2.649 0.2857142985
134010  -23.649  -21.009  2.995 0.2857142985
