#!ascii label  , from subject sub-v1s22x0050498_ses-1 vox2ras=TkReg
321
110833  -26.966  -12.807  1.450 0.0000000000
71415  -25.173  -9.143  -3.509 0.0000000000
82222  -26.755  3.605  -2.846 0.0000000000
123859  -27.622  -0.059  -3.103 0.0000000000
75651  -28.374  -4.525  -2.057 0.0000000000
72242  -29.178  -7.837  1.011 0.0000000000
83875  -26.187  5.361  -3.531 0.0000000000
119684  -28.119  -2.028  -2.699 0.0000000000
124771  -25.874  -4.900  -3.614 0.0000000000
114114  -25.854  -11.182  -1.083 0.0000000000
72269  -27.079  -8.831  -0.926 0.0000000000
70361  -28.130  -10.043  1.146 0.0000000000
64530  -23.726  -17.508  1.022 0.0000000000
110852  -24.689  -13.394  -1.628 0.0000000000
87539  -24.983  10.994  -5.144 0.0000000000
113412  -26.896  9.584  -3.872 0.0000000000
86213  -28.192  8.747  -3.033 0.0000000000
114687  -29.092  6.938  -2.030 0.0000000000
83849  -29.279  5.012  -1.591 0.0000000000
80575  -26.984  1.825  -2.948 0.0000000000
81387  -30.011  2.470  -0.975 0.0000000000
79755  -30.180  0.081  -1.310 0.0000000000
78136  -30.124  -1.831  -1.367 0.0000000000
131816  -30.581  -3.733  0.229 0.0000000000
73153  -26.808  -6.832  -2.432 0.0000000000
74788  -28.903  -5.782  -0.884 0.0000000000
76514  -25.291  -3.500  -4.136 0.0000000000
75682  -24.158  -4.436  -4.724 0.0000000000
128843  -26.254  -11.547  -0.356 0.0000000000
70372  -27.215  -10.246  -0.085 0.0000000000
69427  -27.516  -11.398  1.275 0.0000000000
61942  -24.078  -20.935  3.191 0.0000000000
61960  -24.336  -20.255  2.936 0.0000000000
115452  -24.777  -18.868  2.359 0.0000000000
68548  -24.667  -12.367  -2.495 0.0000000000
110861  -23.752  -13.939  -2.376 0.0000000000
86886  -28.017  9.511  -3.172 0.0000000000
83067  -26.429  4.476  -3.221 0.0000000000
83862  -27.762  5.641  -2.658 0.0000000000
118519  -27.711  4.920  -2.499 0.0000000000
128299  -29.135  5.721  -1.801 0.0000000000
83069  -28.022  4.284  -2.240 0.0000000000
79765  -27.683  0.544  -2.925 0.0000000000
81385  -28.327  2.104  -1.919 0.0000000000
79753  -28.713  0.757  -2.075 0.0000000000
122548  -29.252  0.992  -1.605 0.0000000000
79767  -28.682  0.084  -2.331 0.0000000000
76508  -28.262  -2.886  -2.467 0.0000000000
78135  -29.429  -1.888  -1.861 0.0000000000
76489  -29.343  -3.372  -1.500 0.0000000000
77291  -30.354  -2.510  -0.835 0.0000000000
75653  -29.583  -3.883  -1.029 0.0000000000
72326  -24.701  -8.047  -4.330 0.0000000000
73996  -25.239  -6.852  -3.949 0.0000000000
72310  -25.708  -7.887  -3.237 0.0000000000
72258  -28.265  -8.056  -0.214 0.0000000000
73124  -28.064  -7.300  -0.754 0.0000000000
73936  -29.178  -6.897  -0.067 0.0000000000
74769  -29.896  -5.696  0.100 0.0000000000
73090  -30.111  -6.725  0.981 0.0000000000
65365  -24.839  -16.636  1.744 0.0000000000
65390  -24.146  -16.068  0.458 0.0000000000
65364  -24.708  -15.934  1.177 0.0000000000
110843  -25.295  -14.642  0.669 0.0000000000
78161  -26.503  -1.642  -3.564 0.0000000000
78150  -27.698  -1.541  -3.068 0.0000000000
77318  -27.011  -2.189  -3.359 0.0000000000
76506  -26.811  -3.582  -3.243 0.0000000000
75664  -27.673  -4.382  -2.550 0.0000000000
71373  -25.758  -9.903  -2.035 0.0000000000
72268  -26.632  -8.541  -1.744 0.0000000000
71359  -26.777  -9.800  -0.731 0.0000000000
71360  -27.456  -9.379  -0.271 0.0000000000
71348  -28.348  -9.220  0.895 0.0000000000
63651  -24.602  -18.254  2.041 0.0000000000
70428  -24.335  -10.114  -3.644 0.0000000000
69482  -25.093  -11.072  -2.659 0.0000000000
68524  -25.501  -12.077  -0.894 0.0000000000
110845  -25.395  -12.908  -0.413 0.0000000000
88734  -25.211  12.576  -5.499 0.0000000000
134360  -24.900  9.185  -3.935 0.0000000000
87527  -26.166  10.127  -4.622 0.0000000000
120726  -27.937  10.943  -3.600 0.0000000000
87514  -28.914  10.078  -2.647 0.0000000000
86887  -29.644  9.336  -2.380 0.0000000000
84591  -27.725  6.489  -2.941 0.0000000000
85394  -29.119  7.622  -2.239 0.0000000000
86203  -30.218  8.654  -2.139 0.0000000000
85381  -29.938  7.230  -1.826 0.0000000000
84578  -30.521  6.407  -1.536 0.0000000000
83056  -30.917  4.867  -0.929 0.0000000000
81396  -27.199  2.731  -2.617 0.0000000000
125391  -27.898  2.772  -2.143 0.0000000000
82214  -29.701  3.299  -1.180 0.0000000000
83048  -31.362  4.012  -0.784 0.0000000000
81373  -30.927  2.538  -0.686 0.0000000000
79739  -31.458  0.504  -0.577 0.0000000000
123077  -29.047  -1.209  -2.235 0.0000000000
78949  -30.340  -0.626  -1.286 0.0000000000
74843  -25.300  -5.557  -4.026 0.0000000000
74833  -26.105  -5.736  -3.483 0.0000000000
74823  -27.821  -5.101  -2.336 0.0000000000
73134  -26.851  -7.587  -1.994 0.0000000000
73136  -27.941  -6.578  -1.352 0.0000000000
74810  -28.853  -5.095  -1.357 0.0000000000
74790  -30.025  -4.921  -0.149 0.0000000000
75634  -30.515  -4.423  0.386 0.0000000000
134517  -24.691  -14.297  -0.667 0.0000000000
111118  -25.643  -13.884  0.545 0.0000000000
110835  -26.378  -13.571  1.112 0.0000000000
69437  -26.574  -11.815  0.407 0.0000000000
69438  -27.119  -11.398  0.703 0.0000000000
68512  -26.990  -12.019  1.066 0.0000000000
126464  -27.470  -12.111  1.717 0.0000000000
110829  -27.506  -12.842  2.111 0.0000000000
61036  -24.956  -21.479  3.855 0.0000000000
61943  -24.793  -20.787  3.490 0.0000000000
83068  -27.245  4.320  -2.666 0.0000000000
82223  -27.565  3.537  -2.400 0.0000000000
78966  -27.006  -0.120  -3.395 0.0000000000
79766  -28.194  0.618  -2.562 0.0000000000
78958  -28.137  -0.005  -2.744 0.0000000000
76499  -28.110  -3.805  -2.404 0.0000000000
76488  -29.054  -2.721  -1.964 0.0000000000
75665  -28.689  -3.598  -1.997 0.0000000000
75652  -29.041  -4.182  -1.485 0.0000000000
72309  -25.235  -8.386  -3.784 0.0000000000
72289  -25.634  -8.703  -3.016 0.0000000000
72241  -28.601  -8.376  0.584 0.0000000000
73108  -28.889  -7.597  0.253 0.0000000000
73109  -29.504  -7.150  0.615 0.0000000000
73091  -29.752  -7.334  1.339 0.0000000000
122114  -29.973  -7.475  1.945 0.0000000000
72227  -29.479  -7.935  1.791 0.0000000000
77328  -26.195  -2.294  -3.719 0.0000000000
77316  -25.759  -2.904  -3.883 0.0000000000
75672  -25.631  -4.163  -3.881 0.0000000000
76505  -26.115  -3.553  -3.647 0.0000000000
124065  -26.404  -4.252  -3.399 0.0000000000
75673  -27.017  -4.279  -2.929 0.0000000000
70389  -26.139  -10.316  -1.290 0.0000000000
70360  -27.524  -10.663  0.721 0.0000000000
71347  -27.759  -9.732  0.439 0.0000000000
71333  -28.631  -9.577  1.641 0.0000000000
119629  -28.481  -10.269  1.735 0.0000000000
61047  -23.658  -21.534  3.243 0.0000000000
60129  -23.431  -22.349  3.445 0.0000000000
64518  -25.794  -17.917  2.810 0.0000000000
69499  -24.828  -10.732  -3.154 0.0000000000
110857  -24.462  -13.123  -2.242 0.0000000000
68538  -25.105  -12.270  -1.804 0.0000000000
111335  -25.071  -12.859  -1.276 0.0000000000
87525  -24.851  10.545  -4.652 0.0000000000
88127  -25.235  11.910  -5.042 0.0000000000
88128  -25.320  11.731  -5.125 0.0000000000
86894  -26.368  9.011  -3.930 0.0000000000
111631  -25.790  9.585  -4.552 0.0000000000
112503  -27.032  10.930  -4.260 0.0000000000
87528  -27.689  10.309  -3.551 0.0000000000
130836  -28.821  9.214  -2.761 0.0000000000
83876  -27.012  5.910  -3.321 0.0000000000
84592  -28.589  6.217  -2.250 0.0000000000
129080  -28.420  7.095  -2.583 0.0000000000
117327  -29.823  7.993  -2.090 0.0000000000
85395  -30.666  7.941  -1.911 0.0000000000
83850  -29.855  5.694  -1.509 0.0000000000
121636  -30.664  5.583  -1.257 0.0000000000
112254  -30.073  4.917  -1.266 0.0000000000
80589  -26.589  1.300  -3.405 0.0000000000
133129  -27.694  1.950  -2.423 0.0000000000
81386  -29.087  2.468  -1.436 0.0000000000
82215  -30.574  3.262  -0.876 0.0000000000
118478  -29.924  0.863  -1.274 0.0000000000
80565  -30.504  1.611  -0.802 0.0000000000
79738  -30.681  0.668  -0.877 0.0000000000
80548  -31.224  1.185  -0.610 0.0000000000
78144  -28.374  -1.310  -2.658 0.0000000000
78948  -29.794  -1.109  -1.725 0.0000000000
129711  -30.400  -1.226  -1.209 0.0000000000
78927  -30.905  -0.874  -0.768 0.0000000000
76474  -30.485  -3.198  -0.270 0.0000000000
76475  -31.003  -3.200  0.359 0.0000000000
74841  -23.724  -5.888  -4.587 0.0000000000
118848  -26.451  -6.450  -3.066 0.0000000000
73997  -25.821  -6.463  -3.557 0.0000000000
74821  -26.838  -5.600  -2.914 0.0000000000
73981  -27.157  -6.148  -2.531 0.0000000000
119600  -27.160  -8.098  -1.362 0.0000000000
73949  -28.610  -6.531  -0.703 0.0000000000
74809  -28.419  -5.848  -1.416 0.0000000000
74789  -29.398  -5.365  -0.569 0.0000000000
73938  -30.340  -6.022  0.733 0.0000000000
74770  -30.453  -5.235  0.557 0.0000000000
74755  -30.736  -5.469  1.283 0.0000000000
66154  -25.758  -14.956  1.417 0.0000000000
111242  -25.926  -14.288  1.114 0.0000000000
110838  -26.457  -14.421  1.797 0.0000000000
75683  -24.913  -4.053  -4.390 0.0000000000
124152  -25.094  -4.751  -4.251 0.0000000000
70371  -26.509  -10.684  -0.546 0.0000000000
69451  -26.845  -11.044  0.160 0.0000000000
70347  -28.038  -10.775  1.490 0.0000000000
69428  -28.026  -11.465  1.936 0.0000000000
68504  -27.941  -12.141  2.377 0.0000000000
63667  -24.074  -19.048  1.990 0.0000000000
62824  -24.552  -19.502  2.599 0.0000000000
61962  -25.660  -19.528  3.437 0.0000000000
68563  -24.092  -12.085  -3.139 0.0000000000
133392  -23.610  -12.770  -2.980 0.0000000000
111205  -24.021  -13.444  -2.446 0.0000000000
110856  -24.205  -13.774  -2.019 0.0000000000
86895  -27.358  9.055  -3.413 0.0000000000
86212  -27.161  8.300  -3.376 0.0000000000
83861  -27.073  5.093  -3.034 0.0000000000
83864  -29.511  6.390  -1.772 0.0000000000
83863  -28.460  5.169  -2.085 0.0000000000
83054  -28.728  4.259  -1.759 0.0000000000
80590  -27.253  1.059  -3.125 0.0000000000
80576  -27.665  1.166  -2.727 0.0000000000
80577  -28.234  1.308  -2.285 0.0000000000
80563  -28.819  1.513  -1.746 0.0000000000
80564  -29.585  1.652  -1.292 0.0000000000
79754  -29.334  0.240  -1.730 0.0000000000
78145  -28.724  -1.993  -2.330 0.0000000000
77303  -29.733  -2.591  -1.449 0.0000000000
76490  -29.975  -3.271  -0.953 0.0000000000
75633  -30.104  -4.015  -0.382 0.0000000000
73186  -24.581  -7.275  -4.366 0.0000000000
73168  -25.226  -7.614  -3.964 0.0000000000
73169  -25.798  -7.095  -3.462 0.0000000000
73152  -26.313  -7.343  -2.780 0.0000000000
72257  -27.691  -8.647  -0.397 0.0000000000
73123  -27.629  -8.060  -0.814 0.0000000000
114519  -28.630  -7.298  -0.302 0.0000000000
73950  -29.319  -6.139  -0.319 0.0000000000
73937  -29.743  -6.447  0.336 0.0000000000
73924  -30.541  -6.226  1.496 0.0000000000
119512  -30.249  -6.916  1.744 0.0000000000
65378  -24.195  -16.699  1.137 0.0000000000
65377  -23.627  -16.859  0.420 0.0000000000
66152  -24.709  -15.345  0.525 0.0000000000
66894  -24.687  -14.770  -0.112 0.0000000000
66153  -25.182  -15.312  1.127 0.0000000000
66142  -26.094  -15.299  2.118 0.0000000000
78979  -26.717  -0.882  -3.435 0.0000000000
78967  -27.433  -0.773  -3.245 0.0000000000
78968  -28.006  -0.683  -2.925 0.0000000000
78149  -27.132  -1.421  -3.340 0.0000000000
77319  -27.595  -2.507  -2.935 0.0000000000
77317  -26.542  -2.913  -3.509 0.0000000000
118081  -27.110  -2.943  -3.195 0.0000000000
76507  -27.482  -3.493  -2.789 0.0000000000
71396  -25.504  -9.521  -2.824 0.0000000000
71397  -26.036  -9.053  -2.268 0.0000000000
71374  -26.418  -9.416  -1.493 0.0000000000
71361  -28.000  -8.888  0.179 0.0000000000
72226  -28.905  -8.653  1.516 0.0000000000
72211  -29.482  -8.602  2.297 0.0000000000
71334  -29.087  -9.246  2.151 0.0000000000
70348  -28.548  -10.822  2.148 0.0000000000
60128  -22.820  -22.567  3.222 0.0000000000
113002  -23.893  -18.255  1.483 0.0000000000
64531  -24.392  -17.464  1.640 0.0000000000
64517  -25.138  -17.470  2.251 0.0000000000
70429  -25.016  -9.909  -3.300 0.0000000000
70410  -25.310  -10.359  -2.702 0.0000000000
70388  -25.490  -10.869  -1.929 0.0000000000
68549  -25.093  -11.664  -2.298 0.0000000000
69466  -25.401  -11.625  -1.609 0.0000000000
111284  -26.004  -12.355  -0.030 0.0000000000
110839  -26.458  -12.629  0.729 0.0000000000
88721  -25.237  12.315  -4.407 0.0000000000
121671  -24.854  9.820  -4.377 0.0000000000
87526  -25.174  10.178  -4.840 0.0000000000
88129  -25.689  11.016  -5.085 0.0000000000
88113  -26.958  11.745  -4.596 0.0000000000
87529  -28.681  10.898  -3.115 0.0000000000
88115  -29.559  11.636  -3.198 0.0000000000
87515  -29.676  10.772  -2.600 0.0000000000
118911  -29.982  10.109  -2.254 0.0000000000
133007  -30.595  10.134  -2.194 0.0000000000
85403  -27.558  7.339  -3.231 0.0000000000
116368  -28.286  7.942  -2.799 0.0000000000
86202  -29.172  8.496  -2.483 0.0000000000
86888  -30.670  9.538  -2.119 0.0000000000
86204  -31.245  8.678  -2.034 0.0000000000
85382  -31.022  7.198  -1.699 0.0000000000
121424  -26.279  2.128  -3.360 0.0000000000
81395  -26.428  2.799  -3.129 0.0000000000
82224  -28.265  3.526  -1.948 0.0000000000
125537  -28.470  2.859  -1.732 0.0000000000
82213  -28.918  3.426  -1.508 0.0000000000
83055  -29.490  4.153  -1.392 0.0000000000
118644  -30.323  4.069  -1.071 0.0000000000
125041  -31.496  1.937  -0.523 0.0000000000
80549  -32.095  1.287  -0.435 0.0000000000
78959  -28.583  -0.581  -2.525 0.0000000000
78960  -29.190  -0.504  -2.047 0.0000000000
116180  -29.770  -0.401  -1.632 0.0000000000
124937  -30.878  -0.122  -0.866 0.0000000000
78119  -30.775  -1.708  -0.662 0.0000000000
74842  -24.433  -5.358  -4.473 0.0000000000
117888  -25.424  -6.192  -3.850 0.0000000000
75663  -26.628  -4.961  -3.182 0.0000000000
119399  -27.234  -4.970  -2.737 0.0000000000
72290  -26.208  -8.200  -2.502 0.0000000000
73135  -27.497  -7.385  -1.355 0.0000000000
118693  -27.373  -6.720  -1.968 0.0000000000
73964  -27.799  -5.865  -2.037 0.0000000000
127810  -28.270  -5.287  -1.883 0.0000000000
75632  -29.472  -4.574  -0.815 0.0000000000
110851  -24.454  -14.114  -1.365 0.0000000000
110844  -25.067  -14.094  -0.034 0.0000000000
110848  -24.963  -13.609  -0.789 0.0000000000
128769  -25.322  -13.520  -0.030 0.0000000000
111073  -25.824  -13.134  0.353 0.0000000000
60144  -22.951  -21.903  2.954 0.0000000000
67675  -24.845  -12.833  -1.947 0.0000000000
67695  -24.073  -12.877  -2.703 0.0000000000
72308  -24.710  -8.792  -4.059 0.0000000000
74822  -27.396  -5.525  -2.532 0.0000000000
