#!ascii label  , from subject sub-v1s22x0050510_ses-1 vox2ras=TkReg
1571
18170  44.479  -52.912  7.035 0.6000000238
17327  46.344  -54.360  6.283 0.5000000000
19046  44.908  -51.745  7.738 0.6999999881
19037  44.472  -51.431  8.325 0.6000000238
19038  43.292  -51.511  8.466 0.6000000238
19912  44.142  -51.086  9.039 0.6000000238
120901  45.318  -52.883  6.760 0.6999999881
126922  44.431  -52.247  7.491 0.6000000238
19047  43.861  -51.900  7.868 0.5000000000
19900  43.249  -51.110  9.340 0.6000000238
115984  43.909  -50.681  9.793 0.6000000238
132123  45.868  -53.325  6.530 0.5000000000
17328  45.195  -53.814  6.582 0.5000000000
18162  43.608  -52.513  7.459 0.6000000238
124374  43.073  -50.789  10.106 0.6000000238
15791  47.590  -56.740  6.168 0.5000000000
15790  48.295  -56.373  6.328 0.5000000000
19898  45.482  -50.257  8.948 0.6000000238
20718  45.285  -49.869  9.635 0.6999999881
19045  45.765  -51.470  7.443 0.6000000238
19036  45.398  -51.159  8.034 0.6999999881
19911  45.026  -50.848  8.672 0.6000000238
19899  44.734  -50.484  9.402 0.6000000238
18169  45.974  -52.574  6.675 0.6000000238
18161  45.304  -52.211  7.161 0.6999999881
19889  43.670  -50.445  10.479 0.6000000238
120279  46.777  -53.330  6.262 0.5000000000
18168  46.629  -52.294  6.498 0.5000000000
113940  47.515  -54.850  5.875 0.5000000000
111984  42.962  -50.553  11.026 0.6000000238
16519  48.183  -56.123  5.978 0.5000000000
19882  43.231  -50.200  11.937 0.6000000238
20679  42.721  -50.087  13.372 0.6999999881
131800  42.294  -50.486  12.876 0.6000000238
112705  42.159  -49.924  14.166 0.6999999881
19864  41.812  -50.408  13.483 0.6000000238
20664  40.686  -49.522  14.528 0.6000000238
20680  41.204  -50.106  14.088 0.6000000238
23176  39.064  -46.653  14.137 0.5000000000
24140  39.604  -45.573  13.211 0.6999999881
125257  39.083  -45.366  12.752 0.8000000119
24141  38.502  -45.573  13.365 0.6999999881
20709  45.222  -49.371  10.364 0.6999999881
19921  46.144  -50.819  7.673 0.6999999881
19910  45.783  -50.541  8.278 0.6999999881
20710  44.504  -50.079  10.310 0.6999999881
20703  44.600  -49.395  11.220 0.6999999881
18160  46.174  -51.836  6.907 0.6000000238
19044  46.525  -51.132  7.121 0.6000000238
18167  47.551  -52.532  6.078 0.5000000000
116471  46.947  -51.607  6.567 0.5000000000
111875  43.889  -49.647  12.004 0.8000000119
20704  43.832  -50.074  11.159 0.6000000238
18174  48.524  -53.261  5.663 0.5000000000
20693  43.872  -49.337  12.841 0.8000000119
15784  48.871  -55.833  6.538 0.5000000000
20678  43.367  -49.610  13.370 0.8000000119
119644  43.017  -49.533  14.075 0.8000000119
20694  43.342  -49.891  12.709 0.6999999881
126421  41.937  -49.042  15.233 0.6999999881
20662  42.459  -49.286  14.762 0.6999999881
21469  41.136  -48.949  15.198 0.6999999881
21470  40.394  -48.211  15.078 0.6000000238
20663  41.597  -49.502  14.710 0.6000000238
22297  40.485  -47.355  15.181 0.6999999881
130508  40.312  -49.023  14.808 0.6999999881
22298  39.892  -47.106  14.590 0.6999999881
116061  39.529  -48.074  14.664 0.6000000238
23195  39.055  -46.041  13.680 0.8000000119
23194  39.812  -46.080  13.853 0.8000000119
22299  38.943  -47.560  14.437 0.6000000238
24151  40.180  -45.247  12.841 0.8999999762
24153  39.080  -45.016  12.061 0.6999999881
24152  39.869  -45.243  12.421 0.8000000119
24154  38.030  -44.996  12.729 0.6999999881
21513  45.692  -48.695  10.387 0.6000000238
20702  45.235  -48.868  10.947 0.6999999881
21494  45.175  -48.056  11.858 0.6999999881
20717  45.805  -49.721  9.111 0.6000000238
21495  44.761  -48.331  12.395 0.6000000238
20734  47.033  -49.778  7.463 0.4000000060
19909  46.438  -50.182  7.870 0.6000000238
20726  46.101  -49.949  8.532 0.6000000238
21502  44.948  -48.628  11.612 0.6999999881
19920  46.808  -50.435  7.301 0.6000000238
116830  44.408  -49.015  12.176 0.8000000119
19050  47.879  -51.506  6.116 0.4000000060
116433  44.296  -48.716  13.010 0.8000000119
19053  48.703  -52.405  5.683 0.5000000000
21485  43.776  -49.032  13.707 0.8000000119
17331  49.806  -53.927  6.019 0.4000000060
20661  43.315  -48.758  14.678 0.8000000119
16525  49.536  -54.640  6.265 0.5000000000
22282  41.048  -47.631  15.629 0.8000000119
21451  41.866  -48.491  15.639 0.6999999881
21450  42.569  -48.639  15.343 0.8000000119
21452  41.246  -48.250  15.532 0.6999999881
23175  40.320  -46.643  14.953 0.8999999762
23193  40.124  -46.080  14.089 0.8999999762
24139  40.126  -45.501  13.445 0.8999999762
114868  40.085  -44.747  10.686 0.8000000119
25065  39.338  -44.761  10.113 0.8000000119
24164  40.106  -44.901  11.550 0.8000000119
25051  39.102  -44.770  11.181 0.8000000119
117170  45.543  -48.175  11.134 0.6999999881
115224  45.545  -47.524  11.743 0.6000000238
21520  45.854  -49.186  9.634 0.6000000238
21512  46.133  -48.528  9.855 0.5000000000
22323  45.174  -47.693  12.466 0.6999999881
118444  46.697  -49.543  8.107 0.4000000060
21530  46.854  -48.856  8.442 0.5000000000
20716  46.287  -49.333  8.837 0.6000000238
19919  47.337  -49.961  6.928 0.5000000000
132825  44.209  -48.533  13.562 0.6999999881
19923  48.154  -50.662  6.058 0.5000000000
19924  47.272  -50.722  6.679 0.6000000238
19926  50.124  -50.875  5.450 0.4000000060
119354  49.147  -51.466  5.608 0.4000000060
22279  43.487  -47.534  15.567 0.8000000119
22296  43.830  -47.984  14.887 0.8000000119
18172  50.446  -52.512  6.114 0.4000000060
21449  43.180  -48.211  15.372 0.8000000119
17325  49.923  -53.962  6.459 0.3000000119
23143  41.115  -46.291  16.353 0.8000000119
22267  41.468  -47.101  16.243 0.8000000119
130322  40.471  -46.021  15.793 0.8000000119
22281  41.731  -47.847  16.052 0.8000000119
24122  40.241  -45.893  14.726 0.8999999762
25022  39.966  -45.104  14.835 0.8999999762
25021  40.202  -45.407  13.869 0.8999999762
25064  40.305  -44.476  9.821 0.8000000119
134749  39.824  -44.636  9.403 0.8000000119
25031  40.347  -44.952  13.011 0.8999999762
25043  40.345  -44.934  12.213 0.8999999762
25050  40.427  -44.470  10.723 0.8000000119
22337  46.081  -48.010  10.391 0.6000000238
114220  45.568  -47.104  12.356 0.6000000238
120538  46.489  -47.985  9.649 0.6000000238
21529  47.330  -48.260  8.033 0.4000000060
21519  46.421  -48.682  9.220 0.4000000060
133610  44.659  -47.972  13.380 0.6999999881
21539  47.260  -49.028  7.561 0.4000000060
22295  44.394  -47.742  14.300 0.6999999881
20737  47.697  -49.366  6.425 0.5000000000
20733  47.376  -49.397  7.003 0.4000000060
20736  48.467  -49.835  5.787 0.5000000000
22265  43.014  -47.081  16.221 0.8000000119
24110  41.460  -45.708  16.824 0.8000000119
22280  42.559  -47.920  15.943 0.8000000119
24111  40.189  -45.121  16.205 0.8000000119
25032  39.953  -44.523  14.011 0.8999999762
25890  40.225  -44.144  13.035 1.0000000000
25929  40.534  -43.928  9.268 0.8000000119
25900  40.460  -44.412  12.213 1.0000000000
25063  40.626  -44.130  9.968 0.8000000119
25910  40.587  -43.972  11.530 1.0000000000
117611  40.556  -44.541  11.476 0.8000000119
25909  40.659  -44.154  10.730 0.8000000119
23217  45.923  -46.725  11.685 0.6000000238
23207  45.794  -46.382  12.770 0.6000000238
118342  46.440  -47.178  10.218 0.6000000238
23192  45.450  -46.479  13.760 0.6999999881
22360  46.948  -48.133  8.882 0.4000000060
21538  47.458  -48.253  7.137 0.4000000060
22278  44.367  -47.149  14.905 0.6999999881
21547  48.266  -48.951  5.794 0.5000000000
23141  42.567  -46.429  16.601 0.8000000119
23159  43.427  -46.180  16.254 0.8000000119
25000  41.118  -45.115  16.947 0.8000000119
23142  41.813  -46.461  16.683 0.8000000119
120664  40.776  -45.487  16.495 0.8000000119
24123  40.131  -45.426  15.521 0.8999999762
119219  39.284  -43.706  14.598 0.8999999762
25891  39.517  -43.557  13.748 1.0000000000
116088  39.775  -43.421  13.013 1.0000000000
25901  40.226  -43.708  12.356 1.0000000000
25919  40.678  -43.895  10.084 0.8000000119
25077  40.337  -44.168  8.887 0.8000000119
26738  39.974  -43.211  11.699 1.0000000000
26746  40.404  -43.568  10.782 0.8000000119
120564  46.228  -46.735  10.898 0.6000000238
22330  45.949  -47.388  10.999 0.6000000238
23173  44.997  -46.563  14.461 0.6999999881
24130  44.852  -45.387  15.150 0.6999999881
22359  47.320  -47.467  8.493 0.4000000060
22347  46.975  -47.336  9.346 0.5000000000
23174  44.675  -46.231  15.118 0.8000000119
24120  44.214  -45.797  15.727 0.8000000119
22368  47.522  -47.521  6.727 0.4000000060
24109  42.134  -45.792  17.061 0.8000000119
24108  42.921  -45.585  16.717 0.8000000119
25878  39.425  -44.268  15.182 0.8999999762
25870  39.320  -43.932  16.147 0.8000000119
129277  38.893  -42.717  14.533 1.0000000000
26722  39.200  -42.785  13.365 1.0000000000
27586  38.757  -41.861  11.333 1.0000000000
26757  40.248  -43.281  9.854 0.8999999762
26763  40.031  -43.553  8.517 0.8000000119
26758  39.235  -42.761  9.050 0.8999999762
123763  39.732  -42.708  10.968 1.0000000000
26747  39.162  -42.406  10.283 1.0000000000
27581  38.100  -41.206  11.981 1.0000000000
117678  37.341  -40.763  11.690 1.0000000000
28412  36.952  -41.054  10.744 1.0000000000
29246  36.644  -39.403  12.653 1.0000000000
28408  36.929  -40.100  12.213 1.0000000000
130422  46.035  -45.583  12.765 0.6999999881
24138  45.793  -45.686  13.501 0.6999999881
25030  45.688  -44.935  13.960 0.6999999881
112922  46.330  -46.079  11.216 0.6000000238
23206  46.112  -45.852  12.041 0.6000000238
24129  45.340  -45.770  14.416 0.6999999881
23229  46.585  -46.292  10.468 0.6000000238
23240  47.293  -46.623  8.937 0.5000000000
120772  44.403  -44.944  15.649 0.8000000119
23269  47.484  -46.739  7.188 0.4000000060
125216  42.380  -45.019  17.178 0.8000000119
24989  41.190  -44.560  17.228 0.8000000119
24098  41.726  -45.134  17.229 0.8000000119
25002  39.855  -44.335  16.546 0.6999999881
25856  40.110  -44.077  17.038 0.8000000119
26697  39.029  -43.414  15.459 0.8999999762
116379  39.038  -43.071  16.423 0.8000000119
126228  38.756  -42.688  15.694 1.0000000000
26698  38.546  -41.998  15.399 1.0000000000
26723  38.843  -41.920  13.657 1.0000000000
26711  38.587  -41.634  14.494 1.0000000000
27561  38.330  -40.903  14.613 1.0000000000
28388  38.171  -40.471  14.044 1.0000000000
27580  38.649  -41.398  13.075 1.0000000000
28399  37.697  -40.120  13.474 1.0000000000
28406  38.345  -41.056  12.663 1.0000000000
114881  38.261  -42.086  9.549 1.0000000000
29245  37.221  -39.870  12.918 1.0000000000
27593  38.296  -41.817  10.540 1.0000000000
27594  37.487  -41.564  10.129 1.0000000000
28418  36.359  -40.507  10.219 1.0000000000
30069  36.123  -38.962  12.273 1.0000000000
28413  36.602  -40.331  11.322 1.0000000000
24137  46.032  -44.952  13.120 0.6999999881
118591  45.284  -45.016  14.626 0.6999999881
25062  46.547  -44.639  11.024 0.5000000000
24150  46.215  -45.068  12.311 0.6999999881
25020  44.930  -44.515  15.069 0.6999999881
24175  46.598  -45.481  10.725 0.6000000238
24187  47.163  -45.896  9.280 0.5000000000
123066  46.873  -45.664  9.943 0.5000000000
25013  43.991  -44.388  16.047 0.8000000119
24998  43.205  -44.560  16.729 0.8000000119
24999  42.506  -44.291  17.208 0.6999999881
24988  41.889  -44.443  17.381 0.8000000119
25845  40.328  -43.581  17.293 0.8000000119
25844  41.248  -43.770  17.387 0.8000000119
25857  39.597  -43.519  16.967 0.6999999881
26683  38.778  -42.118  16.409 0.8999999762
27530  39.119  -41.652  17.062 0.8000000119
28343  38.938  -39.912  17.124 0.8000000119
29994  38.957  -38.761  17.069 0.8000000119
27545  38.384  -41.420  15.975 0.8999999762
27531  38.700  -41.338  16.612 0.8000000119
125710  38.460  -40.044  16.607 0.8000000119
133367  38.363  -41.349  15.210 1.0000000000
28360  38.369  -40.762  16.325 0.8999999762
29200  38.041  -39.367  16.244 0.8999999762
30009  38.318  -38.548  16.575 0.8000000119
28373  38.192  -40.802  15.520 0.8999999762
29224  38.012  -40.227  14.915 1.0000000000
28398  38.280  -40.755  13.287 1.0000000000
29234  37.070  -39.231  13.611 1.0000000000
29260  35.956  -39.788  10.820 1.0000000000
30040  36.637  -38.215  13.814 1.0000000000
30061  36.372  -38.668  12.982 1.0000000000
129249  36.136  -37.963  13.124 1.0000000000
30062  35.826  -38.208  12.326 1.0000000000
25041  46.172  -44.194  12.515 0.6999999881
25042  45.835  -44.280  13.456 0.6999999881
133292  45.619  -44.349  13.965 0.6999999881
25877  45.117  -43.874  14.658 0.6999999881
25907  46.393  -43.800  11.423 0.6000000238
25868  44.718  -43.688  15.146 0.6999999881
114263  46.724  -44.784  10.117 0.5000000000
25869  44.199  -43.613  15.699 0.6999999881
112286  47.024  -44.961  9.151 0.5000000000
25854  43.618  -43.627  16.339 0.8000000119
25855  42.901  -43.626  16.942 0.6999999881
26668  41.680  -42.949  17.384 0.6999999881
26682  42.476  -42.847  17.083 0.6999999881
26669  40.806  -42.955  17.450 0.6999999881
26670  39.934  -42.838  17.380 0.6999999881
26671  39.296  -42.565  17.052 0.6999999881
133667  39.594  -40.142  17.435 0.8000000119
29183  40.010  -39.361  17.555 0.8000000119
29992  40.182  -38.649  17.453 0.8000000119
133658  39.742  -38.983  17.459 0.8000000119
30781  39.789  -38.133  17.248 0.8000000119
30008  39.063  -38.047  16.972 0.8000000119
30024  37.685  -38.655  15.936 1.0000000000
114643  39.020  -37.209  16.663 0.8000000119
30797  38.327  -37.613  16.481 0.8000000119
28389  37.711  -39.741  14.295 1.0000000000
29209  37.738  -39.376  15.288 1.0000000000
133749  37.029  -38.665  14.154 1.0000000000
31736  36.490  -36.576  14.198 1.0000000000
125594  35.540  -38.043  11.462 1.0000000000
29261  35.458  -39.154  10.192 1.0000000000
30838  36.315  -37.312  13.604 1.0000000000
31748  36.098  -36.358  13.292 1.0000000000
30848  35.869  -37.306  12.777 1.0000000000
30070  35.701  -38.926  11.424 1.0000000000
32709  35.867  -35.559  12.598 1.0000000000
25899  45.818  -43.478  13.091 0.6999999881
26720  45.389  -42.794  13.567 0.6999999881
125450  44.961  -43.007  14.489 0.6000000238
126608  44.379  -42.868  15.205 0.6000000238
26696  43.800  -42.799  15.848 0.6000000238
26681  43.197  -42.779  16.536 0.6999999881
126020  42.006  -42.148  17.250 0.6999999881
126193  42.730  -42.013  16.745 0.6999999881
27514  40.559  -42.166  17.489 0.6999999881
29182  40.791  -39.178  17.550 0.8000000119
123600  40.374  -41.338  17.542 0.6999999881
133679  40.191  -40.635  17.568 0.8000000119
30795  40.594  -37.085  16.697 0.8000000119
30796  39.780  -37.521  16.944 0.8000000119
31682  39.167  -36.487  16.413 0.8000000119
30798  37.642  -37.234  15.958 0.8000000119
31700  38.178  -36.067  15.950 0.8000000119
30039  37.080  -38.169  14.713 1.0000000000
135910  37.306  -36.718  15.470 1.0000000000
32653  37.776  -35.682  15.586 0.6999999881
31719  36.867  -36.651  14.945 1.0000000000
31718  37.213  -36.078  15.319 0.8999999762
126016  36.716  -35.915  14.732 1.0000000000
125912  36.386  -35.866  14.081 1.0000000000
33613  36.501  -34.491  13.995 1.0000000000
30089  35.199  -38.368  9.476 1.0000000000
32693  36.236  -35.325  13.573 1.0000000000
30849  35.570  -37.331  11.859 1.0000000000
30079  35.373  -38.257  10.607 1.0000000000
31749  35.688  -36.484  12.260 1.0000000000
126191  43.431  -41.867  16.066 0.6000000238
27529  42.974  -41.207  16.509 0.6999999881
28341  41.831  -40.630  17.301 0.6999999881
27512  42.283  -41.334  17.074 0.6999999881
28342  40.964  -40.638  17.570 0.6999999881
29181  41.455  -39.779  17.426 0.8000000119
29991  41.016  -38.432  17.375 0.6999999881
30779  41.288  -37.702  16.992 0.6999999881
32650  40.357  -35.693  15.765 0.6999999881
32633  39.378  -35.823  16.071 0.6999999881
32651  39.452  -35.157  15.613 0.6999999881
33592  38.401  -34.299  15.036 0.8000000119
33575  38.748  -34.798  15.465 0.6999999881
32672  37.167  -35.242  15.068 0.8999999762
33594  36.913  -34.651  14.576 1.0000000000
34503  37.057  -33.991  14.318 1.0000000000
30865  35.130  -37.701  9.958 1.0000000000
31755  35.438  -36.505  11.270 1.0000000000
26721  44.866  -42.046  13.901 0.6000000238
26710  44.417  -42.105  14.629 0.6000000238
26695  43.954  -42.044  15.292 0.6000000238
27544  43.818  -41.255  15.452 0.6000000238
28372  43.775  -40.493  15.706 0.6000000238
28357  43.248  -40.457  16.312 0.6000000238
28358  42.568  -40.562  16.819 0.6000000238
29199  42.202  -39.978  17.097 0.6000000238
30006  42.246  -39.149  17.077 0.6999999881
30794  42.144  -37.618  16.714 0.6999999881
31698  41.966  -36.439  16.007 0.6999999881
31699  41.016  -36.378  16.193 0.6999999881
32649  41.415  -35.931  15.553 0.6999999881
32671  40.971  -35.415  15.072 0.6999999881
33574  40.177  -35.052  15.257 0.6999999881
34624  45.575  -34.363  7.240 0.3000000119
34500  39.859  -33.937  14.315 0.6999999881
33591  39.477  -34.423  15.057 0.6999999881
34638  45.771  -35.046  6.371 0.3000000119
34501  38.913  -33.720  14.533 0.8000000119
29278  35.073  -39.011  6.916 0.8999999762
34502  37.920  -33.758  14.508 1.0000000000
134664  35.012  -38.266  7.864 1.0000000000
129270  34.982  -37.967  9.166 1.0000000000
119446  35.203  -38.382  8.214 1.0000000000
35467  37.053  -32.672  13.338 1.0000000000
34548  36.082  -33.624  12.635 1.0000000000
33634  36.067  -34.516  12.943 1.0000000000
126090  35.726  -34.896  11.879 1.0000000000
30857  35.341  -37.307  10.787 1.0000000000
33635  35.837  -34.205  12.103 1.0000000000
27560  44.507  -41.311  14.273 0.6000000238
28371  44.221  -40.651  14.886 0.6000000238
29223  44.625  -39.705  14.722 0.6000000238
125968  44.123  -39.932  15.390 0.6000000238
29207  44.289  -39.143  15.560 0.6000000238
30023  43.808  -38.620  16.145 0.6999999881
30809  43.798  -37.655  16.164 0.6999999881
29208  43.651  -39.632  16.098 0.6000000238
132200  43.296  -38.201  16.448 0.6999999881
34541  47.867  -33.465  12.446 0.3000000119
35475  47.248  -32.810  12.657 0.3000000119
122337  42.610  -38.301  16.734 0.6999999881
32670  41.827  -35.569  14.920 0.6999999881
34623  46.042  -33.423  7.721 0.3000000119
34612  45.386  -33.799  8.069 0.4000000060
33689  45.031  -35.644  6.512 0.4000000060
29273  34.646  -39.581  7.231 0.6999999881
28438  33.634  -39.630  7.863 0.6999999881
34639  44.021  -34.535  5.807 0.3000000119
33699  45.159  -36.484  5.446 0.3000000119
132046  40.027  -33.603  13.733 0.6999999881
29279  34.614  -38.709  7.355 0.8999999762
119382  44.293  -35.640  4.577 0.3000000119
32759  44.489  -37.086  5.470 0.3000000119
34522  39.331  -33.264  13.926 0.8000000119
30096  34.627  -38.321  7.812 0.8999999762
33711  43.935  -37.202  4.183 0.3000000119
32769  43.664  -37.717  4.818 0.3000000119
35465  38.879  -32.614  13.497 0.8000000119
35466  37.922  -32.526  13.503 1.0000000000
117645  35.078  -37.108  10.076 1.0000000000
36343  37.674  -31.293  12.352 1.0000000000
32718  35.329  -35.832  10.860 1.0000000000
120657  35.136  -36.416  10.406 1.0000000000
35484  36.690  -32.272  12.678 1.0000000000
119938  35.555  -34.247  11.246 1.0000000000
34549  35.774  -33.665  11.840 1.0000000000
36360  35.800  -31.745  11.302 1.0000000000
30807  44.953  -37.086  15.310 0.6999999881
30808  44.445  -37.362  15.672 0.6999999881
33609  47.091  -34.583  13.357 0.3000000119
34542  47.213  -33.688  13.028 0.4000000060
123845  43.945  -36.935  15.913 0.6999999881
31678  43.327  -36.920  16.198 0.6999999881
31679  42.520  -36.948  16.374 0.6999999881
34543  46.605  -33.041  13.153 0.4000000060
32648  42.303  -35.923  15.478 0.6999999881
36339  46.498  -31.700  12.084 0.3000000119
35461  46.061  -32.596  13.080 0.5000000000
32669  42.602  -35.352  15.000 0.6999999881
33589  42.086  -35.189  14.228 0.6999999881
124152  46.129  -31.560  11.638 0.5000000000
118128  41.456  -35.256  14.473 0.6999999881
35540  45.491  -32.342  9.694 0.4000000060
35527  43.971  -32.971  10.675 0.6000000238
34599  44.370  -33.747  9.272 0.5000000000
115888  41.510  -34.939  13.878 0.6999999881
34611  45.863  -32.975  8.433 0.3000000119
34521  40.692  -34.321  13.784 0.6999999881
34627  42.313  -34.353  7.269 0.4000000060
33673  43.921  -34.634  8.769 0.4000000060
118473  33.158  -39.070  7.846 0.6999999881
34626  43.029  -34.104  7.234 0.4000000060
33682  44.877  -34.884  7.507 0.4000000060
33683  44.189  -35.270  7.861 0.4000000060
34625  43.759  -33.665  6.890 0.3000000119
34640  43.306  -35.234  6.123 0.3000000119
32760  44.081  -36.509  6.525 0.4000000060
128671  43.782  -35.987  7.412 0.4000000060
34547  39.712  -33.010  13.301 0.6999999881
34568  40.771  -33.774  12.048 0.6999999881
29274  34.160  -39.002  7.402 0.6999999881
33690  42.519  -35.671  6.268 0.4000000060
32761  42.936  -37.794  5.462 0.4000000060
32751  42.545  -36.741  7.525 0.4000000060
35481  39.385  -32.250  12.899 0.8000000119
33700  43.577  -36.531  4.759 0.3000000119
32770  42.914  -37.939  4.997 0.3000000119
31794  42.549  -37.860  5.368 0.4000000060
30876  34.838  -37.512  9.544 1.0000000000
36341  39.051  -31.611  12.456 0.8999999762
35483  37.569  -31.858  12.919 1.0000000000
36359  36.552  -31.286  11.662 1.0000000000
35507  36.268  -32.015  11.974 1.0000000000
36344  37.003  -31.527  12.356 1.0000000000
34569  35.491  -33.291  11.145 1.0000000000
33658  35.184  -33.928  10.654 1.0000000000
36382  35.325  -31.471  10.643 1.0000000000
30021  45.006  -37.818  15.249 0.6000000238
31694  45.177  -36.476  15.099 0.6000000238
32645  44.761  -35.785  15.176 0.6999999881
33584  46.351  -34.763  13.938 0.5000000000
122239  45.549  -34.639  14.377 0.6000000238
32646  43.962  -35.708  15.418 0.6999999881
34515  46.497  -33.860  13.530 0.5000000000
33585  45.716  -33.937  13.973 0.4000000060
32647  43.138  -35.744  15.514 0.6999999881
132053  45.391  -33.453  13.773 0.6000000238
32668  43.445  -35.130  15.046 0.6999999881
35462  45.404  -32.549  13.150 0.6000000238
33588  42.909  -34.693  14.533 0.6999999881
36340  45.608  -31.755  12.088 0.6000000238
35503  44.789  -32.015  11.833 0.6000000238
33610  42.432  -34.521  13.865 0.6999999881
33631  42.142  -34.565  13.013 0.6999999881
120560  44.616  -32.327  11.031 0.5000000000
34566  43.314  -33.245  11.245 0.6000000238
33611  41.967  -34.896  13.405 0.6000000238
34641  40.844  -34.985  6.170 0.4000000060
34613  44.696  -34.229  8.444 0.4000000060
34600  43.602  -34.166  9.610 0.4000000060
34579  43.387  -33.687  10.394 0.5000000000
34567  42.667  -33.803  11.672 0.6000000238
33612  41.473  -34.628  13.154 0.6999999881
34628  41.680  -34.647  6.968 0.4000000060
33633  41.392  -34.477  12.329 0.6999999881
33692  40.825  -36.197  5.852 0.5000000000
32750  43.392  -35.730  8.112 0.4000000060
32741  42.566  -35.930  8.673 0.4000000060
34546  40.566  -33.856  13.024 0.6999999881
30097  33.756  -38.538  7.819 0.8999999762
33701  42.862  -37.317  4.982 0.4000000060
31782  41.981  -37.339  7.121 0.4000000060
35505  40.382  -32.759  11.630 0.6999999881
35480  40.132  -32.902  12.560 0.6999999881
32771  42.233  -37.661  5.529 0.4000000060
30877  34.387  -37.440  9.415 0.8999999762
135269  38.782  -31.153  12.063 0.8999999762
129966  35.267  -34.502  10.750 1.0000000000
31762  34.744  -36.109  10.181 1.0000000000
125475  38.154  -30.831  11.910 1.0000000000
32727  35.069  -35.566  10.471 1.0000000000
37201  37.565  -30.392  11.403 1.0000000000
119138  35.036  -34.719  10.513 1.0000000000
32728  34.626  -35.335  10.356 1.0000000000
37223  36.965  -29.975  10.898 1.0000000000
134269  36.336  -28.774  9.010 0.8999999762
131759  36.676  -28.953  9.535 1.0000000000
116877  36.252  -30.208  10.574 1.0000000000
117826  34.677  -32.006  10.365 1.0000000000
35530  34.797  -32.715  10.481 1.0000000000
38158  36.012  -29.257  9.490 1.0000000000
37245  35.135  -30.388  9.822 1.0000000000
36383  34.682  -31.120  10.017 0.8999999762
38175  35.493  -29.140  8.560 1.0000000000
38160  34.744  -29.825  8.783 0.8999999762
32666  45.138  -35.206  14.766 0.6000000238
33586  44.726  -34.383  14.496 0.6999999881
33587  43.769  -34.451  14.583 0.6999999881
34497  44.944  -33.633  14.058 0.6999999881
34499  43.242  -33.950  14.120 0.6999999881
35463  44.622  -32.597  13.180 0.6000000238
35464  43.955  -32.793  13.228 0.6000000238
34520  42.844  -33.706  13.423 0.6999999881
119788  43.341  -33.012  12.976 0.6999999881
34545  42.664  -33.688  12.594 0.6000000238
33647  42.093  -34.670  12.009 0.6000000238
35578  41.484  -33.519  7.257 0.3000000119
35504  43.968  -32.567  11.613 0.6000000238
34544  43.288  -33.012  12.153 0.6000000238
33632  41.921  -34.740  12.593 0.6000000238
124130  40.731  -34.046  5.741 0.4000000060
33656  42.784  -34.614  10.168 0.6000000238
113705  42.319  -34.760  11.072 0.6000000238
32724  42.130  -35.299  10.414 0.5000000000
33648  41.822  -34.837  11.727 0.6000000238
33675  42.352  -35.527  9.642 0.4000000060
33649  41.306  -34.578  11.333 0.6000000238
33702  40.074  -35.744  5.665 0.5000000000
31774  41.788  -36.612  8.033 0.4000000060
32752  42.113  -36.578  8.120 0.4000000060
130646  40.885  -36.240  5.922 0.5000000000
31788  41.888  -37.623  6.315 0.4000000060
125065  40.613  -33.851  9.949 0.6000000238
31789  41.166  -37.062  6.428 0.4000000060
32753  41.219  -36.424  7.796 0.4000000060
30886  33.932  -37.891  8.588 0.8999999762
36403  40.068  -31.576  10.397 0.8999999762
36356  40.099  -31.785  11.279 0.8000000119
30878  33.717  -37.263  9.523 0.8999999762
31763  34.075  -35.910  10.180 0.8999999762
32729  33.690  -35.059  10.467 0.8999999762
38138  36.592  -29.462  10.170 1.0000000000
34583  34.702  -33.303  10.481 1.0000000000
39135  35.696  -28.749  7.439 1.0000000000
38176  34.554  -29.673  8.050 1.0000000000
36405  34.039  -31.127  9.478 0.8999999762
122559  35.028  -29.296  7.581 1.0000000000
38188  34.370  -29.837  6.989 0.8999999762
34498  44.090  -33.708  14.185 0.6999999881
36420  41.978  -31.870  8.572 0.3000000119
113131  41.577  -32.233  7.793 0.3000000119
116902  41.239  -32.736  6.536 0.3000000119
32717  42.001  -35.099  11.119 0.6000000238
34642  39.835  -35.228  4.831 0.5000000000
35590  40.187  -34.238  4.403 0.4000000060
114163  42.003  -35.679  9.820 0.5000000000
32742  42.050  -36.036  9.010 0.5000000000
32743  41.629  -35.841  9.111 0.5000000000
33657  41.404  -35.012  10.628 0.5000000000
33703  39.423  -35.325  5.201 0.5000000000
32726  41.257  -35.240  9.787 0.5000000000
32744  40.947  -35.631  8.542 0.5000000000
34581  40.793  -33.727  11.021 0.6000000238
33693  39.989  -35.762  6.437 0.5000000000
32763  40.688  -36.523  6.454 0.5000000000
35528  40.384  -32.663  10.516 0.6999999881
34629  39.393  -34.897  6.546 0.5000000000
33684  40.221  -35.113  7.823 0.5000000000
35542  40.080  -32.318  9.491 0.6000000238
36380  39.722  -31.023  11.010 0.8999999762
37200  38.369  -30.306  11.188 0.8999999762
37199  39.005  -30.771  11.493 0.8999999762
37221  38.534  -29.829  10.400 0.8999999762
39116  37.296  -28.473  7.894 0.8999999762
39098  37.148  -28.658  8.955 0.8999999762
38137  37.299  -29.458  10.438 0.8999999762
37222  37.770  -29.834  10.823 1.0000000000
35531  34.091  -32.580  10.221 0.8999999762
33659  34.429  -34.656  10.432 0.8999999762
36384  34.052  -31.767  9.839 0.8999999762
39147  35.829  -28.830  6.392 0.6999999881
35544  33.317  -32.109  9.759 0.8999999762
37247  33.698  -30.845  8.895 0.8999999762
36406  33.438  -31.434  9.314 0.8999999762
36402  41.722  -31.054  8.991 0.3000000119
36438  41.407  -31.431  7.262 0.3000000119
37274  41.438  -30.187  7.152 0.3000000119
36454  41.279  -31.995  5.522 0.3000000119
37288  41.422  -30.980  6.118 0.4000000060
35603  40.816  -33.186  4.470 0.4000000060
131320  41.677  -35.042  11.048 0.6000000238
34643  38.671  -34.903  4.644 0.5000000000
34660  39.413  -34.276  4.150 0.4000000060
33676  40.759  -34.775  9.257 0.5000000000
118859  41.025  -34.641  10.400 0.5000000000
34630  38.655  -34.595  5.563 0.5000000000
34617  39.796  -34.180  7.736 0.5000000000
34601  40.216  -34.045  8.818 0.5000000000
34618  39.204  -33.864  6.974 0.5000000000
35560  39.762  -33.195  8.396 0.5000000000
35579  38.824  -33.502  6.242 0.5000000000
35543  39.651  -32.096  8.600 0.6000000238
36404  39.850  -31.447  9.520 0.6000000238
36439  39.056  -31.783  6.661 0.6999999881
116358  39.579  -31.137  8.871 0.6999999881
37220  39.169  -30.445  10.673 0.6999999881
37261  39.290  -30.592  8.324 0.6999999881
38173  38.913  -29.619  8.717 0.8000000119
37244  39.292  -30.226  9.572 0.8000000119
33660  33.820  -34.196  10.489 0.8999999762
39115  37.967  -28.707  8.486 0.8999999762
38156  38.515  -29.414  9.560 0.8999999762
39134  36.479  -28.499  7.135 0.6999999881
36423  33.003  -31.224  8.603 0.8999999762
123567  41.490  -30.226  5.720 0.3000000119
112647  41.549  -31.168  4.248 0.4000000060
38184  41.625  -29.096  6.043 0.3000000119
135900  41.297  -32.239  3.813 0.4000000060
38196  41.648  -29.840  4.444 0.3000000119
36483  40.060  -33.206  3.810 0.4000000060
36470  41.414  -31.593  3.030 0.4000000060
35591  38.561  -34.126  5.026 0.4000000060
36482  41.020  -31.914  3.014 0.4000000060
117371  39.106  -33.294  4.621 0.4000000060
115367  38.877  -32.872  5.792 0.5000000000
116223  38.988  -32.525  6.831 0.5000000000
38185  39.010  -29.899  7.623 0.6000000238
38174  38.546  -29.072  8.101 0.8000000119
39132  38.076  -28.676  7.540 0.6999999881
39146  36.690  -28.768  5.925 0.6999999881
37263  33.330  -30.681  8.092 0.8999999762
38199  34.489  -30.454  5.587 0.8999999762
37290  33.704  -30.608  6.355 0.8000000119
37277  33.087  -30.767  7.061 0.8000000119
37306  34.394  -30.713  4.740 0.6999999881
37315  33.977  -30.943  4.887 0.8000000119
39131  41.537  -28.119  6.861 0.3000000119
124930  41.671  -28.853  4.733 0.3000000119
37303  41.846  -30.483  2.747 0.3000000119
38210  41.815  -29.375  3.313 0.4000000060
36481  41.407  -30.910  2.638 0.4000000060
37312  41.728  -30.194  2.384 0.4000000060
121733  40.584  -30.505  3.367 0.5000000000
36472  39.670  -32.330  4.201 0.5000000000
38211  39.702  -29.668  4.675 0.5000000000
37304  39.796  -30.867  4.547 0.5000000000
37289  39.281  -30.298  5.811 0.5000000000
112157  39.007  -29.805  6.698 0.6000000238
38186  38.558  -29.179  7.111 0.6999999881
39144  38.145  -28.719  6.375 0.6999999881
39145  37.528  -28.664  5.929 0.6999999881
39157  37.524  -28.827  4.584 0.6999999881
39158  36.537  -29.459  4.374 0.6999999881
38198  35.355  -29.823  5.467 0.8000000119
38213  35.625  -30.211  4.203 0.6999999881
39114  41.407  -28.280  8.135 0.3000000119
40128  41.387  -27.310  7.419 0.3000000119
40137  41.450  -27.283  6.267 0.4000000060
39142  41.654  -28.047  5.568 0.3000000119
39154  41.568  -28.363  4.234 0.4000000060
39170  41.587  -28.838  2.994 0.4000000060
38233  41.505  -29.462  2.353 0.4000000060
129918  40.976  -28.870  2.189 0.3000000119
38222  40.301  -29.313  2.683 0.5000000000
111736  40.215  -28.394  2.347 0.3000000119
39155  39.218  -28.806  4.234 0.5000000000
111734  39.423  -28.254  2.243 0.4000000060
38197  38.812  -29.299  5.872 0.6999999881
39143  38.471  -28.739  5.262 0.6999999881
39156  38.526  -28.678  3.708 0.6000000238
116017  37.987  -28.608  5.312 0.6999999881
39133  37.402  -28.504  6.847 0.6999999881
39171  37.842  -29.072  2.641 0.6000000238
40138  41.179  -26.938  5.882 0.3000000119
40163  41.315  -27.930  3.756 0.3000000119
40164  40.639  -27.794  3.084 0.3000000119
40149  40.934  -27.330  4.603 0.3000000119
116995  40.159  -27.421  3.556 0.3000000119
129901  39.577  -27.341  4.150 0.3000000119
111735  40.030  -27.677  2.580 0.3000000119
118233  39.411  -27.442  2.933 0.4000000060
111738  39.095  -27.906  2.262 0.5000000000
118000  38.590  -27.544  2.639 0.5000000000
111732  38.274  -28.576  1.834 0.6000000238
39183  37.772  -28.629  2.071 0.6000000238
41075  40.668  -25.948  9.510 0.4000000060
41086  40.594  -26.308  8.459 0.3000000119
124797  41.203  -26.755  6.855 0.3000000119
41101  40.761  -26.430  7.470 0.3000000119
41115  40.869  -26.596  6.536 0.3000000119
41102  40.006  -26.375  7.281 0.3000000119
40150  40.213  -27.155  5.013 0.3000000119
125803  39.338  -26.729  6.754 0.3000000119
40139  39.169  -27.260  5.642 0.3000000119
40151  38.570  -27.593  4.083 0.4000000060
39189  37.488  -28.195  2.013 0.6000000238
111739  37.781  -27.589  2.850 0.4000000060
40152  37.375  -27.667  4.414 0.4000000060
111740  37.338  -27.794  2.345 0.5000000000
39190  37.161  -28.354  2.060 0.6000000238
38226  34.851  -29.999  3.748 0.6999999881
37307  33.391  -30.893  5.483 0.8000000119
42108  40.676  -25.219  10.135 0.4000000060
42126  40.199  -25.675  8.773 0.3000000119
42127  39.728  -25.573  8.485 0.3000000119
42137  39.343  -25.895  8.157 0.3000000119
41103  38.790  -26.363  7.587 0.3000000119
41117  38.336  -26.914  6.817 0.4000000060
40140  37.926  -27.505  5.764 0.4000000060
40141  36.926  -27.388  5.766 0.4000000060
40165  36.703  -27.637  3.000 0.4000000060
40178  36.810  -27.996  2.333 0.5000000000
40153  36.371  -27.683  4.677 0.4000000060
38224  36.578  -29.372  2.756 0.6000000238
129134  36.165  -27.810  2.732 0.4000000060
38237  35.329  -29.036  3.157 0.6999999881
39173  35.161  -28.294  3.491 0.4000000060
112805  34.987  -27.931  4.004 0.4000000060
39174  34.392  -28.980  3.898 0.6000000238
40167  34.184  -28.034  4.500 0.5000000000
115361  34.047  -29.871  4.336 0.6000000238
38227  33.725  -30.661  4.816 0.6999999881
38228  33.229  -29.736  4.833 0.6999999881
43060  40.779  -24.575  10.632 0.3000000119
43082  39.695  -24.591  9.061 0.3000000119
42128  39.157  -25.051  8.562 0.3000000119
42138  38.301  -25.571  8.147 0.3000000119
41104  37.760  -26.293  7.612 0.4000000060
41118  37.221  -26.812  6.827 0.3000000119
41119  36.472  -26.228  7.016 0.3000000119
127525  36.508  -26.879  6.488 0.3000000119
41120  35.863  -26.531  6.548 0.3000000119
40154  35.483  -27.788  5.068 0.3000000119
40143  35.228  -27.141  6.094 0.3000000119
40155  34.636  -27.626  5.367 0.3000000119
41126  34.397  -26.776  5.957 0.3000000119
40156  33.993  -27.370  5.427 0.4000000060
115818  33.681  -28.386  4.615 0.5000000000
39175  33.523  -28.903  4.563 0.5000000000
39176  32.654  -28.618  4.882 0.5000000000
43999  39.581  -23.856  9.535 0.3000000119
44014  38.962  -24.148  8.869 0.3000000119
43104  38.217  -24.551  8.406 0.3000000119
134155  37.818  -25.056  8.154 0.3000000119
42140  36.626  -25.327  7.241 0.3000000119
42148  35.921  -25.573  6.752 0.3000000119
42149  35.033  -25.928  6.412 0.3000000119
40168  33.256  -27.503  4.976 0.4000000060
117260  32.834  -28.033  4.688 0.5000000000
40169  32.378  -27.161  4.767 0.5000000000
43977  39.590  -23.050  9.970 0.3000000119
118284  38.850  -23.207  9.152 0.3000000119
44015  38.336  -23.716  8.639 0.3000000119
43094  37.659  -23.772  8.205 0.3000000119
43105  37.484  -24.574  7.976 0.3000000119
43106  37.013  -24.726  7.539 0.3000000119
43115  36.136  -24.565  6.622 0.3000000119
43116  35.425  -24.946  6.416 0.3000000119
41127  33.638  -26.612  5.560 0.4000000060
41132  32.819  -26.476  5.099 0.4000000060
117413  31.748  -26.877  4.641 0.4000000060
41133  32.053  -26.341  4.664 0.4000000060
39177  31.949  -27.622  4.733 0.5000000000
44875  40.435  -22.083  10.933 0.3000000119
44876  39.742  -22.222  10.310 0.3000000119
117038  37.976  -22.931  8.530 0.3000000119
44027  37.043  -23.898  7.466 0.3000000119
132632  36.666  -24.460  7.097 0.3000000119
134130  35.705  -24.347  6.246 0.3000000119
42153  34.666  -25.047  6.108 0.3000000119
43125  34.008  -25.044  5.692 0.3000000119
42154  34.139  -25.819  5.960 0.3000000119
42155  33.323  -25.565  5.405 0.4000000060
45985  39.339  -21.498  9.932 0.3000000119
44898  39.104  -22.330  9.598 0.3000000119
45986  38.702  -21.568  9.249 0.3000000119
44922  38.439  -22.335  8.966 0.3000000119
44923  37.516  -22.214  8.136 0.3000000119
123451  37.265  -22.985  7.804 0.3000000119
44935  37.134  -22.155  7.165 0.3000000119
44034  36.868  -23.004  6.918 0.3000000119
44035  36.535  -23.758  6.649 0.3000000119
44943  36.875  -22.309  6.354 0.3000000119
43123  35.236  -24.350  5.931 0.3000000119
47116  38.986  -20.786  9.499 0.3000000119
46008  38.023  -21.594  8.531 0.3000000119
47136  38.466  -20.795  8.795 0.3000000119
46022  37.989  -20.698  8.025 0.3000000119
46023  37.522  -21.411  7.646 0.3000000119
44944  36.560  -22.958  6.097 0.3000000119
43122  35.957  -23.675  5.879 0.3000000119
44044  35.186  -23.698  5.155 0.3000000119
131183  38.764  -20.144  9.091 0.3000000119
48224  38.726  -19.593  8.765 0.3000000119
47156  38.162  -19.941  7.537 0.3000000119
48235  38.567  -19.255  8.048 0.4000000060
47157  37.706  -20.597  7.108 0.3000000119
46032  37.308  -21.322  6.575 0.3000000119
44953  37.057  -21.741  5.926 0.3000000119
48256  38.274  -19.244  7.077 0.4000000060
116753  38.521  -18.531  7.463 0.4000000060
47173  37.605  -20.484  6.165 0.4000000060
49284  38.368  -18.673  6.714 0.4000000060
26739  39.256  -42.390  11.951 1.0000000000
118301  38.669  -41.660  12.302 1.0000000000
38187  35.112  -29.416  6.614 0.6999999881
38214  34.920  -30.584  4.622 0.8000000119
37305  34.986  -30.498  4.166 0.8000000119
38225  35.679  -29.732  3.435 0.6999999881
17326  47.976  -53.881  5.742 0.5000000000
16526  49.174  -55.200  6.054 0.5000000000
120481  49.907  -52.526  5.702 0.4000000060
123867  50.126  -53.275  6.081 0.4000000060
21468  44.067  -48.361  14.136 0.6999999881
23160  40.815  -46.877  15.724 0.8999999762
113327  45.325  -47.158  13.147 0.6999999881
123896  47.719  -50.076  6.435 0.5000000000
19927  49.063  -50.566  5.540 0.5000000000
23158  43.878  -46.667  15.664 0.8000000119
18166  50.228  -53.164  6.412 0.4000000060
22266  42.187  -47.220  16.429 0.8000000119
22312  44.938  -47.199  14.024 0.6999999881
119812  47.521  -48.816  6.761 0.4000000060
25014  39.713  -44.738  15.811 0.8000000119
117345  47.476  -47.535  7.596 0.4000000060
21543  47.596  -48.175  6.422 0.4000000060
24121  43.739  -45.265  16.215 0.8000000119
26731  39.537  -42.932  12.537 1.0000000000
23254  47.459  -46.712  8.076 0.5000000000
23241  46.909  -46.504  9.735 0.5000000000
24163  46.376  -45.287  11.530 0.6999999881
26732  38.980  -42.174  12.803 1.0000000000
123710  39.575  -41.093  17.411 0.8000000119
30826  36.723  -37.380  14.424 1.0000000000
121807  39.734  -36.909  16.635 0.8000000119
30810  37.418  -37.991  15.589 1.0000000000
30051  37.377  -38.965  14.527 1.0000000000
30007  41.821  -38.342  17.118 0.6999999881
34524  37.460  -33.254  13.911 1.0000000000
34525  36.570  -33.595  13.537 1.0000000000
30005  43.109  -38.952  16.564 0.6999999881
36379  46.034  -31.630  10.239 0.4000000060
30095  35.183  -38.699  7.315 1.0000000000
30090  34.734  -37.996  8.612 1.0000000000
34598  45.179  -33.212  8.969 0.4000000060
36381  36.106  -30.919  10.979 1.0000000000
112009  46.080  -31.440  11.024 0.4000000060
35541  44.687  -32.834  9.993 0.5000000000
35526  45.329  -31.954  10.690 0.5000000000
33691  41.786  -35.932  6.292 0.4000000060
32762  41.397  -37.197  5.958 0.4000000060
37224  35.513  -30.648  10.368 1.0000000000
33674  43.113  -35.045  9.188 0.5000000000
37276  33.813  -30.253  7.535 0.8000000119
33712  38.965  -35.136  4.564 0.5000000000
36422  39.290  -31.704  7.766 0.6000000238
36455  39.181  -31.802  5.412 0.5000000000
37275  39.159  -30.763  6.644 0.5000000000
39159  36.003  -29.290  5.363 0.6999999881
38212  36.236  -29.694  3.496 0.6999999881
39184  36.031  -28.253  2.675 0.6000000238
41105  37.010  -26.100  7.478 0.3000000119
20665  39.749  -49.397  14.334 0.5000000000
21471  39.583  -48.764  14.601 0.5000000000
19866  39.708  -50.589  12.867 0.5000000000
19878  40.612  -50.980  12.226 0.5000000000
19865  40.802  -50.544  13.223 0.5000000000
20681  39.994  -49.987  13.739 0.5000000000
19016  41.614  -51.161  10.822 0.4000000060
19877  41.597  -50.725  12.608 0.5000000000
19890  42.308  -50.943  10.435 0.4000000060
19883  42.402  -50.593  12.007 0.5000000000
112702  42.170  -50.821  11.162 0.5000000000
25943  37.468  -43.067  7.311 0.6999999881
26771  38.442  -42.756  7.042 0.8000000119
26770  39.324  -43.338  7.076 0.8000000119
26764  39.312  -42.996  7.758 0.8999999762
26765  36.933  -42.297  7.246 0.6999999881
27614  38.400  -42.473  7.283 0.8999999762
27622  37.635  -41.829  7.031 0.8999999762
27606  37.527  -41.514  8.723 0.8999999762
27617  35.854  -41.047  7.241 0.6000000238
27616  36.711  -41.416  7.070 0.8000000119
27615  37.684  -41.642  7.445 0.8999999762
135344  37.239  -40.984  7.628 0.8999999762
134965  37.001  -40.833  8.371 0.8999999762
127728  36.846  -41.098  9.626 0.8999999762
27569  45.366  -41.173  12.712 0.5000000000
27570  44.938  -41.203  13.517 0.5000000000
120175  45.682  -42.625  12.678 0.6000000238
118036  45.302  -41.925  13.094 0.5000000000
25908  46.069  -43.241  12.171 0.6000000238
28437  35.220  -40.311  7.218 0.6000000238
27624  36.302  -40.564  6.892 0.8999999762
28441  37.081  -41.018  7.083 0.8999999762
27623  36.945  -41.116  6.981 0.8999999762
28426  36.684  -40.371  7.494 0.8999999762
28427  36.443  -40.422  8.907 0.8999999762
28419  35.785  -39.893  9.557 0.8999999762
29222  45.273  -39.123  14.314 0.5000000000
30037  45.490  -38.241  14.605 0.5000000000
29232  45.581  -39.481  13.521 0.5000000000
29233  45.056  -39.842  13.957 0.5000000000
29231  46.237  -39.037  13.021 0.5000000000
28396  45.297  -40.376  13.261 0.5000000000
28443  36.066  -39.850  6.709 0.8999999762
135318  35.848  -40.218  6.748 0.6999999881
28442  36.482  -40.385  6.933 0.8999999762
29276  36.218  -39.623  6.952 0.8999999762
29268  36.178  -39.614  7.932 0.8999999762
29269  35.479  -39.093  8.754 0.8999999762
30837  46.113  -37.783  14.116 0.5000000000
30038  44.884  -38.716  15.062 0.5000000000
30050  45.881  -38.647  13.833 0.5000000000
30049  46.525  -38.145  13.198 0.5000000000
29277  35.709  -39.268  6.854 0.8999999762
29272  35.724  -39.021  7.404 0.8999999762
30823  46.242  -36.951  14.229 0.5000000000
31717  45.794  -36.380  14.610 0.5000000000
119709  46.683  -36.687  13.781 0.5000000000
32692  46.539  -35.564  13.967 0.4000000060
30091  32.424  -38.247  8.943 0.6000000238
30880  31.634  -38.321  9.519 0.6000000238
30887  33.077  -37.678  9.138 0.8000000119
30879  32.209  -37.662  9.833 0.6999999881
30866  31.501  -37.406  10.299 0.6999999881
31765  31.180  -36.579  10.689 0.6999999881
32732  30.192  -36.105  10.953 0.6999999881
119223  32.959  -37.189  9.873 0.8000000119
123985  32.342  -36.757  10.391 0.6999999881
123550  30.981  -35.520  10.838 0.6999999881
127485  30.787  -34.608  10.618 0.6999999881
32730  32.622  -35.038  10.742 0.8000000119
33661  32.305  -34.193  10.642 0.8000000119
34603  31.080  -33.271  9.880 0.6999999881
33662  31.677  -34.842  10.793 0.6999999881
34602  32.136  -33.255  10.219 0.8000000119
127454  33.087  -34.442  10.632 0.8000000119
35546  31.567  -32.616  9.485 0.6999999881
35545  32.454  -32.390  9.681 0.8000000119
35563  31.171  -32.317  8.593 0.6000000238
35532  33.157  -32.885  10.196 0.8000000119
36425  31.563  -31.868  7.973 0.6000000238
36441  31.392  -31.681  7.237 0.6000000238
36424  32.267  -31.540  8.311 0.8000000119
126504  32.011  -31.535  7.308 0.6000000238
36456  31.934  -31.384  6.596 0.6000000238
36407  32.690  -31.703  9.157 0.8000000119
37293  31.818  -31.081  6.142 0.6000000238
36440  32.631  -31.150  7.653 0.6999999881
37292  32.593  -31.147  6.035 0.6000000238
38215  32.918  -30.485  5.272 0.6999999881
37308  32.621  -30.949  5.738 0.6000000238
39160  32.336  -29.461  5.294 0.6000000238
37291  33.134  -31.095  5.979 0.6999999881
19027  42.599  -51.343  8.962 0.4000000060
19901  42.445  -51.154  9.648 0.5000000000
31735  47.010  -36.081  13.583 0.3000000119
31764  33.035  -35.864  10.485 0.8000000119
19884  41.569  -50.974  11.692 0.5000000000
26772  37.530  -42.139  7.018 0.8000000119
32731  31.984  -35.779  10.766 0.6999999881
132652  47.433  -46.045  7.676 0.4000000060
24204  47.353  -45.215  7.711 0.4000000060
24196  47.178  -44.851  8.307 0.4000000060
24205  47.050  -44.477  7.735 0.4000000060
25102  47.214  -44.606  6.946 0.4000000060
25918  46.393  -43.216  10.612 0.5000000000
116927  46.627  -43.998  9.398 0.5000000000
25933  46.362  -43.170  8.705 0.4000000060
25950  46.473  -43.118  6.787 0.4000000060
25939  46.353  -43.126  7.681 0.4000000060
25091  46.676  -44.034  8.318 0.4000000060
25949  46.932  -43.162  6.083 0.4000000060
131130  45.884  -42.505  11.891 0.5000000000
117784  46.568  -43.926  10.391 0.5000000000
128991  48.326  -41.335  6.139 0.4000000060
26774  47.953  -41.335  5.821 0.4000000060
134427  46.730  -42.558  6.411 0.4000000060
25948  48.984  -42.531  6.285 0.4000000060
27625  48.312  -41.521  5.778 0.4000000060
26736  46.209  -42.849  11.253 0.5000000000
25928  46.403  -43.168  9.740 0.4000000060
28410  49.484  -40.606  11.006 0.3000000119
27590  48.826  -41.610  10.865 0.3000000119
26768  46.460  -42.264  7.106 0.4000000060
26743  49.255  -42.404  11.100 0.3000000119
26744  48.676  -42.317  10.501 0.3000000119
26755  48.285  -42.275  9.637 0.3000000119
26761  48.080  -42.157  8.592 0.3000000119
114603  48.123  -41.003  6.758 0.4000000060
27626  48.112  -41.061  6.522 0.4000000060
26775  47.240  -41.694  6.401 0.4000000060
25927  48.487  -42.981  9.200 0.3000000119
25932  48.489  -43.092  8.307 0.3000000119
118668  48.505  -41.721  6.404 0.4000000060
26737  45.972  -42.067  11.179 0.4000000060
122320  46.259  -42.341  9.128 0.4000000060
26745  46.225  -42.382  10.245 0.4000000060
115131  48.775  -39.817  10.474 0.3000000119
28415  48.789  -40.746  10.648 0.3000000119
125754  48.376  -40.823  10.258 0.3000000119
27602  48.026  -40.451  9.334 0.3000000119
28434  47.852  -40.447  7.728 0.4000000060
27619  47.963  -40.493  7.136 0.4000000060
27627  47.180  -41.281  7.051 0.4000000060
27591  48.251  -41.494  10.089 0.3000000119
118270  47.961  -41.221  8.991 0.3000000119
27612  48.025  -40.767  7.740 0.3000000119
26730  45.622  -41.827  12.115 0.4000000060
112640  47.841  -38.457  10.213 0.3000000119
29259  46.936  -39.536  9.881 0.3000000119
28425  46.715  -40.020  9.207 0.4000000060
131272  46.334  -40.766  9.717 0.4000000060
27592  46.163  -41.518  10.405 0.4000000060
116850  48.703  -38.982  10.467 0.3000000119
29257  48.056  -39.078  9.798 0.3000000119
29258  47.537  -39.282  9.815 0.3000000119
29267  47.116  -39.740  9.112 0.4000000060
27604  46.472  -40.640  8.849 0.4000000060
115826  46.221  -41.520  9.468 0.4000000060
29266  47.587  -39.692  9.245 0.3000000119
28435  47.737  -40.279  8.258 0.4000000060
27613  46.775  -40.725  8.134 0.4000000060
26756  46.319  -41.469  8.535 0.4000000060
28416  48.153  -39.844  9.739 0.3000000119
28424  47.716  -40.104  8.793 0.3000000119
28440  47.601  -40.466  7.918 0.4000000060
26762  46.543  -41.475  7.729 0.4000000060
29243  46.553  -39.288  12.128 0.4000000060
29244  45.952  -39.834  12.708 0.4000000060
28405  45.748  -40.595  12.337 0.4000000060
30067  47.432  -37.834  11.185 0.3000000119
112145  47.031  -38.600  11.524 0.4000000060
28411  46.069  -40.749  11.463 0.4000000060
27579  45.686  -41.173  11.971 0.4000000060
30068  47.440  -38.627  10.527 0.4000000060
29251  46.832  -39.339  11.040 0.4000000060
27584  46.250  -40.825  10.600 0.4000000060
27585  45.962  -41.405  11.290 0.4000000060
34587  30.523  -33.844  10.260 0.6000000238
132496  30.093  -34.406  10.506 0.6000000238
35580  30.926  -32.141  7.783 0.5000000000
35547  30.738  -32.723  9.191 0.5000000000
36442  30.669  -31.716  7.288 0.5000000000
36457  31.185  -31.391  6.717 0.5000000000
37294  30.776  -30.793  6.464 0.5000000000
38200  31.155  -30.166  6.091 0.5000000000
44049  36.145  -22.694  4.552 0.3000000119
44966  36.464  -22.190  3.948 0.3000000119
44967  35.712  -22.566  3.798 0.3000000119
46040  37.365  -21.080  5.593 0.3000000119
114599  36.715  -22.230  4.795 0.3000000119
46055  37.032  -21.622  4.294 0.3000000119
46064  36.787  -21.593  3.414 0.3000000119
44977  36.036  -22.101  2.954 0.3000000119
46074  36.547  -21.418  2.437 0.3000000119
47172  37.853  -19.849  5.884 0.3000000119
47180  37.687  -20.292  5.236 0.3000000119
46054  37.454  -20.960  4.655 0.3000000119
47190  37.647  -20.424  4.044 0.3000000119
46063  37.347  -21.062  3.759 0.3000000119
47196  37.509  -20.435  3.098 0.3000000119
46073  37.115  -21.091  3.007 0.3000000119
46090  36.214  -21.231  1.578 0.3000000119
47217  36.111  -20.756  0.977 0.3000000119
48272  38.187  -19.186  6.135 0.3000000119
48283  38.040  -19.511  5.293 0.3000000119
48295  37.903  -19.814  4.516 0.3000000119
48294  38.220  -19.180  4.076 0.3000000119
48308  37.883  -19.766  3.640 0.3000000119
48307  38.137  -19.137  3.364 0.3000000119
48323  37.799  -19.573  2.642 0.3000000119
126838  37.062  -20.803  2.235 0.3000000119
47216  36.747  -20.240  0.842 0.3000000119
116207  38.418  -18.350  6.070 0.3000000119
50288  38.580  -17.848  5.212 0.3000000119
49310  38.438  -18.566  4.516 0.3000000119
49319  38.424  -18.527  3.671 0.3000000119
49326  38.232  -18.627  2.658 0.3000000119
49327  37.845  -19.118  1.833 0.3000000119
49333  38.063  -18.476  1.495 0.3000000119
51260  38.886  -16.986  4.642 0.3000000119
50305  38.675  -17.809  4.144 0.3000000119
51277  38.931  -17.053  3.659 0.3000000119
50323  38.491  -17.769  2.201 0.3000000119
51276  39.213  -16.360  3.152 0.3000000119
51289  38.897  -17.065  2.733 0.3000000119
51259  39.183  -16.254  4.084 0.3000000119
52248  39.391  -15.590  3.513 0.3000000119
53312  39.448  -14.743  3.845 0.3000000119
129717  47.592  -42.616  5.535 0.4000000060
125010  47.435  -45.772  6.956 0.4000000060
25120  47.607  -43.584  5.492 0.4000000060
25112  47.206  -44.127  6.150 0.4000000060
25947  49.733  -42.672  5.646 0.4000000060
26773  48.764  -41.967  5.570 0.4000000060
25956  48.306  -42.506  5.140 0.4000000060
27583  49.632  -41.914  11.645 0.3000000119
25906  49.746  -43.098  11.035 0.3000000119
128610  49.166  -42.913  10.646 0.3000000119
129470  49.317  -43.782  9.205 0.3000000119
25931  49.196  -43.727  7.968 0.3000000119
25938  48.677  -42.881  7.252 0.3000000119
120120  49.607  -41.261  11.486 0.3000000119
29256  49.701  -39.966  10.759 0.3000000119
30077  48.356  -38.055  10.427 0.3000000119
130378  50.091  -39.064  10.515 0.3000000119
30847  46.999  -37.514  12.922 0.4000000060
30060  47.038  -37.979  12.199 0.4000000060
30078  47.775  -37.846  10.612 0.3000000119
30835  47.111  -36.880  13.224 0.4000000060
33663  30.115  -35.192  10.827 0.6000000238
50273  38.565  -17.511  6.241 0.3000000119
51241  38.762  -16.851  5.677 0.3000000119
51240  39.113  -16.015  5.172 0.3000000119
52234  39.319  -15.376  4.432 0.3000000119
121085  39.244  -15.049  5.303 0.3000000119
29249  50.507  -39.800  10.920 0.3000000119
24195  47.321  -45.747  8.471 0.4000000060
123506  46.269  -42.313  8.119 0.4000000060
28404  46.317  -40.031  11.787 0.4000000060
49297  38.347  -18.789  5.310 0.3000000119
48337  37.504  -19.785  1.464 0.3000000119
50316  38.650  -17.812  3.196 0.3000000119
53297  39.343  -14.505  4.731 0.3000000119
24211  47.518  -45.331  6.144 0.3000000119
25044  37.882  -44.672  11.844 0.6000000238
25052  38.021  -44.602  10.907 0.6999999881
25045  37.133  -44.655  11.562 0.6999999881
131292  47.596  -44.591  5.756 0.3000000119
18165  50.518  -52.351  6.303 0.3000000119
19925  50.855  -51.067  5.795 0.3000000119
24188  39.134  -45.489  7.700 0.6999999881
22375  47.617  -47.550  6.097 0.3000000119
24176  37.787  -45.509  9.305 0.6999999881
25067  37.349  -44.857  10.493 0.6999999881
23286  47.913  -47.131  5.577 0.3000000119
115120  47.722  -46.178  5.729 0.3000000119
23285  48.299  -46.196  5.320 0.3000000119
25126  49.864  -43.516  4.273 0.3000000119
24216  48.392  -45.211  5.273 0.3000000119
116026  48.031  -44.456  5.288 0.3000000119
25125  50.748  -43.319  4.137 0.3000000119
25961  49.651  -42.756  4.468 0.3000000119
24225  48.967  -44.354  4.879 0.3000000119
24197  40.041  -45.056  6.841 0.6999999881
22378  48.692  -47.853  5.334 0.3000000119
22379  47.942  -48.122  5.777 0.3000000119
130815  38.523  -45.306  8.799 0.6999999881
25066  38.293  -44.853  9.847 0.6999999881
116849  49.046  -47.226  5.204 0.3000000119
24215  49.192  -45.575  5.064 0.3000000119
24224  49.898  -44.865  4.578 0.3000000119
128830  51.781  -43.258  4.179 0.3000000119
125259  49.709  -50.057  5.351 0.4000000060
24206  39.830  -45.138  6.712 0.6999999881
22377  49.919  -48.245  5.053 0.3000000119
21546  49.003  -48.565  5.286 0.3000000119
23284  49.419  -46.505  5.127 0.3000000119
25078  39.843  -44.998  7.494 0.6999999881
23292  50.368  -46.219  4.932 0.3000000119
25079  39.228  -44.852  8.889 0.6999999881
26780  49.713  -42.382  4.728 0.3000000119
25119  48.457  -43.413  4.924 0.3000000119
25954  50.986  -42.767  4.675 0.3000000119
26776  50.336  -42.548  4.659 0.3000000119
25104  40.105  -44.666  6.765 0.6999999881
112372  50.287  -47.399  5.056 0.3000000119
125254  40.234  -44.219  7.030 0.6999999881
23282  52.066  -46.998  4.795 0.3000000119
23283  51.386  -47.305  4.988 0.3000000119
25934  40.206  -44.073  8.028 0.6999999881
25946  50.729  -43.056  5.458 0.3000000119
22376  50.718  -48.025  5.360 0.3000000119
26769  40.024  -43.743  7.334 0.6999999881
25955  50.333  -42.421  4.912 0.3000000119
30846  47.530  -37.141  12.192 0.3000000119
24142  37.361  -45.367  13.512 0.5000000000
126537  36.375  -45.015  11.997 0.6999999881
132275  36.926  -44.856  12.636 0.6000000238
24155  35.881  -45.407  12.770 0.6000000238
24189  38.502  -46.110  8.051 0.6999999881
24198  39.621  -45.466  6.848 0.6999999881
124959  51.060  -50.465  5.833 0.3000000119
23255  39.298  -45.822  6.851 0.6999999881
20739  50.349  -49.591  5.311 0.4000000060
116397  39.133  -44.422  6.647 0.6999999881
21544  50.654  -49.315  5.378 0.4000000060
21545  50.076  -48.981  5.115 0.4000000060
25942  38.393  -43.295  6.977 0.6999999881
115980  50.577  -48.845  5.283 0.3000000119
22374  50.742  -48.340  5.637 0.3000000119
23277  51.231  -47.111  6.178 0.3000000119
23278  47.528  -46.648  6.257 0.3000000119
25941  39.333  -43.747  6.783 0.6999999881
22373  51.496  -47.347  5.143 0.3000000119
21542  50.931  -49.369  5.677 0.3000000119
20682  39.180  -49.728  13.879 0.5000000000
21472  38.716  -48.461  14.526 0.5000000000
20668  34.422  -49.510  14.807 0.4000000060
130768  33.924  -51.431  13.874 0.5000000000
112347  38.067  -47.015  14.395 0.5000000000
18114  33.718  -53.113  13.825 0.4000000060
17279  33.579  -53.725  13.704 0.4000000060
19852  34.073  -50.613  14.439 0.5000000000
121283  37.916  -46.065  14.047 0.4000000060
17278  33.884  -53.588  13.059 0.4000000060
19000  34.081  -51.905  13.208 0.4000000060
117531  34.228  -49.951  13.048 0.5000000000
119421  34.137  -50.862  13.341 0.4000000060
21486  34.463  -48.387  13.641 0.5000000000
22324  34.956  -46.970  13.098 0.4000000060
23196  35.711  -45.835  13.664 0.4000000060
135741  35.309  -46.454  13.619 0.4000000060
24143  36.406  -45.452  13.582 0.4000000060
16470  33.583  -54.350  13.054 0.4000000060
16506  34.799  -54.927  9.317 0.4000000060
19014  34.385  -51.508  12.472 0.4000000060
17309  35.243  -52.857  8.858 0.4000000060
118109  34.431  -49.990  12.071 0.5000000000
19880  34.361  -50.658  12.515 0.4000000060
131056  35.430  -52.503  9.090 0.4000000060
20695  34.327  -49.055  12.746 0.5000000000
19913  36.104  -51.289  8.244 0.4000000060
19041  35.495  -51.773  8.532 0.4000000060
126614  34.463  -48.252  12.873 0.5000000000
22325  34.659  -47.700  12.346 0.5000000000
20728  36.500  -50.720  7.877 0.4000000060
21533  36.237  -49.883  7.562 0.4000000060
112406  35.021  -46.807  12.191 0.6000000238
118915  35.392  -46.069  12.199 0.6000000238
16499  34.823  -54.930  9.903 0.4000000060
17303  35.085  -54.279  9.412 0.4000000060
17290  34.271  -53.317  12.353 0.4000000060
17302  35.274  -53.323  9.286 0.4000000060
19018  34.681  -51.068  11.570 0.4000000060
18142  35.354  -52.713  9.904 0.4000000060
20705  34.573  -49.196  11.674 0.5000000000
112073  35.849  -51.448  8.820 0.4000000060
19030  35.581  -51.823  8.715 0.4000000060
21496  34.490  -48.503  12.216 0.5000000000
22331  35.002  -47.468  11.305 0.5000000000
21541  37.013  -49.351  7.009 0.4000000060
23218  35.427  -46.559  11.196 0.6000000238
24166  35.806  -45.630  11.659 0.6000000238
124330  35.002  -54.224  10.407 0.4000000060
124917  34.718  -52.138  11.665 0.4000000060
117951  35.264  -53.557  10.058 0.4000000060
18136  34.997  -52.812  10.851 0.4000000060
19891  35.619  -51.034  9.696 0.4000000060
21504  34.773  -48.373  11.433 0.5000000000
19903  36.244  -50.934  8.628 0.4000000060
20719  36.716  -50.619  7.837 0.4000000060
20727  37.124  -49.931  7.305 0.4000000060
24165  36.491  -45.222  11.040 0.6000000238
24178  36.067  -46.016  10.596 0.6000000238
22339  36.003  -46.846  10.141 0.6000000238
16484  34.149  -54.130  12.201 0.4000000060
115550  34.627  -53.847  11.476 0.4000000060
120500  35.089  -51.949  10.728 0.4000000060
19022  35.475  -51.844  9.610 0.4000000060
20712  35.152  -49.232  10.686 0.5000000000
19892  34.935  -50.230  10.870 0.5000000000
20711  35.739  -50.152  9.739 0.5000000000
116914  35.871  -49.327  9.752 0.5000000000
20720  36.650  -50.059  8.662 0.5000000000
21503  35.528  -48.330  10.375 0.5000000000
21522  36.678  -48.998  9.098 0.5000000000
129895  37.187  -49.818  7.754 0.4000000060
116693  35.543  -47.355  10.538 0.6000000238
21532  37.587  -49.149  7.296 0.5000000000
21540  37.547  -49.004  6.939 0.4000000060
24177  36.853  -45.670  9.982 0.6000000238
23230  36.607  -46.436  9.779 0.6000000238
22350  36.260  -47.802  9.683 0.6000000238
134911  37.079  -49.569  8.355 0.5000000000
22349  37.308  -48.306  8.556 0.6000000238
128678  37.621  -46.565  8.771 0.6000000238
25094  37.308  -44.572  7.699 0.5000000000
25106  38.760  -45.382  6.689 0.6000000238
24200  37.509  -45.691  7.169 0.5000000000
24207  38.519  -46.577  6.706 0.6000000238
23270  38.081  -47.574  6.736 0.5000000000
22370  37.856  -48.301  6.769 0.5000000000
22338  36.912  -47.252  9.154 0.6000000238
22362  38.026  -48.589  7.464 0.5000000000
21521  37.518  -49.190  8.038 0.5000000000
23271  37.130  -47.643  6.763 0.5000000000
25093  38.031  -44.118  7.207 0.5000000000
128260  37.073  -43.786  7.998 0.5000000000
22361  38.302  -48.059  7.105 0.6000000238
22369  38.146  -48.071  6.897 0.5000000000
24199  39.109  -46.273  6.955 0.6000000238
23256  38.500  -47.134  6.992 0.6000000238
24131  36.791  -45.818  14.223 0.4000000060
23242  38.541  -47.214  7.233 0.6000000238
112938  38.919  -49.265  14.305 0.5000000000
21473  37.838  -48.408  14.815 0.5000000000
117550  38.166  -47.822  14.572 0.5000000000
20683  34.316  -49.227  13.796 0.5000000000
18113  33.989  -52.794  13.144 0.4000000060
18130  34.349  -52.460  12.439 0.4000000060
18154  35.074  -52.310  8.586 0.4000000060
115644  34.657  -53.020  11.659 0.4000000060
19023  35.179  -51.219  10.544 0.4000000060
16491  34.487  -54.743  11.090 0.4000000060
22348  38.123  -47.858  7.834 0.6000000238
17310  35.097  -53.682  8.916 0.3000000119
19914  35.715  -51.305  8.314 0.3000000119
17318  34.704  -52.924  8.741 0.3000000119
20729  35.456  -50.576  8.074 0.3000000119
19042  34.914  -51.759  8.451 0.3000000119
19915  34.396  -50.941  8.528 0.3000000119
15785  48.327  -56.398  6.695 0.5000000000
15797  48.829  -55.838  6.219 0.5000000000
16512  49.637  -54.732  6.696 0.5000000000
16518  49.265  -55.356  6.474 0.5000000000
16527  48.615  -55.197  5.846 0.5000000000
17332  49.153  -54.303  5.742 0.5000000000
18147  35.369  -52.224  8.727 0.4000000060
18173  49.502  -53.344  5.708 0.4000000060
19049  50.728  -51.758  6.239 0.3000000119
19051  50.741  -51.768  6.081 0.3000000119
19052  50.432  -51.754  5.742 0.4000000060
19867  34.181  -50.019  13.882 0.5000000000
19876  42.817  -50.277  12.607 0.6999999881
20740  49.317  -49.303  5.314 0.4000000060
21531  38.011  -48.505  7.002 0.5000000000
22314  34.661  -47.655  13.394 0.4000000060
23208  35.317  -46.213  12.973 0.5000000000
24217  47.828  -45.364  5.568 0.3000000119
24990  40.642  -44.158  17.207 0.8000000119
25001  40.515  -44.690  16.798 0.8000000119
25012  44.480  -44.241  15.539 0.8000000119
25019  45.377  -44.417  14.393 0.6999999881
25092  40.115  -44.516  7.455 0.6999999881
25103  46.690  -43.789  7.305 0.4000000060
25105  39.868  -44.617  6.580 0.6999999881
25113  46.816  -43.731  6.608 0.4000000060
25127  49.184  -43.257  4.563 0.3000000119
25876  45.488  -43.740  13.979 0.6999999881
25917  48.828  -43.048  9.996 0.3000000119
25940  40.054  -44.098  6.761 0.8000000119
25957  47.356  -42.115  5.842 0.4000000060
25959  51.094  -42.914  4.299 0.3000000119
25960  50.266  -42.747  4.364 0.3000000119
25962  49.081  -42.564  4.753 0.3000000119
26735  49.946  -42.608  11.656 0.3000000119
26767  48.240  -41.900  7.438 0.4000000060
26777  49.642  -42.254  4.945 0.3000000119
26778  48.919  -42.098  5.223 0.4000000060
26779  48.188  -41.740  5.520 0.4000000060
27513  41.363  -41.506  17.442 0.6999999881
27515  39.719  -41.968  17.379 0.8000000119
27528  43.477  -41.047  16.040 0.6000000238
27543  44.155  -41.459  14.870 0.6000000238
27571  38.574  -41.117  13.819 1.0000000000
27587  37.778  -41.389  11.120 1.0000000000
27603  47.874  -40.341  8.288 0.3000000119
27605  38.411  -42.213  8.170 0.8999999762
27620  47.954  -40.570  7.271 0.4000000060
27621  47.135  -40.832  7.586 0.4000000060
28359  38.894  -40.725  17.032 0.8000000119
28397  44.733  -40.499  14.070 0.5000000000
28407  37.719  -40.540  12.622 1.0000000000
28417  46.530  -40.187  9.952 0.4000000060
28436  47.117  -40.121  8.548 0.4000000060
28444  35.560  -39.596  6.790 0.8999999762
29184  39.331  -39.296  17.312 0.8000000119
29185  38.642  -39.326  16.867 0.8000000119
29198  42.837  -39.795  16.642 0.6000000238
29250  49.959  -40.319  11.318 0.3000000119
29252  36.339  -39.564  11.812 1.0000000000
29271  47.450  -39.944  8.707 0.3000000119
29990  41.481  -38.964  17.383 0.6999999881
29993  39.502  -38.642  17.289 0.8000000119
30010  37.790  -38.004  16.192 1.0000000000
30022  44.423  -38.214  15.706 0.6000000238
30076  49.423  -38.978  10.623 0.3000000119
30780  40.453  -37.895  17.200 0.8000000119
30793  42.978  -37.568  16.476 0.6999999881
30824  45.560  -37.257  14.774 0.5000000000
30825  37.127  -37.351  15.207 1.0000000000
30836  46.621  -37.333  13.608 0.5000000000
31680  41.611  -36.999  16.530 0.6999999881
31681  40.062  -36.345  16.334 0.6999999881
31683  38.320  -36.709  16.279 0.8000000119
31695  44.425  -36.515  15.517 0.6999999881
31696  43.611  -36.347  15.756 0.6999999881
31697  42.842  -36.363  15.944 0.6999999881
31701  37.728  -36.395  15.792 0.6999999881
31716  46.402  -36.196  14.149 0.5000000000
31747  47.930  -36.276  12.330 0.3000000119
31775  34.773  -36.873  9.939 1.0000000000
31776  34.286  -36.690  9.904 0.8999999762
31777  33.432  -36.610  10.097 0.8999999762
31783  41.037  -36.796  7.024 0.4000000060
31787  42.314  -37.661  6.177 0.4000000060
31795  42.042  -37.667  5.834 0.4000000060
31796  41.561  -37.420  6.147 0.4000000060
32634  38.681  -36.097  16.140 0.8000000119
32652  38.579  -35.484  15.783 0.6999999881
32665  45.911  -35.511  14.432 0.5000000000
32667  44.316  -35.086  14.960 0.6999999881
32673  36.589  -35.215  14.406 1.0000000000
32691  46.925  -35.289  13.603 0.4000000060
32710  35.566  -35.729  11.621 1.0000000000
32725  41.748  -35.366  10.342 0.5000000000
32754  40.599  -36.167  7.323 0.5000000000
32772  41.021  -36.861  6.165 0.4000000060
32780  43.560  -37.625  4.676 0.3000000119
33576  37.972  -34.942  15.403 0.8000000119
33590  40.632  -34.783  14.560 0.6999999881
33593  37.533  -34.474  14.845 1.0000000000
33650  35.393  -35.062  10.943 1.0000000000
33704  39.077  -35.341  5.298 0.5000000000
34516  45.833  -33.178  13.507 0.4000000060
34517  45.086  -33.046  13.582 0.6000000238
34518  44.369  -33.140  13.650 0.6999999881
34519  43.613  -33.307  13.622 0.6999999881
34523  38.401  -33.158  13.997 0.8000000119
34578  44.012  -33.470  9.952 0.6000000238
34580  42.824  -33.920  10.901 0.5000000000
34582  35.131  -33.198  10.643 1.0000000000
34584  33.924  -33.406  10.404 0.8999999762
34585  33.050  -33.700  10.516 0.8000000119
34586  31.399  -33.973  10.444 0.6999999881
34616  42.125  -33.442  7.798 0.4000000060
34650  39.451  -34.638  4.284 0.5000000000
34651  38.922  -34.815  4.324 0.5000000000
35476  46.582  -32.351  12.675 0.4000000060
35477  45.850  -32.129  12.635 0.5000000000
35478  45.035  -32.173  12.606 0.6000000238
35479  44.086  -32.477  12.544 0.6000000238
35482  38.498  -31.941  13.051 1.0000000000
35485  35.993  -32.875  12.162 1.0000000000
35506  39.844  -32.023  12.128 0.8000000119
35508  35.717  -32.453  11.493 1.0000000000
35529  35.260  -32.437  10.812 1.0000000000
35539  46.116  -31.938  9.454 0.4000000060
35561  39.260  -32.799  7.490 0.6000000238
35562  31.909  -32.001  8.915 0.6999999881
35604  40.124  -33.738  3.935 0.4000000060
35605  38.941  -34.365  4.304 0.4000000060
36342  38.275  -31.400  12.505 1.0000000000
36355  45.498  -31.727  11.464 0.6000000238
36357  39.491  -31.346  11.747 0.8999999762
36358  37.317  -30.961  11.889 1.0000000000
36398  46.553  -31.386  9.892 0.4000000060
36421  41.608  -31.421  8.270 0.3000000119
36471  40.801  -32.578  3.457 0.4000000060
37202  36.836  -30.608  11.361 1.0000000000
37246  34.475  -30.462  9.296 0.8999999762
37262  34.087  -30.277  8.488 0.8999999762
37278  32.464  -31.228  6.623 0.6000000238
37313  40.591  -31.921  3.409 0.4000000060
37314  34.417  -30.549  4.493 0.8000000119
38139  35.762  -29.900  10.017 1.0000000000
38157  37.276  -29.028  9.830 1.0000000000
38159  35.257  -29.784  9.365 1.0000000000
38216  32.052  -30.344  5.684 0.6000000238
38220  41.737  -29.684  2.434 0.4000000060
38221  40.778  -28.898  2.234 0.5000000000
38223  37.276  -29.126  2.258 0.6000000238
38234  37.344  -28.590  2.017 0.6000000238
38235  36.816  -28.705  2.215 0.6000000238
38236  36.099  -29.039  2.685 0.6000000238
39097  37.898  -28.942  9.349 0.8999999762
39117  36.384  -28.544  8.217 0.8999999762
39172  37.023  -29.521  3.124 0.6000000238
39182  41.367  -29.036  2.331 0.3000000119
40142  36.086  -27.380  5.915 0.3000000119
40148  41.357  -27.554  5.106 0.4000000060
40166  35.723  -27.921  3.136 0.4000000060
40170  31.143  -26.950  4.655 0.4000000060
40177  41.204  -28.387  2.876 0.3000000119
41087  40.126  -26.042  8.107 0.3000000119
41116  40.208  -26.747  6.166 0.3000000119
41125  40.859  -26.852  5.679 0.3000000119
42117  40.261  -25.132  9.292 0.3000000119
42118  39.846  -25.157  8.763 0.3000000119
42139  37.395  -25.415  7.801 0.3000000119
44989  35.074  -22.362  3.043 0.3000000119
46041  37.132  -21.674  5.120 0.3000000119
47204  36.665  -20.770  1.474 0.3000000119
111733  40.762  -28.383  2.495 0.3000000119
111737  40.322  -27.921  2.487 0.3000000119
111792  38.384  -28.534  1.736 0.6000000238
111812  38.012  -27.803  2.251 0.6000000238
112245  43.200  -36.842  6.868 0.4000000060
112279  39.403  -13.866  4.184 0.3000000119
112614  37.939  -19.870  6.642 0.4000000060
114066  44.390  -37.493  4.655 0.3000000119
115362  38.399  -29.063  8.876 0.8999999762
115445  39.198  -30.967  7.421 0.6999999881
115540  40.236  -33.196  9.459 0.5000000000
115802  41.267  -31.366  2.654 0.4000000060
115843  33.178  -38.183  8.495 0.8000000119
115914  38.452  -20.068  8.367 0.4000000060
115943  35.780  -27.815  3.499 0.4000000060
116282  34.773  -54.472  9.038 0.4000000060
116567  40.123  -35.960  5.965 0.5000000000
116771  51.436  -43.342  4.136 0.3000000119
117387  37.895  -29.328  10.135 0.8999999762
118382  40.006  -44.474  8.644 0.6999999881
118801  45.756  -32.535  9.017 0.3000000119
119089  49.592  -43.478  10.300 0.3000000119
119231  37.440  -20.199  2.206 0.3000000119
120058  46.363  -44.589  11.787 0.6999999881
121785  46.682  -38.627  12.433 0.4000000060
121968  40.506  -39.953  17.580 0.8000000119
122473  33.813  -30.940  5.310 0.6999999881
122493  39.675  -30.870  10.174 0.8999999762
122705  39.085  -19.536  9.405 0.3000000119
123134  37.161  -20.358  1.484 0.3000000119
123209  38.034  -40.118  15.874 0.8999999762
123247  46.468  -40.094  10.761 0.4000000060
123249  37.459  -38.614  15.216 1.0000000000
123734  50.700  -50.296  5.494 0.3000000119
124328  38.223  -19.176  4.732 0.3000000119
124353  42.142  -43.673  17.358 0.8000000119
124434  39.566  -45.153  6.578 0.6999999881
124826  41.438  -30.173  2.365 0.5000000000
125083  41.301  -42.337  17.435 0.6999999881
125581  34.598  -34.025  10.475 1.0000000000
126051  45.374  -35.866  14.857 0.6000000238
126481  32.785  -38.722  8.310 0.6000000238
127907  41.521  -37.224  6.897 0.4000000060
129064  37.664  -20.375  4.606 0.3000000119
129287  37.217  -20.083  1.014 0.3000000119
131252  36.434  -32.977  12.937 1.0000000000
131944  36.555  -30.424  10.955 1.0000000000
132276  34.920  -53.508  10.918 0.4000000060
133328  45.243  -34.127  14.267 0.6000000238
134201  39.637  -30.875  9.559 0.6999999881
134755  45.056  -31.966  11.284 0.5000000000
135192  37.965  -22.275  8.572 0.3000000119
135878  36.640  -21.103  1.910 0.3000000119
136070  47.743  -48.669  6.240 0.5000000000
136154  37.060  -21.873  6.483 0.3000000119
