#!ascii label  , from subject sub-v1s22x0050493_ses-1 vox2ras=TkReg
374
15957  46.114  -66.961  7.242 0.0000000000
132940  33.449  -73.400  8.291 0.0000000000
11814  42.792  -71.823  9.798 0.0000000000
144099  40.182  -69.776  8.080 0.0000000000
7532  38.377  -77.681  7.444 0.0000000000
9609  40.576  -75.304  8.052 0.0000000000
130973  39.333  -79.136  10.577 0.0000000000
141316  37.143  -71.115  8.472 0.0000000000
16815  37.206  -65.384  9.429 0.0000000000
12613  46.528  -69.191  8.249 0.0000000000
139449  43.658  -72.553  7.274 0.0000000000
10355  39.661  -73.785  7.099 0.0000000000
8203  36.088  -76.214  8.201 0.0000000000
5655  34.542  -80.313  8.357 0.0000000000
15091  42.986  -67.432  10.064 0.0000000000
137895  47.146  -67.886  11.739 0.0000000000
140262  44.869  -70.547  12.912 0.0000000000
134922  39.813  -64.723  7.583 0.0000000000
148170  40.636  -77.621  10.877 0.0000000000
11059  35.033  -72.360  8.418 0.0000000000
13441  35.922  -69.061  9.221 0.0000000000
12604  45.292  -70.590  9.464 0.0000000000
11823  44.272  -72.145  8.187 0.0000000000
8214  39.748  -75.986  7.366 0.0000000000
9640  41.319  -74.606  6.832 0.0000000000
8890  39.006  -75.928  7.100 0.0000000000
9629  37.462  -74.956  7.541 0.0000000000
7533  37.048  -77.375  7.773 0.0000000000
130580  33.221  -79.000  8.705 0.0000000000
14221  46.655  -68.283  13.662 0.0000000000
13414  46.691  -68.986  12.566 0.0000000000
12543  45.516  -70.124  14.394 0.0000000000
127258  41.916  -69.275  7.387 0.0000000000
15119  39.870  -67.078  7.860 0.0000000000
149187  36.443  -63.145  9.641 0.0000000000
19299  37.508  -62.497  9.459 0.0000000000
10306  42.053  -73.531  11.204 0.0000000000
10329  41.934  -73.528  8.622 0.0000000000
9596  40.884  -74.828  9.719 0.0000000000
7519  39.930  -77.079  9.322 0.0000000000
6883  39.188  -78.281  8.091 0.0000000000
12616  38.500  -70.554  8.448 0.0000000000
128720  38.611  -67.785  8.760 0.0000000000
14266  37.777  -69.047  8.996 0.0000000000
15947  36.265  -66.161  9.547 0.0000000000
10360  32.364  -73.370  7.292 0.0000000000
14263  46.544  -67.943  7.516 0.0000000000
13485  43.866  -69.769  6.989 0.0000000000
12633  41.550  -70.755  7.315 0.0000000000
10353  42.911  -74.243  6.995 0.0000000000
11085  42.425  -72.958  6.512 0.0000000000
126043  40.336  -72.057  7.414 0.0000000000
11847  38.684  -72.189  7.956 0.0000000000
10358  36.772  -73.593  7.867 0.0000000000
9612  34.507  -74.618  8.377 0.0000000000
6870  36.613  -78.672  7.940 0.0000000000
7522  35.454  -77.677  8.314 0.0000000000
141700  33.800  -77.168  8.526 0.0000000000
8879  32.275  -75.197  8.341 0.0000000000
15960  43.188  -65.919  8.468 0.0000000000
15943  43.739  -66.990  8.971 0.0000000000
15075  44.589  -68.158  10.798 0.0000000000
15088  46.106  -67.869  9.039 0.0000000000
125865  46.610  -68.486  9.816 0.0000000000
12581  45.638  -69.672  11.093 0.0000000000
12594  44.017  -70.656  11.303 0.0000000000
11777  44.328  -71.991  13.430 0.0000000000
11023  43.397  -72.817  12.458 0.0000000000
138210  38.744  -64.755  8.548 0.0000000000
15958  45.297  -66.260  7.261 0.0000000000
16839  44.833  -65.642  6.335 0.0000000000
15974  45.629  -66.496  6.394 0.0000000000
10344  34.196  -73.226  8.416 0.0000000000
12620  34.739  -70.939  8.202 0.0000000000
11800  44.429  -70.902  9.931 0.0000000000
11812  44.827  -71.321  8.777 0.0000000000
11813  44.022  -71.673  9.167 0.0000000000
7531  39.052  -77.642  7.625 0.0000000000
8215  39.560  -75.997  7.235 0.0000000000
8216  38.830  -77.000  7.350 0.0000000000
8217  37.849  -76.881  7.403 0.0000000000
142221  37.696  -77.694  7.520 0.0000000000
5657  32.642  -80.294  8.446 0.0000000000
13404  46.366  -68.851  14.150 0.0000000000
13471  41.159  -69.739  7.632 0.0000000000
127460  40.854  -68.163  7.706 0.0000000000
14282  40.022  -68.067  8.142 0.0000000000
127761  36.524  -60.987  9.835 0.0000000000
9589  41.514  -74.597  10.580 0.0000000000
8860  41.626  -75.670  10.767 0.0000000000
7509  40.251  -77.998  10.650 0.0000000000
128961  40.409  -77.430  10.327 0.0000000000
7513  39.893  -77.777  9.640 0.0000000000
6868  39.526  -78.088  8.803 0.0000000000
6252  39.150  -79.273  9.650 0.0000000000
149930  37.975  -71.031  8.470 0.0000000000
13453  38.199  -69.794  8.648 0.0000000000
13454  37.292  -69.743  8.854 0.0000000000
14252  36.280  -67.839  9.524 0.0000000000
15964  35.398  -66.502  9.315 0.0000000000
17653  35.483  -64.779  9.494 0.0000000000
145536  46.612  -68.379  7.998 0.0000000000
13482  46.504  -68.421  6.983 0.0000000000
12629  46.317  -69.411  7.793 0.0000000000
12645  43.124  -70.400  7.203 0.0000000000
11843  42.532  -71.071  7.055 0.0000000000
9607  41.720  -74.381  7.879 0.0000000000
10341  42.779  -74.186  7.408 0.0000000000
9624  42.284  -74.631  7.041 0.0000000000
10372  40.394  -74.678  6.820 0.0000000000
11086  41.755  -73.773  6.582 0.0000000000
11071  40.666  -73.041  7.102 0.0000000000
11070  41.342  -72.504  6.848 0.0000000000
11072  39.643  -72.708  7.472 0.0000000000
131552  39.450  -71.708  7.904 0.0000000000
11073  38.664  -73.109  7.541 0.0000000000
8892  36.826  -75.698  7.689 0.0000000000
131862  37.129  -74.175  7.693 0.0000000000
9610  36.474  -74.684  7.875 0.0000000000
9611  35.502  -74.593  8.201 0.0000000000
137478  35.105  -75.205  8.361 0.0000000000
4186  35.270  -83.065  6.480 0.0000000000
5671  35.176  -80.948  7.808 0.0000000000
5071  36.010  -81.510  7.159 0.0000000000
5670  36.003  -80.734  7.560 0.0000000000
6263  35.876  -79.274  8.114 0.0000000000
6871  35.886  -78.411  8.217 0.0000000000
6264  34.856  -79.472  8.452 0.0000000000
134125  32.660  -78.196  8.600 0.0000000000
135513  33.558  -78.102  8.616 0.0000000000
7523  32.997  -77.542  8.604 0.0000000000
8206  33.529  -76.174  8.568 0.0000000000
128208  31.839  -76.528  8.456 0.0000000000
16813  42.356  -65.452  8.831 0.0000000000
15944  42.501  -66.490  9.498 0.0000000000
142624  46.126  -67.680  12.008 0.0000000000
15059  45.066  -67.785  11.800 0.0000000000
138309  46.308  -67.772  11.107 0.0000000000
130170  45.451  -67.983  9.962 0.0000000000
15074  46.556  -67.951  10.324 0.0000000000
15073  46.473  -68.073  9.963 0.0000000000
14234  47.123  -67.886  11.514 0.0000000000
12569  45.662  -69.670  12.255 0.0000000000
13423  46.662  -68.954  11.503 0.0000000000
12582  44.767  -70.243  11.808 0.0000000000
11003  42.349  -73.024  13.415 0.0000000000
10284  43.502  -73.500  13.078 0.0000000000
11778  43.972  -72.214  12.903 0.0000000000
15963  37.918  -66.661  9.058 0.0000000000
15962  38.515  -66.277  8.499 0.0000000000
17672  38.005  -64.842  9.129 0.0000000000
19311  38.464  -62.475  9.022 0.0000000000
11058  36.058  -72.363  8.209 0.0000000000
12618  36.797  -70.354  8.691 0.0000000000
12603  45.953  -69.924  9.249 0.0000000000
12614  45.933  -69.971  8.173 0.0000000000
11811  45.475  -70.608  8.573 0.0000000000
11054  44.054  -72.324  7.751 0.0000000000
8875  40.081  -75.846  7.785 0.0000000000
9626  40.746  -75.181  7.199 0.0000000000
8888  40.241  -75.501  7.159 0.0000000000
9642  40.110  -75.198  6.864 0.0000000000
9627  39.519  -74.725  6.922 0.0000000000
10356  38.643  -74.041  7.234 0.0000000000
9628  38.586  -75.032  7.178 0.0000000000
146465  37.357  -76.249  7.520 0.0000000000
6265  33.952  -79.640  8.677 0.0000000000
132793  33.230  -79.775  8.651 0.0000000000
6266  32.655  -79.533  8.608 0.0000000000
15042  47.004  -67.838  12.362 0.0000000000
14227  47.255  -67.988  12.106 0.0000000000
13413  47.030  -68.416  12.642 0.0000000000
148629  46.583  -68.998  13.281 0.0000000000
12556  45.608  -69.897  13.512 0.0000000000
15976  40.524  -66.538  7.410 0.0000000000
16842  39.782  -65.497  7.567 0.0000000000
17651  36.949  -64.529  9.527 0.0000000000
18432  37.598  -63.896  9.283 0.0000000000
131916  37.136  -63.145  9.512 0.0000000000
148347  36.943  -60.443  10.072 0.0000000000
11036  41.991  -72.281  10.311 0.0000000000
11046  42.354  -72.674  9.202 0.0000000000
11047  41.678  -73.000  9.749 0.0000000000
10330  41.201  -73.889  9.320 0.0000000000
9597  40.564  -75.210  9.082 0.0000000000
8198  40.556  -76.635  10.010 0.0000000000
8868  40.254  -75.796  8.999 0.0000000000
8202  39.664  -76.776  8.109 0.0000000000
7520  39.406  -77.541  8.066 0.0000000000
12615  39.890  -70.447  8.100 0.0000000000
13451  39.648  -69.030  8.362 0.0000000000
134382  38.705  -69.084  8.663 0.0000000000
14265  38.245  -68.341  8.969 0.0000000000
125587  37.343  -67.034  9.430 0.0000000000
13440  36.839  -69.075  9.200 0.0000000000
15092  36.846  -67.416  9.543 0.0000000000
147519  36.717  -65.743  9.513 0.0000000000
130186  36.032  -64.236  9.803 0.0000000000
144951  35.767  -63.248  9.570 0.0000000000
10345  32.766  -73.273  7.823 0.0000000000
15956  46.395  -67.417  7.319 0.0000000000
15973  46.259  -67.168  6.807 0.0000000000
15115  46.345  -67.482  6.599 0.0000000000
13470  42.172  -70.087  7.326 0.0000000000
11084  43.222  -73.255  6.834 0.0000000000
10371  42.237  -74.475  6.844 0.0000000000
10370  42.765  -73.899  6.697 0.0000000000
11844  41.974  -71.788  6.744 0.0000000000
11845  40.959  -71.435  7.282 0.0000000000
12634  40.617  -70.540  7.714 0.0000000000
11824  39.301  -70.849  8.198 0.0000000000
11825  38.634  -71.334  8.257 0.0000000000
11826  37.881  -71.705  8.257 0.0000000000
10357  37.682  -73.498  7.649 0.0000000000
11075  36.933  -72.862  7.974 0.0000000000
129710  36.257  -73.139  7.988 0.0000000000
10343  34.963  -73.758  8.325 0.0000000000
136871  34.135  -73.878  8.409 0.0000000000
6869  38.802  -79.020  8.091 0.0000000000
4606  35.598  -82.540  6.880 0.0000000000
6276  37.591  -79.645  7.758 0.0000000000
131608  37.430  -78.899  7.706 0.0000000000
6886  37.201  -78.146  7.748 0.0000000000
7521  36.233  -77.073  8.146 0.0000000000
8204  35.381  -76.750  8.371 0.0000000000
137768  34.203  -78.786  8.652 0.0000000000
6873  34.472  -77.909  8.475 0.0000000000
8205  34.509  -76.450  8.514 0.0000000000
8878  34.308  -75.505  8.475 0.0000000000
147833  33.232  -75.225  8.456 0.0000000000
9614  32.634  -74.531  8.256 0.0000000000
9615  32.056  -74.705  8.104 0.0000000000
17686  42.647  -63.632  7.879 0.0000000000
17648  42.384  -64.499  8.344 0.0000000000
16826  42.891  -65.121  8.071 0.0000000000
16825  43.724  -65.265  7.506 0.0000000000
15959  44.261  -66.064  7.908 0.0000000000
15942  44.834  -66.681  8.292 0.0000000000
15045  44.263  -67.326  12.439 0.0000000000
15076  43.371  -67.923  10.750 0.0000000000
15090  44.068  -67.958  9.881 0.0000000000
15089  44.968  -67.514  9.003 0.0000000000
15101  46.301  -67.437  8.003 0.0000000000
15087  46.395  -67.914  8.590 0.0000000000
133801  46.533  -68.018  8.218 0.0000000000
12602  46.539  -69.249  9.102 0.0000000000
13429  46.931  -68.320  10.960 0.0000000000
13430  46.464  -69.217  10.190 0.0000000000
12592  45.681  -69.966  10.099 0.0000000000
11801  43.361  -71.111  10.581 0.0000000000
12583  44.236  -71.162  12.582 0.0000000000
11790  43.385  -71.423  11.975 0.0000000000
11791  42.567  -71.768  11.204 0.0000000000
15103  39.209  -67.527  8.348 0.0000000000
127638  39.135  -65.902  7.998 0.0000000000
17670  39.229  -64.325  8.164 0.0000000000
17671  38.507  -64.062  8.755 0.0000000000
18447  39.104  -63.427  8.343 0.0000000000
4607  35.046  -82.459  6.739 0.0000000000
5062  32.280  -80.974  8.059 0.0000000000
5092  35.614  -82.104  6.935 0.0000000000
5654  35.486  -80.168  8.085 0.0000000000
5656  33.612  -80.388  8.479 0.0000000000
5658  31.674  -80.473  8.146 0.0000000000
6261  39.219  -78.794  8.794 0.0000000000
6275  38.217  -79.830  8.108 0.0000000000
6277  36.860  -79.467  7.759 0.0000000000
6852  39.826  -78.576  10.920 0.0000000000
6860  39.601  -78.510  9.875 0.0000000000
6872  35.123  -78.583  8.424 0.0000000000
6874  32.256  -78.915  8.561 0.0000000000
6885  37.960  -78.345  7.517 0.0000000000
8191  41.048  -77.233  11.081 0.0000000000
8201  39.945  -76.392  8.867 0.0000000000
8207  32.548  -75.926  8.521 0.0000000000
8218  36.881  -76.579  7.740 0.0000000000
8225  40.053  -75.566  7.057 0.0000000000
8867  40.880  -75.796  9.973 0.0000000000
8876  35.878  -75.379  8.173 0.0000000000
8877  35.245  -75.912  8.453 0.0000000000
8889  39.564  -75.463  6.976 0.0000000000
8891  37.961  -75.877  7.386 0.0000000000
9608  40.884  -74.713  8.573 0.0000000000
9613  33.518  -74.344  8.375 0.0000000000
9625  41.552  -74.871  6.952 0.0000000000
9630  32.305  -74.062  7.806 0.0000000000
9641  40.672  -75.131  6.972 0.0000000000
10319  41.558  -73.552  10.426 0.0000000000
10342  36.019  -73.855  8.060 0.0000000000
10354  40.707  -73.938  6.847 0.0000000000
11008  43.850  -72.840  13.131 0.0000000000
11025  41.770  -72.920  10.596 0.0000000000
11057  37.021  -72.019  8.240 0.0000000000
11060  34.159  -72.498  8.292 0.0000000000
11069  43.548  -73.289  7.285 0.0000000000
11074  37.807  -72.564  7.950 0.0000000000
11827  36.252  -71.468  8.411 0.0000000000
11828  35.324  -71.602  8.416 0.0000000000
11846  40.090  -71.161  7.806 0.0000000000
11857  43.043  -72.118  6.744 0.0000000000
12593  44.950  -70.341  10.613 0.0000000000
12617  37.660  -70.426  8.602 0.0000000000
13405  46.198  -69.335  13.990 0.0000000000
13422  47.170  -68.297  11.929 0.0000000000
13450  46.549  -68.582  7.549 0.0000000000
13452  39.211  -69.932  8.382 0.0000000000
13455  36.378  -69.719  8.950 0.0000000000
13467  46.277  -69.214  7.296 0.0000000000
14242  46.774  -68.017  10.570 0.0000000000
14250  46.423  -68.140  9.317 0.0000000000
14251  37.238  -68.191  9.367 0.0000000000
14264  39.086  -68.323  8.565 0.0000000000
14278  46.551  -68.060  7.140 0.0000000000
14279  42.216  -68.507  7.177 0.0000000000
14280  41.360  -68.723  7.532 0.0000000000
14281  40.521  -68.933  7.913 0.0000000000
15032  46.705  -67.861  13.289 0.0000000000
15043  46.274  -67.608  12.520 0.0000000000
15057  46.946  -67.854  11.103 0.0000000000
15058  46.916  -67.756  11.759 0.0000000000
15093  36.148  -67.053  9.627 0.0000000000
15100  46.470  -67.709  7.674 0.0000000000
15102  45.742  -67.069  8.094 0.0000000000
15104  38.538  -67.087  8.625 0.0000000000
15105  37.928  -67.532  9.156 0.0000000000
15114  46.494  -67.646  7.139 0.0000000000
15118  40.738  -67.361  7.632 0.0000000000
15132  46.554  -67.853  6.933 0.0000000000
15946  37.176  -66.220  9.426 0.0000000000
15961  39.133  -66.697  8.103 0.0000000000
15975  41.389  -66.727  7.073 0.0000000000
15977  39.767  -66.260  7.645 0.0000000000
15985  45.958  -66.972  6.186 0.0000000000
16816  35.507  -65.603  9.423 0.0000000000
16827  39.247  -65.111  8.069 0.0000000000
16828  38.609  -65.463  8.539 0.0000000000
16829  37.905  -65.809  9.012 0.0000000000
17652  36.276  -65.204  9.576 0.0000000000
17688  39.789  -63.910  7.647 0.0000000000
18433  36.627  -63.680  9.645 0.0000000000
18434  35.370  -64.042  9.449 0.0000000000
19300  36.407  -62.535  9.646 0.0000000000
19301  35.724  -62.349  9.381 0.0000000000
20232  36.915  -61.749  9.752 0.0000000000
125574  46.586  -68.528  8.757 0.0000000000
125845  39.358  -76.737  7.509 0.0000000000
125974  35.517  -73.077  8.215 0.0000000000
128963  37.518  -60.974  9.822 0.0000000000
129317  38.630  -76.434  7.273 0.0000000000
129957  47.022  -68.156  12.814 0.0000000000
130865  37.888  -74.311  7.432 0.0000000000
132065  38.200  -63.207  9.029 0.0000000000
134779  40.391  -65.828  7.184 0.0000000000
135091  41.343  -74.852  7.323 0.0000000000
136068  34.775  -72.983  8.404 0.0000000000
136284  32.790  -76.789  8.553 0.0000000000
136517  36.420  -77.882  8.090 0.0000000000
137479  34.721  -77.190  8.430 0.0000000000
138718  46.109  -69.826  8.622 0.0000000000
140311  46.689  -68.640  13.405 0.0000000000
141506  32.845  -73.869  8.169 0.0000000000
142356  36.751  -66.779  9.563 0.0000000000
143868  43.266  -73.864  6.995 0.0000000000
144918  39.190  -76.403  7.264 0.0000000000
145127  36.393  -68.515  9.372 0.0000000000
146262  46.508  -67.876  13.989 0.0000000000
146738  33.906  -74.929  8.402 0.0000000000
147246  37.344  -67.546  9.405 0.0000000000
147612  38.771  -62.909  8.667 0.0000000000
147871  40.162  -73.328  7.161 0.0000000000
148534  36.598  -74.081  7.880 0.0000000000
149092  36.343  -70.822  8.564 0.0000000000
149334  33.743  -72.888  8.311 0.0000000000
149534  39.641  -77.480  8.763 0.0000000000
