#!ascii label  , from subject sub-v1s22x0050485_ses-1 vox2ras=TkReg
1563
2437  28.327  -85.174  9.134 0.5000000000
9660  22.562  -72.421  2.002 0.6000000238
10358  22.366  -71.917  2.546 0.6000000238
9646  21.605  -72.774  2.865 0.6000000238
10341  21.964  -72.004  3.194 0.6999999881
9638  21.543  -72.748  3.959 0.6000000238
11100  22.659  -70.553  4.633 0.6999999881
10329  21.906  -72.037  4.478 0.6000000238
5779  24.627  -77.826  10.099 0.5000000000
156103  27.887  -79.323  11.346 0.6000000238
5747  27.118  -78.405  12.028 0.6000000238
5778  25.185  -78.570  10.950 0.5000000000
5248  28.681  -79.893  10.009 0.5000000000
5239  28.361  -79.422  10.896 0.4000000060
5230  26.614  -79.379  11.473 0.5000000000
5231  25.912  -78.992  11.538 0.6000000238
7614  21.769  -75.406  5.460 0.5000000000
131228  30.494  -82.461  7.652 0.4000000060
7613  22.362  -75.195  4.734 0.5000000000
141035  20.718  -76.601  5.727 0.5000000000
151645  22.395  -75.607  3.901 0.6000000238
8359  23.440  -74.609  1.973 0.6000000238
10356  23.344  -71.762  2.314 0.6000000238
136864  23.456  -70.895  2.547 0.6999999881
9671  22.650  -73.138  1.482 0.6000000238
11120  22.925  -70.428  3.064 0.6999999881
12820  23.998  -69.196  3.403 0.6000000238
11968  23.548  -69.486  3.201 0.6999999881
12807  25.052  -68.630  3.932 0.6000000238
11950  24.330  -69.207  4.173 0.6000000238
132674  23.202  -69.876  4.762 0.6999999881
11933  25.102  -69.300  5.632 0.6999999881
144634  21.475  -72.694  4.986 0.6000000238
6894  24.796  -76.480  9.794 0.5000000000
6285  25.477  -77.369  11.289 0.6000000238
6286  24.960  -77.198  10.547 0.5000000000
6284  28.676  -78.601  10.990 0.6000000238
130380  28.450  -77.761  11.502 0.6999999881
5763  26.283  -78.208  12.024 0.6000000238
4634  28.995  -80.237  9.057 0.4000000060
8339  23.572  -74.706  4.579 0.5000000000
8326  22.388  -74.841  5.559 0.5000000000
2921  29.896  -83.835  8.884 0.5000000000
7633  22.955  -75.112  3.938 0.5000000000
9001  24.827  -73.899  2.460 0.6999999881
7649  24.032  -74.718  2.877 0.6000000238
9658  25.183  -73.009  2.452 0.6999999881
130283  24.012  -73.227  2.158 0.6000000238
7666  24.009  -74.519  2.580 0.6000000238
10355  24.145  -72.310  2.269 0.6999999881
9670  23.232  -73.304  1.576 0.6000000238
137566  24.201  -71.238  2.388 0.6999999881
12835  24.698  -68.893  2.874 0.6000000238
143594  24.158  -69.726  2.588 0.6000000238
12819  25.449  -68.293  3.242 0.6000000238
11988  23.680  -69.605  2.811 0.6000000238
144461  26.348  -68.299  4.273 0.6000000238
12792  26.517  -68.577  5.240 0.6999999881
10303  22.341  -70.765  6.801 0.6999999881
9629  21.170  -72.923  5.786 0.5000000000
133010  23.828  -69.465  5.736 0.6999999881
148396  22.869  -70.141  5.498 0.6999999881
10318  21.832  -72.065  5.595 0.6000000238
7522  26.575  -75.839  11.000 0.5000000000
153282  26.032  -76.355  10.797 0.5000000000
6893  25.482  -76.262  10.075 0.5000000000
6866  28.171  -76.171  11.897 0.6999999881
6869  25.968  -76.815  11.495 0.6000000238
6305  29.451  -78.245  9.694 0.5000000000
6283  29.136  -77.924  10.555 0.6999999881
133316  28.472  -76.855  11.642 0.6999999881
6265  27.832  -77.091  12.048 0.6000000238
6868  26.701  -76.627  11.973 0.6000000238
5256  29.361  -79.596  8.487 0.4000000060
150389  29.130  -79.504  9.354 0.4000000060
149352  29.053  -78.958  10.129 0.5000000000
8324  24.381  -74.614  5.353 0.5000000000
135774  25.985  -75.427  3.704 0.5000000000
7631  25.518  -75.406  4.458 0.5000000000
7632  24.916  -74.994  3.528 0.5000000000
148773  26.292  -73.214  2.634 0.6000000238
7648  25.122  -74.766  3.138 0.5000000000
10354  26.071  -72.257  2.505 0.6999999881
11130  26.789  -70.374  2.400 0.6000000238
138651  26.371  -71.295  2.473 0.6999999881
138727  25.299  -71.245  2.396 0.6999999881
12832  27.267  -68.537  2.436 0.6000000238
141998  25.815  -69.570  2.474 0.6000000238
11131  25.611  -70.375  2.439 0.6999999881
13682  28.403  -67.108  3.049 0.6999999881
156862  26.554  -68.357  2.572 0.6000000238
11986  25.482  -68.827  2.660 0.6000000238
14570  28.760  -66.952  4.396 0.6000000238
13667  28.227  -67.190  3.760 0.6999999881
12818  26.108  -67.963  3.294 0.6999999881
13657  29.304  -66.854  5.875 0.6000000238
13658  28.689  -67.180  5.398 0.6000000238
12806  27.036  -68.115  4.690 0.6999999881
9608  21.357  -72.338  7.150 0.6000000238
12791  27.206  -68.222  5.585 0.6999999881
11088  22.782  -70.127  6.330 0.6999999881
155032  21.445  -72.474  6.382 0.6000000238
156404  28.967  -67.361  7.260 0.6999999881
139237  27.944  -67.707  5.788 0.6000000238
12777  26.700  -68.632  6.169 0.8000000119
11921  25.987  -69.011  5.836 0.6999999881
132349  24.753  -69.439  6.537 0.6999999881
11923  23.773  -69.457  6.552 0.6999999881
136691  26.226  -75.786  10.028 0.6000000238
6865  28.949  -76.237  11.458 0.6999999881
7505  28.039  -75.283  11.740 0.6999999881
149446  26.879  -75.982  11.625 0.6000000238
151711  29.654  -77.386  9.900 0.5000000000
6878  29.456  -76.516  10.660 0.6999999881
5803  29.597  -78.860  8.089 0.4000000060
5791  29.430  -78.862  9.099 0.5000000000
8323  25.498  -75.148  5.732 0.5000000000
8289  25.045  -74.754  7.516 0.5000000000
7612  26.413  -75.730  5.130 0.5000000000
8348  27.051  -75.205  3.581 0.6000000238
9656  27.819  -72.768  3.055 0.6000000238
131823  26.867  -73.801  2.913 0.6999999881
8357  25.585  -74.509  2.948 0.6999999881
10352  27.951  -71.978  2.752 0.6999999881
9657  27.178  -72.852  2.786 0.6999999881
143793  28.380  -69.476  2.385 0.6000000238
11129  28.184  -71.066  2.505 0.6000000238
144032  27.340  -71.398  2.501 0.6999999881
14600  29.605  -66.898  2.731 0.6999999881
13699  28.374  -67.465  2.678 0.6999999881
12831  28.227  -68.295  2.391 0.6999999881
10275  21.084  -71.772  8.929 0.6000000238
140449  29.958  -66.462  3.493 0.6000000238
14586  29.432  -66.615  3.140 0.6999999881
13700  27.421  -67.830  2.643 0.6999999881
14529  30.887  -66.224  7.147 0.6000000238
14543  30.166  -66.402  6.078 0.6000000238
14552  30.597  -66.250  4.985 0.6000000238
14569  29.483  -66.633  4.064 0.6000000238
14587  28.845  -66.810  3.411 0.6999999881
11082  21.880  -71.254  8.296 0.6000000238
14531  30.112  -66.586  7.330 0.6000000238
157373  29.649  -66.629  5.506 0.6000000238
11892  25.107  -69.598  8.200 0.6999999881
11911  22.793  -69.800  7.812 0.6000000238
146594  22.681  -70.119  7.093 0.6999999881
10291  21.911  -71.502  7.426 0.6000000238
14530  30.676  -66.251  7.990 0.5000000000
13634  29.503  -67.084  7.700 0.6000000238
138227  28.868  -67.512  8.019 0.8000000119
12762  27.620  -68.238  7.396 0.8000000119
12747  27.017  -68.728  7.968 0.8000000119
11908  25.523  -69.367  7.282 0.8000000119
11909  24.434  -69.485  7.390 0.6999999881
11924  23.134  -69.750  6.885 0.6999999881
13648  28.005  -67.867  6.679 0.8000000119
12763  26.868  -68.622  7.037 0.8000000119
7521  27.261  -75.250  11.408 0.6999999881
8238  26.812  -75.199  10.545 0.6999999881
7536  26.542  -75.612  8.775 0.6999999881
7537  25.613  -75.825  9.387 0.6000000238
7520  29.318  -75.600  11.077 0.6999999881
7555  26.807  -76.015  7.922 0.6000000238
6892  29.848  -76.423  9.743 0.6000000238
149022  25.823  -75.710  8.483 0.5000000000
8288  26.458  -76.004  7.322 0.5000000000
12677  18.946  -68.505  13.859 0.6000000238
7594  26.533  -75.791  6.190 0.5000000000
11811  18.667  -69.071  13.460 0.5000000000
7629  27.004  -75.778  4.396 0.5000000000
10986  20.813  -70.228  13.268 0.6000000238
151703  27.636  -74.010  3.757 0.6999999881
8337  27.301  -75.435  4.083 0.6000000238
9644  28.339  -71.953  2.895 0.6999999881
8986  27.507  -73.756  3.334 0.6999999881
11018  21.361  -70.516  11.452 0.6000000238
141868  28.621  -70.487  2.502 0.6999999881
11128  28.954  -70.962  2.712 0.6000000238
14599  30.509  -67.028  2.524 0.6999999881
12829  29.996  -69.028  2.339 0.6999999881
139779  29.161  -69.249  2.402 0.6999999881
11053  21.710  -70.669  9.908 0.6000000238
11038  21.496  -70.613  10.680 0.6000000238
14585  30.119  -66.536  2.964 0.6000000238
12830  29.105  -68.093  2.358 0.6999999881
11859  22.753  -70.014  9.691 0.6000000238
10258  20.496  -71.628  9.666 0.6000000238
141331  32.329  -65.790  5.056 0.6000000238
11876  24.157  -70.124  9.833 0.6999999881
11878  22.845  -69.793  9.049 0.6000000238
11052  22.406  -70.204  9.286 0.6000000238
15423  31.129  -66.141  6.415 0.6000000238
12732  27.486  -68.748  9.479 0.6000000238
144885  26.421  -69.434  9.255 0.6000000238
143194  25.653  -69.689  9.081 0.6999999881
142570  24.687  -69.811  9.009 0.6000000238
11069  22.376  -70.326  8.459 0.6000000238
13623  28.809  -67.583  8.960 0.6000000238
12733  26.979  -69.065  8.932 0.8000000119
12745  28.124  -68.026  8.265 0.6000000238
12746  27.561  -68.536  8.675 0.6999999881
11891  26.176  -69.316  8.294 0.8000000119
8897  27.970  -74.103  11.189 0.6999999881
152246  26.989  -74.558  10.172 0.6999999881
8252  27.006  -74.589  9.423 0.6999999881
8251  29.534  -74.933  10.488 0.6999999881
8216  29.141  -74.937  11.214 0.6999999881
7554  27.097  -75.898  8.002 0.6000000238
7575  27.038  -76.098  7.427 0.6000000238
14430  21.107  -66.936  15.191 0.6000000238
14446  20.222  -66.669  13.988 0.6000000238
13533  20.852  -67.748  14.942 0.6000000238
13551  19.415  -67.859  14.098 0.6000000238
7593  27.004  -76.039  6.691 0.6000000238
11789  20.063  -69.293  14.265 0.5000000000
8976  27.702  -73.425  4.453 0.6999999881
140180  27.580  -74.668  4.507 0.6999999881
144573  21.860  -69.817  14.267 0.4000000060
11809  20.439  -69.827  13.877 0.5000000000
10327  28.523  -71.778  3.486 0.6999999881
9637  28.059  -72.409  4.192 0.8000000119
10985  21.843  -70.230  13.386 0.5000000000
10338  29.033  -71.106  2.843 0.6000000238
9645  27.785  -73.117  3.514 0.6999999881
10999  22.240  -70.314  12.364 0.6000000238
11982  29.826  -69.993  2.738 0.6999999881
11127  29.343  -70.660  2.870 0.6999999881
11015  24.293  -70.444  11.545 0.6999999881
11017  22.530  -70.267  11.494 0.6000000238
14598  31.447  -67.037  2.368 0.6999999881
13697  31.125  -67.996  2.182 0.6999999881
11034  25.206  -70.212  11.406 0.5000000000
11842  22.761  -70.165  10.582 0.6000000238
15465  32.476  -65.940  3.227 0.6000000238
15466  31.448  -66.177  3.359 0.6000000238
14584  30.974  -66.523  2.839 0.6999999881
11036  23.620  -70.275  10.588 0.6999999881
15455  31.878  -65.915  4.102 0.6000000238
15456  31.000  -66.132  4.137 0.6000000238
11874  26.149  -69.690  9.975 0.5000000000
11857  25.747  -69.921  10.704 0.6000000238
135113  31.404  -66.003  4.975 0.6000000238
13615  28.788  -67.537  9.924 0.6000000238
137969  27.724  -68.649  10.351 0.5000000000
11875  25.252  -69.995  9.830 0.6999999881
14514  29.600  -66.176  9.859 0.6000000238
153301  27.841  -73.158  10.187 0.6999999881
8932  27.215  -73.633  9.159 0.6999999881
8271  27.164  -74.943  8.561 0.6000000238
8287  27.316  -75.110  7.668 0.6000000238
141614  21.297  -66.174  15.423 0.4000000060
15334  20.525  -65.937  13.724 0.5000000000
8307  27.433  -75.088  6.733 0.6000000238
13532  21.664  -67.687  15.493 0.5000000000
14462  19.974  -66.280  13.238 0.6000000238
9619  27.373  -72.894  6.482 0.6999999881
9628  27.576  -72.662  5.386 0.6999999881
8322  27.509  -74.913  5.725 0.6000000238
145055  21.862  -69.275  14.860 0.5000000000
11807  22.718  -70.098  14.053 0.4000000060
11965  32.222  -69.794  2.975 0.6999999881
11966  30.912  -69.946  2.945 0.6999999881
11967  30.138  -70.189  2.984 0.6999999881
151614  23.608  -70.414  12.937 0.6000000238
12826  32.892  -68.785  2.571 0.6999999881
11979  32.536  -69.505  2.835 0.6999999881
11118  29.990  -70.125  2.980 0.6999999881
156509  29.570  -70.526  3.007 0.6999999881
11826  25.415  -70.010  13.158 0.5000000000
10998  23.945  -70.489  12.264 0.5000000000
14596  33.240  -66.765  2.439 0.6000000238
145896  32.447  -67.981  2.278 0.6999999881
12827  32.037  -68.745  2.325 0.6999999881
144234  30.693  -68.793  2.287 0.6999999881
10997  24.892  -70.331  12.331 0.5000000000
132785  33.302  -65.642  3.376 0.5000000000
15471  33.617  -66.083  2.624 0.6000000238
14583  31.913  -66.447  2.734 0.6000000238
9579  27.634  -72.912  9.608 0.6999999881
9589  27.492  -72.762  8.728 0.6999999881
15302  21.193  -65.306  15.264 0.4000000060
10274  27.817  -72.017  8.396 0.6999999881
8943  27.353  -73.836  7.197 0.6999999881
16291  21.076  -64.631  14.645 0.4000000060
9607  27.436  -72.632  7.660 0.6999999881
15348  20.348  -65.633  12.827 0.6000000238
11099  27.906  -71.266  5.915 0.8000000119
10302  27.479  -72.078  6.955 0.6999999881
11932  29.541  -69.470  5.213 0.6000000238
147790  28.668  -70.523  4.792 0.6000000238
17314  21.135  -63.587  10.575 0.6000000238
11948  30.753  -69.813  3.426 0.6999999881
11949  29.916  -69.876  3.896 0.6999999881
11109  29.231  -70.211  4.383 0.6000000238
11945  33.130  -69.443  3.439 0.6000000238
146189  34.149  -68.736  3.423 0.6000000238
154446  21.267  -61.730  8.887 0.5000000000
14595  34.005  -66.735  2.564 0.6000000238
13694  33.649  -67.469  2.522 0.6999999881
15463  35.125  -65.636  3.093 0.5000000000
10290  27.769  -71.703  7.605 0.6999999881
17271  21.345  -63.681  14.805 0.4000000060
11087  28.267  -70.697  6.640 0.8000000119
16304  21.065  -64.346  13.095 0.5000000000
11918  29.416  -69.742  6.558 0.8000000119
18272  21.547  -62.747  12.208 0.4000000060
17281  21.300  -63.555  13.774 0.4000000060
11919  28.708  -70.170  6.378 0.6999999881
18280  21.497  -62.727  11.142 0.4000000060
16316  21.075  -64.500  11.938 0.5000000000
130957  33.641  -69.151  4.076 0.6000000238
12804  31.981  -69.224  4.181 0.6000000238
12805  31.198  -69.335  4.138 0.6999999881
154488  22.346  -61.293  11.339 0.4000000060
12817  34.952  -68.561  3.912 0.6000000238
134273  33.661  -69.148  3.592 0.6000000238
19279  21.661  -60.961  8.983 0.4000000060
18291  21.382  -62.364  9.845 0.6000000238
140722  35.488  -67.287  3.439 0.6000000238
14581  35.694  -66.337  3.366 0.5000000000
15462  36.154  -65.501  3.568 0.5000000000
18248  21.602  -62.801  14.381 0.4000000060
11068  28.841  -70.822  8.061 0.8000000119
18260  21.580  -62.770  13.319 0.4000000060
144090  28.918  -70.340  7.300 0.6999999881
18271  21.893  -61.958  12.783 0.4000000060
12775  31.206  -68.706  5.407 0.6000000238
12803  32.859  -69.203  4.156 0.6000000238
12790  32.230  -68.528  5.328 0.6000000238
146387  22.724  -60.598  11.590 0.4000000060
19252  22.490  -60.751  10.680 0.4000000060
13680  35.749  -68.086  4.050 0.6000000238
20265  22.041  -60.208  9.503 0.4000000060
13679  36.139  -67.054  3.851 0.4000000060
18247  22.045  -62.085  14.896 0.4000000060
11906  30.248  -69.731  7.228 0.6999999881
18259  21.891  -61.961  13.879 0.4000000060
11916  31.208  -69.006  6.637 0.6999999881
11917  30.329  -69.136  6.240 0.6000000238
19239  22.394  -61.285  12.210 0.4000000060
12788  33.943  -68.536  4.971 0.6000000238
12773  32.757  -68.330  6.300 0.6000000238
20233  22.768  -59.838  10.898 0.4000000060
12801  35.478  -68.451  4.614 0.6000000238
22146  21.529  -58.581  9.908 0.3000000119
13656  37.065  -67.749  5.165 0.4000000060
13655  37.608  -67.025  5.509 0.4000000060
12784  37.392  -67.769  5.801 0.4000000060
20213  23.232  -59.946  12.972 0.4000000060
21150  23.072  -59.723  11.919 0.4000000060
12771  34.699  -68.263  6.380 0.6000000238
150298  36.570  -68.390  6.153 0.6000000238
12757  36.190  -68.531  7.142 0.6000000238
12755  37.352  -67.777  7.217 0.4000000060
12743  36.686  -68.305  8.403 0.5000000000
14528  37.800  -66.798  7.588 0.4000000060
21128  19.463  -59.935  14.386 0.3000000119
13621  37.636  -67.154  8.297 0.4000000060
22070  22.985  -58.580  14.906 0.4000000060
23129  19.979  -57.242  12.448 0.3000000119
21090  17.208  -59.517  18.387 0.4000000060
132892  23.274  -58.814  16.105 0.4000000060
22071  22.690  -57.681  14.938 0.4000000060
24051  20.216  -56.379  12.355 0.3000000119
24030  21.411  -56.109  13.241 0.3000000119
21129  18.923  -59.468  15.034 0.3000000119
22103  19.975  -58.180  13.415 0.3000000119
21109  17.887  -59.593  17.059 0.3000000119
23066  22.594  -57.483  15.831 0.4000000060
136818  22.379  -56.884  15.009 0.4000000060
23090  22.476  -57.125  14.143 0.4000000060
23111  19.553  -56.992  13.167 0.3000000119
23091  19.486  -57.725  13.958 0.3000000119
22033  11.318  -58.277  17.691 0.4000000060
23023  9.756  -56.907  17.297 0.3000000119
23047  9.091  -57.006  16.505 0.3000000119
22072  18.484  -59.095  15.766 0.3000000119
22043  17.683  -58.750  17.176 0.3000000119
24003  21.873  -56.187  15.058 0.4000000060
24012  21.973  -56.439  14.148 0.4000000060
25011  20.684  -55.607  13.640 0.3000000119
25034  19.802  -55.932  12.852 0.3000000119
24032  19.079  -56.874  14.018 0.3000000119
22030  13.503  -58.449  18.572 0.3000000119
22090  18.177  -58.095  15.183 0.3000000119
22048  10.962  -58.155  17.082 0.3000000119
22060  17.218  -57.986  16.612 0.3000000119
23045  11.518  -57.613  15.969 0.4000000060
143337  10.239  -57.772  16.128 0.3000000119
23099  10.540  -57.329  14.619 0.3000000119
133521  9.909  -57.698  15.371 0.3000000119
24013  21.370  -55.842  14.240 0.4000000060
24990  20.253  -55.388  14.103 0.4000000060
25013  19.516  -55.773  13.538 0.3000000119
22045  13.034  -58.069  17.866 0.4000000060
132356  18.223  -57.222  14.575 0.3000000119
22993  13.960  -57.826  17.969 0.3000000119
22047  11.635  -58.024  16.913 0.4000000060
23043  13.365  -57.231  16.543 0.4000000060
153974  10.431  -56.946  13.791 0.3000000119
24975  20.600  -55.382  14.955 0.4000000060
24991  19.619  -55.504  14.077 0.4000000060
24992  18.951  -55.701  14.368 0.4000000060
24015  17.525  -56.688  14.853 0.4000000060
23093  17.427  -57.282  15.014 0.3000000119
23041  15.706  -57.319  16.073 0.3000000119
141384  14.032  -57.151  16.777 0.3000000119
23071  13.449  -56.964  15.467 0.3000000119
23097  13.282  -56.596  14.531 0.5000000000
23044  12.456  -57.381  16.228 0.4000000060
23072  12.260  -57.024  15.160 0.4000000060
23112  10.339  -56.807  12.836 0.3000000119
24977  19.062  -55.322  14.899 0.4000000060
24978  18.180  -55.363  15.153 0.4000000060
24016  16.605  -56.528  15.074 0.3000000119
24017  15.299  -56.379  14.810 0.3000000119
24996  14.680  -55.948  14.566 0.3000000119
26015  13.761  -54.955  14.692 0.3000000119
150573  16.670  -57.170  15.234 0.3000000119
23094  15.996  -56.811  15.046 0.3000000119
23096  14.204  -56.653  14.771 0.3000000119
24997  13.650  -55.830  14.210 0.3000000119
26026  12.982  -54.688  13.880 0.3000000119
23070  14.481  -57.009  15.338 0.3000000119
24019  13.087  -56.189  13.910 0.3000000119
148108  11.064  -56.730  13.882 0.3000000119
24054  9.866  -56.746  11.787 0.3000000119
25995  20.940  -54.797  16.900 0.3000000119
25996  20.197  -54.790  16.301 0.3000000119
26010  19.365  -54.912  15.748 0.3000000119
26011  17.833  -54.818  15.949 0.3000000119
26014  15.315  -54.461  15.829 0.3000000119
27052  14.244  -54.055  15.356 0.3000000119
157257  18.547  -54.941  15.588 0.3000000119
24979  16.670  -55.402  15.635 0.3000000119
24980  15.791  -55.375  15.498 0.3000000119
24981  14.787  -55.196  15.238 0.3000000119
26016  13.493  -53.936  14.413 0.3000000119
136890  12.715  -54.967  12.927 0.3000000119
24033  12.113  -55.990  13.242 0.3000000119
25016  12.183  -55.703  12.492 0.3000000119
24034  11.328  -56.411  12.977 0.3000000119
135121  10.761  -56.579  11.702 0.3000000119
25976  21.962  -54.725  18.107 0.3000000119
25997  19.481  -54.420  16.768 0.3000000119
25998  18.504  -54.455  16.514 0.3000000119
25999  16.738  -54.139  16.544 0.3000000119
27051  15.114  -53.373  15.901 0.3000000119
27084  13.837  -53.278  13.913 0.3000000119
26044  12.977  -54.784  12.372 0.3000000119
26058  12.564  -55.604  11.582 0.3000000119
25037  10.499  -56.115  10.868 0.3000000119
28082  15.118  -52.556  15.280 0.3000000119
28083  14.476  -52.816  14.511 0.3000000119
27095  13.572  -54.348  12.018 0.3000000119
26068  13.513  -55.242  10.148 0.3000000119
25049  12.194  -56.041  10.467 0.3000000119
25058  12.323  -55.679  10.239 0.3000000119
29122  15.891  -52.060  14.809 0.3000000119
28113  14.601  -52.873  13.450 0.3000000119
136655  13.971  -53.499  12.787 0.3000000119
28081  15.768  -52.297  15.610 0.3000000119
142371  16.740  -51.824  14.501 0.3000000119
28112  15.830  -52.771  12.926 0.3000000119
28124  15.293  -53.511  11.994 0.3000000119
137270  15.549  -54.120  10.656 0.3000000119
26067  14.236  -54.809  10.009 0.3000000119
27116  13.179  -54.827  9.920 0.3000000119
2436  29.164  -84.576  9.087 0.5000000000
2931  29.767  -83.620  8.326 0.5000000000
144349  29.945  -82.965  7.890 0.4000000060
11111  22.665  -70.641  3.652 0.6999999881
10317  22.382  -70.912  5.779 0.6999999881
4645  29.389  -80.556  7.939 0.4000000060
2920  30.405  -83.310  8.574 0.5000000000
13685  26.003  -68.031  2.892 0.6000000238
7630  26.514  -75.748  4.328 0.5000000000
13684  26.725  -67.784  2.900 0.6000000238
10316  27.807  -71.897  5.313 0.8000000119
8965  27.530  -73.701  5.513 0.6999999881
11110  28.947  -71.021  3.550 0.6000000238
15464  34.070  -65.608  3.066 0.5000000000
11980  31.840  -69.605  2.737 0.6999999881
19266  21.914  -61.819  10.529 0.4000000060
15451  35.919  -64.999  3.604 0.5000000000
133633  34.658  -68.451  5.299 0.6000000238
149546  36.744  -66.684  4.265 0.4000000060
12774  31.907  -68.628  6.447 0.6000000238
12759  34.059  -68.325  7.089 0.6000000238
153152  22.427  -58.385  10.591 0.3000000119
12769  37.119  -68.202  6.078 0.4000000060
149965  36.939  -68.254  6.724 0.4000000060
151341  22.869  -58.143  15.667 0.4000000060
26009  20.188  -55.133  15.529 0.3000000119
25978  20.545  -54.263  17.636 0.3000000119
11075  32.836  -70.144  7.810 0.5000000000
11076  31.736  -70.032  7.737 0.5000000000
11077  30.697  -70.224  7.813 0.6999999881
11066  30.107  -70.722  8.271 0.6999999881
147605  28.332  -71.761  8.805 0.6000000238
131102  32.423  -69.509  7.587 0.5000000000
11905  31.022  -69.589  7.312 0.6000000238
11067  29.402  -70.533  7.957 0.6000000238
141511  29.549  -74.037  10.229 0.6000000238
8907  28.443  -73.866  10.907 0.6000000238
10270  31.201  -71.347  8.080 0.6999999881
9576  29.882  -72.402  9.179 0.6000000238
9577  29.089  -72.394  9.698 0.6000000238
10253  30.004  -71.761  8.819 0.6999999881
10254  29.352  -71.799  9.150 0.6000000238
9567  28.860  -72.913  10.170 0.6000000238
11903  33.147  -69.407  7.733 0.5000000000
8931  30.725  -72.960  8.154 0.6999999881
8270  30.474  -73.917  8.580 0.6000000238
153331  29.886  -74.623  9.750 0.6000000238
9606  31.296  -72.113  7.630 0.6000000238
9588  30.613  -72.079  8.499 0.6999999881
8918  30.252  -73.177  9.086 0.6000000238
131747  32.595  -71.727  6.976 0.6000000238
11064  33.653  -70.016  8.024 0.5000000000
12761  32.648  -68.806  7.218 0.5000000000
8941  31.992  -72.185  6.651 0.6999999881
130375  30.743  -73.821  7.391 0.6000000238
6891  29.991  -75.472  9.529 0.6000000238
11062  35.108  -70.393  8.793 0.5000000000
11902  33.561  -68.760  7.485 0.5000000000
11031  35.328  -70.139  9.572 0.5000000000
11889  34.960  -69.630  8.353 0.5000000000
11853  35.381  -69.495  10.058 0.4000000060
8989  20.985  -74.173  2.606 0.4000000060
9672  22.102  -73.215  1.540 0.4000000060
9004  21.409  -74.069  1.730 0.4000000060
9013  21.894  -73.788  1.404 0.5000000000
8368  22.713  -74.350  1.437 0.5000000000
7678  21.924  -75.474  1.521 0.5000000000
11900  35.520  -68.971  7.993 0.5000000000
7668  22.483  -75.619  1.991 0.5000000000
6356  19.663  -78.064  5.982 0.6000000238
11888  35.578  -69.529  8.716 0.4000000060
7667  23.291  -74.973  2.174 0.5000000000
7652  22.087  -76.196  3.299 0.5000000000
6944  20.718  -77.027  4.900 0.5000000000
8361  20.799  -74.887  1.718 0.5000000000
8370  20.980  -75.378  1.457 0.5000000000
7679  20.499  -76.206  1.485 0.5000000000
6990  21.077  -76.623  1.572 0.5000000000
144243  20.010  -77.984  2.428 0.5000000000
6979  21.321  -76.892  1.995 0.5000000000
134661  20.516  -77.693  3.131 0.5000000000
6374  20.386  -77.719  4.285 0.5000000000
12744  36.166  -68.804  8.125 0.5000000000
6958  20.950  -77.090  4.007 0.5000000000
11854  34.416  -69.693  10.623 0.4000000060
11871  36.108  -68.947  8.847 0.4000000060
150383  35.973  -68.801  9.561 0.4000000060
8954  20.657  -72.947  6.646 0.5000000000
6980  19.228  -77.418  1.960 0.5000000000
12758  35.038  -68.446  7.199 0.5000000000
10293  20.536  -72.265  8.389 0.5000000000
9590  19.744  -72.411  8.261 0.5000000000
10305  18.490  -71.696  6.822 0.5000000000
137872  19.821  -72.997  7.062 0.5000000000
12730  36.617  -68.240  9.142 0.4000000060
10276  20.097  -72.117  9.002 0.5000000000
10278  18.721  -71.597  8.337 0.5000000000
10259  19.501  -71.598  9.550 0.5000000000
133200  18.540  -70.854  8.656 0.5000000000
11083  18.454  -70.776  7.802 0.5000000000
11089  18.422  -70.866  6.435 0.4000000060
10242  19.095  -70.868  10.248 0.5000000000
157209  18.494  -69.864  7.604 0.6000000238
141200  18.465  -70.277  7.001 0.6000000238
10241  20.055  -71.347  10.409 0.5000000000
153426  19.000  -70.454  10.915 0.5000000000
130232  18.431  -70.158  9.085 0.5000000000
11896  18.413  -69.338  8.858 0.6000000238
135013  18.681  -69.196  6.929 0.6000000238
12795  18.974  -68.804  5.738 0.6000000238
12809  19.305  -68.870  4.421 0.5000000000
11953  19.676  -68.884  2.929 0.5000000000
13686  20.330  -67.214  2.288 0.5000000000
11040  19.637  -70.798  11.024 0.5000000000
11020  19.212  -70.377  11.585 0.5000000000
11021  18.656  -69.955  11.266 0.5000000000
11879  18.330  -69.514  9.696 0.5000000000
12722  18.023  -68.804  10.305 0.6000000238
12764  18.841  -68.204  8.053 0.6000000238
12779  19.087  -68.262  6.590 0.6000000238
135521  19.654  -68.044  4.901 0.6000000238
13659  20.248  -66.959  4.667 0.5000000000
153620  15.879  -62.255  5.755 0.5000000000
15457  20.207  -64.889  3.096 0.5000000000
11000  21.280  -70.397  12.392 0.5000000000
11827  18.678  -69.606  12.707 0.5000000000
11843  18.242  -69.328  11.834 0.6000000238
12723  17.521  -68.100  10.789 0.6000000238
142567  17.452  -67.509  10.425 0.6000000238
13624  18.649  -67.733  8.416 0.6000000238
13625  18.191  -67.245  8.832 0.6000000238
13650  19.241  -67.504  6.774 0.6000000238
14521  18.644  -67.114  8.005 0.6000000238
13649  19.760  -66.817  5.936 0.6000000238
14555  20.201  -65.992  5.058 0.5000000000
14571  20.469  -65.810  3.769 0.5000000000
15440  20.176  -64.850  4.222 0.5000000000
16396  18.731  -63.725  5.318 0.5000000000
16416  19.234  -63.784  3.746 0.5000000000
16409  18.185  -62.922  4.492 0.5000000000
12692  17.627  -68.068  12.580 0.6000000238
13597  17.430  -67.373  12.163 0.6000000238
142202  17.266  -66.383  11.264 0.6000000238
15374  16.994  -65.786  10.567 0.6000000238
14515  17.193  -66.395  9.754 0.6000000238
15400  17.540  -65.862  8.159 0.6000000238
15401  16.897  -65.339  8.790 0.6000000238
15412  18.784  -65.897  6.629 0.5000000000
16387  17.103  -64.987  7.755 0.5000000000
15425  19.109  -65.104  5.722 0.5000000000
16388  16.670  -64.050  7.313 0.5000000000
17353  15.999  -63.544  8.014 0.6000000238
150755  17.880  -63.314  5.432 0.5000000000
17370  16.165  -63.171  6.653 0.5000000000
17354  15.332  -62.783  8.141 0.5000000000
152845  14.927  -61.168  8.541 0.5000000000
137588  17.488  -65.390  11.548 0.6000000238
16332  17.506  -64.374  11.124 0.6000000238
15375  16.713  -64.948  10.182 0.6000000238
16373  16.567  -64.490  8.459 0.6000000238
134665  15.922  -63.238  8.824 0.6000000238
17336  15.606  -62.532  8.733 0.5000000000
15363  18.560  -65.275  12.013 0.6000000238
138527  16.329  -64.008  9.043 0.6000000238
19282  16.521  -62.024  9.223 0.6000000238
19294  16.420  -61.264  8.789 0.5000000000
16344  20.517  -64.382  10.596 0.6000000238
16330  19.439  -64.816  11.413 0.6000000238
140241  19.709  -63.880  10.203 0.6000000238
17317  18.534  -63.428  10.541 0.6000000238
18303  17.039  -62.502  9.720 0.6000000238
19293  17.275  -60.840  8.293 0.5000000000
143058  20.425  -63.501  9.870 0.6000000238
18301  19.346  -62.635  9.272 0.6000000238
17332  20.416  -62.741  9.225 0.6000000238
18302  18.126  -62.126  9.583 0.6000000238
19291  19.772  -61.497  7.934 0.6000000238
20289  19.243  -60.429  7.324 0.5000000000
20275  20.442  -60.964  7.896 0.4000000060
10255  28.665  -71.989  9.289 0.6000000238
157697  29.368  -70.887  8.361 0.6999999881
12760  33.297  -68.384  6.955 0.5000000000
11901  34.491  -68.830  7.742 0.5000000000
11051  35.032  -70.827  9.311 0.5000000000
6375  19.838  -78.227  3.373 0.6000000238
12734  18.256  -68.672  9.468 0.6000000238
12735  17.860  -68.029  10.002 0.6000000238
14544  19.583  -66.101  5.943 0.6000000238
15426  18.385  -64.945  6.268 0.5000000000
17303  18.072  -63.904  11.142 0.6000000238
17318  17.475  -63.655  10.613 0.6000000238
18316  19.626  -62.052  8.512 0.6000000238
19309  18.260  -60.543  7.319 0.6000000238
2428  28.975  -84.402  9.787 0.4000000060
147740  29.354  -81.934  12.049 0.5000000000
4013  30.707  -81.561  11.228 0.5000000000
3411  29.581  -82.530  11.251 0.4000000060
3420  30.174  -83.050  10.431 0.4000000060
3419  30.987  -82.721  10.105 0.4000000060
133793  29.840  -83.825  9.419 0.4000000060
142342  30.731  -80.435  11.738 0.5000000000
4003  29.872  -81.030  12.106 0.5000000000
4026  31.859  -81.748  10.054 0.5000000000
3418  31.590  -82.369  9.787 0.5000000000
3430  31.087  -82.838  9.464 0.4000000060
4608  31.739  -79.384  10.946 0.5000000000
4620  31.800  -80.584  10.209 0.5000000000
4633  32.135  -81.319  9.497 0.5000000000
4042  32.067  -81.965  9.197 0.5000000000
3429  31.591  -82.479  9.144 0.4000000060
3440  31.746  -82.168  8.310 0.4000000060
5238  32.042  -79.482  9.979 0.5000000000
5247  32.236  -80.347  9.195 0.5000000000
5255  32.397  -79.402  8.546 0.5000000000
4632  32.331  -81.288  8.731 0.5000000000
4041  32.182  -81.657  8.396 0.5000000000
3452  31.095  -82.421  7.846 0.4000000060
153667  30.207  -76.379  8.832 0.5000000000
6326  29.765  -78.003  8.833 0.4000000060
5810  29.927  -78.167  7.686 0.4000000060
133491  30.058  -78.318  6.640 0.4000000060
5811  29.699  -78.983  7.008 0.4000000060
5265  29.562  -79.693  7.439 0.4000000060
146016  32.474  -80.542  8.156 0.5000000000
4657  29.861  -80.507  6.751 0.4000000060
4656  30.258  -81.393  6.795 0.4000000060
4069  29.922  -82.081  7.346 0.4000000060
157078  32.451  -79.928  6.828 0.4000000060
135399  32.347  -80.635  7.298 0.5000000000
4068  30.729  -81.974  7.210 0.4000000060
4055  32.051  -81.458  7.561 0.4000000060
6325  30.186  -77.295  8.263 0.4000000060
5821  29.965  -79.151  5.921 0.4000000060
5277  29.804  -79.684  6.536 0.4000000060
141430  32.897  -78.163  7.395 0.4000000060
4663  30.593  -80.725  6.235 0.4000000060
4078  31.027  -81.438  6.676 0.4000000060
135088  32.677  -78.930  6.422 0.4000000060
5274  32.211  -80.155  6.328 0.4000000060
4662  31.352  -80.759  6.250 0.4000000060
4655  31.593  -81.331  6.878 0.4000000060
7553  30.433  -75.532  8.482 0.5000000000
6917  30.524  -76.476  7.713 0.4000000060
150454  30.601  -76.940  6.754 0.4000000060
6942  30.615  -76.859  5.661 0.4000000060
148634  30.708  -78.413  4.586 0.4000000060
5288  30.429  -79.474  5.304 0.4000000060
5287  31.351  -79.355  4.864 0.4000000060
4672  30.888  -79.978  5.454 0.4000000060
5820  33.075  -78.169  5.529 0.4000000060
133180  32.172  -79.222  5.260 0.4000000060
5275  31.595  -80.075  5.697 0.4000000060
7534  30.329  -74.708  9.029 0.5000000000
7573  30.647  -75.450  7.491 0.5000000000
132583  30.574  -74.710  8.078 0.6000000238
6928  30.726  -76.117  6.666 0.5000000000
155979  30.661  -77.229  4.839 0.4000000060
133198  31.629  -77.605  3.878 0.4000000060
5840  31.713  -78.172  3.983 0.4000000060
5838  33.197  -77.440  3.811 0.4000000060
8321  31.136  -74.658  5.569 0.4000000060
8306  30.888  -74.188  6.357 0.5000000000
151260  31.459  -75.343  4.920 0.4000000060
6955  31.593  -76.856  3.969 0.4000000060
149747  31.811  -74.344  4.971 0.5000000000
7609  32.132  -75.122  4.422 0.4000000060
154006  31.726  -75.990  4.363 0.4000000060
7646  33.022  -75.757  3.657 0.4000000060
8305  31.501  -73.743  5.583 0.6000000238
8942  31.248  -72.811  6.936 0.6000000238
8320  32.498  -74.481  4.742 0.5000000000
8336  33.035  -74.924  4.305 0.4000000060
11065  31.003  -70.735  8.067 0.5000000000
12679  17.923  -67.343  13.000 0.5000000000
15349  18.881  -65.895  12.492 0.5000000000
141426  20.691  -64.913  11.562 0.5000000000
150604  18.650  -66.987  13.282 0.5000000000
15362  19.709  -65.368  11.923 0.5000000000
14486  17.687  -66.648  12.437 0.5000000000
4621  31.341  -81.156  10.819 0.5000000000
3410  30.593  -82.378  10.815 0.5000000000
6342  30.354  -77.489  7.250 0.4000000060
150117  30.182  -78.416  5.736 0.4000000060
7610  30.904  -75.737  5.621 0.4000000060
6941  31.043  -76.526  4.708 0.4000000060
5296  31.343  -78.734  4.379 0.4000000060
5286  31.819  -78.644  4.400 0.4000000060
132635  30.679  -74.671  7.191 0.5000000000
155021  32.319  -77.424  3.672 0.4000000060
8964  32.156  -73.628  5.238 0.6000000238
7627  33.388  -75.346  3.880 0.5000000000
8951  32.563  -73.146  5.670 0.5000000000
9541  34.596  -72.204  13.172 0.3000000119
9550  34.102  -72.774  12.581 0.3000000119
9560  33.280  -72.571  11.422 0.3000000119
9543  33.068  -71.884  12.578 0.3000000119
10209  34.118  -71.532  13.520 0.3000000119
10970  35.162  -70.201  14.369 0.3000000119
147587  34.269  -70.429  14.288 0.3000000119
8887  34.601  -73.476  12.228 0.3000000119
8215  34.155  -74.209  10.939 0.4000000060
8905  33.658  -73.547  10.214 0.4000000060
9549  35.087  -72.843  12.771 0.3000000119
10252  34.015  -72.281  9.782 0.4000000060
9566  33.529  -72.890  10.442 0.4000000060
11063  34.499  -70.540  8.294 0.4000000060
9540  35.625  -72.118  13.156 0.3000000119
10240  33.406  -72.079  10.673 0.3000000119
10239  34.293  -71.387  10.055 0.4000000060
10982  32.584  -70.584  13.237 0.3000000119
10230  32.998  -71.642  11.478 0.3000000119
145513  33.869  -74.483  9.333 0.4000000060
136121  33.679  -74.391  8.126 0.4000000060
9617  33.089  -72.737  6.212 0.4000000060
9604  33.261  -71.975  6.724 0.4000000060
8214  34.814  -74.448  11.187 0.4000000060
8917  33.684  -73.844  9.641 0.4000000060
8930  33.740  -73.683  8.794 0.4000000060
9603  33.701  -72.432  7.083 0.4000000060
10286  33.888  -71.604  7.345 0.4000000060
8886  35.596  -73.428  12.289 0.3000000119
9575  33.833  -73.055  9.454 0.4000000060
10269  34.297  -71.934  7.718 0.4000000060
10288  32.056  -70.786  7.711 0.4000000060
9548  36.096  -72.651  12.632 0.3000000119
10268  34.640  -71.878  8.428 0.4000000060
10287  33.156  -71.118  7.375 0.4000000060
10207  36.126  -71.429  13.494 0.3000000119
136660  34.829  -71.202  8.642 0.4000000060
11032  34.855  -70.413  10.065 0.4000000060
7552  34.010  -75.168  7.874 0.4000000060
131386  33.249  -73.510  6.276 0.4000000060
7551  34.454  -75.340  8.604 0.4000000060
8269  33.974  -75.008  8.744 0.4000000060
8286  33.627  -74.572  6.966 0.4000000060
8892  36.964  -73.581  11.439 0.3000000119
8233  35.272  -74.876  10.608 0.4000000060
10218  37.458  -71.762  12.786 0.3000000119
10219  36.577  -71.943  12.979 0.3000000119
10206  37.012  -71.297  13.339 0.3000000119
8963  32.537  -73.868  5.257 0.4000000060
8304  33.493  -74.737  5.770 0.4000000060
11837  33.538  -69.815  11.197 0.3000000119
152075  33.833  -70.560  10.692 0.3000000119
9618  32.646  -72.496  6.248 0.4000000060
146959  31.976  -72.978  5.920 0.4000000060
8319  32.995  -74.566  4.806 0.4000000060
8896  33.676  -73.579  11.016 0.3000000119
10210  33.080  -71.331  13.196 0.3000000119
150402  33.073  -70.602  13.679 0.3000000119
8234  34.480  -74.693  10.409 0.4000000060
140710  34.452  -72.301  8.973 0.4000000060
10251  34.727  -71.703  9.168 0.4000000060
11074  33.857  -70.800  7.730 0.4000000060
11033  33.360  -71.305  10.877 0.4000000060
7519  34.346  -75.048  9.523 0.4000000060
8940  33.535  -73.483  7.080 0.4000000060
156502  33.735  -73.321  7.835 0.4000000060
8893  36.083  -73.920  11.708 0.3000000119
9574  34.141  -72.601  8.247 0.4000000060
9559  36.569  -73.202  12.111 0.3000000119
7517  35.647  -75.251  9.898 0.4000000060
8232  36.111  -74.787  10.493 0.3000000119
9547  37.027  -72.453  12.435 0.3000000119
2390  29.644  -85.156  14.739 0.3000000119
135927  28.497  -85.302  14.569 0.3000000119
2865  30.246  -83.893  15.497 0.3000000119
1944  29.355  -85.404  14.961 0.3000000119
2866  29.645  -83.626  14.829 0.3000000119
2391  29.135  -85.166  14.260 0.3000000119
3385  30.740  -82.907  16.046 0.3000000119
2861  30.804  -84.086  16.220 0.3000000119
2386  30.359  -84.877  15.522 0.3000000119
3980  30.292  -81.973  15.580 0.3000000119
3386  29.887  -82.714  15.481 0.3000000119
2397  28.807  -84.756  13.709 0.3000000119
2892  28.916  -83.284  10.909 0.3000000119
3376  32.351  -83.076  16.853 0.3000000119
3377  31.474  -83.430  16.609 0.3000000119
3978  32.189  -81.860  15.925 0.3000000119
3384  31.738  -82.562  16.364 0.3000000119
3389  29.052  -82.398  14.173 0.3000000119
146996  29.238  -81.358  12.850 0.3000000119
3990  31.694  -81.401  15.519 0.3000000119
3981  29.675  -81.954  15.221 0.3000000119
4566  30.856  -81.259  15.382 0.3000000119
140472  31.047  -80.145  14.220 0.3000000119
4588  30.342  -80.158  13.805 0.3000000119
3998  29.280  -81.095  13.661 0.3000000119
5198  30.357  -79.925  13.141 0.3000000119
143339  32.668  -78.226  9.837 0.4000000060
142398  31.763  -79.060  11.755 0.4000000060
1198  27.987  -88.163  17.700 0.3000000119
147640  26.475  -88.571  17.577 0.3000000119
1928  30.252  -85.459  15.779 0.3000000119
1930  28.608  -85.705  15.804 0.3000000119
2371  32.295  -84.770  18.434 0.3000000119
1896  31.660  -85.248  18.473 0.3000000119
1535  29.889  -87.115  18.004 0.3000000119
1197  28.552  -87.835  17.635 0.3000000119
892  27.359  -88.606  17.287 0.3000000119
2846  33.656  -83.776  18.455 0.3000000119
2381  31.700  -84.780  17.605 0.3000000119
1897  30.621  -86.192  17.680 0.3000000119
142485  28.476  -87.592  17.109 0.3000000119
1209  27.909  -88.206  17.189 0.3000000119
154931  31.345  -84.230  16.873 0.3000000119
2382  30.872  -85.044  16.548 0.3000000119
1914  29.394  -86.367  16.564 0.3000000119
1915  28.633  -86.594  16.594 0.3000000119
1913  30.005  -86.060  16.284 0.3000000119
154451  29.110  -86.008  16.187 0.3000000119
3396  29.126  -83.123  14.304 0.3000000119
2870  28.599  -83.987  12.986 0.3000000119
2859  33.041  -83.565  17.516 0.3000000119
4580  29.684  -80.702  14.189 0.3000000119
154027  28.794  -86.833  18.681 0.3000000119
1931  27.700  -86.144  16.254 0.3000000119
2847  32.647  -84.286  18.053 0.3000000119
1884  30.792  -85.939  18.510 0.3000000119
1912  30.506  -85.858  16.798 0.3000000119
1543  29.034  -87.229  17.236 0.3000000119
137949  27.173  -86.722  16.262 0.3000000119
5213  30.809  -79.718  12.574 0.3000000119
7568  38.859  -75.418  6.519 0.3000000119
6916  38.258  -76.332  7.299 0.3000000119
6338  36.976  -77.493  7.173 0.3000000119
6339  36.133  -77.712  7.145 0.4000000060
132845  34.276  -77.463  7.494 0.4000000060
6341  33.490  -77.641  7.469 0.3000000119
5264  32.541  -79.436  7.476 0.3000000119
6926  37.577  -76.126  5.435 0.3000000119
6350  37.041  -76.996  6.083 0.4000000060
6351  35.663  -77.489  5.799 0.4000000060
6363  34.923  -77.398  4.848 0.4000000060
156789  33.571  -77.768  6.090 0.3000000119
6373  34.216  -76.853  3.766 0.4000000060
6364  34.101  -77.320  4.271 0.4000000060
5830  32.601  -78.294  4.444 0.3000000119
6380  33.880  -76.657  3.594 0.3000000119
156480  39.881  -75.079  8.832 0.3000000119
8266  40.002  -74.695  7.784 0.3000000119
6319  37.414  -77.486  7.946 0.4000000060
6320  36.830  -77.882  8.189 0.4000000060
6322  34.851  -77.541  8.222 0.3000000119
6323  33.755  -77.452  8.316 0.3000000119
6303  32.949  -77.817  9.464 0.3000000119
8265  40.579  -73.717  7.096 0.3000000119
8284  40.011  -74.073  6.377 0.3000000119
7567  39.355  -74.344  5.778 0.3000000119
7587  38.058  -75.044  4.663 0.3000000119
6927  36.986  -76.402  5.046 0.3000000119
6361  36.456  -77.007  5.306 0.4000000060
7603  38.162  -74.211  4.715 0.3000000119
156485  37.912  -74.247  4.567 0.3000000119
6938  37.208  -75.431  4.306 0.3000000119
6939  36.517  -76.227  4.178 0.4000000060
6362  35.805  -76.925  4.413 0.4000000060
8303  37.467  -74.657  4.361 0.3000000119
7624  36.278  -75.435  3.887 0.4000000060
6953  34.703  -76.247  3.553 0.4000000060
7590  34.826  -75.319  4.832 0.3000000119
7607  34.639  -75.411  4.011 0.4000000060
7625  35.360  -75.754  3.742 0.4000000060
149436  33.866  -76.183  3.442 0.4000000060
7571  34.879  -75.590  6.298 0.3000000119
7608  33.608  -75.209  4.143 0.4000000060
7591  34.188  -75.344  5.750 0.3000000119
8204  40.289  -75.007  12.433 0.3000000119
7502  40.011  -75.498  11.702 0.3000000119
6261  38.618  -76.984  11.405 0.3000000119
6277  38.133  -76.962  10.414 0.3000000119
144697  40.467  -74.414  9.681 0.3000000119
7516  39.582  -75.519  10.109 0.3000000119
6876  39.136  -75.998  10.030 0.3000000119
6278  37.469  -77.602  10.037 0.3000000119
8913  41.561  -72.806  8.218 0.3000000119
8914  41.101  -73.681  8.932 0.3000000119
7531  39.487  -75.590  9.411 0.3000000119
140247  38.376  -76.692  9.001 0.3000000119
6299  37.360  -77.729  9.171 0.3000000119
5801  36.421  -78.226  8.986 0.3000000119
6300  35.556  -77.997  9.050 0.3000000119
6301  34.748  -77.663  9.702 0.3000000119
5776  33.331  -77.821  10.966 0.3000000119
5761  32.765  -78.317  11.508 0.3000000119
8927  41.175  -73.326  7.682 0.3000000119
7588  36.723  -74.680  4.878 0.3000000119
7606  35.684  -75.362  4.094 0.3000000119
7569  36.853  -74.597  6.058 0.3000000119
7589  35.749  -75.109  4.941 0.3000000119
146316  35.379  -75.616  7.292 0.3000000119
143165  34.626  -75.542  7.597 0.3000000119
7572  34.132  -75.305  6.784 0.3000000119
147502  40.487  -74.571  13.145 0.3000000119
8885  40.394  -73.840  12.281 0.3000000119
8212  40.225  -74.612  11.429 0.3000000119
7503  39.446  -75.866  11.000 0.3000000119
8901  40.873  -73.710  9.971 0.3000000119
8229  39.971  -75.088  10.560 0.3000000119
5746  32.313  -78.704  12.081 0.3000000119
8197  40.790  -74.591  13.930 0.3000000119
8882  40.799  -73.804  13.472 0.3000000119
9545  40.826  -72.799  12.732 0.3000000119
144596  40.365  -74.340  10.519 0.3000000119
9539  41.244  -72.931  13.771 0.3000000119
9544  41.345  -72.001  11.993 0.3000000119
9555  40.801  -72.796  11.563 0.3000000119
5777  32.464  -78.467  10.597 0.3000000119
5790  32.523  -78.477  9.118 0.3000000119
5802  32.625  -78.349  8.183 0.3000000119
132742  33.929  -77.568  6.585 0.3000000119
6353  33.894  -77.620  5.437 0.4000000060
7626  34.196  -75.674  3.681 0.4000000060
7532  35.968  -75.435  8.928 0.3000000119
7548  39.452  -75.069  7.134 0.3000000119
6337  37.625  -76.848  6.891 0.3000000119
152271  38.847  -75.963  7.796 0.3000000119
149737  36.493  -77.429  6.351 0.4000000060
6340  34.961  -77.547  6.742 0.4000000060
6352  34.624  -77.542  5.888 0.4000000060
6940  35.843  -76.106  3.646 0.4000000060
8247  40.526  -74.344  8.564 0.3000000119
6904  39.375  -75.609  8.470 0.3000000119
138255  37.261  -77.753  8.594 0.3000000119
6318  37.746  -77.249  8.616 0.3000000119
6321  35.956  -77.926  8.168 0.4000000060
144611  34.497  -77.522  8.925 0.3000000119
8283  40.208  -73.089  6.153 0.3000000119
8301  38.906  -73.855  5.158 0.3000000119
6952  36.556  -75.529  3.945 0.4000000060
7570  35.884  -75.279  6.270 0.3000000119
6298  37.891  -77.098  9.448 0.3000000119
5773  36.932  -78.116  9.718 0.3000000119
8268  36.793  -74.865  8.428 0.3000000119
7634  21.881  -75.849  4.365 0.4000000060
893  25.995  -89.130  17.205 0.3000000119
1190  29.248  -87.514  17.849 0.3000000119
1191  28.742  -87.833  18.030 0.3000000119
1210  27.303  -88.666  16.917 0.3000000119
1525  30.191  -86.672  18.419 0.3000000119
1541  30.202  -86.493  17.376 0.3000000119
1542  29.646  -86.802  17.289 0.3000000119
1544  27.960  -87.299  16.682 0.3000000119
1887  28.265  -87.091  18.494 0.3000000119
1911  31.058  -85.582  17.580 0.3000000119
1929  29.549  -85.778  15.738 0.3000000119
1943  29.851  -85.453  15.312 0.3000000119
2370  32.902  -84.462  18.700 0.3000000119
2387  29.999  -85.198  15.109 0.3000000119
2389  29.856  -84.737  14.785 0.3000000119
2860  32.050  -83.879  17.282 0.3000000119
2869  29.241  -84.178  13.990 0.3000000119
2899  30.503  -83.299  9.754 0.4000000060
2900  29.628  -83.727  10.059 0.4000000060
2911  30.550  -83.359  9.181 0.4000000060
3375  33.327  -82.835  16.936 0.3000000119
3388  29.387  -82.519  14.840 0.3000000119
3397  28.758  -82.967  13.493 0.3000000119
3441  31.077  -82.815  8.691 0.5000000000
3453  30.646  -82.809  8.143 0.4000000060
3979  31.197  -81.945  15.931 0.3000000119
3989  32.516  -81.348  15.256 0.3000000119
3991  29.997  -81.290  15.004 0.3000000119
3992  29.335  -81.615  14.454 0.3000000119
3999  29.009  -81.895  13.565 0.3000000119
4014  30.012  -81.882  11.492 0.5000000000
4027  31.328  -82.107  10.485 0.5000000000
4067  31.416  -81.851  7.352 0.4000000060
4579  30.549  -80.617  14.636 0.3000000119
4589  29.672  -80.470  13.165 0.3000000119
4597  30.234  -80.257  12.553 0.3000000119
4624  26.328  -79.876  10.973 0.5000000000
4644  32.388  -81.212  8.029 0.5000000000
4654  31.955  -80.877  6.753 0.4000000060
5227  31.323  -79.622  11.795 0.3000000119
5228  27.991  -78.716  11.587 0.6999999881
5229  27.304  -79.222  11.579 0.6000000238
5237  32.362  -78.787  9.785 0.5000000000
5246  32.277  -79.321  9.326 0.3000000119
5276  30.188  -79.986  5.886 0.4000000060
5297  30.843  -79.146  4.646 0.4000000060
5762  32.140  -78.714  11.397 0.4000000060
5764  25.579  -78.107  11.611 0.6000000238
5787  36.925  -78.099  9.028 0.3000000119
5809  33.293  -77.929  6.612 0.3000000119
5829  33.363  -77.794  4.581 0.4000000060
5831  30.355  -78.816  5.112 0.4000000060
5839  32.267  -78.070  3.893 0.4000000060
5841  31.210  -78.327  4.240 0.4000000060
6252  26.935  -77.419  12.205 0.6000000238
6264  29.022  -77.100  11.118 0.6999999881
6266  26.088  -77.399  11.958 0.6000000238
6281  34.038  -77.557  10.388 0.3000000119
6282  33.180  -77.787  10.139 0.4000000060
6302  33.701  -77.502  9.404 0.3000000119
6304  29.992  -77.121  9.130 0.5000000000
6324  32.995  -77.723  8.739 0.3000000119
6354  30.362  -77.655  6.204 0.4000000060
6365  30.441  -77.879  5.103 0.4000000060
6366  20.273  -77.521  5.389 0.6000000238
6372  35.004  -76.812  3.915 0.4000000060
6381  33.224  -76.750  3.548 0.4000000060
6382  32.680  -76.532  3.576 0.4000000060
6383  20.594  -77.506  2.105 0.5000000000
6390  20.754  -77.102  1.716 0.5000000000
6397  20.343  -77.169  1.670 0.5000000000
6864  39.277  -76.573  11.674 0.3000000119
6867  27.405  -76.639  12.090 0.6999999881
6877  38.825  -76.427  10.721 0.3000000119
6879  26.428  -76.334  11.441 0.6000000238
6880  25.423  -76.799  10.735 0.5000000000
6889  38.972  -76.157  9.241 0.3000000119
6890  38.552  -76.524  9.771 0.3000000119
6905  38.288  -76.647  8.273 0.3000000119
6906  37.838  -77.006  7.877 0.4000000060
6925  38.236  -75.786  5.958 0.3000000119
6929  21.186  -75.905  5.872 0.5000000000
6943  21.262  -76.331  4.902 0.5000000000
6954  32.304  -76.053  3.868 0.4000000060
6956  30.976  -77.591  4.334 0.4000000060
6957  21.537  -76.578  3.742 0.5000000000
6967  33.302  -76.175  3.492 0.4000000060
6968  22.013  -76.309  2.281 0.5000000000
6969  21.172  -77.180  2.889 0.5000000000
6978  21.627  -76.212  1.713 0.5000000000
6991  20.644  -76.661  1.525 0.5000000000
6992  20.095  -76.967  1.624 0.5000000000
7504  28.760  -75.444  11.534 0.6999999881
7506  27.434  -75.954  11.895 0.6000000238
7518  34.923  -75.209  10.038 0.4000000060
7533  35.067  -75.436  9.295 0.4000000060
7535  29.637  -75.765  10.324 0.6999999881
7549  36.171  -75.323  7.604 0.3000000119
7550  35.291  -75.601  8.288 0.3000000119
7574  27.201  -75.963  7.162 0.6000000238
7586  38.655  -74.632  5.215 0.3000000119
7592  30.742  -75.114  6.475 0.5000000000
7595  21.412  -75.280  6.480 0.5000000000
7604  37.592  -74.570  4.390 0.3000000119
7605  36.628  -75.031  4.165 0.3000000119
7611  27.187  -75.728  6.163 0.6000000238
7623  36.988  -74.944  3.997 0.4000000060
7628  32.790  -75.181  4.119 0.5000000000
7645  33.586  -75.774  3.573 0.4000000060
7647  26.301  -75.139  3.412 0.5000000000
7650  23.225  -75.200  2.726 0.5000000000
7651  22.610  -75.725  2.964 0.6000000238
7669  20.412  -75.755  1.570 0.5000000000
7677  22.674  -75.057  1.656 0.5000000000
8213  35.654  -74.468  11.206 0.3000000119
8217  28.514  -74.588  11.380 0.6999999881
8218  27.823  -74.626  11.406 0.6999999881
8230  39.957  -75.018  9.560 0.3000000119
8235  33.892  -74.175  10.259 0.4000000060
8236  29.081  -74.264  10.907 0.6000000238
8237  27.401  -74.337  10.880 0.6999999881
8250  30.076  -73.934  9.482 0.6000000238
8253  26.695  -75.326  9.537 0.6999999881
8272  26.940  -75.430  8.768 0.6000000238
8300  39.556  -73.474  5.687 0.3000000119
8308  25.666  -75.275  6.666 0.5000000000
8338  24.413  -74.899  4.210 0.5000000000
8349  26.589  -74.574  3.134 0.6999999881
8350  23.813  -74.866  3.520 0.5000000000
8358  24.409  -74.356  2.567 0.6000000238
8360  21.534  -74.398  1.494 0.4000000060
8369  21.977  -74.306  1.326 0.5000000000
8881  41.356  -73.863  14.331 0.3000000119
8888  33.711  -73.232  11.884 0.3000000119
8890  40.507  -73.669  11.036 0.3000000119
8894  35.151  -74.060  11.804 0.4000000060
8895  34.315  -73.883  11.553 0.3000000119
8904  36.535  -74.257  11.020 0.3000000119
8906  28.986  -73.510  10.516 0.6000000238
8908  27.852  -73.664  10.680 0.6999999881
8919  29.520  -73.154  9.843 0.6000000238
8920  27.326  -73.692  10.113 0.6999999881
8950  32.852  -73.584  5.611 0.4000000060
8952  31.176  -73.430  6.356 0.5000000000
8953  27.475  -74.036  6.358 0.6999999881
8977  21.203  -73.481  3.386 0.6000000238
8987  27.219  -74.318  3.280 0.6999999881
8988  21.481  -73.370  2.183 0.6000000238
8999  27.398  -73.537  3.082 0.6000000238
9000  25.937  -73.910  2.711 0.6000000238
9002  23.641  -73.982  1.852 0.6000000238
9003  21.755  -73.573  1.604 0.4000000060
9011  22.884  -73.668  1.377 0.6000000238
9012  22.319  -73.703  1.330 0.5000000000
9542  33.636  -72.089  12.927 0.3000000119
9551  33.293  -72.479  12.241 0.3000000119
9568  28.367  -73.274  10.399 0.6000000238
9578  28.345  -72.656  9.844 0.6000000238
9591  19.004  -72.204  8.003 0.5000000000
9605  31.878  -71.564  7.386 0.6000000238
9609  20.422  -72.600  7.609 0.5000000000
9610  19.412  -72.615  7.532 0.5000000000
9611  18.798  -72.316  7.249 0.5000000000
9636  28.256  -72.274  3.130 0.6999999881
9659  23.242  -72.643  1.831 0.6000000238
9661  21.908  -72.683  2.091 0.4000000060
10211  32.547  -71.020  12.734 0.3000000119
10220  32.755  -71.455  12.488 0.3000000119
10256  28.025  -72.271  9.182 0.6999999881
10257  21.230  -71.319  9.635 0.6000000238
10260  18.883  -71.498  8.976 0.5000000000
10271  30.428  -71.319  8.441 0.6999999881
10272  29.711  -71.284  8.663 0.6999999881
10273  28.911  -71.351  8.715 0.6000000238
10277  19.280  -72.011  8.736 0.5000000000
10285  34.430  -71.383  7.983 0.4000000060
10289  28.290  -71.386  8.217 0.6000000238
10292  21.257  -72.056  8.003 0.5000000000
10294  18.601  -71.675  7.585 0.5000000000
10304  21.949  -71.715  6.545 0.6000000238
10315  28.287  -71.315  4.688 0.6999999881
10328  22.318  -71.290  4.002 0.6999999881
10339  28.764  -71.505  2.845 0.6999999881
10340  22.480  -71.186  3.086 0.6999999881
10351  28.684  -71.423  2.826 0.6000000238
10353  27.041  -71.999  2.587 0.6999999881
10357  22.909  -71.251  2.645 0.6000000238
10981  33.748  -70.856  13.859 0.3000000119
10983  24.465  -70.323  13.132 0.5000000000
10984  22.858  -70.347  13.166 0.6000000238
10987  19.952  -70.133  13.299 0.6000000238
10996  25.757  -69.944  12.329 0.5000000000
11001  20.314  -70.418  12.541 0.5000000000
11002  19.396  -70.236  12.513 0.5000000000
11003  18.793  -69.982  12.003 0.5000000000
11016  23.390  -70.346  11.383 0.6999999881
11019  19.946  -70.616  11.782 0.5000000000
11035  24.372  -70.359  10.809 0.6999999881
11037  22.208  -70.295  10.176 0.6000000238
11039  20.590  -70.861  11.106 0.6000000238
11041  18.523  -70.011  10.406 0.5000000000
11050  35.392  -70.146  9.083 0.5000000000
11054  20.933  -71.179  10.296 0.6000000238
11055  18.728  -70.926  9.395 0.5000000000
11070  21.840  -70.930  9.124 0.6000000238
11078  29.800  -70.168  7.595 0.6000000238
11079  28.275  -70.963  7.493 0.6999999881
11080  27.788  -71.415  6.819 0.6999999881
11081  22.347  -70.573  7.642 0.6000000238
11097  28.860  -69.956  5.530 0.6000000238
11098  28.377  -70.568  5.683 0.6999999881
11119  29.205  -70.922  2.808 0.6000000238
11132  24.617  -70.354  2.453 0.6999999881
11133  23.817  -70.266  2.533 0.6999999881
11134  23.317  -70.267  2.789 0.6999999881
11790  19.305  -69.227  13.991 0.5000000000
11806  23.757  -70.198  13.828 0.4000000060
11808  21.185  -69.966  13.887 0.4000000060
11810  19.230  -69.739  13.393 0.5000000000
11844  17.774  -68.712  11.220 0.6000000238
11858  23.245  -70.051  9.958 0.6000000238
11860  18.223  -69.359  10.845 0.5000000000
11872  35.652  -69.577  9.292 0.4000000060
11873  26.980  -69.211  10.016 0.6000000238
11877  23.262  -69.787  9.295 0.6000000238
11890  34.029  -69.472  8.027 0.5000000000
11893  24.079  -69.548  8.252 0.6000000238
11894  23.214  -69.610  8.491 0.6000000238
11895  22.729  -69.840  8.602 0.6000000238
11904  31.810  -69.264  7.281 0.6999999881
11907  26.371  -69.027  7.455 0.8000000119
11910  23.479  -69.545  7.551 0.6999999881
11912  18.691  -69.054  7.992 0.6000000238
11920  26.186  -69.031  6.708 0.6999999881
11922  24.272  -69.377  5.941 0.6999999881
11925  18.537  -69.914  6.147 0.6000000238
11931  30.378  -69.139  4.710 0.6999999881
11934  24.370  -69.396  5.190 0.6999999881
11935  23.763  -69.596  4.943 0.6999999881
11936  23.310  -69.702  5.853 0.6999999881
11946  32.518  -69.650  3.335 0.6000000238
11947  31.717  -69.809  3.223 0.6999999881
11951  23.599  -69.540  3.976 0.6000000238
11952  23.045  -69.962  3.682 0.6999999881
11963  33.229  -69.274  3.113 0.6000000238
11964  32.715  -69.629  3.076 0.6999999881
11969  23.256  -69.850  3.024 0.6999999881
11981  30.875  -69.707  2.740 0.6999999881
11983  29.170  -70.319  2.607 0.6999999881
11984  27.637  -69.833  2.371 0.6000000238
11985  26.466  -69.007  2.439 0.6000000238
11987  24.872  -69.493  2.588 0.6000000238
12662  20.600  -68.624  14.663 0.5000000000
12663  19.679  -68.622  14.316 0.6000000238
12678  18.233  -68.248  13.291 0.6000000238
12691  18.127  -68.830  12.712 0.6000000238
12708  17.711  -68.603  12.034 0.6000000238
12709  17.435  -68.055  11.670 0.6000000238
12729  37.195  -67.639  8.741 0.5000000000
12731  28.160  -68.199  9.463 0.6000000238
12742  37.267  -67.757  7.998 0.5000000000
12748  18.565  -68.486  8.685 0.6000000238
12756  36.766  -68.288  7.589 0.4000000060
12768  37.462  -67.764  6.461 0.4000000060
12770  35.685  -68.436  6.342 0.6000000238
12772  33.741  -68.219  6.123 0.6000000238
12776  27.397  -68.233  6.454 0.8000000119
12778  19.555  -67.675  5.845 0.6000000238
12785  36.838  -68.217  5.541 0.4000000060
12786  36.176  -68.423  5.422 0.6000000238
12787  35.379  -68.419  5.597 0.6000000238
12789  33.161  -68.477  5.189 0.6000000238
12793  25.687  -68.827  4.778 0.6000000238
12794  24.913  -69.119  4.731 0.6000000238
12800  36.358  -68.207  4.859 0.4000000060
12802  34.426  -68.844  4.115 0.6000000238
12808  20.096  -67.823  3.464 0.5000000000
12821  20.051  -68.051  2.120 0.5000000000
12828  31.360  -69.081  2.372 0.6999999881
12833  26.041  -68.302  2.724 0.6000000238
12834  25.363  -68.425  2.938 0.6000000238
12836  24.057  -69.122  2.981 0.6000000238
13567  18.713  -67.675  13.572 0.5000000000
13607  17.308  -67.307  11.221 0.6000000238
13612  37.535  -67.021  8.992 0.4000000060
13616  18.289  -67.879  9.218 0.6000000238
13617  17.623  -67.244  9.685 0.6000000238
13633  37.764  -67.176  6.929 0.4000000060
13635  28.361  -67.737  7.344 0.8000000119
13636  18.931  -67.577  7.639 0.6000000238
13645  37.776  -67.144  6.196 0.4000000060
13646  29.445  -66.940  6.767 0.6000000238
13647  28.671  -67.380  6.442 0.6999999881
13665  37.258  -66.854  4.808 0.4000000060
13666  36.559  -67.574  4.512 0.4000000060
13668  27.575  -67.628  4.191 0.6999999881
13669  26.909  -67.836  3.711 0.6999999881
13670  20.494  -66.643  3.058 0.5000000000
13681  34.951  -67.989  3.379 0.6000000238
13683  27.637  -67.462  3.129 0.6999999881
13693  34.247  -67.749  2.840 0.6999999881
13695  33.051  -67.728  2.373 0.6999999881
13696  31.875  -67.709  2.229 0.6999999881
13698  29.990  -67.801  2.343 0.6999999881
13701  26.601  -68.021  2.687 0.6000000238
14445  20.794  -66.231  14.670 0.4000000060
14463  19.456  -67.043  13.627 0.5000000000
14483  19.802  -65.802  12.553 0.6000000238
14484  19.209  -66.405  13.034 0.5000000000
14485  18.295  -66.530  12.819 0.5000000000
14500  17.376  -66.786  11.818 0.5000000000
14508  17.229  -66.788  10.478 0.6000000238
14522  17.933  -66.617  8.464 0.6000000238
14532  18.351  -66.389  7.583 0.6000000238
14553  29.900  -66.522  4.972 0.6000000238
14554  29.291  -66.788  5.047 0.6000000238
14567  37.280  -65.926  4.350 0.4000000060
14568  30.248  -66.369  4.155 0.6000000238
14580  36.547  -66.084  3.805 0.5000000000
14582  34.845  -66.768  2.909 0.6000000238
14597  32.381  -67.036  2.322 0.6000000238
14601  28.921  -66.910  2.850 0.6999999881
15319  20.864  -65.420  14.393 0.5000000000
15350  17.965  -65.937  12.306 0.5000000000
15361  20.304  -65.307  11.968 0.5000000000
15385  16.872  -65.569  9.669 0.6000000238
15386  16.603  -64.788  9.389 0.6000000238
15413  17.890  -65.473  7.148 0.5000000000
15424  19.859  -65.303  5.226 0.5000000000
15438  31.855  -65.893  6.017 0.6000000238
15439  30.999  -66.137  5.683 0.6000000238
15441  19.505  -64.330  4.847 0.5000000000
15453  33.912  -65.398  4.300 0.5000000000
15454  32.817  -65.652  4.114 0.6000000238
15467  30.600  -66.332  3.437 0.6000000238
15468  19.592  -64.722  2.999 0.5000000000
15470  34.325  -66.050  2.710 0.6000000238
15472  32.820  -66.264  2.636 0.6000000238
16305  20.834  -65.058  13.589 0.4000000060
16317  20.748  -65.079  12.398 0.5000000000
16328  20.928  -64.487  10.927 0.6000000238
16329  20.357  -64.861  11.191 0.6000000238
16331  18.270  -64.553  11.542 0.6000000238
16345  20.042  -64.494  10.606 0.6000000238
16346  19.018  -64.137  11.003 0.6000000238
16347  16.933  -64.297  10.514 0.6000000238
16348  16.570  -64.229  9.846 0.6000000238
16397  17.643  -64.285  6.483 0.5000000000
16398  17.102  -63.308  6.065 0.5000000000
16407  19.678  -64.001  4.116 0.5000000000
16408  19.072  -63.419  4.341 0.5000000000
16415  19.918  -64.259  3.611 0.5000000000
16421  19.675  -64.303  3.326 0.5000000000
16422  19.186  -64.069  3.278 0.5000000000
17292  21.318  -63.612  12.666 0.4000000060
17302  21.278  -63.679  11.519 0.6000000238
17315  20.705  -63.980  10.282 0.6000000238
17316  20.301  -64.020  10.154 0.6000000238
17319  16.863  -63.740  10.187 0.6000000238
17331  20.892  -63.099  9.857 0.6000000238
17333  20.015  -63.345  9.561 0.6000000238
17334  19.347  -63.228  9.915 0.6000000238
17335  17.100  -63.209  10.116 0.6000000238
17352  19.980  -62.650  8.936 0.6000000238
17371  15.358  -62.730  7.029 0.5000000000
17401  18.618  -63.128  3.991 0.5000000000
18279  21.883  -61.937  11.717 0.4000000060
18292  17.771  -62.885  10.192 0.6000000238
18300  21.066  -62.341  9.244 0.6000000238
18304  16.229  -62.619  9.218 0.6000000238
18314  20.710  -62.012  8.676 0.5000000000
18315  20.162  -62.103  8.518 0.6000000238
18317  18.904  -61.936  8.773 0.6000000238
18318  14.875  -61.974  8.436 0.5000000000
18347  15.130  -61.766  5.628 0.5000000000
19226  22.362  -61.249  13.244 0.4000000060
19265  22.153  -60.923  9.827 0.4000000060
19280  18.116  -61.393  8.606 0.5000000000
19281  17.242  -61.651  9.150 0.6000000238
19289  20.970  -61.340  8.413 0.5000000000
19290  20.328  -61.516  8.123 0.6000000238
19292  19.061  -61.414  7.937 0.6000000238
19295  15.762  -61.818  8.843 0.5000000000
19296  14.154  -61.107  8.336 0.5000000000
19307  19.852  -61.042  7.600 0.6000000238
19308  19.199  -60.820  7.398 0.6000000238
20159  18.284  -59.757  16.358 0.3000000119
20214  22.836  -60.591  12.584 0.4000000060
20251  22.477  -59.982  10.066 0.4000000060
20266  21.502  -59.951  9.077 0.4000000060
20274  20.986  -60.563  8.446 0.4000000060
20288  19.887  -60.636  7.611 0.4000000060
20290  18.547  -60.000  6.882 0.5000000000
21091  16.657  -59.194  18.996 0.4000000060
21098  17.554  -59.379  17.668 0.4000000060
21160  22.796  -58.942  11.095 0.3000000119
21177  22.514  -59.075  10.314 0.4000000060
21196  22.034  -59.250  9.675 0.4000000060
21225  18.756  -59.503  7.009 0.5000000000
21226  18.108  -59.232  6.572 0.5000000000
22046  12.133  -58.428  17.707 0.4000000060
22059  18.162  -59.161  16.580 0.3000000119
22073  17.884  -58.527  16.184 0.3000000119
22088  19.481  -58.744  14.391 0.3000000119
22089  18.788  -58.673  14.959 0.3000000119
22132  22.097  -58.441  10.159 0.3000000119
23019  14.434  -57.322  17.319 0.3000000119
23020  13.575  -57.493  17.290 0.3000000119
23021  12.676  -57.710  17.119 0.4000000060
23042  14.745  -57.124  16.377 0.3000000119
23046  10.891  -57.934  16.473 0.3000000119
23067  17.358  -57.760  15.581 0.3000000119
23069  15.872  -57.106  15.275 0.3000000119
23073  10.719  -57.695  15.676 0.3000000119
23074  9.010  -57.816  15.123 0.3000000119
23092  18.865  -57.898  14.475 0.3000000119
23095  15.113  -56.756  14.932 0.3000000119
23098  11.501  -56.965  14.621 0.3000000119
23113  9.461  -57.072  12.576 0.3000000119
23128  20.232  -56.892  11.958 0.3000000119
24014  18.536  -56.411  14.446 0.3000000119
24018  14.549  -56.310  14.563 0.3000000119
24020  12.169  -56.534  14.006 0.3000000119
24029  22.235  -56.681  13.307 0.4000000060
24031  19.498  -56.253  13.245 0.3000000119
24052  19.839  -56.516  12.578 0.3000000119
24053  10.615  -56.401  11.001 0.3000000119
24065  9.992  -56.405  11.300 0.3000000119
24954  21.705  -55.086  17.364 0.3000000119
24976  19.835  -55.306  14.838 0.4000000060
24989  20.866  -55.515  14.366 0.4000000060
24993  17.256  -55.919  15.163 0.3000000119
24995  15.507  -55.983  14.861 0.3000000119
25012  19.985  -55.575  13.396 0.4000000060
25014  19.123  -56.077  13.878 0.3000000119
25015  12.618  -55.520  13.453 0.3000000119
25017  11.573  -56.197  12.109 0.3000000119
25033  20.397  -55.882  12.874 0.3000000119
25035  11.967  -56.172  11.317 0.3000000119
25036  11.392  -56.353  10.935 0.3000000119
25048  12.912  -55.555  10.112 0.3000000119
25050  11.389  -56.062  10.530 0.3000000119
25977  21.260  -54.531  17.790 0.3000000119
26012  17.057  -54.861  16.214 0.3000000119
26013  16.248  -54.739  16.095 0.3000000119
26057  13.369  -55.227  11.075 0.3000000119
26069  12.986  -55.565  10.624 0.3000000119
26077  13.456  -55.156  10.010 0.3000000119
26078  11.726  -55.567  10.272 0.3000000119
27068  14.041  -53.413  14.794 0.3000000119
27094  14.622  -54.208  11.217 0.3000000119
27103  14.996  -54.460  10.126 0.3000000119
27104  14.161  -54.876  10.433 0.3000000119
27117  12.265  -54.973  10.173 0.3000000119
28067  15.544  -52.730  15.956 0.3000000119
28098  15.313  -52.392  14.124 0.3000000119
29093  16.841  -51.664  16.106 0.3000000119
29107  16.363  -51.834  15.421 0.3000000119
130264  28.125  -67.411  4.775 0.6000000238
131632  27.443  -74.664  3.681 0.6000000238
132173  15.496  -60.704  8.545 0.5000000000
132640  24.678  -68.766  3.259 0.6000000238
132848  18.924  -68.263  7.380 0.6000000238
133664  27.573  -67.831  5.033 0.6999999881
134392  37.054  -74.569  7.190 0.3000000119
134454  16.793  -56.922  15.068 0.3000000119
134598  10.477  -57.757  16.815 0.3000000119
134639  27.272  -75.547  5.003 0.5000000000
134787  23.047  -70.328  12.230 0.5000000000
135000  19.827  -77.661  1.869 0.5000000000
135082  33.869  -75.129  4.712 0.3000000119
135253  31.624  -69.820  2.932 0.6999999881
135578  24.203  -69.286  2.778 0.6000000238
136347  21.911  -70.314  11.694 0.6000000238
136442  18.451  -70.024  8.321 0.6000000238
136979  18.540  -70.310  9.751 0.5000000000
137244  20.681  -70.558  11.849 0.5000000000
137500  19.761  -69.677  13.824 0.5000000000
137775  14.012  -57.077  16.131 0.3000000119
137817  16.504  -63.378  9.623 0.6000000238
137862  22.043  -70.291  10.985 0.6000000238
138030  20.188  -54.482  17.054 0.3000000119
138677  20.319  -65.844  2.761 0.5000000000
138919  16.956  -64.924  10.880 0.6000000238
139338  13.260  -54.075  13.319 0.3000000119
139344  19.898  -59.227  13.818 0.3000000119
139489  22.497  -67.380  16.067 0.5000000000
140245  21.577  -75.027  1.383 0.5000000000
140270  22.890  -74.712  5.094 0.5000000000
140376  17.284  -66.108  9.019 0.6000000238
140411  19.900  -65.754  2.436 0.5000000000
140432  29.118  -67.275  2.591 0.6999999881
140658  17.515  -66.206  11.907 0.5000000000
140800  20.266  -60.301  7.990 0.4000000060
140922  33.274  -65.868  2.898 0.6000000238
141210  20.524  -67.132  14.580 0.6000000238
141213  27.255  -73.708  8.185 0.6999999881
141271  9.493  -57.631  14.480 0.3000000119
141549  29.563  -70.531  3.245 0.6999999881
141625  24.974  -70.222  10.498 0.6000000238
141744  27.537  -71.988  6.178 0.6999999881
142204  22.155  -74.853  1.382 0.5000000000
142508  22.237  -71.383  4.934 0.6999999881
142612  25.084  -77.834  11.004 0.6000000238
143204  13.867  -56.303  14.392 0.3000000119
143333  19.133  -66.833  6.952 0.6000000238
143388  18.445  -71.065  7.128 0.5000000000
143603  21.660  -61.731  9.492 0.4000000060
144633  24.189  -69.727  14.486 0.4000000060
144859  33.546  -78.186  11.592 0.3000000119
145006  26.608  -78.868  11.811 0.6000000238
145377  23.847  -69.717  8.959 0.6000000238
146208  33.610  -68.445  2.760 0.6999999881
146487  18.135  -55.983  14.822 0.4000000060
146589  11.315  -57.359  15.238 0.3000000119
147004  25.525  -69.265  6.413 0.6999999881
147773  21.333  -62.714  10.375 0.6000000238
148104  26.931  -75.855  5.457 0.5000000000
148107  17.361  -58.822  17.940 0.3000000119
148115  26.771  -75.598  3.851 0.5000000000
148132  20.129  -67.898  14.512 0.6000000238
148561  35.289  -77.619  7.526 0.3000000119
149255  26.831  -88.817  17.339 0.3000000119
149631  9.461  -57.654  15.874 0.3000000119
149709  14.530  -53.203  15.271 0.3000000119
150771  25.690  -68.349  3.839 0.6000000238
150950  12.906  -55.369  9.999 0.3000000119
150969  17.629  -66.729  9.154 0.6000000238
151031  21.026  -69.413  14.428 0.5000000000
151131  32.032  -76.949  3.617 0.4000000060
151241  30.373  -86.624  18.047 0.3000000119
151387  29.308  -87.484  18.143 0.3000000119
151905  18.564  -62.804  9.997 0.6000000238
153383  21.671  -76.687  2.783 0.5000000000
153529  24.980  -72.013  2.341 0.6999999881
153590  21.133  -75.971  1.384 0.5000000000
153745  21.095  -64.223  14.046 0.4000000060
153835  23.909  -70.443  11.069 0.6999999881
154033  33.066  -77.730  8.027 0.3000000119
154273  27.576  -68.383  8.061 0.8000000119
154321  26.807  -75.831  4.799 0.5000000000
154408  31.376  -80.201  11.123 0.5000000000
154952  34.119  -74.620  9.914 0.4000000060
155077  31.814  -80.514  6.264 0.4000000060
155110  27.067  -75.607  3.917 0.6000000238
155204  33.386  -72.881  6.604 0.4000000060
155415  30.407  -72.665  8.756 0.6999999881
155516  18.259  -69.401  10.267 0.5000000000
155542  19.946  -67.321  14.176 0.6000000238
155947  27.663  -77.879  11.999 0.6000000238
156026  37.287  -70.718  13.613 0.3000000119
156117  29.348  -77.251  10.559 0.6999999881
156127  38.776  -76.279  8.630 0.3000000119
156559  29.406  -84.911  14.320 0.3000000119
156633  41.572  -72.199  13.953 0.3000000119
156902  9.885  -57.482  16.449 0.3000000119
156953  15.185  -57.107  15.454 0.3000000119
157339  20.385  -77.385  1.795 0.5000000000
157382  37.636  -67.303  7.619 0.4000000060
