#!ascii label  , from subject sub-v1s22x0050475_ses-1 vox2ras=TkReg
1467
90272  -41.650  7.876  43.010 0.0000000000
85900  -54.579  3.067  29.816 0.0000000000
136962  -51.123  12.240  44.526 0.0000000000
85806  -51.030  2.198  39.362 0.0000000000
88545  -50.035  5.628  50.620 0.0000000000
91943  -49.856  9.322  34.818 0.0000000000
94961  -47.329  13.773  33.814 0.0000000000
101138  -46.984  21.539  32.467 0.0000000000
83235  -46.602  -0.534  50.973 0.0000000000
86705  -45.612  3.697  40.861 0.0000000000
87732  -48.590  4.909  35.391 0.0000000000
91092  -46.791  8.150  39.548 0.0000000000
123070  -50.937  14.774  45.295 0.0000000000
125888  -50.765  13.522  40.047 0.0000000000
97253  -46.247  16.070  39.675 0.0000000000
98053  -45.726  17.911  32.747 0.0000000000
98764  -49.528  19.255  36.576 0.0000000000
89572  -51.225  6.344  28.157 0.0000000000
92624  -39.454  10.585  48.085 0.0000000000
93419  -45.965  11.854  44.164 0.0000000000
88621  -54.721  6.645  42.384 0.0000000000
87645  -49.223  4.288  44.837 0.0000000000
141812  -43.817  4.008  45.802 0.0000000000
85705  -45.191  2.821  50.925 0.0000000000
89555  -52.803  6.450  29.928 0.0000000000
92748  -53.128  11.323  29.774 0.0000000000
92667  -50.614  10.720  40.276 0.0000000000
94941  -52.572  13.270  35.049 0.0000000000
96541  -50.141  15.452  28.419 0.0000000000
97323  -45.386  15.996  26.991 0.0000000000
97304  -43.452  17.913  30.439 0.0000000000
146323  -43.428  6.002  41.680 0.0000000000
89484  -45.753  6.125  40.025 0.0000000000
91081  -44.383  8.696  41.321 0.0000000000
134897  -49.298  16.870  45.340 0.0000000000
96456  -48.279  15.449  43.716 0.0000000000
146157  -47.774  17.604  42.438 0.0000000000
98018  -47.269  17.943  38.422 0.0000000000
87807  -52.986  4.254  29.058 0.0000000000
128032  -40.164  8.800  49.801 0.0000000000
93394  -42.217  11.334  48.419 0.0000000000
88576  -49.190  5.837  47.517 0.0000000000
87632  -46.741  4.524  45.611 0.0000000000
88561  -46.454  5.200  48.167 0.0000000000
84876  -47.173  1.208  53.199 0.0000000000
85725  -38.943  2.676  48.625 0.0000000000
135985  -36.062  5.133  47.490 0.0000000000
85701  -36.214  2.127  49.993 0.0000000000
86742  -52.355  3.331  36.620 0.0000000000
90327  -48.660  7.328  34.997 0.0000000000
88710  -50.324  5.969  32.380 0.0000000000
90344  -50.546  7.783  31.920 0.0000000000
91174  -53.059  8.964  29.227 0.0000000000
91961  -51.419  10.008  31.778 0.0000000000
94178  -48.171  12.133  44.839 0.0000000000
92652  -48.237  10.891  42.098 0.0000000000
143421  -51.196  11.532  42.228 0.0000000000
94919  -48.456  13.408  37.487 0.0000000000
94930  -51.654  13.591  36.998 0.0000000000
94951  -49.756  13.469  34.516 0.0000000000
134184  -51.581  14.201  32.083 0.0000000000
95732  -49.075  14.394  31.083 0.0000000000
96552  -47.698  15.324  27.226 0.0000000000
96532  -46.178  15.125  30.270 0.0000000000
99541  -47.619  20.695  30.989 0.0000000000
99549  -45.891  19.758  29.382 0.0000000000
100386  -45.062  20.524  31.595 0.0000000000
98787  -42.873  18.410  32.543 0.0000000000
100373  -44.451  21.116  33.441 0.0000000000
85787  -47.612  2.300  40.334 0.0000000000
85835  -49.991  2.772  36.955 0.0000000000
128164  -47.310  4.375  38.320 0.0000000000
89506  -47.540  6.522  38.173 0.0000000000
91114  -48.523  8.248  37.555 0.0000000000
94861  -53.114  13.746  44.908 0.0000000000
94189  -53.431  13.120  42.391 0.0000000000
123032  -50.415  14.148  42.966 0.0000000000
95665  -48.217  13.883  40.585 0.0000000000
95686  -46.231  14.309  37.024 0.0000000000
96513  -45.460  15.813  33.185 0.0000000000
132406  -45.602  16.769  35.808 0.0000000000
98781  -47.941  19.142  34.452 0.0000000000
99532  -49.640  20.804  32.475 0.0000000000
90370  -50.067  7.751  27.550 0.0000000000
92638  -40.127  10.141  44.731 0.0000000000
92644  -43.331  10.691  43.271 0.0000000000
94163  -42.423  12.146  45.160 0.0000000000
94154  -45.516  12.532  46.323 0.0000000000
94145  -47.912  12.677  46.949 0.0000000000
93379  -46.975  11.443  50.250 0.0000000000
94148  -50.315  13.126  47.585 0.0000000000
87671  -53.048  4.064  41.523 0.0000000000
87647  -52.316  5.048  43.859 0.0000000000
141331  -50.200  2.921  42.333 0.0000000000
85759  -47.162  2.610  42.771 0.0000000000
86678  -44.432  3.465  43.521 0.0000000000
86600  -52.218  3.892  53.520 0.0000000000
84906  -47.787  1.412  49.594 0.0000000000
85680  -49.794  2.127  53.988 0.0000000000
86605  -47.182  3.767  50.945 0.0000000000
87584  -43.798  4.216  48.046 0.0000000000
89453  -39.661  7.016  44.596 0.0000000000
87795  -56.636  4.435  29.796 0.0000000000
87747  -51.212  4.158  34.038 0.0000000000
87783  -53.510  4.632  31.537 0.0000000000
88734  -56.190  5.781  28.416 0.0000000000
89583  -55.287  7.223  27.334 0.0000000000
123451  -53.828  9.104  27.284 0.0000000000
132655  -52.816  11.371  26.875 0.0000000000
92656  -45.914  10.351  41.680 0.0000000000
91893  -48.630  9.439  39.380 0.0000000000
91915  -50.107  9.796  37.078 0.0000000000
94196  -53.350  12.782  40.290 0.0000000000
93474  -52.959  12.472  37.059 0.0000000000
135764  -52.238  11.505  34.996 0.0000000000
93514  -52.750  12.385  32.083 0.0000000000
95001  -52.612  13.748  29.256 0.0000000000
94291  -50.957  13.187  28.298 0.0000000000
98067  -45.321  17.648  29.640 0.0000000000
97315  -43.906  17.233  28.626 0.0000000000
128647  -42.396  14.936  30.860 0.0000000000
96516  -42.554  15.712  32.423 0.0000000000
129361  -41.992  16.009  34.914 0.0000000000
89467  -42.409  6.973  42.448 0.0000000000
90278  -43.640  7.388  41.483 0.0000000000
91078  -42.717  8.518  42.290 0.0000000000
147501  -48.601  17.462  44.137 0.0000000000
98723  -48.722  18.700  41.573 0.0000000000
87808  -53.986  4.162  28.817 0.0000000000
122997  -49.193  5.757  49.017 0.0000000000
88574  -47.374  5.520  47.433 0.0000000000
88552  -47.749  5.246  48.752 0.0000000000
84903  -39.806  1.802  49.774 0.0000000000
85711  -37.612  2.271  49.334 0.0000000000
139774  -52.935  3.036  38.877 0.0000000000
137855  -51.603  2.608  37.855 0.0000000000
138657  -49.073  8.013  34.381 0.0000000000
90338  -49.680  7.386  33.080 0.0000000000
91144  -50.048  8.649  33.203 0.0000000000
91968  -51.039  9.157  31.856 0.0000000000
91953  -51.032  9.946  33.186 0.0000000000
94179  -49.122  12.172  44.901 0.0000000000
93433  -49.242  11.504  43.515 0.0000000000
93424  -50.571  11.965  44.184 0.0000000000
94938  -48.001  13.372  35.096 0.0000000000
94939  -49.133  13.390  35.422 0.0000000000
94950  -48.716  13.469  34.431 0.0000000000
94972  -49.572  13.758  32.620 0.0000000000
129428  -47.972  13.909  32.187 0.0000000000
95744  -47.923  14.582  30.679 0.0000000000
95721  -47.170  14.192  32.365 0.0000000000
101150  -47.506  21.113  31.022 0.0000000000
100388  -46.738  20.597  30.595 0.0000000000
100380  -45.702  20.930  31.936 0.0000000000
99529  -44.338  20.367  32.183 0.0000000000
101142  -45.346  21.352  32.844 0.0000000000
86706  -46.334  3.238  40.610 0.0000000000
86718  -47.327  3.073  39.188 0.0000000000
87694  -46.546  4.340  39.479 0.0000000000
90291  -46.645  7.220  39.398 0.0000000000
89495  -46.850  6.517  39.096 0.0000000000
90301  -47.607  7.376  38.412 0.0000000000
90311  -48.217  7.481  37.418 0.0000000000
91104  -47.812  8.130  38.641 0.0000000000
124257  -53.077  14.039  45.131 0.0000000000
95647  -52.686  14.127  43.549 0.0000000000
95639  -50.792  14.506  44.421 0.0000000000
96458  -47.351  15.529  42.305 0.0000000000
95650  -47.722  14.793  42.045 0.0000000000
95663  -46.871  14.860  40.698 0.0000000000
94905  -46.742  14.078  38.483 0.0000000000
96484  -45.910  15.210  38.561 0.0000000000
96498  -45.592  15.318  36.362 0.0000000000
97261  -45.796  16.052  38.350 0.0000000000
133531  -48.708  18.925  37.695 0.0000000000
98761  -47.305  18.332  36.097 0.0000000000
98774  -48.601  19.132  35.128 0.0000000000
99522  -49.221  20.095  32.777 0.0000000000
99512  -50.438  19.875  34.028 0.0000000000
89579  -50.605  7.122  27.689 0.0000000000
92633  -39.417  10.823  46.033 0.0000000000
93413  -41.540  11.824  45.312 0.0000000000
93408  -40.690  11.725  46.705 0.0000000000
92628  -43.480  11.063  49.083 0.0000000000
94142  -44.085  12.349  47.396 0.0000000000
94133  -44.971  12.290  47.726 0.0000000000
146372  -46.420  12.635  47.065 0.0000000000
94135  -46.518  12.204  48.508 0.0000000000
92603  -47.393  10.792  51.548 0.0000000000
94137  -48.761  12.607  49.116 0.0000000000
140486  -49.835  12.969  48.994 0.0000000000
94844  -51.758  13.395  48.490 0.0000000000
94837  -52.196  13.452  49.533 0.0000000000
87682  -54.504  4.874  40.154 0.0000000000
88626  -54.373  5.515  41.432 0.0000000000
125495  -51.974  5.545  44.980 0.0000000000
124597  -51.011  4.625  44.343 0.0000000000
86684  -51.032  4.008  43.386 0.0000000000
86683  -49.345  3.388  43.539 0.0000000000
85761  -48.997  2.815  42.901 0.0000000000
86670  -47.987  3.577  44.231 0.0000000000
86660  -44.994  3.927  45.183 0.0000000000
86669  -45.590  3.680  44.566 0.0000000000
86667  -43.894  3.640  44.173 0.0000000000
84073  -46.637  0.558  49.422 0.0000000000
129574  -48.942  1.487  53.670 0.0000000000
85696  -47.186  2.809  52.315 0.0000000000
86597  -47.594  3.432  51.850 0.0000000000
86604  -46.360  3.531  50.696 0.0000000000
87575  -45.657  4.203  49.213 0.0000000000
86614  -44.471  3.465  49.579 0.0000000000
90264  -38.557  7.703  45.323 0.0000000000
88595  -38.116  6.135  45.674 0.0000000000
86784  -56.889  3.819  31.339 0.0000000000
127501  -49.254  3.531  36.111 0.0000000000
86763  -50.525  3.628  35.328 0.0000000000
86773  -49.930  4.045  34.828 0.0000000000
88719  -51.336  5.864  31.435 0.0000000000
87771  -51.763  5.016  31.960 0.0000000000
88720  -52.696  5.545  30.649 0.0000000000
88727  -55.852  5.290  29.542 0.0000000000
88733  -55.235  6.009  29.016 0.0000000000
140980  -55.766  6.318  27.671 0.0000000000
89562  -55.119  6.865  28.278 0.0000000000
92755  -53.241  10.451  29.181 0.0000000000
91987  -53.820  9.418  27.687 0.0000000000
140761  -53.542  9.971  27.585 0.0000000000
128703  -53.190  10.015  27.171 0.0000000000
93540  -53.306  11.303  27.239 0.0000000000
93428  -44.567  11.248  43.192 0.0000000000
92648  -44.522  10.619  42.580 0.0000000000
93437  -45.952  11.252  42.755 0.0000000000
92660  -49.471  10.632  41.151 0.0000000000
92665  -48.866  10.300  40.567 0.0000000000
92670  -49.950  10.251  39.625 0.0000000000
91902  -49.505  9.570  38.364 0.0000000000
92677  -50.774  10.511  38.454 0.0000000000
94875  -52.386  13.868  41.485 0.0000000000
149424  -53.576  13.001  41.369 0.0000000000
94886  -52.777  13.594  40.180 0.0000000000
125804  -52.534  13.340  35.833 0.0000000000
94228  -53.127  13.159  37.267 0.0000000000
94234  -52.907  13.017  35.746 0.0000000000
93479  -52.215  11.571  35.810 0.0000000000
142458  -52.751  12.177  34.638 0.0000000000
93500  -52.824  12.391  33.962 0.0000000000
94244  -52.887  12.919  33.542 0.0000000000
95747  -50.951  14.733  30.059 0.0000000000
95736  -52.144  14.195  30.716 0.0000000000
95761  -51.845  15.003  28.910 0.0000000000
95023  -51.749  13.990  27.793 0.0000000000
95779  -50.842  14.879  27.605 0.0000000000
94999  -49.596  13.617  28.368 0.0000000000
95022  -49.103  15.041  27.446 0.0000000000
96550  -45.915  15.682  26.816 0.0000000000
95020  -46.736  14.670  26.570 0.0000000000
97292  -45.459  16.985  32.952 0.0000000000
137160  -45.417  16.309  31.716 0.0000000000
98059  -45.443  17.158  31.881 0.0000000000
123757  -44.460  18.798  29.294 0.0000000000
98811  -45.078  18.856  28.559 0.0000000000
98066  -44.077  17.920  29.171 0.0000000000
96536  -43.191  16.111  29.210 0.0000000000
96530  -42.859  15.994  30.440 0.0000000000
142936  -42.388  15.090  31.820 0.0000000000
97296  -42.777  16.763  32.111 0.0000000000
98779  -42.158  18.840  33.703 0.0000000000
97286  -42.494  17.098  33.825 0.0000000000
146856  -42.174  17.369  34.311 0.0000000000
97280  -41.708  16.770  35.177 0.0000000000
87669  -44.149  4.619  41.591 0.0000000000
88635  -45.620  5.307  40.151 0.0000000000
89474  -44.481  6.151  40.922 0.0000000000
90281  -45.361  7.537  40.442 0.0000000000
129526  -45.586  8.407  40.481 0.0000000000
95638  -49.696  14.945  44.691 0.0000000000
140613  -48.669  16.055  44.634 0.0000000000
97990  -47.668  16.854  42.958 0.0000000000
97238  -46.924  16.601  41.753 0.0000000000
98009  -46.906  17.484  39.320 0.0000000000
98730  -47.505  17.842  40.631 0.0000000000
98740  -48.350  18.547  39.369 0.0000000000
88740  -52.120  5.710  28.337 0.0000000000
91851  -39.507  9.518  49.058 0.0000000000
92631  -40.388  11.018  48.263 0.0000000000
92625  -40.846  10.401  49.011 0.0000000000
88598  -49.092  5.260  46.120 0.0000000000
87633  -47.778  4.628  45.566 0.0000000000
87619  -47.271  5.107  46.227 0.0000000000
125396  -46.370  5.073  46.379 0.0000000000
146818  -44.847  4.505  46.328 0.0000000000
83231  -47.852  -0.786  52.634 0.0000000000
146219  -44.558  1.570  51.699 0.0000000000
86623  -38.448  3.227  47.994 0.0000000000
87596  -37.167  4.377  47.222 0.0000000000
86622  -37.433  3.283  48.248 0.0000000000
128343  -36.464  3.443  48.650 0.0000000000
88692  -48.593  5.726  35.013 0.0000000000
125730  -49.401  5.259  34.182 0.0000000000
89533  -49.513  6.619  33.289 0.0000000000
89541  -50.462  6.828  31.987 0.0000000000
90351  -51.566  7.434  30.695 0.0000000000
90352  -52.422  7.514  29.834 0.0000000000
136754  -51.794  8.283  30.366 0.0000000000
92746  -52.149  9.779  30.395 0.0000000000
92741  -52.390  11.164  31.293 0.0000000000
93420  -46.871  11.789  44.153 0.0000000000
93438  -46.852  11.214  42.779 0.0000000000
93432  -48.280  11.491  43.487 0.0000000000
92653  -49.326  10.951  42.065 0.0000000000
93448  -50.775  11.038  41.155 0.0000000000
94908  -49.697  13.355  38.545 0.0000000000
94910  -51.563  13.464  38.544 0.0000000000
94929  -50.335  13.458  36.816 0.0000000000
94940  -50.514  13.446  35.948 0.0000000000
94952  -50.887  13.423  34.523 0.0000000000
94965  -52.177  13.561  33.469 0.0000000000
94964  -50.372  13.661  33.187 0.0000000000
95733  -50.019  14.408  31.158 0.0000000000
95758  -49.618  15.218  29.146 0.0000000000
134808  -49.282  15.366  28.138 0.0000000000
95757  -48.058  14.956  29.354 0.0000000000
96539  -47.269  15.203  28.477 0.0000000000
96537  -45.745  15.806  27.958 0.0000000000
138645  -47.195  20.046  31.117 0.0000000000
98800  -45.952  19.107  30.529 0.0000000000
99550  -46.325  20.170  29.887 0.0000000000
99548  -45.489  19.899  29.648 0.0000000000
99537  -44.139  19.500  31.162 0.0000000000
98058  -43.183  18.241  31.541 0.0000000000
99528  -43.733  19.868  32.233 0.0000000000
99519  -43.127  20.124  33.137 0.0000000000
100371  -42.595  20.306  33.849 0.0000000000
127925  -49.197  1.822  39.909 0.0000000000
85816  -50.246  2.197  38.666 0.0000000000
85814  -48.544  2.554  38.449 0.0000000000
86740  -48.440  3.305  37.404 0.0000000000
124057  -48.029  4.000  37.009 0.0000000000
136855  -46.511  5.097  39.367 0.0000000000
88658  -47.309  5.506  38.358 0.0000000000
87723  -47.846  5.567  36.729 0.0000000000
89516  -48.209  6.511  36.358 0.0000000000
90321  -48.550  7.439  36.010 0.0000000000
91131  -49.243  8.778  35.675 0.0000000000
94171  -52.426  12.850  45.298 0.0000000000
123020  -52.724  12.792  43.903 0.0000000000
94864  -53.111  13.565  43.870 0.0000000000
94869  -52.834  14.061  42.798 0.0000000000
94874  -51.263  13.834  41.648 0.0000000000
130497  -49.431  14.328  42.946 0.0000000000
95657  -49.025  14.002  41.685 0.0000000000
94883  -48.998  13.563  40.078 0.0000000000
94906  -47.907  13.600  38.850 0.0000000000
94918  -47.620  13.543  37.332 0.0000000000
94948  -46.610  13.923  35.040 0.0000000000
95712  -46.534  14.241  33.753 0.0000000000
95699  -46.029  14.491  35.283 0.0000000000
96503  -45.396  15.812  34.988 0.0000000000
98048  -45.690  17.537  33.916 0.0000000000
98036  -46.312  17.441  37.030 0.0000000000
98043  -46.343  17.820  35.328 0.0000000000
126412  -46.393  18.365  34.091 0.0000000000
99521  -48.201  19.757  32.557 0.0000000000
99531  -48.774  20.679  31.971 0.0000000000
126309  -48.476  21.426  32.085 0.0000000000
91868  -41.003  9.088  43.814 0.0000000000
91870  -42.227  9.769  43.230 0.0000000000
92640  -41.436  10.547  44.134 0.0000000000
93416  -42.671  11.623  44.390 0.0000000000
94174  -43.996  12.297  44.957 0.0000000000
94140  -42.361  12.291  47.093 0.0000000000
128773  -44.082  12.490  45.746 0.0000000000
94175  -45.482  12.212  44.887 0.0000000000
94167  -46.863  12.278  45.371 0.0000000000
94156  -47.784  12.546  46.262 0.0000000000
94170  -49.439  12.509  45.700 0.0000000000
93389  -45.956  11.393  49.597 0.0000000000
94126  -47.190  12.219  48.890 0.0000000000
123356  -49.499  12.920  47.285 0.0000000000
123037  -50.657  12.992  46.740 0.0000000000
94854  -52.062  13.240  46.680 0.0000000000
94855  -53.234  13.694  46.460 0.0000000000
94859  -53.517  14.104  46.514 0.0000000000
87696  -53.929  4.113  39.985 0.0000000000
86708  -52.515  2.990  40.263 0.0000000000
88609  -53.322  6.029  44.198 0.0000000000
88614  -53.730  5.933  43.413 0.0000000000
87663  -52.776  4.460  42.409 0.0000000000
130747  -51.577  3.036  41.557 0.0000000000
85790  -50.417  2.208  40.805 0.0000000000
137756  -48.945  2.161  41.576 0.0000000000
85776  -47.336  2.357  41.268 0.0000000000
85775  -46.492  2.650  41.760 0.0000000000
134605  -47.083  3.492  44.131 0.0000000000
85758  -45.938  2.812  43.102 0.0000000000
86697  -44.459  3.833  41.898 0.0000000000
87660  -43.260  4.638  42.503 0.0000000000
84907  -48.185  1.946  49.115 0.0000000000
84063  -48.648  0.390  52.704 0.0000000000
84898  -48.771  1.317  51.116 0.0000000000
85707  -49.931  2.276  51.399 0.0000000000
85698  -50.819  2.585  53.607 0.0000000000
87549  -49.626  3.992  53.158 0.0000000000
87566  -48.515  4.687  50.668 0.0000000000
87576  -46.464  4.373  49.340 0.0000000000
141488  -45.099  4.734  47.942 0.0000000000
131628  -43.793  4.366  47.174 0.0000000000
90268  -40.606  7.792  43.993 0.0000000000
91070  -39.577  8.551  44.743 0.0000000000
91861  -39.094  9.343  45.280 0.0000000000
91858  -38.158  9.846  46.779 0.0000000000
91855  -38.085  9.636  47.606 0.0000000000
131427  -56.881  2.218  31.399 0.0000000000
85894  -56.843  3.153  30.468 0.0000000000
85902  -56.276  3.492  29.688 0.0000000000
85836  -50.837  2.881  36.670 0.0000000000
86776  -52.342  3.912  34.954 0.0000000000
87759  -50.664  4.668  33.479 0.0000000000
87760  -51.920  4.553  32.819 0.0000000000
87773  -53.503  4.534  32.417 0.0000000000
87794  -56.131  4.763  30.183 0.0000000000
88728  -56.627  5.076  29.103 0.0000000000
86831  -56.372  4.791  28.594 0.0000000000
87818  -54.911  4.825  28.190 0.0000000000
88750  -54.981  6.358  27.361 0.0000000000
88749  -53.805  6.598  27.361 0.0000000000
139016  -54.489  8.164  28.143 0.0000000000
91184  -54.944  8.160  27.003 0.0000000000
90372  -52.837  8.083  27.222 0.0000000000
91190  -51.810  8.672  27.321 0.0000000000
131406  -50.841  9.251  27.506 0.0000000000
91994  -50.955  9.860  27.782 0.0000000000
91879  -43.980  9.201  41.717 0.0000000000
91881  -45.487  9.679  41.318 0.0000000000
91887  -46.702  9.397  40.470 0.0000000000
92658  -47.662  10.512  41.446 0.0000000000
91888  -47.533  9.581  40.279 0.0000000000
91892  -47.873  9.194  39.617 0.0000000000
91901  -48.840  9.185  38.653 0.0000000000
135886  -49.431  9.239  37.172 0.0000000000
91926  -50.390  9.830  36.055 0.0000000000
94188  -53.052  12.677  42.414 0.0000000000
146165  -52.150  11.789  40.917 0.0000000000
123822  -52.232  11.675  40.178 0.0000000000
94911  -52.996  13.289  38.660 0.0000000000
93462  -52.937  12.378  38.790 0.0000000000
92672  -51.518  11.058  38.899 0.0000000000
92688  -51.513  11.018  37.116 0.0000000000
129767  -51.032  10.416  35.991 0.0000000000
92718  -50.959  10.245  34.761 0.0000000000
92727  -51.584  10.702  33.734 0.0000000000
93515  -52.854  12.367  31.095 0.0000000000
94975  -52.518  13.533  32.265 0.0000000000
94275  -52.808  13.052  30.804 0.0000000000
94286  -53.195  12.520  29.087 0.0000000000
94293  -52.728  12.654  27.633 0.0000000000
93533  -51.983  12.205  27.412 0.0000000000
95778  -48.102  15.075  26.903 0.0000000000
95730  -45.884  14.919  32.044 0.0000000000
96531  -45.612  15.591  30.580 0.0000000000
97316  -45.268  16.743  28.120 0.0000000000
137428  -45.358  18.695  28.979 0.0000000000
98072  -45.005  18.229  28.337 0.0000000000
147417  -44.512  16.742  27.704 0.0000000000
125463  -43.500  15.546  28.379 0.0000000000
94993  -42.711  14.042  29.751 0.0000000000
94980  -41.923  13.378  30.816 0.0000000000
98052  -42.698  17.394  32.907 0.0000000000
96512  -42.384  15.553  33.205 0.0000000000
123990  -47.462  21.481  33.519 0.0000000000
100365  -46.610  21.239  34.360 0.0000000000
100363  -44.924  21.116  34.392 0.0000000000
100362  -43.156  20.682  34.636 0.0000000000
100361  -42.182  20.439  34.564 0.0000000000
90275  -42.226  7.806  42.510 0.0000000000
90276  -42.884  7.619  41.983 0.0000000000
91077  -42.030  8.549  42.784 0.0000000000
86821  -54.287  3.633  29.279 0.0000000000
88554  -49.824  5.942  49.654 0.0000000000
88544  -49.020  5.407  49.975 0.0000000000
88553  -48.507  5.404  49.128 0.0000000000
84894  -40.270  1.411  50.483 0.0000000000
140686  -51.724  2.471  39.157 0.0000000000
85818  -52.165  2.685  38.507 0.0000000000
85817  -51.253  2.408  38.527 0.0000000000
91137  -49.339  8.803  34.954 0.0000000000
91138  -49.730  8.903  34.097 0.0000000000
91952  -50.392  9.424  33.578 0.0000000000
91944  -50.326  9.646  34.395 0.0000000000
123690  -50.226  12.249  44.924 0.0000000000
94949  -47.268  13.619  34.731 0.0000000000
143729  -47.882  13.512  34.358 0.0000000000
94962  -48.242  13.577  33.644 0.0000000000
94970  -47.687  13.805  32.957 0.0000000000
95713  -46.900  14.130  33.075 0.0000000000
101144  -47.162  21.379  31.564 0.0000000000
101143  -46.314  21.365  32.198 0.0000000000
101137  -45.957  21.547  33.080 0.0000000000
87681  -46.111  3.984  40.133 0.0000000000
90292  -47.277  7.693  39.023 0.0000000000
91093  -47.523  8.482  39.274 0.0000000000
128250  -52.346  14.470  45.387 0.0000000000
95640  -52.310  14.302  44.487 0.0000000000
96461  -46.634  15.643  40.992 0.0000000000
95655  -47.110  15.177  41.517 0.0000000000
96468  -46.460  15.430  40.193 0.0000000000
125172  -46.423  14.580  39.007 0.0000000000
96477  -46.232  15.291  39.408 0.0000000000
133617  -45.682  15.507  37.872 0.0000000000
96476  -45.982  15.870  39.033 0.0000000000
131026  -48.437  18.805  36.689 0.0000000000
98763  -49.038  19.133  35.843 0.0000000000
99502  -49.666  19.434  34.952 0.0000000000
133797  -51.195  5.588  28.623 0.0000000000
88739  -50.371  5.827  28.608 0.0000000000
92630  -39.309  10.913  46.972 0.0000000000
93407  -39.953  11.343  46.380 0.0000000000
93400  -40.055  11.325  47.393 0.0000000000
93387  -44.335  11.339  48.934 0.0000000000
93405  -44.291  11.869  48.185 0.0000000000
93396  -45.079  11.799  48.517 0.0000000000
94134  -45.786  12.272  48.105 0.0000000000
93397  -45.853  11.781  48.877 0.0000000000
94130  -50.526  12.768  50.107 0.0000000000
132373  -51.068  13.170  49.324 0.0000000000
127662  -54.803  6.443  41.654 0.0000000000
146013  -54.810  6.151  41.161 0.0000000000
86673  -50.389  4.147  44.004 0.0000000000
86672  -49.691  3.900  44.161 0.0000000000
86671  -48.867  3.704  44.236 0.0000000000
87631  -44.518  4.183  45.788 0.0000000000
86659  -44.059  3.758  45.056 0.0000000000
131649  -43.424  3.776  44.703 0.0000000000
87630  -43.272  3.838  45.399 0.0000000000
84068  -46.999  0.115  50.449 0.0000000000
85695  -46.358  2.627  51.890 0.0000000000
86595  -45.931  3.047  51.200 0.0000000000
86596  -46.733  3.223  51.481 0.0000000000
86603  -45.572  3.332  50.481 0.0000000000
86615  -45.239  3.626  49.747 0.0000000000
86602  -44.800  3.160  50.290 0.0000000000
87626  -39.134  4.777  46.014 0.0000000000
88586  -38.231  5.325  46.052 0.0000000000
132598  -54.539  4.791  32.740 0.0000000000
86761  -48.739  4.099  35.849 0.0000000000
86762  -49.548  3.752  35.516 0.0000000000
87733  -49.187  4.371  35.102 0.0000000000
88725  -51.965  6.099  30.747 0.0000000000
88726  -53.673  5.687  29.923 0.0000000000
89556  -54.041  6.462  29.192 0.0000000000
90358  -53.808  7.311  28.850 0.0000000000
136214  -53.581  10.185  28.162 0.0000000000
92756  -53.428  11.081  28.707 0.0000000000
92761  -53.526  10.765  27.747 0.0000000000
93429  -45.392  11.552  43.450 0.0000000000
93436  -45.175  11.088  42.738 0.0000000000
92666  -49.710  10.423  40.388 0.0000000000
92671  -50.733  10.581  39.329 0.0000000000
142067  -52.331  13.717  40.709 0.0000000000
126655  -53.032  13.778  40.954 0.0000000000
123730  -51.768  13.615  40.053 0.0000000000
93490  -52.723  12.358  35.327 0.0000000000
94239  -52.944  12.849  34.703 0.0000000000
148133  -52.972  12.882  34.101 0.0000000000
94954  -52.707  13.172  34.075 0.0000000000
95759  -50.488  15.244  29.260 0.0000000000
95760  -51.251  15.222  29.154 0.0000000000
96543  -51.269  15.351  28.353 0.0000000000
96567  -51.100  15.190  27.739 0.0000000000
96566  -50.493  15.182  27.652 0.0000000000
129703  -50.031  15.055  27.546 0.0000000000
96565  -49.857  15.222  27.675 0.0000000000
95775  -45.912  15.078  26.317 0.0000000000
95774  -45.247  15.199  26.768 0.0000000000
96560  -45.056  15.936  26.909 0.0000000000
146660  -45.549  17.483  32.402 0.0000000000
125739  -45.622  18.063  31.740 0.0000000000
97309  -43.304  17.032  29.816 0.0000000000
97303  -42.928  16.849  30.993 0.0000000000
98057  -42.966  17.497  31.461 0.0000000000
98047  -42.161  17.939  34.073 0.0000000000
88625  -44.557  5.202  41.007 0.0000000000
89473  -43.805  6.488  41.374 0.0000000000
132121  -44.174  7.974  41.236 0.0000000000
90279  -44.495  7.206  40.939 0.0000000000
91083  -44.822  8.151  40.839 0.0000000000
96453  -49.154  15.750  45.013 0.0000000000
97233  -48.934  16.488  44.982 0.0000000000
97991  -48.145  17.714  43.014 0.0000000000
97989  -48.161  17.173  43.667 0.0000000000
97235  -47.207  16.293  42.374 0.0000000000
97994  -47.309  17.110  42.095 0.0000000000
97993  -47.001  17.214  41.185 0.0000000000
98722  -47.750  17.937  41.601 0.0000000000
98732  -48.916  18.876  40.703 0.0000000000
131013  -48.693  18.677  40.032 0.0000000000
98741  -49.083  18.923  39.292 0.0000000000
134519  -52.047  4.396  29.219 0.0000000000
87817  -52.866  5.030  28.557 0.0000000000
91852  -40.279  9.653  49.323 0.0000000000
88589  -48.641  5.567  46.759 0.0000000000
87620  -48.182  5.209  46.149 0.0000000000
88588  -47.740  5.477  46.779 0.0000000000
88573  -46.569  5.390  47.585 0.0000000000
88587  -46.859  5.426  46.880 0.0000000000
87618  -46.002  5.339  47.074 0.0000000000
137212  -45.497  4.847  46.551 0.0000000000
87600  -45.287  4.889  47.315 0.0000000000
85714  -40.161  2.315  49.236 0.0000000000
85726  -39.771  2.671  48.669 0.0000000000
86624  -39.392  3.130  48.106 0.0000000000
85724  -38.028  2.707  48.684 0.0000000000
85723  -37.104  2.780  48.911 0.0000000000
85722  -36.321  2.800  49.336 0.0000000000
89526  -48.705  6.495  34.635 0.0000000000
88693  -48.997  5.795  34.319 0.0000000000
128660  -48.864  7.145  34.288 0.0000000000
91152  -49.884  8.001  32.932 0.0000000000
90339  -50.115  7.511  32.502 0.0000000000
90345  -50.984  7.257  31.401 0.0000000000
91159  -51.119  8.240  31.304 0.0000000000
149513  -51.132  9.764  32.441 0.0000000000
91166  -51.555  9.265  30.929 0.0000000000
92740  -51.901  10.291  31.073 0.0000000000
137511  -51.874  10.742  31.803 0.0000000000
93421  -47.790  11.787  44.150 0.0000000000
93431  -47.332  11.489  43.469 0.0000000000
93434  -50.330  11.630  43.442 0.0000000000
146083  -49.608  11.319  42.863 0.0000000000
124806  -50.388  11.318  42.438 0.0000000000
93444  -50.168  10.919  41.619 0.0000000000
137320  -50.801  11.235  41.818 0.0000000000
125555  -49.477  13.383  37.631 0.0000000000
131560  -49.141  13.400  36.841 0.0000000000
148118  -49.869  13.415  35.700 0.0000000000
123963  -50.308  13.416  35.262 0.0000000000
141893  -51.728  13.576  35.456 0.0000000000
128178  -51.199  13.552  33.731 0.0000000000
140619  -50.279  13.519  33.906 0.0000000000
95722  -48.854  13.908  31.987 0.0000000000
95723  -49.807  14.142  31.819 0.0000000000
95746  -49.933  14.725  30.250 0.0000000000
95745  -48.909  14.815  29.924 0.0000000000
95743  -46.833  14.714  30.978 0.0000000000
95756  -46.991  14.905  29.882 0.0000000000
96538  -46.200  15.254  29.018 0.0000000000
98801  -46.609  19.791  30.553 0.0000000000
99540  -46.789  20.455  30.598 0.0000000000
100387  -45.990  20.661  30.818 0.0000000000
100395  -46.081  20.312  29.811 0.0000000000
100394  -45.346  20.255  30.512 0.0000000000
131219  -44.795  19.873  30.487 0.0000000000
99538  -44.508  20.070  31.377 0.0000000000
100378  -43.892  20.571  32.874 0.0000000000
100372  -43.481  20.689  33.681 0.0000000000
85788  -48.343  1.966  40.092 0.0000000000
85804  -49.517  2.014  39.191 0.0000000000
85803  -48.646  2.203  39.173 0.0000000000
87695  -47.031  3.903  38.995 0.0000000000
86728  -47.517  3.422  38.468 0.0000000000
86739  -47.730  3.763  37.729 0.0000000000
87693  -46.049  4.802  39.841 0.0000000000
88647  -46.207  5.606  39.653 0.0000000000
88666  -47.600  5.808  37.609 0.0000000000
89511  -47.896  6.612  37.282 0.0000000000
91123  -48.569  7.908  36.831 0.0000000000
91130  -48.885  8.382  36.191 0.0000000000
91124  -48.960  8.673  36.973 0.0000000000
94160  -53.042  13.525  45.507 0.0000000000
94181  -52.926  13.196  44.698 0.0000000000
95646  -51.319  14.291  43.684 0.0000000000
95653  -51.669  14.104  42.917 0.0000000000
94868  -52.013  14.005  42.225 0.0000000000
94867  -50.821  13.960  42.241 0.0000000000
95644  -48.996  14.904  44.052 0.0000000000
123060  -48.747  14.708  43.358 0.0000000000
126666  -47.630  14.441  41.171 0.0000000000
124792  -48.244  14.314  41.732 0.0000000000
95656  -48.421  14.028  41.238 0.0000000000
94872  -49.112  13.762  40.923 0.0000000000
94896  -48.851  13.427  39.180 0.0000000000
94882  -48.016  13.741  39.710 0.0000000000
126052  -46.483  14.175  37.773 0.0000000000
142069  -47.090  13.734  37.911 0.0000000000
94917  -46.870  13.801  37.176 0.0000000000
94937  -47.169  13.568  35.646 0.0000000000
94936  -46.447  14.008  35.713 0.0000000000
95692  -45.963  14.511  36.180 0.0000000000
97275  -45.590  16.235  36.604 0.0000000000
136302  -45.461  15.944  35.765 0.0000000000
97281  -45.461  16.481  35.227 0.0000000000
97287  -45.453  16.588  34.534 0.0000000000
98042  -45.694  17.224  35.040 0.0000000000
98017  -46.665  17.358  38.471 0.0000000000
98026  -46.832  17.717  37.695 0.0000000000
98773  -47.631  18.645  35.363 0.0000000000
98772  -46.904  18.255  35.568 0.0000000000
98780  -46.922  18.499  34.771 0.0000000000
98791  -47.254  19.114  33.647 0.0000000000
100381  -48.546  21.047  31.608 0.0000000000
100382  -49.308  21.057  32.207 0.0000000000
89578  -49.674  7.138  27.727 0.0000000000
91188  -49.789  8.169  27.668 0.0000000000
91864  -40.579  9.567  44.288 0.0000000000
91865  -41.200  9.876  43.932 0.0000000000
92639  -40.817  10.380  44.417 0.0000000000
123915  -41.959  11.591  44.676 0.0000000000
94173  -43.278  12.076  44.692 0.0000000000
94164  -43.303  12.413  45.458 0.0000000000
93393  -41.310  11.204  48.366 0.0000000000
139073  -41.839  11.726  47.742 0.0000000000
93403  -42.700  11.858  47.880 0.0000000000
145017  -43.595  12.523  46.900 0.0000000000
94153  -44.783  12.512  46.065 0.0000000000
94165  -44.723  12.363  45.291 0.0000000000
148489  -45.323  12.421  45.638 0.0000000000
94166  -46.114  12.406  45.656 0.0000000000
94144  -47.061  12.644  46.874 0.0000000000
94155  -46.951  12.491  46.035 0.0000000000
94169  -48.475  12.422  45.614 0.0000000000
94157  -48.749  12.673  46.533 0.0000000000
93380  -47.538  11.354  50.848 0.0000000000
93378  -46.237  11.136  50.266 0.0000000000
134892  -46.563  11.510  49.776 0.0000000000
93398  -46.533  11.803  49.212 0.0000000000
93390  -47.134  11.830  49.589 0.0000000000
94147  -49.808  13.057  48.081 0.0000000000
124082  -49.030  12.844  48.219 0.0000000000
123942  -51.591  12.853  45.926 0.0000000000
94849  -51.305  13.276  47.557 0.0000000000
94850  -52.709  13.535  47.580 0.0000000000
94851  -53.485  13.896  47.244 0.0000000000
96443  -53.526  14.339  47.185 0.0000000000
88636  -55.110  5.697  39.717 0.0000000000
87672  -53.947  4.634  40.901 0.0000000000
86701  -53.230  3.659  40.602 0.0000000000
86700  -52.436  3.333  41.146 0.0000000000
88601  -52.873  6.128  45.113 0.0000000000
88608  -52.521  5.509  44.352 0.0000000000
88613  -52.950  5.391  43.647 0.0000000000
87655  -53.393  5.267  42.794 0.0000000000
87654  -52.531  4.780  43.238 0.0000000000
86692  -50.561  3.384  42.770 0.0000000000
86693  -51.369  3.532  42.478 0.0000000000
86699  -50.830  2.974  42.083 0.0000000000
85780  -50.894  2.613  41.418 0.0000000000
85779  -50.257  2.563  41.699 0.0000000000
85778  -49.611  2.168  41.263 0.0000000000
85770  -49.500  2.568  42.140 0.0000000000
85760  -48.114  2.670  42.869 0.0000000000
85768  -47.730  2.339  42.118 0.0000000000
145538  -47.012  2.471  42.059 0.0000000000
85767  -46.428  2.628  42.470 0.0000000000
87643  -47.417  4.030  44.895 0.0000000000
86662  -46.495  3.863  44.789 0.0000000000
86679  -45.291  3.318  43.712 0.0000000000
86690  -45.046  3.129  42.931 0.0000000000
135185  -44.892  3.343  42.291 0.0000000000
86689  -44.219  3.607  42.707 0.0000000000
87661  -43.831  4.221  42.223 0.0000000000
86688  -43.561  4.053  42.806 0.0000000000
87551  -51.803  4.519  53.771 0.0000000000
84910  -47.187  1.361  48.125 0.0000000000
135750  -47.631  1.608  48.774 0.0000000000
84911  -47.995  1.837  47.991 0.0000000000
83221  -48.149  -0.161  53.416 0.0000000000
83232  -48.174  -0.060  52.175 0.0000000000
145689  -48.540  0.406  53.275 0.0000000000
84041  -49.313  1.586  53.563 0.0000000000
84053  -49.013  0.960  53.170 0.0000000000
84878  -49.557  1.451  53.040 0.0000000000
84888  -49.462  1.631  51.826 0.0000000000
85697  -50.154  2.052  52.712 0.0000000000
85681  -50.524  2.633  54.114 0.0000000000
86598  -48.552  3.661  52.416 0.0000000000
87556  -48.053  4.039  51.293 0.0000000000
87557  -48.986  4.375  51.818 0.0000000000
87565  -47.647  4.347  50.340 0.0000000000
87577  -47.294  4.600  49.456 0.0000000000
87564  -46.830  4.045  50.100 0.0000000000
87585  -44.615  4.368  48.338 0.0000000000
87586  -45.339  4.541  48.497 0.0000000000
87599  -44.545  4.563  47.619 0.0000000000
149199  -40.016  5.723  44.872 0.0000000000
88605  -40.573  5.712  44.551 0.0000000000
140808  -40.116  6.355  44.538 0.0000000000
89455  -40.721  6.378  44.140 0.0000000000
89454  -40.327  7.069  44.216 0.0000000000
90267  -40.002  7.791  44.437 0.0000000000
91067  -38.828  8.475  45.242 0.0000000000
87609  -36.621  5.034  47.027 0.0000000000
88584  -36.795  5.716  46.630 0.0000000000
88571  -36.178  5.732  47.203 0.0000000000
91060  -37.133  8.553  48.170 0.0000000000
134402  -37.208  8.791  47.422 0.0000000000
91854  -37.561  9.087  47.849 0.0000000000
91850  -38.169  9.139  48.443 0.0000000000
85859  -56.907  2.922  31.717 0.0000000000
87786  -56.843  4.108  30.562 0.0000000000
86791  -56.908  3.686  30.484 0.0000000000
86807  -56.753  3.605  29.958 0.0000000000
87796  -56.752  4.126  29.801 0.0000000000
85825  -49.693  2.508  37.780 0.0000000000
85826  -50.747  2.536  37.628 0.0000000000
86774  -50.670  3.951  34.617 0.0000000000
148445  -51.190  3.551  35.469 0.0000000000
88703  -50.258  5.366  33.047 0.0000000000
87758  -49.923  4.966  33.788 0.0000000000
87782  -52.679  4.932  31.408 0.0000000000
87772  -52.662  4.590  32.204 0.0000000000
87774  -54.444  4.563  31.712 0.0000000000
87793  -54.662  4.770  30.758 0.0000000000
124393  -56.321  5.317  28.422 0.0000000000
88743  -56.274  5.387  28.100 0.0000000000
87819  -55.889  4.948  28.155 0.0000000000
89574  -55.475  6.828  27.513 0.0000000000
89582  -54.644  7.263  27.025 0.0000000000
138869  -52.454  8.359  29.688 0.0000000000
90357  -53.335  8.185  28.986 0.0000000000
91183  -54.346  8.674  27.235 0.0000000000
91191  -54.326  8.460  27.013 0.0000000000
90373  -54.278  7.832  26.912 0.0000000000
134312  -52.957  9.167  27.138 0.0000000000
92767  -52.512  10.656  27.006 0.0000000000
92001  -52.418  9.875  27.162 0.0000000000
92000  -51.643  9.911  27.347 0.0000000000
92766  -51.564  10.651  27.509 0.0000000000
91871  -42.920  10.008  42.920 0.0000000000
91875  -43.330  9.395  42.270 0.0000000000
92647  -43.690  10.273  42.675 0.0000000000
92655  -45.042  10.238  41.938 0.0000000000
91886  -45.887  9.196  40.690 0.0000000000
91882  -46.314  9.855  41.101 0.0000000000
93439  -47.791  11.209  42.787 0.0000000000
92651  -47.284  10.872  42.127 0.0000000000
91889  -48.354  9.768  40.082 0.0000000000
92664  -48.003  10.185  40.734 0.0000000000
91094  -48.186  8.828  38.975 0.0000000000
91903  -50.144  9.971  38.011 0.0000000000
91914  -49.629  9.516  37.685 0.0000000000
91925  -49.507  9.172  36.372 0.0000000000
94183  -53.210  13.070  43.115 0.0000000000
94187  -52.383  12.386  43.114 0.0000000000
93441  -52.701  12.291  41.541 0.0000000000
93450  -52.870  12.303  40.621 0.0000000000
93454  -52.914  12.293  39.745 0.0000000000
94920  -52.060  13.505  37.753 0.0000000000
145429  -52.471  13.423  38.376 0.0000000000
94921  -52.873  13.314  37.819 0.0000000000
94220  -53.205  12.904  37.512 0.0000000000
131467  -53.154  12.772  38.187 0.0000000000
93467  -52.876  12.373  37.898 0.0000000000
93461  -52.288  11.640  38.401 0.0000000000
92678  -51.489  11.048  37.992 0.0000000000
93466  -52.296  11.671  37.509 0.0000000000
92697  -51.561  10.944  36.280 0.0000000000
92708  -51.503  10.780  35.419 0.0000000000
92707  -50.843  10.203  35.491 0.0000000000
92719  -51.640  10.844  34.569 0.0000000000
143781  -51.246  10.459  34.264 0.0000000000
93506  -52.722  12.339  32.991 0.0000000000
93499  -52.348  11.533  33.311 0.0000000000
132393  -51.414  13.823  32.911 0.0000000000
94974  -52.164  13.810  32.609 0.0000000000
95725  -52.158  14.074  31.762 0.0000000000
95749  -52.227  14.385  29.617 0.0000000000
94988  -52.548  13.716  30.315 0.0000000000
94989  -52.865  13.092  29.792 0.0000000000
95002  -52.941  13.122  28.901 0.0000000000
134951  -53.080  12.618  28.159 0.0000000000
137843  -52.577  13.498  28.238 0.0000000000
94292  -51.702  13.133  27.769 0.0000000000
93532  -51.138  12.424  28.300 0.0000000000
137116  -51.358  11.510  27.957 0.0000000000
94285  -50.296  12.755  28.894 0.0000000000
96553  -48.535  15.223  27.401 0.0000000000
96564  -48.501  15.056  27.175 0.0000000000
96563  -47.858  15.099  26.792 0.0000000000
144436  -46.290  14.008  26.961 0.0000000000
128415  -46.929  13.947  27.263 0.0000000000
95711  -45.722  14.871  33.755 0.0000000000
128618  -46.230  14.514  33.178 0.0000000000
95719  -45.756  14.940  32.828 0.0000000000
97305  -45.316  16.942  30.834 0.0000000000
126149  -45.400  16.180  30.954 0.0000000000
97310  -45.322  16.564  29.740 0.0000000000
98806  -45.691  19.497  29.344 0.0000000000
98812  -45.303  19.195  28.980 0.0000000000
98071  -44.607  17.911  28.379 0.0000000000
98078  -44.807  17.262  27.938 0.0000000000
98077  -44.665  17.317  27.944 0.0000000000
97318  -43.921  16.625  28.065 0.0000000000
144971  -42.674  15.268  30.019 0.0000000000
95741  -42.429  14.464  30.186 0.0000000000
94986  -42.364  13.721  30.311 0.0000000000
95729  -41.859  14.015  30.761 0.0000000000
95718  -41.808  14.292  31.488 0.0000000000
95710  -42.100  14.793  32.578 0.0000000000
140456  -42.848  17.671  32.129 0.0000000000
96507  -42.401  15.962  34.058 0.0000000000
96506  -41.826  15.193  34.513 0.0000000000
100364  -45.780  21.029  34.750 0.0000000000
101128  -45.789  21.424  33.927 0.0000000000
100352  -44.156  20.698  35.190 0.0000000000
89468  -43.058  6.572  41.876 0.0000000000
91080  -43.544  8.418  41.692 0.0000000000
97987  -49.003  17.327  44.785 0.0000000000
98716  -48.601  17.938  43.579 0.0000000000
97995  -48.308  18.206  42.356 0.0000000000
98720  -49.049  18.736  42.511 0.0000000000
99449  -49.559  19.221  41.968 0.0000000000
99453  -49.512  19.272  41.101 0.0000000000
91050  -39.694  8.544  50.003 0.0000000000
91051  -40.314  8.721  50.072 0.0000000000
89410  -49.966  6.261  48.912 0.0000000000
88563  -48.565  5.654  48.280 0.0000000000
88575  -48.211  5.630  47.421 0.0000000000
124849  -47.792  5.561  47.984 0.0000000000
88562  -47.116  5.386  48.099 0.0000000000
85713  -39.376  2.253  49.223 0.0000000000
85712  -38.515  2.240  49.247 0.0000000000
84902  -38.934  1.724  49.766 0.0000000000
86731  -53.438  3.460  38.502 0.0000000000
86730  -52.876  3.113  38.112 0.0000000000
85828  -52.274  2.909  37.577 0.0000000000
90332  -49.241  7.307  33.710 0.0000000000
143178  -49.570  8.066  33.540 0.0000000000
91153  -50.282  8.275  32.522 0.0000000000
91158  -50.682  8.523  32.037 0.0000000000
91960  -50.610  9.122  32.668 0.0000000000
93422  -48.732  11.777  44.190 0.0000000000
93423  -49.710  11.808  44.208 0.0000000000
93435  -51.294  11.796  42.914 0.0000000000
137480  -48.245  13.414  36.740 0.0000000000
94927  -48.835  13.378  36.227 0.0000000000
142145  -48.111  13.384  35.956 0.0000000000
94963  -49.340  13.562  33.580 0.0000000000
94971  -48.591  13.684  32.813 0.0000000000
140753  -48.233  14.222  31.537 0.0000000000
127439  -47.453  14.349  31.617 0.0000000000
95731  -46.580  14.581  31.822 0.0000000000
100389  -47.569  20.848  30.954 0.0000000000
101149  -46.679  21.107  31.211 0.0000000000
100379  -44.748  20.860  32.541 0.0000000000
85786  -46.953  2.741  40.468 0.0000000000
85802  -47.800  2.440  39.520 0.0000000000
85801  -47.251  2.759  39.835 0.0000000000
86717  -46.750  3.417  39.778 0.0000000000
90290  -45.920  6.964  39.964 0.0000000000
89494  -46.386  6.380  39.528 0.0000000000
89496  -47.196  6.926  38.806 0.0000000000
90310  -47.854  7.164  37.874 0.0000000000
90302  -48.077  7.812  38.035 0.0000000000
95641  -53.049  13.931  44.191 0.0000000000
96459  -47.900  15.079  42.915 0.0000000000
95664  -47.358  14.262  40.224 0.0000000000
95674  -47.109  14.019  39.266 0.0000000000
95685  -45.859  14.791  37.680 0.0000000000
95691  -45.765  14.819  36.894 0.0000000000
96491  -45.634  15.427  37.157 0.0000000000
97276  -45.814  16.839  37.112 0.0000000000
131012  -47.988  18.466  38.392 0.0000000000
98753  -47.681  18.372  37.479 0.0000000000
98762  -47.702  18.464  36.615 0.0000000000
126336  -48.141  18.705  35.953 0.0000000000
132821  -49.273  19.545  33.923 0.0000000000
99523  -50.197  20.520  33.079 0.0000000000
89571  -49.982  6.560  28.090 0.0000000000
92635  -39.746  10.535  45.331 0.0000000000
92636  -40.386  10.867  45.002 0.0000000000
93411  -39.989  11.087  45.640 0.0000000000
93412  -40.674  11.517  45.641 0.0000000000
93409  -41.294  12.040  46.135 0.0000000000
93395  -43.044  11.440  48.493 0.0000000000
93404  -43.514  11.911  48.001 0.0000000000
142090  -46.293  12.576  46.532 0.0000000000
94143  -45.765  12.558  47.198 0.0000000000
131670  -46.604  12.529  47.651 0.0000000000
93391  -47.739  11.829  50.145 0.0000000000
94127  -47.869  12.271  49.351 0.0000000000
94128  -48.545  12.254  50.001 0.0000000000
94138  -50.624  13.228  48.337 0.0000000000
87673  -54.812  5.777  40.619 0.0000000000
87664  -53.629  4.887  41.887 0.0000000000
88607  -51.341  5.153  44.894 0.0000000000
127904  -51.770  4.617  43.676 0.0000000000
128112  -50.147  3.635  43.473 0.0000000000
86691  -49.796  3.137  42.855 0.0000000000
86682  -48.501  3.199  43.553 0.0000000000
86681  -47.610  3.065  43.502 0.0000000000
86661  -45.850  4.214  45.342 0.0000000000
86668  -44.706  3.594  44.377 0.0000000000
86677  -43.672  3.771  43.388 0.0000000000
87642  -43.191  3.915  44.024 0.0000000000
133136  -46.342  1.479  52.625 0.0000000000
84871  -48.127  0.975  53.684 0.0000000000
85686  -46.871  2.080  52.705 0.0000000000
85687  -47.744  2.359  53.159 0.0000000000
149182  -48.559  2.494  53.520 0.0000000000
86588  -49.213  3.089  53.722 0.0000000000
86587  -48.086  3.011  52.837 0.0000000000
86616  -46.029  3.795  49.904 0.0000000000
87574  -44.906  3.996  49.043 0.0000000000
86629  -44.152  3.798  48.839 0.0000000000
87627  -40.103  4.656  45.720 0.0000000000
88597  -39.659  5.338  45.370 0.0000000000
134582  -39.419  6.209  44.987 0.0000000000
89446  -38.985  6.991  45.047 0.0000000000
147848  -38.751  6.387  45.337 0.0000000000
89445  -38.253  6.947  45.492 0.0000000000
89444  -37.405  6.864  45.987 0.0000000000
126986  -56.577  4.236  31.453 0.0000000000
87785  -56.333  4.402  30.861 0.0000000000
86753  -49.447  3.188  36.593 0.0000000000
123599  -50.081  3.249  36.142 0.0000000000
88718  -50.729  6.102  31.821 0.0000000000
88711  -50.947  5.517  32.122 0.0000000000
140898  -52.038  5.480  31.242 0.0000000000
87792  -53.532  4.995  30.747 0.0000000000
138747  -54.538  5.292  30.053 0.0000000000
88744  -56.237  5.752  27.937 0.0000000000
89563  -55.935  6.383  28.059 0.0000000000
90364  -55.092  7.618  27.630 0.0000000000
91976  -52.725  9.722  29.614 0.0000000000
91175  -54.172  8.855  28.021 0.0000000000
91986  -53.496  9.615  28.623 0.0000000000
91995  -53.621  9.456  27.366 0.0000000000
92769  -53.337  10.371  27.283 0.0000000000
92768  -53.139  11.012  26.929 0.0000000000
93539  -53.074  11.665  26.948 0.0000000000
92645  -43.980  10.853  43.066 0.0000000000
92649  -45.591  10.758  42.270 0.0000000000
92659  -48.587  10.585  41.339 0.0000000000
91890  -49.159  9.988  39.850 0.0000000000
91894  -49.379  9.716  39.129 0.0000000000
91895  -50.078  10.081  38.836 0.0000000000
94876  -53.173  13.752  41.767 0.0000000000
94192  -53.481  13.244  41.675 0.0000000000
134504  -53.301  13.513  41.155 0.0000000000
94887  -53.231  13.425  40.469 0.0000000000
94203  -53.427  13.116  39.939 0.0000000000
131321  -52.268  13.566  36.347 0.0000000000
129848  -52.648  13.470  37.069 0.0000000000
94931  -52.885  13.205  36.512 0.0000000000
94227  -53.160  12.987  36.712 0.0000000000
93473  -52.276  11.654  36.656 0.0000000000
93480  -52.734  12.467  36.211 0.0000000000
93489  -52.314  11.517  34.210 0.0000000000
94252  -52.801  12.989  32.670 0.0000000000
95735  -51.533  14.369  31.033 0.0000000000
95748  -51.698  14.621  29.878 0.0000000000
95762  -52.223  14.439  28.586 0.0000000000
95024  -52.029  14.282  27.905 0.0000000000
95769  -51.746  14.988  28.079 0.0000000000
95013  -51.013  14.058  27.897 0.0000000000
95000  -50.409  13.628  28.217 0.0000000000
95012  -49.947  14.599  27.733 0.0000000000
96562  -46.850  15.192  26.572 0.0000000000
95777  -47.234  15.069  26.549 0.0000000000
95776  -46.490  15.066  26.334 0.0000000000
95019  -46.077  14.569  26.481 0.0000000000
96517  -45.544  15.584  32.308 0.0000000000
97297  -45.435  16.386  32.451 0.0000000000
98805  -45.273  19.301  29.168 0.0000000000
96523  -42.696  15.859  31.491 0.0000000000
140927  -42.597  18.892  33.143 0.0000000000
125577  -42.533  18.065  33.393 0.0000000000
97285  -42.170  16.770  34.521 0.0000000000
87670  -44.899  4.296  41.131 0.0000000000
87680  -45.528  4.498  40.436 0.0000000000
139533  -45.125  5.729  40.539 0.0000000000
89483  -45.216  6.634  40.480 0.0000000000
90282  -46.079  7.834  39.951 0.0000000000
91085  -46.347  8.657  40.151 0.0000000000
95634  -49.906  15.515  45.493 0.0000000000
96452  -48.838  15.456  44.397 0.0000000000
140277  -48.360  15.968  44.213 0.0000000000
97232  -48.465  16.684  44.336 0.0000000000
97234  -47.997  16.314  43.709 0.0000000000
96455  -47.631  15.870  43.066 0.0000000000
96462  -46.819  15.930  41.761 0.0000000000
97237  -46.668  16.426  41.148 0.0000000000
133228  -46.535  16.817  39.882 0.0000000000
147666  -46.667  16.852  40.592 0.0000000000
98002  -46.932  17.355  40.274 0.0000000000
143348  -47.380  17.807  39.898 0.0000000000
98731  -48.233  18.402  40.758 0.0000000000
133409  -47.948  18.264  39.995 0.0000000000
140363  -48.143  18.500  38.904 0.0000000000
98747  -48.600  18.743  38.683 0.0000000000
98754  -49.728  19.384  37.567 0.0000000000
139024  -40.042  10.337  48.794 0.0000000000
92626  -41.795  10.665  48.949 0.0000000000
92616  -40.877  9.360  49.663 0.0000000000
92617  -41.462  9.982  49.470 0.0000000000
92627  -42.630  10.879  48.989 0.0000000000
88599  -49.977  5.384  46.036 0.0000000000
87634  -48.705  4.709  45.532 0.0000000000
87644  -48.333  4.166  44.887 0.0000000000
133551  -45.948  4.685  45.943 0.0000000000
87617  -44.152  4.333  46.414 0.0000000000
83236  -47.431  -0.334  51.527 0.0000000000
83228  -47.826  -0.867  53.255 0.0000000000
83220  -47.824  -0.544  53.436 0.0000000000
84052  -46.463  0.559  53.010 0.0000000000
84875  -45.482  1.314  52.315 0.0000000000
84886  -45.274  1.947  51.779 0.0000000000
132076  -38.473  3.731  47.373 0.0000000000
87597  -38.049  4.228  46.980 0.0000000000
86636  -37.718  3.753  47.564 0.0000000000
86635  -36.844  3.879  47.854 0.0000000000
86634  -36.117  4.151  48.229 0.0000000000
87744  -48.982  5.099  34.702 0.0000000000
88702  -49.516  5.767  33.603 0.0000000000
88709  -49.835  6.050  32.931 0.0000000000
89540  -49.959  6.716  32.668 0.0000000000
89547  -50.955  6.536  31.509 0.0000000000
89548  -51.418  6.643  31.015 0.0000000000
89554  -51.979  6.809  30.442 0.0000000000
91167  -52.178  9.043  29.996 0.0000000000
92747  -52.603  10.633  30.296 0.0000000000
93430  -46.389  11.530  43.453 0.0000000000
147450  -48.752  11.225  42.808 0.0000000000
92661  -50.162  10.701  40.927 0.0000000000
94897  -49.970  13.408  39.501 0.0000000000
124699  -51.146  13.480  39.352 0.0000000000
94909  -50.595  13.397  38.760 0.0000000000
125377  -50.752  13.401  37.863 0.0000000000
94928  -49.620  13.405  36.159 0.0000000000
123775  -51.354  13.552  36.310 0.0000000000
94953  -52.072  13.522  34.390 0.0000000000
94973  -50.588  14.000  32.379 0.0000000000
95724  -50.713  14.325  31.599 0.0000000000
95734  -50.631  14.499  30.854 0.0000000000
141523  -49.841  15.412  27.906 0.0000000000
145537  -48.883  15.164  28.906 0.0000000000
96540  -48.370  15.329  28.138 0.0000000000
96551  -46.559  15.499  27.498 0.0000000000
98789  -46.311  18.945  31.771 0.0000000000
99539  -46.288  20.076  29.699 0.0000000000
99547  -44.639  19.426  30.007 0.0000000000
98799  -43.850  18.830  30.732 0.0000000000
98795  -43.409  19.057  31.847 0.0000000000
98788  -43.021  19.371  32.738 0.0000000000
99518  -42.533  19.610  33.452 0.0000000000
99510  -41.845  19.745  34.077 0.0000000000
85805  -50.163  1.893  39.773 0.0000000000
85815  -49.243  2.309  38.495 0.0000000000
85824  -48.842  2.677  37.857 0.0000000000
85813  -47.925  2.700  38.755 0.0000000000
86741  -49.168  2.947  37.184 0.0000000000
86752  -48.743  3.572  36.623 0.0000000000
126981  -48.317  4.210  36.455 0.0000000000
127089  -48.228  4.842  36.141 0.0000000000
87703  -46.925  4.850  38.907 0.0000000000
88648  -46.806  5.766  39.089 0.0000000000
87713  -47.598  4.801  37.469 0.0000000000
145810  -47.917  4.688  36.726 0.0000000000
88681  -48.274  5.688  35.837 0.0000000000
89521  -48.457  6.529  35.467 0.0000000000
90316  -48.303  7.188  36.803 0.0000000000
90322  -48.841  8.181  35.344 0.0000000000
91936  -49.758  9.301  35.508 0.0000000000
124135  -51.323  12.487  45.186 0.0000000000
94180  -52.123  12.525  44.584 0.0000000000
94184  -53.249  13.476  42.916 0.0000000000
94863  -53.104  13.847  43.292 0.0000000000
94870  -53.166  13.814  42.549 0.0000000000
146231  -52.893  14.014  42.187 0.0000000000
94885  -51.191  13.667  40.843 0.0000000000
95645  -49.842  14.472  43.760 0.0000000000
95651  -48.627  14.423  42.436 0.0000000000
95652  -49.713  14.055  42.277 0.0000000000
94873  -50.131  13.790  41.440 0.0000000000
94884  -49.990  13.578  40.475 0.0000000000
94907  -48.659  13.395  38.292 0.0000000000
149331  -47.288  13.759  38.530 0.0000000000
128267  -47.791  13.516  38.076 0.0000000000
94926  -47.419  13.553  36.554 0.0000000000
94960  -46.774  13.932  34.365 0.0000000000
95706  -46.191  14.425  34.492 0.0000000000
95705  -45.583  15.030  34.704 0.0000000000
95698  -45.575  15.148  35.549 0.0000000000
96508  -45.434  15.761  34.158 0.0000000000
131166  -45.440  16.551  33.770 0.0000000000
128718  -46.312  16.637  38.958 0.0000000000
97262  -46.169  16.907  37.891 0.0000000000
98035  -45.849  17.141  36.429 0.0000000000
98037  -47.011  18.082  36.857 0.0000000000
125406  -46.505  17.784  36.155 0.0000000000
142407  -45.943  17.351  35.755 0.0000000000
98049  -46.170  17.873  34.651 0.0000000000
98790  -46.377  18.524  33.160 0.0000000000
99520  -47.209  19.433  32.314 0.0000000000
99530  -47.961  20.341  31.526 0.0000000000
99511  -48.381  19.488  33.472 0.0000000000
99542  -48.153  20.907  31.232 0.0000000000
100390  -48.119  21.062  31.247 0.0000000000
101145  -47.912  21.381  31.626 0.0000000000
142882  -47.804  21.563  32.500 0.0000000000
91074  -41.456  8.616  43.363 0.0000000000
91075  -41.930  9.145  43.093 0.0000000000
91869  -41.599  9.459  43.496 0.0000000000
92642  -41.835  10.224  43.668 0.0000000000
92643  -42.569  10.487  43.482 0.0000000000
93415  -41.219  11.180  44.672 0.0000000000
93426  -42.066  11.028  44.049 0.0000000000
93427  -42.960  11.166  43.794 0.0000000000
134059  -43.815  11.351  43.632 0.0000000000
93418  -44.590  11.717  43.854 0.0000000000
143522  -45.210  11.931  44.164 0.0000000000
93401  -40.941  11.574  47.622 0.0000000000
93402  -41.462  12.043  46.996 0.0000000000
94151  -42.583  12.497  46.138 0.0000000000
94141  -43.214  12.297  47.372 0.0000000000
131668  -43.038  12.514  46.785 0.0000000000
94176  -46.428  12.112  44.840 0.0000000000
94177  -47.288  12.067  44.804 0.0000000000
94168  -47.587  12.346  45.493 0.0000000000
94136  -47.168  12.456  48.207 0.0000000000
141291  -47.536  12.620  47.589 0.0000000000
140504  -47.993  12.575  48.402 0.0000000000
94146  -48.450  12.755  47.488 0.0000000000
94158  -49.728  12.758  46.416 0.0000000000
123701  -50.455  12.636  45.816 0.0000000000
94159  -52.597  13.183  45.919 0.0000000000
94858  -53.396  13.902  45.884 0.0000000000
95631  -53.034  14.363  46.044 0.0000000000
95635  -51.690  14.961  46.005 0.0000000000
95632  -53.245  14.643  46.911 0.0000000000
124143  -54.569  4.741  39.409 0.0000000000
86719  -53.916  3.899  39.042 0.0000000000
123211  -53.214  3.332  39.622 0.0000000000
85807  -52.403  2.757  39.406 0.0000000000
85792  -51.728  2.454  39.986 0.0000000000
87662  -51.951  4.165  42.892 0.0000000000
86694  -52.215  3.711  42.042 0.0000000000
85791  -51.271  2.495  40.781 0.0000000000
128269  -50.947  2.160  40.131 0.0000000000
140071  -49.645  1.888  40.489 0.0000000000
137481  -48.020  1.891  40.797 0.0000000000
85769  -48.590  2.409  42.186 0.0000000000
85777  -48.204  2.031  41.453 0.0000000000
144689  -46.626  2.746  41.104 0.0000000000
134783  -45.976  3.031  41.372 0.0000000000
143741  -46.752  2.962  43.392 0.0000000000
86680  -46.189  3.379  43.938 0.0000000000
147014  -46.544  2.680  42.937 0.0000000000
85766  -45.660  2.883  42.239 0.0000000000
86698  -45.202  3.452  41.627 0.0000000000
87668  -43.588  4.860  41.937 0.0000000000
88619  -43.151  5.501  42.093 0.0000000000
88618  -42.495  6.015  42.534 0.0000000000
127840  -41.480  7.146  43.321 0.0000000000
88537  -50.615  5.360  51.884 0.0000000000
84914  -48.204  1.653  46.888 0.0000000000
85729  -48.690  2.411  48.525 0.0000000000
84069  -47.723  0.395  51.040 0.0000000000
84897  -48.086  1.044  50.551 0.0000000000
149255  -48.776  1.041  53.458 0.0000000000
84887  -48.976  1.072  52.264 0.0000000000
127183  -48.457  1.674  50.100 0.0000000000
85719  -48.855  2.292  49.617 0.0000000000
85720  -49.586  2.578  50.204 0.0000000000
86606  -50.400  2.892  50.885 0.0000000000
85708  -50.905  2.700  52.372 0.0000000000
86599  -51.524  3.270  53.587 0.0000000000
86589  -50.398  3.478  54.070 0.0000000000
86578  -51.437  3.762  54.053 0.0000000000
87550  -50.869  4.279  53.710 0.0000000000
87558  -50.112  4.690  52.483 0.0000000000
87567  -49.474  5.030  51.168 0.0000000000
87578  -48.124  4.915  49.680 0.0000000000
87588  -46.877  4.898  48.711 0.0000000000
87587  -46.091  4.723  48.623 0.0000000000
88572  -45.795  5.106  47.876 0.0000000000
138754  -44.694  4.626  46.903 0.0000000000
86613  -43.713  3.306  49.396 0.0000000000
86628  -43.350  3.592  48.686 0.0000000000
86641  -42.985  3.833  47.991 0.0000000000
86640  -42.192  3.535  47.735 0.0000000000
147079  -43.373  4.137  47.592 0.0000000000
87598  -42.841  3.980  47.181 0.0000000000
87616  -43.235  4.006  46.323 0.0000000000
89459  -40.908  7.075  43.774 0.0000000000
90271  -41.149  7.815  43.540 0.0000000000
91073  -40.907  8.386  43.777 0.0000000000
91071  -40.389  8.633  44.255 0.0000000000
91863  -39.880  9.371  44.686 0.0000000000
90265  -39.270  7.741  44.846 0.0000000000
144583  -39.560  9.941  45.086 0.0000000000
92632  -38.789  10.366  46.444 0.0000000000
92629  -38.679  10.298  47.378 0.0000000000
87610  -37.492  4.987  46.575 0.0000000000
88585  -37.464  5.875  46.158 0.0000000000
91857  -37.563  9.308  47.072 0.0000000000
92623  -38.729  9.761  48.283 0.0000000000
135359  -38.807  9.031  49.000 0.0000000000
91844  -39.262  8.648  49.696 0.0000000000
91058  -38.312  8.539  49.365 0.0000000000
91055  -38.675  8.387  50.007 0.0000000000
85032  -56.452  1.754  31.286 0.0000000000
85877  -57.019  3.072  30.998 0.0000000000
85876  -56.700  2.492  30.815 0.0000000000
85037  -55.871  2.119  30.797 0.0000000000
85893  -56.249  2.845  30.190 0.0000000000
85901  -55.577  3.082  29.816 0.0000000000
86822  -55.652  3.752  29.230 0.0000000000
85827  -51.578  2.811  37.108 0.0000000000
86755  -51.533  3.189  36.409 0.0000000000
86754  -51.004  3.316  35.941 0.0000000000
86764  -51.817  3.551  35.722 0.0000000000
86765  -52.800  3.809  35.730 0.0000000000
87745  -49.602  4.656  34.465 0.0000000000
87746  -50.326  4.390  34.182 0.0000000000
140886  -51.376  4.481  33.329 0.0000000000
87770  -51.051  4.909  32.716 0.0000000000
87761  -52.721  4.452  33.111 0.0000000000
87784  -55.383  4.598  31.110 0.0000000000
86823  -56.621  4.171  29.359 0.0000000000
87809  -55.231  4.324  28.630 0.0000000000
145208  -53.771  4.694  28.513 0.0000000000
88742  -55.830  5.624  27.801 0.0000000000
130444  -54.407  5.392  27.898 0.0000000000
88741  -53.454  5.882  27.782 0.0000000000
89573  -52.592  6.436  27.708 0.0000000000
90365  -55.161  7.711  27.108 0.0000000000
135354  -54.882  8.193  27.251 0.0000000000
90374  -55.053  7.918  26.970 0.0000000000
89581  -53.323  7.202  27.258 0.0000000000
89580  -51.908  7.139  27.569 0.0000000000
90371  -51.234  7.892  27.424 0.0000000000
91189  -50.667  8.591  27.470 0.0000000000
139094  -51.667  9.306  27.315 0.0000000000
91182  -50.118  8.716  27.726 0.0000000000
91874  -42.491  9.251  42.732 0.0000000000
91876  -44.184  9.886  42.091 0.0000000000
91880  -44.679  9.463  41.530 0.0000000000
91084  -45.104  8.961  40.966 0.0000000000
92650  -46.390  10.851  42.169 0.0000000000
92657  -46.775  10.432  41.552 0.0000000000
91883  -47.149  10.033  40.905 0.0000000000
91086  -47.103  8.935  39.851 0.0000000000
91105  -48.414  8.530  38.284 0.0000000000
91115  -49.023  9.003  37.801 0.0000000000
140745  -51.521  12.134  43.821 0.0000000000
93440  -52.031  12.027  42.313 0.0000000000
130399  -53.429  12.886  41.769 0.0000000000
93445  -51.559  11.560  41.538 0.0000000000
93449  -51.439  11.295  40.649 0.0000000000
92668  -51.468  11.133  39.784 0.0000000000
94898  -52.379  13.495  39.230 0.0000000000
94899  -53.117  13.337  39.586 0.0000000000
94213  -53.285  13.103  39.049 0.0000000000
94221  -53.193  13.087  38.142 0.0000000000
94212  -53.242  12.850  38.692 0.0000000000
94202  -53.274  12.787  39.403 0.0000000000
93453  -52.295  11.628  39.308 0.0000000000
92687  -50.796  10.449  37.563 0.0000000000
92696  -50.885  10.401  36.685 0.0000000000
91937  -50.368  9.747  35.184 0.0000000000
92726  -50.855  10.107  33.977 0.0000000000
92733  -51.629  10.622  32.636 0.0000000000
93523  -52.800  11.598  30.733 0.0000000000
93524  -53.115  11.965  30.270 0.0000000000
94966  -52.559  13.323  33.129 0.0000000000
94981  -52.503  13.652  31.343 0.0000000000
94262  -52.780  13.037  31.767 0.0000000000
94276  -53.045  12.469  30.128 0.0000000000
93529  -53.291  11.877  29.380 0.0000000000
93534  -53.394  11.769  28.147 0.0000000000
94297  -53.155  12.046  27.352 0.0000000000
93538  -52.687  11.905  27.045 0.0000000000
126277  -52.274  13.413  27.766 0.0000000000
94296  -52.374  12.662  27.534 0.0000000000
92760  -52.200  11.401  27.140 0.0000000000
96554  -49.163  15.200  27.618 0.0000000000
95021  -47.545  14.710  26.867 0.0000000000
95720  -46.381  14.514  32.548 0.0000000000
95742  -46.028  14.974  31.233 0.0000000000
96524  -45.590  15.559  31.507 0.0000000000
127223  -45.652  15.649  29.360 0.0000000000
97320  -45.203  16.334  27.260 0.0000000000
98063  -45.470  18.101  30.475 0.0000000000
145280  -45.068  18.816  28.455 0.0000000000
98073  -45.135  17.985  28.404 0.0000000000
97319  -44.969  16.594  27.351 0.0000000000
96549  -44.321  16.077  27.536 0.0000000000
95767  -43.910  14.965  27.829 0.0000000000
95755  -43.439  14.597  28.609 0.0000000000
95754  -42.934  14.826  29.343 0.0000000000
94994  -43.213  14.000  29.143 0.0000000000
97291  -42.586  16.414  33.128 0.0000000000
96502  -41.503  15.461  35.332 0.0000000000
132696  -50.332  19.483  36.791 0.0000000000
100375  -50.686  20.981  33.080 0.0000000000
101140  -50.014  21.092  32.637 0.0000000000
101139  -49.149  21.291  32.311 0.0000000000
123955  -48.514  21.557  32.798 0.0000000000
148386  -47.196  21.573  32.985 0.0000000000
100366  -47.444  21.212  34.399 0.0000000000
101129  -46.610  21.497  33.429 0.0000000000
101136  -45.247  21.399  33.529 0.0000000000
126717  -43.997  20.944  34.256 0.0000000000
83229  -48.343  -0.316  53.091 0.0000000000
83240  -46.211  -0.142  49.857 0.0000000000
84038  -47.529  0.419  53.477 0.0000000000
84039  -48.007  0.060  53.614 0.0000000000
84040  -48.388  0.651  53.520 0.0000000000
84070  -48.432  0.667  51.628 0.0000000000
84078  -47.106  1.213  49.042 0.0000000000
84877  -47.678  1.703  53.391 0.0000000000
85678  -48.482  1.806  53.636 0.0000000000
85679  -49.318  2.227  53.889 0.0000000000
85688  -50.054  2.046  53.687 0.0000000000
85706  -49.177  1.941  50.682 0.0000000000
85789  -48.820  1.835  40.793 0.0000000000
86576  -50.095  2.747  54.190 0.0000000000
86577  -50.817  3.145  54.204 0.0000000000
86590  -51.221  3.216  54.091 0.0000000000
86591  -51.793  3.705  53.937 0.0000000000
86707  -51.936  2.789  40.762 0.0000000000
86729  -48.131  3.009  38.072 0.0000000000
87552  -52.262  4.407  53.616 0.0000000000
87595  -36.403  4.545  47.606 0.0000000000
87646  -51.814  5.075  44.343 0.0000000000
87810  -56.605  4.730  29.127 0.0000000000
88620  -54.179  5.703  42.176 0.0000000000
88634  -45.103  4.990  40.616 0.0000000000
89475  -55.575  7.140  41.899 0.0000000000
89505  -47.160  6.255  38.702 0.0000000000
89527  -49.074  6.512  33.930 0.0000000000
89564  -56.049  6.158  27.834 0.0000000000
93417  -43.950  11.899  44.282 0.0000000000
94150  -41.878  12.304  46.429 0.0000000000
94152  -43.465  12.555  46.267 0.0000000000
94162  -41.887  12.272  45.810 0.0000000000
94191  -53.399  12.798  41.110 0.0000000000
94197  -53.546  13.124  40.873 0.0000000000
94856  -53.607  14.006  46.755 0.0000000000
94925  -46.627  13.870  36.394 0.0000000000
95673  -46.665  14.674  39.834 0.0000000000
95679  -46.247  14.537  38.316 0.0000000000
95773  -44.593  15.364  27.264 0.0000000000
95780  -51.469  14.784  27.800 0.0000000000
96542  -50.776  15.467  28.597 0.0000000000
96555  -50.535  15.459  27.936 0.0000000000
96561  -45.664  15.531  26.663 0.0000000000
97246  -46.465  16.229  40.425 0.0000000000
97269  -45.680  16.158  37.517 0.0000000000
98739  -47.663  18.183  39.206 0.0000000000
98810  -44.789  18.485  28.517 0.0000000000
99493  -49.936  19.363  35.651 0.0000000000
100374  -50.098  20.994  32.625 0.0000000000
101146  -48.625  21.159  31.756 0.0000000000
123240  -44.871  12.528  46.884 0.0000000000
130082  -52.901  12.130  27.141 0.0000000000
138764  -44.155  12.542  46.547 0.0000000000
139895  -44.655  12.119  44.544 0.0000000000
140371  -53.343  13.470  42.285 0.0000000000
141006  -53.372  3.394  39.028 0.0000000000
141607  -45.284  4.442  45.868 0.0000000000
145012  -43.737  11.509  48.529 0.0000000000
145773  -45.076  10.672  42.382 0.0000000000
146786  -50.635  5.411  32.553 0.0000000000
147569  -46.190  15.268  26.416 0.0000000000
149164  -43.343  11.627  44.146 0.0000000000
