#!ascii label  , from subject sub-v1s22x0050475_ses-1 vox2ras=TkReg
2200
8957  -36.661  -80.693  8.352 0.1000000015
7417  -35.649  -82.876  7.827 0.1000000015
7426  -34.367  -82.895  6.631 0.1000000015
6658  -35.087  -83.102  7.290 0.1000000015
6670  -34.968  -84.211  6.998 0.1000000015
6659  -35.775  -84.593  7.386 0.1000000015
5941  -34.606  -85.727  6.346 0.1000000015
133781  -35.084  -85.614  5.811 0.1000000015
5952  -35.829  -84.597  5.246 0.1000000015
5302  -34.585  -85.969  5.272 0.1000000015
5967  -35.282  -84.829  4.297 0.1000000015
6692  -35.960  -83.833  4.356 0.1000000015
125330  -35.274  -84.210  2.905 0.1000000015
5979  -34.192  -85.257  2.808 0.1000000015
8233  -35.345  -82.316  1.671 0.1000000015
146368  -34.763  -84.556  2.531 0.1000000015
6727  -34.955  -83.692  1.201 0.1000000015
5993  -35.100  -83.935  1.975 0.1000000015
8960  -39.071  -80.852  8.988 0.1000000015
8142  -36.407  -81.719  8.289 0.1000000015
8959  -38.555  -81.350  8.860 0.1000000015
7395  -36.293  -82.722  8.264 0.1000000015
7398  -38.345  -82.818  8.436 0.1000000015
7397  -37.849  -83.069  8.588 0.1000000015
7418  -36.415  -83.711  8.177 0.1000000015
6639  -37.988  -83.564  8.282 0.1000000015
5931  -35.703  -85.008  7.040 0.1000000015
6682  -37.392  -83.879  6.991 0.1000000015
5953  -36.271  -84.441  5.845 0.1000000015
6709  -35.657  -83.685  3.381 0.1000000015
12522  -32.675  -76.889  3.441 0.1000000015
9873  -32.568  -78.976  2.675 0.1000000015
9865  -33.095  -79.461  3.219 0.1000000015
9043  -33.688  -80.449  2.699 0.1000000015
9044  -34.423  -81.174  1.904 0.1000000015
8232  -34.926  -81.790  2.238 0.1000000015
8223  -35.360  -82.427  2.612 0.1000000015
7467  -35.696  -83.039  2.917 0.1000000015
7477  -35.462  -82.822  2.119 0.1000000015
6714  -35.427  -83.362  2.262 0.1000000015
10668  -40.220  -78.419  8.695 0.1000000015
9797  -41.313  -79.408  8.259 0.2000000030
10669  -41.122  -79.420  8.507 0.2000000030
136191  -39.861  -79.571  8.950 0.1000000015
9820  -41.357  -79.264  7.477 0.1000000015
145769  -40.840  -80.142  8.129 0.1000000015
9784  -40.259  -80.300  8.852 0.1000000015
8973  -40.229  -80.936  8.166 0.1000000015
8145  -39.724  -81.294  8.520 0.1000000015
16391  -38.670  -72.620  1.608 0.1000000015
14396  -38.364  -74.226  1.599 0.1000000015
8170  -39.397  -81.584  7.544 0.1000000015
133400  -38.704  -82.551  7.573 0.1000000015
6662  -37.976  -83.782  7.809 0.1000000015
147278  -38.787  -74.280  0.993 0.1000000015
14397  -38.602  -74.912  0.762 0.1000000015
13435  -38.161  -75.753  1.040 0.1000000015
12543  -37.121  -76.743  2.191 0.1000000015
12526  -36.663  -76.902  3.021 0.1000000015
12525  -35.535  -76.507  3.409 0.1000000015
8168  -38.305  -82.275  6.868 0.1000000015
7439  -37.278  -83.195  6.218 0.1000000015
6693  -36.377  -83.794  5.160 0.1000000015
12557  -37.423  -76.414  1.590 0.1000000015
13414  -36.481  -76.187  1.770 0.1000000015
12542  -36.041  -76.344  2.589 0.1000000015
12507  -34.277  -77.076  4.244 0.1000000015
11596  -34.438  -77.767  4.678 0.1000000015
10711  -35.558  -78.566  5.336 0.1000000015
9832  -34.251  -79.159  4.897 0.1000000015
7438  -36.715  -83.233  5.400 0.1000000015
7449  -36.233  -83.292  4.635 0.1000000015
13397  -35.021  -75.898  2.986 0.1000000015
12523  -33.443  -76.751  3.794 0.1000000015
11610  -33.651  -77.556  4.245 0.1000000015
9019  -34.739  -80.728  4.586 0.1000000015
8222  -34.843  -81.623  3.272 0.1000000015
9864  -32.759  -78.546  3.478 0.1000000015
9855  -33.441  -79.059  4.145 0.1000000015
9034  -33.611  -79.971  3.624 0.1000000015
144089  -34.404  -81.157  2.721 0.1000000015
126618  -35.540  -82.472  3.674 0.1000000015
7448  -35.860  -83.231  3.846 0.1000000015
10683  -41.966  -78.738  7.832 0.1000000015
10671  -42.474  -78.149  7.957 0.2000000030
142437  -41.969  -77.907  8.293 0.1000000015
12456  -42.045  -76.098  8.143 0.2000000030
10684  -42.468  -78.137  7.258 0.1000000015
126449  -38.757  -70.979  2.106 0.1000000015
8972  -39.818  -80.978  7.513 0.1000000015
8985  -39.275  -81.012  6.991 0.1000000015
8984  -38.380  -81.006  6.617 0.1000000015
12559  -38.123  -76.238  1.643 0.1000000015
12544  -37.861  -76.829  2.072 0.1000000015
11641  -37.690  -77.208  2.587 0.1000000015
11612  -36.142  -77.595  4.570 0.1000000015
10712  -36.630  -78.733  5.509 0.1000000015
133685  -35.822  -79.391  5.604 0.1000000015
8180  -36.270  -81.585  5.542 0.1000000015
8181  -36.889  -82.497  5.762 0.1000000015
8199  -35.076  -81.524  4.248 0.1000000015
139684  -35.976  -82.837  4.343 0.1000000015
14346  -43.828  -74.863  5.509 0.1000000015
13373  -44.371  -75.267  6.103 0.1000000015
13372  -43.240  -75.638  5.543 0.1000000015
12495  -43.494  -76.224  5.835 0.1000000015
13362  -44.032  -75.983  6.350 0.1000000015
13355  -44.405  -75.588  6.883 0.2000000030
13354  -44.096  -75.758  7.305 0.2000000030
11572  -43.003  -77.553  7.563 0.2000000030
13353  -43.685  -75.821  7.588 0.2000000030
13351  -42.769  -75.536  7.867 0.2000000030
11600  -42.145  -77.956  6.170 0.1000000015
11601  -42.435  -77.229  5.750 0.1000000015
10717  -41.443  -78.284  5.736 0.1000000015
9838  -40.439  -79.189  5.914 0.1000000015
17345  -38.338  -71.709  2.143 0.1000000015
16372  -37.259  -72.353  2.965 0.1000000015
15402  -37.001  -73.090  3.130 0.1000000015
132798  -36.966  -73.781  3.322 0.1000000015
122950  -41.098  -78.927  6.274 0.1000000015
9818  -39.131  -80.116  6.373 0.1000000015
18269  -39.196  -70.322  2.121 0.1000000015
18268  -38.476  -70.229  2.583 0.1000000015
15411  -38.113  -73.238  1.924 0.1000000015
15410  -37.564  -73.750  2.530 0.1000000015
13399  -38.295  -76.167  2.444 0.1000000015
12528  -38.424  -76.838  2.785 0.1000000015
11627  -38.254  -77.515  2.951 0.1000000015
10731  -38.680  -78.333  3.851 0.1000000015
143960  -38.258  -79.190  5.634 0.1000000015
9836  -39.001  -79.301  5.616 0.1000000015
19202  -39.831  -69.750  2.090 0.1000000015
11626  -37.282  -77.477  3.514 0.1000000015
10730  -37.328  -78.019  4.565 0.1000000015
9835  -37.429  -79.397  5.883 0.1000000015
8997  -36.768  -80.812  6.063 0.1000000015
19218  -40.759  -69.634  1.729 0.1000000015
20140  -41.001  -68.816  1.910 0.1000000015
19219  -41.794  -69.629  1.428 0.1000000015
20154  -41.993  -68.746  1.573 0.1000000015
14322  -41.669  -73.907  5.808 0.1000000015
14345  -42.882  -74.904  5.452 0.1000000015
14344  -41.983  -74.814  5.594 0.1000000015
15375  -44.228  -73.955  5.467 0.1000000015
14323  -44.866  -74.807  6.696 0.1000000015
123177  -44.571  -75.190  7.174 0.2000000030
14321  -41.021  -74.628  6.049 0.1000000015
14343  -41.537  -75.669  5.696 0.1000000015
13371  -42.454  -75.719  5.516 0.1000000015
14302  -44.294  -75.174  7.385 0.2000000030
143169  -40.119  -74.833  6.331 0.1000000015
12480  -41.116  -76.442  5.634 0.1000000015
20118  -38.456  -68.077  3.795 0.1000000015
20132  -38.893  -68.763  3.071 0.1000000015
19190  -38.344  -69.516  3.080 0.1000000015
18254  -37.805  -70.195  3.095 0.1000000015
124132  -37.404  -70.940  3.245 0.1000000015
17326  -37.010  -71.682  3.425 0.1000000015
16371  -36.626  -72.447  3.608 0.1000000015
14320  -39.218  -74.819  6.463 0.1000000015
13360  -39.651  -75.709  6.263 0.1000000015
12492  -41.025  -77.463  5.350 0.1000000015
10716  -40.847  -78.497  5.395 0.1000000015
18267  -38.020  -70.924  2.636 0.1000000015
14365  -36.724  -74.356  3.955 0.1000000015
14358  -37.170  -75.155  4.284 0.1000000015
13385  -37.756  -75.841  4.407 0.1000000015
146831  -39.997  -78.019  4.548 0.1000000015
132851  -40.523  -78.107  4.913 0.1000000015
9837  -39.777  -79.322  5.698 0.1000000015
129553  -39.175  -67.899  3.233 0.1000000015
142193  -37.440  -75.006  3.496 0.1000000015
13398  -38.061  -75.851  3.295 0.1000000015
12509  -38.472  -76.500  4.499 0.1000000015
11614  -38.820  -77.841  3.368 0.1000000015
11615  -39.475  -77.989  3.990 0.1000000015
10714  -39.542  -78.696  4.864 0.1000000015
10715  -40.215  -78.626  5.129 0.1000000015
20139  -39.470  -69.073  2.555 0.1000000015
140916  -39.731  -67.759  2.847 0.1000000015
21069  -40.359  -68.090  2.437 0.1000000015
21070  -40.809  -67.456  2.400 0.1000000015
21082  -42.249  -67.903  1.671 0.1000000015
20155  -43.121  -68.706  1.315 0.1000000015
16346  -43.580  -73.291  5.521 0.1000000015
15355  -40.745  -73.511  6.241 0.1000000015
16327  -41.138  -72.612  6.320 0.1000000015
16328  -42.031  -72.617  6.094 0.1000000015
15376  -44.933  -73.716  5.809 0.1000000015
15354  -39.883  -74.018  6.412 0.1000000015
16326  -39.408  -72.786  6.750 0.1000000015
16330  -43.968  -72.512  5.777 0.1000000015
15356  -45.328  -73.447  6.283 0.1000000015
15352  -37.867  -73.823  6.616 0.1000000015
15353  -38.973  -73.747  6.636 0.1000000015
15336  -45.078  -74.013  7.106 0.2000000030
20131  -38.239  -68.903  3.570 0.1000000015
18253  -37.244  -70.259  3.770 0.1000000015
18252  -36.780  -71.009  3.910 0.1000000015
13358  -37.974  -75.318  6.070 0.1000000015
13359  -38.817  -75.585  6.244 0.1000000015
16332  -45.767  -72.598  6.408 0.1000000015
16309  -46.100  -72.525  6.891 0.2000000030
19189  -37.731  -69.507  3.646 0.1000000015
15401  -36.390  -73.327  3.914 0.1000000015
14357  -36.506  -74.606  4.852 0.1000000015
13369  -36.976  -75.237  5.068 0.1000000015
12490  -37.737  -75.685  5.306 0.1000000015
12491  -39.336  -77.203  4.565 0.1000000015
21051  -39.518  -67.194  3.210 0.1000000015
21052  -40.179  -67.276  2.751 0.1000000015
21962  -40.890  -66.656  2.573 0.1000000015
22886  -41.352  -65.848  2.610 0.1000000015
21071  -41.575  -67.262  2.124 0.1000000015
21977  -42.014  -66.477  2.219 0.1000000015
21978  -43.115  -66.755  1.823 0.1000000015
16305  -38.925  -72.293  7.164 0.1000000015
17281  -39.848  -72.091  6.888 0.1000000015
17282  -40.683  -71.981  6.664 0.1000000015
16304  -37.800  -72.487  7.296 0.1000000015
135401  -40.281  -72.653  6.534 0.1000000015
17283  -41.573  -71.921  6.483 0.1000000015
16329  -42.919  -72.726  5.788 0.1000000015
16325  -38.384  -73.017  6.888 0.1000000015
16331  -45.102  -72.653  5.943 0.1000000015
15350  -36.471  -73.871  5.962 0.1000000015
16324  -37.290  -73.141  6.852 0.1000000015
17284  -43.758  -71.657  6.335 0.1000000015
21032  -38.270  -67.229  4.304 0.1000000015
130149  -37.935  -67.876  4.416 0.1000000015
20117  -37.704  -68.693  4.204 0.1000000015
19183  -37.134  -69.578  4.314 0.1000000015
18241  -36.164  -71.141  4.627 0.1000000015
16360  -35.713  -72.554  5.070 0.1000000015
15391  -35.895  -73.278  5.308 0.1000000015
15349  -35.977  -73.288  5.943 0.1000000015
14318  -37.515  -74.520  6.256 0.1000000015
134594  -44.683  -72.097  6.133 0.1000000015
15377  -45.254  -73.129  5.910 0.1000000015
21050  -38.833  -67.205  3.662 0.1000000015
17325  -36.346  -71.761  4.113 0.1000000015
15392  -36.173  -73.833  4.686 0.1000000015
14342  -37.193  -75.006  5.759 0.1000000015
16310  -46.381  -72.139  6.744 0.1000000015
21960  -39.239  -66.467  3.552 0.1000000015
22870  -39.713  -65.766  3.433 0.1000000015
21961  -40.001  -66.539  3.104 0.1000000015
22871  -40.534  -65.852  2.993 0.1000000015
23791  -42.328  -64.940  2.579 0.1000000015
22887  -42.175  -65.680  2.427 0.1000000015
23792  -43.259  -64.656  2.525 0.1000000015
17255  -38.381  -71.783  7.606 0.1000000015
17256  -39.409  -71.562  7.444 0.1000000015
17257  -40.292  -71.479  7.178 0.1000000015
17258  -41.108  -71.347  6.970 0.1000000015
17254  -37.275  -71.925  7.760 0.1000000015
18211  -41.998  -71.222  6.807 0.1000000015
144272  -42.712  -71.948  6.274 0.1000000015
16323  -36.366  -73.066  6.500 0.1000000015
16303  -36.716  -72.494  7.217 0.1000000015
18242  -36.608  -70.371  4.448 0.1000000015
17311  -35.549  -72.006  5.559 0.1000000015
16322  -35.804  -72.529  6.339 0.1000000015
16302  -36.010  -72.235  6.998 0.1000000015
18212  -42.940  -71.072  6.696 0.1000000015
17285  -45.633  -71.959  6.327 0.1000000015
21946  -38.574  -66.430  4.095 0.1000000015
21031  -37.704  -67.327  4.843 0.1000000015
20099  -37.377  -68.091  4.857 0.1000000015
20116  -36.927  -68.910  4.839 0.1000000015
19182  -36.441  -69.742  4.969 0.1000000015
18240  -35.679  -71.315  5.371 0.1000000015
134324  -44.632  -70.469  6.910 0.1000000015
22869  -38.949  -65.665  3.854 0.1000000015
23779  -39.898  -64.251  3.540 0.1000000015
128429  -39.395  -64.944  3.672 0.1000000015
23780  -40.731  -64.398  3.198 0.1000000015
22872  -40.982  -65.167  2.868 0.1000000015
139551  -41.566  -64.586  2.827 0.1000000015
23781  -42.444  -64.018  2.814 0.1000000015
18162  -35.902  -70.581  8.366 0.1000000015
17224  -36.810  -71.369  8.280 0.1000000015
18164  -37.305  -70.798  8.784 0.1000000015
18192  -39.919  -70.976  7.700 0.1000000015
148774  -35.517  -70.165  7.877 0.1000000015
18193  -40.686  -70.803  7.491 0.1000000015
19166  -35.884  -69.949  5.818 0.1000000015
19151  -35.499  -70.594  6.543 0.1000000015
18210  -35.464  -71.100  7.033 0.1000000015
17253  -36.371  -71.775  7.619 0.1000000015
18194  -41.503  -70.639  7.347 0.1000000015
22853  -38.314  -65.597  4.464 0.1000000015
21945  -37.891  -66.424  4.796 0.1000000015
20098  -36.675  -68.338  5.526 0.1000000015
18230  -35.601  -70.791  5.835 0.1000000015
18229  -35.502  -71.440  6.202 0.1000000015
138770  -42.379  -70.489  7.233 0.1000000015
22854  -38.698  -64.845  4.163 0.1000000015
18213  -43.809  -70.960  6.674 0.1000000015
134203  -45.979  -70.672  6.786 0.1000000015
23767  -39.117  -64.116  3.906 0.1000000015
24676  -39.657  -63.415  3.776 0.1000000015
24690  -40.507  -63.576  3.478 0.1000000015
24691  -41.412  -63.750  3.178 0.1000000015
128943  -41.199  -62.904  3.476 0.1000000015
25617  -41.899  -62.228  3.466 0.1000000015
24692  -43.156  -63.234  2.893 0.1000000015
18165  -38.345  -70.583  8.677 0.1000000015
146198  -39.411  -71.086  7.842 0.1000000015
19108  -39.770  -69.656  8.721 0.1000000015
18167  -40.244  -70.305  8.084 0.1000000015
137386  -37.297  -66.113  5.603 0.1000000015
149388  -36.712  -67.628  5.955 0.1000000015
20085  -36.235  -68.212  6.419 0.1000000015
124663  -35.496  -70.250  7.394 0.1000000015
23766  -38.437  -64.036  4.425 0.1000000015
23765  -38.051  -64.745  4.693 0.1000000015
22852  -37.703  -65.441  5.069 0.1000000015
135105  -37.482  -66.867  5.334 0.1000000015
21018  -37.224  -67.516  5.412 0.1000000015
134879  -36.365  -69.195  5.435 0.1000000015
24675  -38.889  -63.293  4.221 0.1000000015
25605  -39.493  -62.566  4.090 0.1000000015
25616  -40.304  -62.735  3.720 0.1000000015
25606  -40.171  -61.910  4.018 0.1000000015
127815  -41.009  -62.069  3.744 0.1000000015
26588  -40.794  -61.297  3.970 0.1000000015
26589  -41.644  -61.323  3.636 0.1000000015
128858  -35.633  -70.089  8.302 0.1000000015
18148  -36.811  -70.277  9.266 0.1000000015
18149  -37.715  -70.196  9.247 0.1000000015
19107  -38.912  -69.978  9.011 0.1000000015
19092  -38.285  -69.587  9.492 0.1000000015
19131  -35.489  -69.608  8.051 0.1000000015
128472  -35.737  -68.910  6.939 0.1000000015
24659  -38.090  -63.201  4.741 0.1000000015
23752  -37.884  -64.022  4.867 0.1000000015
25604  -38.703  -62.432  4.519 0.1000000015
26576  -39.352  -61.623  4.426 0.1000000015
27582  -41.185  -60.739  3.843 0.1000000015
133248  -41.923  -59.984  3.351 0.1000000015
18147  -36.023  -70.107  8.959 0.1000000015
19091  -37.213  -69.596  9.792 0.1000000015
133502  -35.506  -68.850  7.753 0.1000000015
23751  -37.508  -64.530  5.345 0.1000000015
22837  -37.269  -65.243  5.628 0.1000000015
21935  -37.034  -66.944  5.911 0.1000000015
20084  -35.828  -68.108  7.274 0.1000000015
25594  -38.056  -62.281  4.993 0.1000000015
26575  -38.520  -61.640  4.844 0.1000000015
26577  -40.130  -61.216  4.265 0.1000000015
27573  -40.537  -60.525  4.214 0.1000000015
28550  -41.227  -59.962  3.806 0.1000000015
28551  -41.604  -59.206  3.385 0.1000000015
19106  -35.613  -69.397  8.902 0.1000000015
20996  -35.764  -67.277  7.648 0.1000000015
20067  -35.439  -68.059  8.143 0.1000000015
127696  -35.452  -68.749  8.558 0.1000000015
24658  -37.529  -63.613  5.336 0.1000000015
129542  -37.155  -63.983  5.841 0.1000000015
21923  -36.833  -65.470  6.146 0.1000000015
21922  -36.710  -66.296  6.385 0.1000000015
21909  -36.165  -66.340  7.317 0.1000000015
139089  -37.573  -62.769  5.347 0.1000000015
146542  -39.988  -60.044  4.509 0.1000000015
28539  -40.537  -59.644  4.260 0.1000000015
140230  -40.802  -58.350  4.024 0.1000000015
29515  -40.996  -59.050  3.885 0.1000000015
143674  -35.652  -65.988  7.919 0.1000000015
127900  -36.613  -63.944  6.485 0.1000000015
23734  -36.450  -64.885  6.671 0.1000000015
22802  -35.948  -65.296  7.449 0.1000000015
26564  -37.953  -61.579  5.313 0.1000000015
27571  -38.887  -60.889  4.813 0.1000000015
27572  -39.682  -60.712  4.516 0.1000000015
28538  -39.900  -59.354  4.641 0.1000000015
29504  -40.383  -58.013  4.441 0.1000000015
25581  -37.195  -62.271  5.796 0.1000000015
138012  -38.318  -61.065  5.214 0.1000000015
27560  -38.422  -60.364  5.293 0.1000000015
27561  -39.209  -59.978  4.846 0.1000000015
29503  -39.900  -58.545  4.805 0.1000000015
30496  -39.987  -57.735  5.032 0.1000000015
29487  -39.403  -58.221  5.344 0.1000000015
27559  -37.747  -60.833  5.654 0.1000000015
28523  -38.558  -59.495  5.418 0.1000000015
28524  -39.282  -59.049  5.107 0.1000000015
29486  -38.702  -58.646  5.623 0.1000000015
8154  -34.951  -82.035  7.438 0.1000000015
6669  -34.247  -83.729  6.383 0.1000000015
146132  -35.430  -83.993  7.411 0.1000000015
5930  -35.137  -85.326  6.820 0.1000000015
6660  -36.944  -84.189  8.114 0.1000000015
5283  -34.940  -85.561  6.518 0.1000000015
5291  -34.262  -86.068  5.950 0.1000000015
5943  -36.321  -84.704  6.700 0.1000000015
134821  -38.676  -82.200  8.724 0.1000000015
8961  -39.671  -81.016  8.871 0.1000000015
8143  -37.007  -82.584  8.509 0.1000000015
7399  -38.888  -82.310  8.471 0.1000000015
6671  -37.143  -84.242  7.668 0.1000000015
7427  -37.904  -83.202  6.973 0.1000000015
11623  -32.598  -77.711  3.494 0.1000000015
9874  -33.103  -79.786  2.209 0.1000000015
9035  -34.171  -80.739  3.441 0.1000000015
9053  -33.792  -80.544  1.563 0.1000000015
125752  -41.149  -78.643  8.507 0.1000000015
9796  -40.794  -79.988  8.596 0.1000000015
8157  -39.693  -81.510  7.915 0.1000000015
16384  -37.873  -72.388  2.311 0.1000000015
14378  -38.008  -74.777  2.191 0.1000000015
11625  -35.952  -77.040  3.933 0.1000000015
12524  -34.432  -76.353  3.628 0.1000000015
10710  -34.699  -78.434  5.087 0.1000000015
10729  -33.879  -78.316  4.587 0.1000000015
11598  -36.127  -78.099  5.134 0.1000000015
9018  -34.145  -80.111  4.319 0.1000000015
8995  -34.752  -79.993  5.070 0.1000000015
8200  -36.337  -82.666  5.036 0.1000000015
9020  -35.337  -80.924  5.146 0.1000000015
138355  -35.721  -82.089  4.700 0.1000000015
11573  -43.513  -77.066  7.013 0.1000000015
12470  -43.449  -76.941  7.624 0.2000000030
12457  -43.193  -76.621  7.904 0.2000000030
12481  -43.219  -76.921  6.108 0.1000000015
136764  -39.921  -80.100  6.682 0.1000000015
8167  -37.555  -81.372  6.357 0.1000000015
13415  -37.966  -75.338  2.715 0.1000000015
137307  -37.834  -78.634  5.205 0.1000000015
8996  -35.981  -80.378  5.698 0.1000000015
144995  -36.989  -81.699  6.064 0.1000000015
135830  -41.642  -77.638  5.526 0.1000000015
14366  -37.412  -74.470  3.063 0.1000000015
9817  -38.190  -79.884  6.201 0.1000000015
19201  -38.999  -69.580  2.564 0.1000000015
11628  -38.503  -77.390  2.969 0.1000000015
12510  -38.817  -77.417  3.401 0.1000000015
11613  -38.331  -77.889  3.400 0.1000000015
10732  -39.252  -78.257  3.981 0.1000000015
8983  -37.426  -80.344  6.223 0.1000000015
18284  -41.567  -70.575  1.137 0.1000000015
136648  -41.581  -73.174  6.008 0.1000000015
16345  -42.439  -73.390  5.682 0.1000000015
13361  -40.585  -75.665  6.103 0.1000000015
16308  -45.019  -73.340  7.312 0.2000000030
14319  -38.348  -74.672  6.435 0.1000000015
12478  -39.465  -76.474  5.751 0.1000000015
12479  -40.298  -76.557  5.751 0.1000000015
14341  -36.655  -74.546  5.515 0.1000000015
13370  -38.578  -76.150  5.621 0.1000000015
17286  -46.299  -71.951  6.570 0.1000000015
144044  -41.652  -65.248  2.638 0.1000000015
127749  -42.836  -66.100  2.195 0.1000000015
127353  -40.193  -65.068  3.290 0.1000000015
22888  -43.099  -65.466  2.342 0.1000000015
17280  -35.629  -71.834  6.687 0.1000000015
17252  -35.766  -71.456  7.352 0.1000000015
129320  -42.151  -63.082  3.224 0.1000000015
26590  -42.500  -61.624  3.312 0.1000000015
21006  -36.390  -67.257  6.717 0.1000000015
12309  -41.098  -76.445  19.589 0.5000000000
9727  -43.028  -79.779  14.520 0.5000000000
9706  -43.213  -79.922  14.906 0.5000000000
13256  -40.145  -76.085  20.043 0.5000000000
12323  -41.250  -76.150  18.414 0.5000000000
139422  -42.330  -76.512  18.211 0.5000000000
9728  -43.756  -79.427  14.457 0.5000000000
14188  -38.933  -75.023  19.855 0.5000000000
13255  -39.566  -75.523  19.409 0.5000000000
13267  -40.342  -75.904  18.978 0.5000000000
9729  -44.368  -78.973  14.613 0.5000000000
13266  -39.712  -75.359  18.347 0.5000000000
14195  -38.991  -74.991  18.894 0.4000000060
14203  -39.521  -74.968  17.487 0.4000000060
11518  -44.104  -77.169  12.718 0.5000000000
12406  -43.597  -76.611  12.485 0.5000000000
12400  -44.421  -76.133  12.633 0.5000000000
13294  -44.746  -75.497  12.607 0.5000000000
16223  -45.842  -73.069  13.250 0.5000000000
15255  -45.436  -73.948  13.177 0.5000000000
17184  -46.214  -72.177  13.325 0.4000000060
18119  -45.603  -71.129  13.447 0.4000000060
8004  -40.770  -82.393  18.549 0.1000000015
8865  -42.481  -80.349  15.373 0.5000000000
12292  -40.829  -76.428  20.678 0.5000000000
12293  -41.632  -76.834  20.409 0.5000000000
148172  -41.926  -76.583  18.935 0.5000000000
12324  -43.317  -76.798  18.061 0.4000000060
9707  -44.109  -79.389  15.177 0.5000000000
14180  -39.064  -74.848  20.797 0.5000000000
13243  -40.142  -75.961  20.999 0.5000000000
14168  -38.775  -74.067  21.186 0.5000000000
15133  -39.725  -73.083  22.134 0.5000000000
15145  -39.243  -73.604  21.867 0.5000000000
14179  -38.495  -74.356  20.285 0.5000000000
138187  -39.067  -72.928  21.964 0.4000000060
15155  -38.179  -73.613  20.745 0.3000000119
14187  -38.412  -74.443  19.324 0.5000000000
137680  -39.089  -74.846  18.084 0.4000000060
15167  -37.919  -73.854  19.836 0.3000000119
13278  -40.650  -75.417  16.739 0.6999999881
13279  -41.295  -75.745  16.164 0.5000000000
15143  -37.944  -72.817  21.171 0.3000000119
15154  -37.582  -73.133  20.363 0.3000000119
14194  -38.509  -74.414  18.362 0.4000000060
14204  -39.956  -75.095  16.921 0.5000000000
13282  -40.850  -75.140  15.811 0.6000000238
12357  -41.942  -76.222  15.578 0.6000000238
131237  -43.590  -77.351  15.434 0.6000000238
140162  -44.149  -78.865  13.967 0.5000000000
148349  -43.834  -78.189  13.199 0.3000000119
15166  -37.488  -73.306  19.531 0.3000000119
15179  -37.845  -73.778  18.789 0.3000000119
15208  -38.318  -73.675  16.895 0.4000000060
14215  -40.528  -74.436  15.584 0.5000000000
12370  -41.522  -75.585  15.286 0.6000000238
13285  -43.153  -75.981  14.184 0.6000000238
12386  -44.198  -76.680  13.442 0.5000000000
12399  -44.279  -76.855  12.861 0.5000000000
16175  -37.239  -72.714  17.677 0.4000000060
15207  -37.719  -73.247  17.223 0.4000000060
14214  -39.750  -74.213  15.953 0.5000000000
15222  -41.068  -73.906  15.104 0.5000000000
14219  -43.051  -75.087  14.189 0.5000000000
14228  -44.810  -75.203  13.080 0.5000000000
16174  -36.818  -72.015  17.289 0.4000000060
16188  -37.482  -72.510  16.722 0.4000000060
16201  -39.055  -72.572  15.464 0.5000000000
15233  -40.753  -73.153  14.986 0.5000000000
15234  -41.604  -73.286  14.701 0.4000000060
129224  -43.075  -74.270  14.296 0.5000000000
15254  -44.574  -73.901  13.784 0.5000000000
17163  -37.701  -72.000  16.047 0.4000000060
16212  -41.162  -72.572  14.654 0.5000000000
16213  -42.020  -72.587  14.427 0.4000000060
16215  -43.890  -73.226  14.124 0.4000000060
16222  -44.967  -73.227  13.771 0.5000000000
140124  -40.025  -71.553  14.668 0.5000000000
17177  -41.558  -71.138  14.022 0.4000000060
17182  -43.640  -71.433  13.697 0.4000000060
17183  -44.847  -71.745  13.667 0.4000000060
17176  -40.609  -71.132  14.362 0.3000000119
18117  -42.214  -70.375  13.661 0.4000000060
18118  -43.187  -70.557  13.523 0.3000000119
124981  -43.778  -69.939  13.228 0.3000000119
19067  -44.323  -69.497  12.869 0.3000000119
7259  -40.382  -82.859  19.732 0.1000000015
7272  -40.298  -83.198  19.134 0.1000000015
8837  -41.301  -81.951  20.310 0.1000000015
7260  -40.962  -82.341  19.511 0.1000000015
8848  -42.163  -80.040  18.571 0.4000000060
138946  -41.651  -80.882  17.964 0.4000000060
8855  -41.782  -80.808  16.877 0.4000000060
8856  -42.454  -80.254  16.241 0.5000000000
130568  -42.339  -80.140  17.301 0.4000000060
9682  -43.219  -79.653  16.658 0.5000000000
9693  -43.257  -79.800  15.654 0.5000000000
134351  -41.566  -76.639  21.230 0.5000000000
139258  -42.194  -77.065  20.981 0.5000000000
12310  -41.991  -76.884  19.624 0.5000000000
144589  -43.087  -77.080  19.023 0.4000000060
9695  -44.999  -78.559  16.620 0.5000000000
9694  -44.175  -79.280  16.114 0.5000000000
14170  -40.125  -74.762  22.048 0.5000000000
13233  -40.410  -75.543  21.725 0.5000000000
12278  -40.906  -76.153  21.456 0.5000000000
15134  -40.576  -73.326  22.192 0.5000000000
14155  -39.954  -73.892  22.177 0.5000000000
11462  -45.375  -77.669  16.537 0.6000000238
16119  -39.397  -72.340  21.886 0.4000000060
17082  -38.974  -71.535  21.596 0.2000000030
17102  -39.565  -71.010  21.330 0.2000000030
17081  -38.247  -71.717  21.464 0.3000000119
16153  -37.042  -72.656  19.860 0.3000000119
16152  -36.583  -72.154  19.223 0.4000000060
17997  -38.266  -71.044  21.328 0.3000000119
17101  -36.955  -71.334  20.695 0.3000000119
18014  -37.452  -70.614  20.922 0.3000000119
17100  -36.395  -71.057  20.145 0.4000000060
17139  -36.252  -71.615  18.658 0.4000000060
17123  -36.081  -70.778  19.598 0.3000000119
17152  -36.046  -71.198  18.266 0.4000000060
17162  -37.177  -71.605  16.494 0.4000000060
17171  -37.722  -71.260  15.790 0.4000000060
18057  -35.757  -70.353  18.574 0.3000000119
18084  -36.402  -70.220  16.790 0.3000000119
122983  -37.831  -70.386  15.458 0.3000000119
17173  -39.227  -71.542  15.034 0.4000000060
19043  -37.997  -69.532  15.085 0.3000000119
19049  -39.396  -69.956  14.498 0.3000000119
18116  -41.457  -70.265  13.797 0.4000000060
19978  -38.259  -68.667  14.851 0.2000000030
128882  -39.479  -68.941  14.367 0.2000000030
19983  -40.945  -68.858  13.843 0.3000000119
126064  -42.802  -69.621  13.424 0.3000000119
138249  -38.734  -67.762  14.785 0.1000000015
19988  -40.867  -67.958  13.909 0.2000000030
19058  -41.792  -69.397  13.640 0.4000000060
22704  -37.753  -65.227  13.880 0.1000000015
8838  -41.827  -80.577  19.899 0.1000000015
8847  -41.457  -81.251  19.130 0.1000000015
9658  -42.707  -79.578  19.544 0.2000000030
132572  -43.151  -79.336  18.703 0.5000000000
9671  -43.155  -79.473  17.767 0.4000000060
9683  -44.193  -79.073  17.141 0.4000000060
12294  -42.560  -77.232  20.231 0.4000000060
11423  -43.824  -77.454  20.057 0.4000000060
138899  -45.387  -77.311  18.752 0.4000000060
10561  -45.607  -77.926  17.853 0.5000000000
9673  -45.131  -78.436  17.589 0.5000000000
13220  -40.903  -75.034  22.232 0.5000000000
143991  -41.068  -75.746  22.000 0.5000000000
136137  -45.640  -78.029  17.044 0.4000000060
15146  -41.348  -72.679  21.758 0.4000000060
15135  -41.489  -73.648  22.173 0.4000000060
14156  -40.754  -74.201  22.279 0.5000000000
16120  -40.273  -72.466  21.914 0.4000000060
16137  -41.787  -71.836  20.970 0.3000000119
17084  -40.808  -71.784  21.397 0.3000000119
17103  -40.383  -70.913  21.001 0.3000000119
18017  -40.396  -70.186  20.426 0.2000000030
18015  -38.535  -70.131  20.968 0.2000000030
18969  -39.178  -69.579  20.614 0.3000000119
127857  -37.750  -69.647  20.670 0.3000000119
123416  -36.843  -69.915  20.465 0.3000000119
18968  -38.556  -69.381  20.609 0.2000000030
19901  -38.099  -68.880  20.528 0.2000000030
18966  -36.340  -69.214  20.133 0.2000000030
19001  -35.570  -69.676  18.656 0.2000000030
19031  -36.244  -69.442  16.608 0.2000000030
20814  -35.436  -67.863  19.072 0.2000000030
19030  -35.691  -69.014  17.082 0.2000000030
19041  -36.731  -68.985  15.957 0.2000000030
128857  -35.348  -67.873  18.258 0.2000000030
20860  -35.539  -67.297  17.031 0.1000000015
134421  -37.519  -68.831  15.346 0.2000000030
21766  -35.545  -65.844  17.196 0.1000000015
20877  -36.743  -67.303  15.937 0.1000000015
20879  -38.279  -67.089  15.164 0.1000000015
20884  -38.819  -66.994  14.838 0.1000000015
137888  -36.397  -65.030  16.377 0.1000000015
22693  -36.840  -65.728  16.088 0.1000000015
21798  -38.472  -66.452  14.963 0.1000000015
132675  -36.969  -65.023  15.844 0.1000000015
22698  -37.759  -65.394  14.821 0.1000000015
23634  -36.954  -64.126  14.856 0.1000000015
24552  -36.888  -63.211  14.379 0.1000000015
9642  -42.391  -79.980  20.633 0.3000000119
9602  -44.740  -79.089  22.318 0.3000000119
9621  -45.185  -78.916  21.319 0.3000000119
10526  -44.863  -79.148  19.920 0.3000000119
9659  -43.831  -79.082  19.325 0.3000000119
9672  -44.244  -78.907  18.337 0.4000000060
10496  -45.705  -78.000  21.776 0.3000000119
10513  -45.435  -78.655  20.446 0.3000000119
10541  -44.915  -78.900  19.231 0.5000000000
11371  -43.332  -77.143  22.105 0.4000000060
11391  -44.367  -77.593  21.806 0.5000000000
11410  -45.409  -77.787  20.149 0.4000000060
11425  -45.377  -77.550  19.443 0.4000000060
10543  -45.535  -77.536  18.507 0.5000000000
15148  -43.166  -73.471  21.781 0.4000000060
14157  -41.595  -74.532  22.312 0.4000000060
13221  -41.678  -75.407  22.273 0.5000000000
12261  -41.761  -76.267  21.926 0.5000000000
16139  -43.413  -72.242  21.039 0.4000000060
133468  -42.921  -72.778  21.384 0.4000000060
15147  -42.237  -73.216  21.770 0.4000000060
15136  -42.455  -74.058  22.191 0.5000000000
16138  -42.643  -72.130  20.882 0.4000000060
17106  -43.836  -71.828  20.486 0.3000000119
17124  -42.496  -71.391  20.189 0.3000000119
139129  -41.717  -71.117  20.325 0.3000000119
18040  -42.869  -70.884  19.390 0.3000000119
18019  -41.997  -70.580  19.699 0.2000000030
124642  -41.903  -69.861  19.437 0.1000000015
18038  -40.827  -69.785  19.972 0.1000000015
19903  -40.174  -68.500  20.172 0.1000000015
19902  -39.121  -68.681  20.412 0.1000000015
19900  -37.553  -68.288  20.481 0.2000000030
20804  -39.671  -67.753  20.264 0.1000000015
20803  -38.807  -67.704  20.396 0.1000000015
19899  -36.581  -68.309  20.236 0.2000000030
128217  -37.976  -67.622  20.491 0.2000000030
144344  -36.422  -67.559  20.194 0.2000000030
21728  -35.605  -67.108  19.395 0.1000000015
143160  -35.833  -66.411  19.693 0.1000000015
21757  -35.345  -66.289  18.116 0.1000000015
22655  -35.473  -65.438  18.792 0.1000000015
138250  -35.790  -65.184  16.828 0.1000000015
24532  -35.708  -63.438  17.077 0.1000000015
23626  -36.493  -64.297  16.075 0.1000000015
25471  -36.315  -62.735  15.896 0.1000000015
137340  -36.509  -62.100  15.664 0.1000000015
25478  -36.671  -62.597  15.129 0.1000000015
26433  -37.275  -61.230  15.412 0.1000000015
27424  -37.884  -61.099  14.913 0.1000000015
26447  -38.788  -61.268  14.294 0.1000000015
26448  -39.778  -61.174  14.379 0.1000000015
135837  -44.415  -79.335  23.118 0.3000000119
9601  -43.473  -79.805  22.878 0.2000000030
10464  -46.113  -78.030  23.376 0.3000000119
131487  -45.732  -77.804  22.331 0.4000000060
11372  -46.105  -77.126  23.272 0.3000000119
15137  -44.104  -73.851  22.063 0.3000000119
142134  -43.276  -74.576  22.366 0.4000000060
12263  -43.580  -76.524  22.614 0.4000000060
12264  -44.840  -76.651  23.009 0.3000000119
16140  -44.183  -72.150  21.198 0.3000000119
13223  -44.622  -75.865  23.101 0.4000000060
148601  -45.616  -76.290  23.354 0.4000000060
13211  -46.503  -76.132  23.760 0.3000000119
17086  -45.433  -71.196  21.158 0.3000000119
17107  -45.086  -71.333  20.113 0.3000000119
129121  -44.537  -71.631  20.392 0.3000000119
130589  -44.753  -71.416  19.591 0.3000000119
17125  -43.334  -71.434  19.809 0.3000000119
18041  -43.674  -71.077  19.169 0.3000000119
133211  -42.547  -70.103  19.208 0.1000000015
19002  -43.034  -69.547  18.947 0.1000000015
19929  -43.503  -68.946  18.842 0.1000000015
18984  -41.376  -69.282  19.597 0.1000000015
19916  -42.485  -68.335  19.269 0.1000000015
19914  -40.951  -68.438  19.780 0.1000000015
20815  -41.279  -67.648  19.702 0.1000000015
21699  -39.272  -66.977  20.352 0.1000000015
133336  -37.517  -66.913  20.515 0.2000000030
136419  -38.889  -66.215  20.429 0.2000000030
135465  -37.971  -66.174  20.532 0.2000000030
22613  -36.209  -65.724  20.016 0.1000000015
22615  -37.541  -65.395  20.464 0.1000000015
23578  -36.342  -64.325  19.869 0.1000000015
136021  -35.443  -64.693  18.237 0.1000000015
24488  -36.348  -63.500  19.703 0.1000000015
25402  -35.840  -63.049  19.114 0.1000000015
25438  -35.653  -62.517  17.936 0.1000000015
25419  -35.856  -62.376  18.557 0.1000000015
26410  -35.905  -62.055  17.262 0.1000000015
26411  -36.363  -61.320  16.802 0.1000000015
26445  -36.917  -61.842  15.194 0.1000000015
27412  -37.657  -60.753  15.689 0.1000000015
27391  -38.246  -60.437  16.140 0.1000000015
27413  -38.415  -60.790  15.261 0.1000000015
129263  -39.150  -60.639  15.823 0.1000000015
26434  -39.330  -61.029  15.007 0.1000000015
149171  -39.729  -61.034  15.503 0.1000000015
26449  -40.614  -61.367  14.576 0.1000000015
26435  -40.273  -61.391  15.231 0.1000000015
27426  -41.540  -61.591  14.548 0.1000000015
8775  -43.279  -80.086  24.389 0.2000000030
8791  -42.925  -80.434  23.747 0.2000000030
136870  -44.229  -79.380  25.650 0.2000000030
9584  -45.596  -78.584  24.032 0.3000000119
11311  -45.116  -78.068  26.466 0.2000000030
9568  -45.542  -78.420  25.105 0.3000000119
14158  -44.333  -74.828  22.531 0.3000000119
12246  -46.766  -76.621  23.987 0.3000000119
16122  -45.138  -72.273  21.768 0.3000000119
16121  -44.031  -72.843  21.585 0.3000000119
124145  -45.327  -74.047  22.543 0.3000000119
14159  -45.411  -74.857  22.794 0.3000000119
13224  -46.160  -75.327  23.380 0.3000000119
16123  -45.741  -71.719  21.957 0.3000000119
14160  -46.371  -74.285  23.066 0.3000000119
136147  -46.982  -74.636  23.722 0.3000000119
13212  -46.917  -75.394  23.907 0.2000000030
12247  -47.000  -75.950  24.366 0.2000000030
18000  -46.386  -70.179  21.248 0.2000000030
18020  -45.730  -70.784  20.776 0.3000000119
17126  -44.154  -71.434  19.585 0.3000000119
17140  -44.937  -71.374  19.040 0.2000000030
18058  -43.320  -70.389  18.962 0.1000000015
17141  -45.722  -71.356  18.791 0.2000000030
19004  -44.710  -70.095  18.542 0.1000000015
20831  -44.522  -68.121  18.798 0.1000000015
138536  -46.793  -68.871  18.121 0.1000000015
20834  -47.263  -68.106  18.385 0.1000000015
20818  -44.700  -67.502  19.357 0.1000000015
147506  -45.367  -67.349  19.513 0.1000000015
21735  -46.479  -66.866  19.886 0.1000000015
21737  -48.282  -66.614  19.219 0.1000000015
22637  -49.580  -65.813  18.718 0.1000000015
20816  -42.056  -67.618  19.503 0.1000000015
21732  -43.346  -66.937  19.759 0.1000000015
139915  -44.625  -66.568  20.319 0.1000000015
22623  -47.870  -65.905  20.136 0.1000000015
22624  -48.498  -65.060  20.033 0.1000000015
21729  -40.844  -66.929  19.931 0.1000000015
21730  -41.619  -66.896  19.781 0.1000000015
135793  -40.086  -66.989  20.202 0.1000000015
134477  -39.379  -65.486  20.394 0.2000000030
134709  -38.492  -65.435  20.453 0.1000000015
23556  -38.066  -64.671  20.406 0.1000000015
24463  -36.864  -63.866  20.148 0.1000000015
25387  -37.002  -63.130  20.119 0.1000000015
25403  -36.492  -62.648  19.578 0.1000000015
25420  -36.176  -62.292  19.079 0.1000000015
26395  -36.256  -61.316  17.707 0.1000000015
27362  -36.765  -60.602  17.268 0.1000000015
27363  -37.444  -60.203  17.364 0.1000000015
27390  -37.374  -60.459  16.546 0.1000000015
136182  -38.856  -60.325  16.565 0.1000000015
13197  -42.897  -75.477  24.952 0.2000000030
11312  -45.798  -77.483  25.924 0.2000000030
11339  -46.788  -77.128  24.993 0.3000000119
11354  -46.532  -77.251  23.957 0.3000000119
14134  -42.924  -74.759  24.652 0.2000000030
13181  -43.624  -76.046  25.301 0.2000000030
12222  -46.149  -76.736  25.714 0.2000000030
11322  -46.646  -76.867  25.465 0.3000000119
11340  -46.985  -76.529  24.648 0.3000000119
16113  -45.914  -72.427  22.720 0.3000000119
15139  -46.221  -73.434  22.956 0.3000000119
14146  -46.885  -73.945  23.659 0.3000000119
126610  -45.902  -71.719  22.698 0.3000000119
16109  -45.914  -72.341  23.200 0.3000000119
15125  -46.298  -73.237  23.624 0.3000000119
14147  -47.127  -74.291  24.108 0.3000000119
18946  -46.268  -69.808  23.006 0.2000000030
148455  -46.103  -70.610  22.426 0.3000000119
136052  -47.151  -75.087  24.508 0.2000000030
13184  -47.144  -75.574  25.019 0.2000000030
142195  -46.850  -69.703  21.946 0.2000000030
18021  -46.395  -70.593  20.371 0.3000000119
18001  -47.002  -69.902  20.839 0.3000000119
17108  -45.860  -71.233  19.701 0.3000000119
17127  -45.638  -71.461  19.131 0.2000000030
18022  -47.200  -70.794  19.965 0.3000000119
18044  -47.443  -71.857  19.192 0.2000000030
17129  -47.447  -71.956  18.933 0.2000000030
134790  -47.147  -70.858  18.150 0.1000000015
21702  -42.926  -66.300  20.285 0.1000000015
22620  -44.745  -66.051  20.825 0.1000000015
22621  -45.560  -65.870  20.977 0.1000000015
22607  -45.875  -65.157  21.337 0.1000000015
21700  -41.162  -66.140  20.246 0.1000000015
22618  -42.501  -65.639  20.728 0.1000000015
22604  -42.875  -64.997  21.363 0.1000000015
135096  -44.711  -64.362  21.560 0.1000000015
135989  -40.325  -65.521  20.409 0.1000000015
22616  -41.209  -65.198  20.658 0.1000000015
23559  -41.525  -64.413  21.126 0.1000000015
23539  -42.343  -64.355  21.397 0.1000000015
23540  -43.170  -64.182  21.568 0.1000000015
140245  -39.786  -64.835  20.454 0.1000000015
24466  -40.272  -63.255  20.869 0.1000000015
146880  -39.837  -62.701  20.742 0.1000000015
145319  -39.012  -63.930  20.403 0.1000000015
24465  -38.525  -63.441  20.346 0.1000000015
25389  -38.670  -62.568  20.381 0.1000000015
135643  -38.858  -61.641  20.338 0.1000000015
26335  -38.028  -61.951  20.136 0.1000000015
25404  -37.224  -62.286  19.892 0.1000000015
26379  -37.006  -61.039  19.004 0.1000000015
27347  -36.756  -60.783  18.196 0.1000000015
27364  -38.194  -60.078  17.111 0.1000000015
15077  -40.873  -73.218  25.598 0.3000000119
140931  -41.845  -73.376  24.316 0.3000000119
15113  -43.232  -73.734  24.351 0.3000000119
14135  -44.258  -74.271  24.757 0.2000000030
14118  -46.357  -74.765  25.114 0.2000000030
13183  -46.777  -75.657  25.281 0.2000000030
15114  -44.894  -73.393  24.541 0.3000000119
14136  -45.779  -73.983  24.867 0.3000000119
12223  -46.964  -76.239  25.262 0.2000000030
17070  -45.735  -70.954  22.983 0.3000000119
17069  -45.004  -71.333  23.391 0.3000000119
16096  -45.188  -72.768  24.165 0.3000000119
15115  -46.245  -73.320  24.331 0.3000000119
13200  -47.088  -74.865  24.973 0.2000000030
138379  -46.053  -69.418  23.541 0.2000000030
17982  -44.776  -70.405  23.392 0.3000000119
18935  -46.643  -69.016  23.975 0.2000000030
18936  -47.706  -69.057  23.605 0.2000000030
18948  -47.572  -69.292  22.479 0.2000000030
18949  -48.564  -69.588  22.171 0.3000000119
18956  -48.722  -70.125  21.253 0.2000000030
18023  -48.290  -71.662  19.699 0.2000000030
25391  -40.322  -62.040  20.876 0.1000000015
26357  -38.286  -61.083  19.900 0.1000000015
27315  -37.786  -60.627  19.293 0.1000000015
27348  -37.460  -60.384  18.540 0.1000000015
17045  -41.670  -71.784  26.627 0.1000000015
17956  -41.867  -70.816  27.023 0.2000000030
17044  -40.789  -72.213  25.839 0.3000000119
16081  -40.612  -72.536  25.231 0.3000000119
16092  -40.626  -72.208  24.759 0.3000000119
16094  -42.117  -72.399  23.782 0.3000000119
134539  -44.150  -71.756  23.600 0.3000000119
17067  -42.422  -71.544  23.547 0.3000000119
18934  -44.205  -69.555  23.600 0.3000000119
17981  -43.593  -70.215  23.462 0.3000000119
131508  -42.906  -70.814  23.422 0.3000000119
19868  -44.700  -68.878  23.864 0.2000000030
137784  -46.212  -68.601  24.513 0.2000000030
19857  -46.927  -68.733  24.671 0.1000000015
132362  -48.399  -69.249  22.963 0.2000000030
19844  -47.931  -68.638  26.304 0.1000000015
18919  -48.571  -69.317  24.603 0.2000000030
18937  -48.706  -69.342  23.745 0.2000000030
126896  -49.462  -69.985  24.374 0.2000000030
18938  -49.342  -69.930  23.135 0.3000000119
17959  -40.522  -70.740  25.186 0.3000000119
146170  -40.808  -71.755  24.262 0.3000000119
17967  -40.991  -70.191  24.146 0.3000000119
17066  -41.754  -70.689  23.611 0.3000000119
19867  -43.715  -68.796  23.855 0.3000000119
18933  -43.196  -69.448  23.622 0.3000000119
17980  -42.561  -70.023  23.533 0.3000000119
19855  -44.235  -68.158  24.266 0.2000000030
19856  -45.306  -68.237  24.458 0.2000000030
148680  -45.865  -67.490  25.667 0.1000000015
19843  -47.069  -68.222  25.799 0.1000000015
19827  -47.470  -67.954  26.925 0.1000000015
19845  -48.825  -69.093  26.792 0.1000000015
18911  -49.328  -69.617  26.358 0.1000000015
17960  -40.932  -70.001  25.728 0.3000000119
18898  -41.467  -69.224  26.583 0.2000000030
18931  -41.711  -69.699  23.822 0.3000000119
18916  -41.236  -69.373  24.548 0.3000000119
19854  -43.223  -68.026  24.327 0.2000000030
19853  -42.330  -68.184  24.638 0.3000000119
18932  -42.389  -69.347  23.752 0.3000000119
20747  -43.565  -67.021  26.027 0.2000000030
20761  -42.925  -67.536  25.198 0.2000000030
21616  -43.705  -66.259  26.916 0.1000000015
21640  -44.058  -66.527  26.668 0.1000000015
131279  -43.125  -66.051  26.863 0.1000000015
21617  -44.640  -66.226  27.276 0.1000000015
128020  -46.112  -66.961  27.308 0.1000000015
20726  -45.443  -66.520  27.392 0.1000000015
20727  -47.052  -67.237  27.754 0.1000000015
144093  -47.923  -67.755  27.965 0.1000000015
19811  -48.622  -68.029  28.279 0.1000000015
19810  -41.587  -68.595  27.246 0.2000000030
19825  -41.871  -68.494  26.558 0.2000000030
19840  -41.620  -68.555  25.037 0.2000000030
20746  -42.712  -67.310  26.633 0.2000000030
19841  -42.265  -67.890  25.792 0.2000000030
21614  -42.121  -66.939  27.104 0.1000000015
22543  -42.327  -65.988  26.513 0.1000000015
21596  -44.530  -65.866  27.384 0.1000000015
21598  -45.766  -66.288  27.725 0.1000000015
139023  -46.528  -66.468  27.832 0.1000000015
21600  -47.917  -66.954  28.386 0.1000000015
23476  -42.956  -65.194  26.308 0.1000000015
142475  -43.598  -64.871  26.530 0.1000000015
23469  -44.867  -65.213  27.329 0.1000000015
22546  -45.519  -65.327  27.448 0.1000000015
140239  -41.622  -64.440  25.329 0.1000000015
140929  -42.126  -63.753  25.312 0.1000000015
23477  -43.919  -64.314  26.413 0.1000000015
12340  -41.872  -76.244  16.619 0.4000000060
13274  -40.938  -75.776  17.570 0.5000000000
136274  -40.487  -75.698  18.162 0.5000000000
127387  -41.718  -76.194  17.533 0.4000000060
13273  -40.188  -75.398  17.530 0.5000000000
131968  -41.293  -75.849  16.966 0.6000000238
11446  -45.061  -77.206  16.976 0.5000000000
12325  -44.435  -76.949  18.295 0.4000000060
9740  -43.343  -79.226  13.974 0.5000000000
12342  -44.125  -77.022  17.521 0.4000000060
10588  -45.162  -78.142  15.654 0.5000000000
12359  -43.725  -77.200  16.540 0.6000000238
11492  -44.591  -78.081  14.531 0.5000000000
9741  -43.988  -78.484  13.474 0.3000000119
12398  -43.094  -76.975  12.658 0.5000000000
11461  -44.793  -77.621  15.952 0.5000000000
131901  -41.359  -80.244  14.551 0.5000000000
11473  -44.570  -77.868  14.854 0.5000000000
14202  -38.817  -74.382  17.368 0.4000000060
11508  -44.202  -77.834  13.186 0.4000000060
135455  -44.945  -74.521  13.318 0.5000000000
133834  -45.278  -72.579  13.642 0.4000000060
16224  -46.459  -72.652  12.993 0.4000000060
17179  -44.099  -72.379  13.929 0.4000000060
127219  -44.277  -70.822  13.446 0.4000000060
138019  -41.218  -81.704  18.556 0.2000000030
12341  -42.762  -76.650  17.269 0.4000000060
15194  -38.101  -73.834  17.766 0.3000000119
14211  -40.177  -74.839  16.249 0.4000000060
16136  -37.307  -72.234  20.777 0.3000000119
15178  -37.211  -72.896  18.760 0.4000000060
15193  -37.603  -73.322  18.020 0.4000000060
15209  -39.025  -73.974  16.423 0.5000000000
14216  -41.276  -74.783  15.114 0.6000000238
13283  -42.293  -76.146  14.814 0.6000000238
12371  -42.768  -76.791  15.035 0.6000000238
12358  -42.627  -76.778  16.061 0.6000000238
12372  -44.016  -77.348  14.310 0.5000000000
11491  -44.299  -77.711  13.700 0.5000000000
136077  -37.995  -73.094  16.591 0.4000000060
15219  -38.621  -73.253  16.148 0.4000000060
15221  -40.225  -73.701  15.414 0.5000000000
13284  -42.112  -75.368  14.687 0.6000000238
12385  -43.318  -76.573  14.361 0.5000000000
127849  -44.144  -75.654  13.481 0.5000000000
16165  -36.682  -72.212  18.213 0.4000000060
15220  -39.424  -73.466  15.715 0.5000000000
15235  -42.715  -73.413  14.364 0.4000000060
14218  -42.058  -74.303  14.646 0.5000000000
14220  -44.141  -74.654  13.791 0.5000000000
17161  -36.509  -71.121  17.089 0.3000000119
130806  -38.333  -71.849  15.558 0.5000000000
16203  -39.987  -72.945  15.221 0.5000000000
146303  -40.500  -72.573  14.856 0.5000000000
16214  -42.979  -72.564  14.117 0.4000000060
16202  -39.905  -72.211  14.922 0.5000000000
132669  -41.456  -71.947  14.377 0.4000000060
17178  -42.270  -71.897  14.126 0.4000000060
18107  -40.259  -70.279  14.241 0.4000000060
18098  -39.062  -70.702  14.858 0.4000000060
145798  -41.076  -71.550  14.343 0.4000000060
17181  -42.626  -71.229  13.793 0.4000000060
11408  -43.189  -77.442  21.205 0.5000000000
11424  -44.864  -77.151  19.098 0.4000000060
10576  -45.423  -78.090  16.307 0.5000000000
11447  -45.453  -77.366  17.355 0.5000000000
17083  -39.900  -71.647  21.610 0.3000000119
18016  -39.587  -70.272  20.846 0.2000000030
17080  -37.643  -71.505  21.196 0.3000000119
16135  -36.643  -71.859  20.125 0.4000000060
129679  -36.720  -70.637  20.490 0.3000000119
18037  -36.187  -70.162  20.061 0.3000000119
18036  -35.828  -70.219  19.255 0.3000000119
18075  -36.047  -70.518  17.512 0.3000000119
18085  -37.075  -70.594  16.183 0.3000000119
17172  -38.453  -70.983  15.277 0.3000000119
146795  -36.751  -69.797  16.219 0.3000000119
19020  -35.876  -69.781  17.288 0.2000000030
19042  -37.306  -69.702  15.682 0.3000000119
18106  -38.546  -70.163  14.918 0.3000000119
19048  -38.729  -69.320  14.644 0.3000000119
19050  -40.183  -69.369  14.153 0.3000000119
19051  -40.897  -69.803  13.876 0.4000000060
19981  -39.564  -68.001  14.496 0.2000000030
19982  -40.254  -68.364  14.194 0.3000000119
19977  -37.883  -67.927  15.170 0.2000000030
20886  -40.094  -67.564  14.155 0.2000000030
22705  -38.407  -65.710  13.541 0.1000000015
23635  -37.279  -64.911  15.223 0.1000000015
12279  -42.390  -76.898  21.650 0.4000000060
11409  -44.605  -77.678  20.768 0.5000000000
134170  -45.536  -78.071  19.111 0.4000000060
11436  -45.511  -77.219  18.042 0.5000000000
142877  -42.172  -72.547  21.366 0.4000000060
17104  -41.167  -71.240  20.761 0.3000000119
18018  -41.132  -70.544  20.206 0.2000000030
123635  -40.015  -69.442  20.386 0.1000000015
18039  -41.421  -70.036  19.687 0.1000000015
18967  -37.154  -69.038  20.446 0.2000000030
148231  -38.332  -68.236  20.464 0.2000000030
18013  -35.744  -69.297  19.520 0.2000000030
126944  -35.880  -67.851  19.737 0.2000000030
19947  -35.418  -68.500  17.683 0.2000000030
19928  -35.388  -68.723  18.682 0.2000000030
140826  -36.125  -68.760  16.515 0.2000000030
20802  -36.038  -67.055  19.980 0.2000000030
130467  -35.439  -67.810  17.500 0.1000000015
20829  -35.365  -67.116  18.662 0.1000000015
136427  -35.466  -66.649  17.323 0.1000000015
21777  -35.760  -66.594  16.760 0.1000000015
19962  -36.374  -68.121  16.185 0.2000000030
19976  -37.095  -68.075  15.630 0.2000000030
22678  -36.073  -65.808  16.574 0.1000000015
22667  -35.397  -65.436  17.931 0.1000000015
21796  -37.180  -66.476  15.796 0.1000000015
20878  -37.525  -67.205  15.517 0.1000000015
21797  -37.889  -66.444  15.362 0.1000000015
21802  -38.948  -66.615  14.458 0.1000000015
23625  -35.844  -64.335  16.766 0.1000000015
22695  -38.121  -65.910  15.109 0.1000000015
22699  -38.408  -65.926  14.514 0.1000000015
145471  -36.846  -64.400  15.510 0.1000000015
24547  -36.575  -63.533  15.428 0.1000000015
25479  -37.204  -62.268  14.452 0.1000000015
132630  -43.160  -79.585  21.190 0.3000000119
9643  -43.534  -79.315  20.229 0.3000000119
9603  -45.441  -78.736  22.958 0.3000000119
9620  -43.890  -79.305  21.776 0.3000000119
10478  -45.486  -78.423  21.946 0.3000000119
10495  -45.551  -78.301  21.131 0.3000000119
9644  -44.506  -79.166  20.774 0.3000000119
10527  -45.381  -78.578  19.601 0.3000000119
10514  -45.587  -78.013  20.574 0.3000000119
11392  -45.473  -77.934  21.288 0.3000000119
141743  -45.225  -77.668  22.058 0.3000000119
11411  -45.473  -77.772  19.820 0.3000000119
125536  -44.688  -77.213  22.516 0.4000000060
128501  -42.440  -74.988  22.429 0.4000000060
136691  -42.494  -75.936  22.462 0.4000000060
17105  -43.123  -71.810  20.444 0.3000000119
18985  -42.263  -69.208  19.248 0.1000000015
18983  -40.663  -69.103  19.949 0.1000000015
128365  -37.101  -67.615  20.474 0.2000000030
20805  -40.511  -67.692  19.989 0.1000000015
134702  -38.422  -66.941  20.460 0.2000000030
137778  -36.683  -66.957  20.375 0.1000000015
21698  -36.301  -66.452  20.156 0.1000000015
136308  -35.459  -66.357  19.067 0.1000000015
22634  -35.866  -64.973  19.492 0.1000000015
126886  -35.805  -64.009  19.310 0.1000000015
23612  -35.499  -64.058  17.631 0.1000000015
24521  -35.524  -63.238  17.853 0.1000000015
25451  -35.966  -62.752  16.687 0.1000000015
24533  -36.160  -63.498  16.330 0.1000000015
27389  -36.769  -60.834  16.473 0.1000000015
27411  -37.066  -60.842  15.978 0.1000000015
9582  -43.715  -79.717  23.749 0.2000000030
9583  -44.671  -79.207  23.838 0.2000000030
8804  -42.316  -80.772  23.000 0.2000000030
11373  -46.023  -77.799  22.887 0.3000000119
13222  -43.370  -75.520  22.651 0.4000000060
17085  -44.748  -71.764  21.106 0.3000000119
147466  -42.889  -68.862  19.070 0.1000000015
19003  -43.830  -69.766  18.764 0.1000000015
19930  -44.321  -69.003  18.616 0.1000000015
19917  -43.215  -68.284  19.093 0.1000000015
19915  -41.717  -68.420  19.473 0.1000000015
20817  -42.881  -67.608  19.402 0.1000000015
135115  -39.736  -66.254  20.309 0.1000000015
22614  -36.791  -65.367  20.338 0.1000000015
23555  -37.059  -64.620  20.331 0.1000000015
24464  -37.699  -63.815  20.264 0.1000000015
26377  -35.859  -61.919  18.028 0.1000000015
124750  -43.955  -79.548  24.623 0.2000000030
9547  -44.284  -79.008  26.576 0.2000000030
146145  -44.875  -78.871  25.739 0.2000000030
9567  -44.785  -78.998  24.835 0.3000000119
143720  -46.171  -77.381  25.570 0.2000000030
15138  -45.200  -73.117  22.265 0.3000000119
17999  -46.059  -70.631  21.622 0.3000000119
17075  -45.924  -71.084  22.113 0.3000000119
17991  -46.343  -70.178  22.198 0.3000000119
18059  -44.134  -70.685  18.831 0.1000000015
17142  -46.567  -71.651  18.868 0.2000000030
135139  -45.576  -70.738  18.450 0.1000000015
141287  -44.875  -69.329  18.471 0.1000000015
19932  -45.892  -68.790  18.310 0.1000000015
20832  -45.413  -67.928  18.835 0.1000000015
20833  -46.368  -68.032  18.640 0.1000000015
20821  -47.761  -67.389  18.762 0.1000000015
20820  -46.865  -67.440  19.181 0.1000000015
132577  -43.803  -67.657  19.263 0.1000000015
21733  -44.217  -66.984  19.836 0.1000000015
20819  -46.038  -67.436  19.389 0.1000000015
21734  -45.702  -66.934  19.985 0.1000000015
21736  -47.349  -66.749  19.658 0.1000000015
21706  -46.924  -66.244  20.396 0.1000000015
22636  -48.787  -65.843  19.450 0.1000000015
21738  -49.122  -66.525  18.618 0.1000000015
21731  -42.454  -66.903  19.718 0.1000000015
21704  -45.285  -66.468  20.448 0.1000000015
21703  -43.911  -66.328  20.466 0.1000000015
21705  -46.075  -66.376  20.494 0.1000000015
132046  -47.183  -65.537  20.673 0.1000000015
23579  -48.935  -64.463  19.836 0.1000000015
145817  -40.432  -66.365  20.224 0.1000000015
21701  -42.052  -66.257  20.174 0.1000000015
23557  -39.000  -64.664  20.386 0.1000000015
25388  -37.859  -62.864  20.186 0.1000000015
26378  -36.321  -61.606  18.612 0.1000000015
14117  -42.090  -75.090  25.102 0.2000000030
13198  -43.872  -75.197  24.995 0.2000000030
133281  -42.119  -74.288  24.615 0.3000000119
13182  -45.300  -75.719  25.424 0.2000000030
14138  -46.960  -73.904  24.189 0.3000000119
141312  -45.787  -71.667  23.126 0.3000000119
16097  -46.030  -72.725  23.803 0.3000000119
16108  -45.279  -72.140  23.597 0.3000000119
14137  -46.808  -74.114  24.706 0.3000000119
17983  -45.842  -70.254  23.120 0.3000000119
18947  -46.781  -69.346  23.031 0.2000000030
18955  -47.679  -69.626  21.457 0.3000000119
18043  -46.630  -71.350  19.503 0.2000000030
18061  -46.395  -71.219  18.466 0.1000000015
18062  -47.053  -71.612  18.599 0.2000000030
19006  -46.348  -70.030  18.132 0.1000000015
22619  -43.377  -65.650  20.950 0.1000000015
22606  -44.904  -65.275  21.352 0.1000000015
23561  -46.837  -64.844  21.095 0.1000000015
23560  -42.034  -65.037  21.045 0.1000000015
22605  -43.873  -64.916  21.492 0.1000000015
23558  -40.549  -64.421  20.740 0.1000000015
130595  -39.659  -64.070  20.547 0.1000000015
131757  -39.337  -63.201  20.564 0.1000000015
25390  -39.438  -62.256  20.605 0.1000000015
26356  -37.474  -61.441  19.632 0.1000000015
15112  -40.888  -73.183  24.917 0.3000000119
14133  -41.398  -74.142  24.932 0.3000000119
16093  -41.149  -72.473  24.268 0.3000000119
15124  -43.042  -72.890  23.926 0.3000000119
139506  -43.970  -71.013  23.440 0.3000000119
124235  -43.166  -72.114  23.644 0.3000000119
136538  -45.270  -69.596  23.556 0.3000000119
19869  -45.653  -68.963  23.935 0.2000000030
18002  -48.921  -71.004  20.514 0.2000000030
17109  -48.963  -71.784  20.091 0.2000000030
17046  -42.669  -71.696  27.471 0.1000000015
17954  -40.893  -70.982  26.030 0.2000000030
17052  -40.515  -71.681  25.284 0.3000000119
16106  -41.422  -71.668  23.794 0.3000000119
145135  -46.746  -68.481  25.054 0.2000000030
18918  -47.617  -68.920  24.645 0.1000000015
19858  -47.471  -68.694  25.325 0.1000000015
18910  -48.479  -69.196  25.672 0.2000000030
17966  -40.616  -70.633  24.561 0.3000000119
19866  -42.734  -68.722  23.956 0.3000000119
20762  -43.835  -67.482  24.905 0.2000000030
20763  -44.653  -67.611  24.792 0.2000000030
19842  -46.159  -67.992  25.205 0.2000000030
20750  -46.464  -67.515  26.355 0.1000000015
20749  -45.511  -67.037  26.286 0.1000000015
20748  -44.563  -67.026  25.682 0.1000000015
19828  -48.339  -68.404  27.454 0.1000000015
18909  -41.215  -69.240  25.440 0.3000000119
18917  -41.880  -68.906  24.221 0.3000000119
20724  -43.091  -66.813  26.881 0.1000000015
21615  -42.816  -66.720  26.960 0.1000000015
22544  -43.690  -65.596  26.902 0.1000000015
21599  -47.179  -66.831  28.129 0.1000000015
142803  -41.892  -68.084  27.305 0.2000000030
19826  -42.207  -67.806  27.071 0.2000000030
21639  -41.313  -66.287  26.222 0.1000000015
22536  -45.270  -65.859  27.636 0.1000000015
23494  -43.240  -64.309  26.054 0.1000000015
11506  -41.431  -77.394  13.486 0.3000000119
11488  -39.453  -77.629  14.337 0.3000000119
11489  -40.694  -77.890  14.102 0.3000000119
12391  -35.726  -76.337  13.511 0.2000000030
11517  -34.251  -76.982  12.913 0.2000000030
11487  -38.572  -77.804  14.439 0.4000000060
12393  -37.806  -76.772  13.886 0.3000000119
12396  -40.865  -76.616  13.289 0.4000000060
12383  -38.549  -77.132  14.169 0.3000000119
124913  -37.118  -77.245  13.934 0.3000000119
12397  -42.004  -76.859  12.979 0.4000000060
12395  -39.869  -76.328  13.484 0.4000000060
12392  -36.977  -76.333  13.695 0.3000000119
13288  -35.259  -75.508  13.422 0.2000000030
12404  -41.357  -76.244  12.842 0.4000000060
13292  -40.478  -75.891  13.055 0.4000000060
13290  -38.648  -75.434  13.360 0.4000000060
13303  -43.386  -75.999  12.269 0.4000000060
127558  -37.093  -75.460  13.533 0.3000000119
14223  -35.659  -74.693  13.361 0.3000000119
13302  -42.260  -75.562  12.291 0.4000000060
13300  -40.161  -75.110  12.854 0.4000000060
14226  -38.521  -74.662  13.094 0.3000000119
14224  -36.602  -74.590  13.369 0.4000000060
149437  -44.725  -75.224  12.288 0.4000000060
14240  -40.704  -74.546  12.430 0.4000000060
15253  -38.052  -74.019  12.911 0.3000000119
14244  -45.105  -74.760  12.579 0.4000000060
15274  -42.207  -74.234  11.914 0.4000000060
14241  -41.699  -74.826  12.212 0.4000000060
14239  -39.769  -74.269  12.630 0.4000000060
14254  -45.084  -74.267  12.190 0.4000000060
15273  -40.261  -73.636  12.221 0.4000000060
15272  -39.343  -73.424  12.325 0.3000000119
15275  -45.513  -74.024  12.688 0.4000000060
15287  -42.724  -73.627  11.723 0.4000000060
125141  -41.206  -73.921  12.057 0.4000000060
16237  -39.876  -72.839  11.864 0.4000000060
15288  -44.327  -73.612  11.786 0.4000000060
16255  -43.598  -72.533  11.566 0.4000000060
15286  -41.742  -73.263  11.746 0.4000000060
15285  -40.788  -73.005  11.827 0.4000000060
16236  -38.893  -72.742  11.842 0.3000000119
15289  -45.303  -73.573  12.160 0.4000000060
16254  -42.462  -72.572  11.514 0.4000000060
16253  -41.364  -72.398  11.450 0.4000000060
16252  -40.465  -72.323  11.421 0.3000000119
138517  -38.936  -72.340  11.287 0.2000000030
16238  -45.954  -73.197  12.662 0.3000000119
133641  -44.620  -72.829  11.760 0.4000000060
16256  -45.535  -72.729  11.993 0.4000000060
17196  -44.282  -71.827  11.443 0.4000000060
17195  -43.010  -71.772  11.260 0.4000000060
17194  -41.975  -71.889  11.141 0.4000000060
16251  -39.639  -72.331  11.371 0.2000000030
17204  -40.151  -71.827  10.233 0.2000000030
125088  -38.829  -72.421  9.942 0.3000000119
16225  -47.042  -71.940  12.934 0.3000000119
16239  -46.561  -72.562  12.940 0.3000000119
17197  -45.613  -71.694  11.637 0.3000000119
17206  -41.606  -71.613  10.627 0.3000000119
17214  -40.675  -71.742  9.866 0.2000000030
17205  -40.824  -71.704  10.521 0.2000000030
16268  -39.604  -72.267  9.736 0.2000000030
15304  -37.954  -73.617  9.547 0.2000000030
17186  -47.072  -71.860  12.789 0.3000000119
17208  -43.621  -71.172  10.908 0.4000000060
129403  -41.220  -71.593  9.879 0.1000000015
19060  -46.159  -70.505  13.100 0.3000000119
17199  -47.421  -71.122  12.416 0.3000000119
18132  -45.732  -70.788  11.184 0.2000000030
18137  -43.426  -70.741  9.970 0.2000000030
15305  -39.885  -72.981  8.968 0.1000000015
14279  -38.456  -74.295  9.193 0.2000000030
18140  -47.843  -70.134  11.188 0.2000000030
126799  -45.447  -70.347  10.280 0.2000000030
18150  -44.568  -70.500  9.554 0.1000000015
17227  -41.547  -71.795  9.183 0.1000000015
145505  -40.602  -72.791  8.798 0.1000000015
14280  -39.216  -73.678  9.039 0.1000000015
19059  -44.909  -70.245  13.178 0.2000000030
19070  -47.488  -70.437  12.311 0.3000000119
18134  -47.805  -70.257  11.800 0.3000000119
19991  -43.364  -69.096  13.112 0.2000000030
19068  -45.435  -69.740  12.792 0.1000000015
19069  -46.697  -69.961  12.567 0.3000000119
19080  -48.107  -69.611  11.268 0.2000000030
16283  -41.925  -72.396  8.509 0.1000000015
15321  -40.603  -73.550  8.550 0.1000000015
15320  -39.937  -74.052  8.653 0.1000000015
125333  -44.784  -69.156  12.511 0.2000000030
20001  -47.036  -69.327  11.898 0.2000000030
20010  -47.967  -69.076  11.321 0.2000000030
19087  -47.981  -69.874  10.202 0.1000000015
18151  -46.754  -70.174  9.744 0.1000000015
18168  -43.967  -70.820  8.960 0.1000000015
128891  -44.607  -71.384  8.351 0.1000000015
15323  -42.051  -73.445  8.065 0.1000000015
14291  -40.755  -74.525  8.408 0.1000000015
12438  -38.992  -76.926  8.970 0.1000000015
131457  -47.051  -68.620  11.276 0.1000000015
20022  -48.322  -68.960  10.551 0.2000000030
19095  -48.150  -69.706  9.371 0.1000000015
18170  -47.141  -70.720  8.502 0.1000000015
17259  -44.602  -72.228  7.792 0.1000000015
14293  -42.374  -74.478  7.897 0.1000000015
13349  -40.266  -75.866  8.532 0.1000000015
11544  -38.590  -77.560  8.994 0.1000000015
18153  -47.969  -70.145  8.556 0.1000000015
129713  -45.806  -72.647  7.222 0.1000000015
12455  -41.144  -76.677  8.384 0.1000000015
11545  -39.539  -77.602  8.757 0.1000000015
15335  -44.368  -74.236  7.451 0.1000000015
17984  -50.068  -70.672  23.840 0.2000000030
19990  -42.482  -68.735  13.337 0.2000000030
19999  -43.903  -68.791  12.622 0.1000000015
20000  -45.768  -69.192  12.279 0.1000000015
20009  -45.981  -68.558  11.576 0.1000000015
20036  -48.278  -69.056  9.561 0.1000000015
20020  -46.359  -67.979  10.582 0.1000000015
19114  -48.085  -69.680  8.808 0.1000000015
17231  -46.979  -71.449  7.682 0.1000000015
142431  -40.967  -75.523  8.357 0.1000000015
15334  -43.062  -73.794  7.729 0.1000000015
17260  -46.582  -72.020  7.162 0.1000000015
12384  -39.251  -76.748  13.937 0.3000000119
11505  -40.240  -77.085  13.799 0.4000000060
146359  -36.328  -76.318  13.615 0.3000000119
13289  -37.898  -75.916  13.573 0.3000000119
141004  -39.040  -76.089  13.567 0.3000000119
128535  -36.241  -75.602  13.535 0.3000000119
13301  -41.251  -75.507  12.568 0.4000000060
14225  -37.717  -74.850  13.318 0.3000000119
14242  -42.806  -75.123  12.073 0.4000000060
14227  -39.267  -74.864  13.025 0.4000000060
14238  -38.900  -74.092  12.748 0.3000000119
14252  -43.317  -74.541  11.857 0.4000000060
17193  -41.047  -71.908  11.085 0.2000000030
16264  -39.393  -72.051  10.684 0.2000000030
17209  -44.597  -71.134  11.136 0.3000000119
17207  -42.571  -71.350  10.638 0.2000000030
145952  -39.207  -72.843  9.392 0.2000000030
18126  -47.325  -71.184  12.710 0.3000000119
17198  -46.846  -71.590  12.107 0.3000000119
17215  -42.642  -71.134  9.751 0.2000000030
16282  -41.076  -72.337  8.908 0.1000000015
18138  -44.414  -70.704  10.593 0.4000000060
18133  -47.284  -70.741  11.676 0.2000000030
17216  -43.119  -71.060  9.228 0.1000000015
14290  -39.288  -74.648  8.829 0.1000000015
17229  -43.515  -71.515  8.479 0.1000000015
15322  -41.225  -73.044  8.463 0.1000000015
19079  -47.779  -69.807  11.813 0.3000000119
127108  -45.729  -70.427  9.339 0.1000000015
16284  -42.898  -72.145  8.224 0.1000000015
14292  -41.397  -74.003  8.217 0.1000000015
13348  -39.481  -75.594  8.758 0.1000000015
20008  -44.683  -68.535  11.976 0.1000000015
20021  -47.537  -68.448  10.619 0.1000000015
18152  -47.920  -70.208  8.897 0.1000000015
18169  -45.453  -70.908  8.604 0.1000000015
16307  -43.679  -72.866  7.683 0.1000000015
12454  -39.807  -76.633  8.659 0.1000000015
17230  -45.952  -71.947  7.721 0.1000000015
10658  -38.486  -78.334  8.943 0.1000000015
18172  -47.806  -70.367  8.074 0.1000000015
146873  -47.023  -67.927  9.917 0.1000000015
137651  -39.700  -82.205  14.831 0.3000000119
8067  -39.428  -81.705  14.607 0.2000000030
7307  -37.973  -82.496  14.291 0.3000000119
8066  -38.445  -81.623  14.432 0.2000000030
8864  -41.834  -80.814  15.928 0.4000000060
7310  -40.338  -82.049  15.091 0.2000000030
8044  -41.305  -81.283  15.155 0.4000000060
8068  -40.241  -81.664  14.757 0.3000000119
8085  -37.519  -81.577  14.084 0.2000000030
8874  -42.371  -80.339  14.823 0.4000000060
8895  -39.912  -81.050  14.579 0.2000000030
8893  -37.916  -80.608  14.365 0.2000000030
7325  -37.167  -82.356  13.814 0.1000000015
8084  -36.736  -81.591  13.620 0.1000000015
130968  -40.282  -80.224  14.588 0.3000000119
7324  -36.437  -82.335  13.429 0.1000000015
9723  -37.925  -79.483  14.414 0.2000000030
8083  -35.928  -81.491  13.225 0.1000000015
8906  -35.813  -80.573  13.249 0.1000000015
8907  -36.414  -80.211  13.613 0.1000000015
9737  -35.745  -79.667  13.305 0.1000000015
8098  -34.417  -81.125  12.486 0.1000000015
8099  -35.223  -80.903  12.865 0.1000000015
9747  -34.279  -79.603  12.429 0.1000000015
9748  -34.976  -79.601  12.862 0.1000000015
135108  -41.558  -79.489  14.340 0.3000000119
137988  -38.638  -79.076  14.647 0.2000000030
10617  -37.243  -78.963  14.145 0.2000000030
9739  -37.132  -79.910  14.060 0.2000000030
9738  -36.523  -79.332  13.757 0.2000000030
10625  -34.587  -78.727  12.780 0.1000000015
9746  -33.523  -79.709  12.057 0.1000000015
10604  -41.139  -78.736  14.248 0.2000000030
9726  -40.617  -79.418  14.485 0.3000000119
136856  -38.061  -78.446  14.434 0.2000000030
10616  -36.704  -78.534  13.922 0.2000000030
10626  -35.296  -78.992  13.173 0.1000000015
10641  -33.002  -79.113  11.900 0.1000000015
10624  -33.745  -78.912  12.274 0.1000000015
10603  -40.033  -78.545  14.460 0.3000000119
11486  -37.872  -77.559  14.209 0.3000000119
10618  -43.129  -78.511  13.499 0.2000000030
136354  -35.896  -77.767  13.558 0.2000000030
11502  -35.367  -77.208  13.362 0.1000000015
10623  -33.065  -78.286  12.203 0.1000000015
131326  -33.818  -77.862  12.614 0.1000000015
146452  -34.785  -77.086  13.140 0.1000000015
140006  -32.433  -76.906  12.518 0.1000000015
12390  -33.928  -76.083  13.017 0.1000000015
13287  -34.401  -75.410  13.193 0.1000000015
12403  -32.502  -75.990  12.613 0.1000000015
125969  -33.217  -75.779  12.751 0.1000000015
11490  -41.929  -78.224  13.705 0.2000000030
14222  -34.805  -74.687  13.212 0.1000000015
13299  -34.141  -74.725  12.958 0.1000000015
14237  -35.231  -73.992  13.042 0.1000000015
13308  -30.526  -75.637  11.410 0.1000000015
13296  -31.858  -75.499  12.256 0.1000000015
13297  -32.785  -75.071  12.451 0.1000000015
14236  -34.453  -74.128  12.745 0.1000000015
15252  -37.172  -73.926  13.086 0.3000000119
14250  -32.728  -74.242  11.384 0.1000000015
8897  -41.539  -80.839  14.837 0.3000000119
8896  -40.779  -81.033  14.641 0.2000000030
10602  -39.021  -78.425  14.656 0.3000000119
11501  -34.681  -77.698  13.023 0.1000000015
11516  -33.327  -76.731  12.687 0.1000000015
11504  -37.238  -78.063  14.161 0.2000000030
133861  -39.476  -80.265  14.634 0.2000000030
9725  -39.513  -79.366  14.654 0.3000000119
136189  -35.995  -78.634  13.543 0.1000000015
12402  -31.739  -76.363  12.410 0.1000000015
14235  -33.607  -74.394  12.438 0.1000000015
12412  -30.294  -76.495  11.624 0.1000000015
14233  -32.138  -74.753  11.769 0.1000000015
15250  -35.922  -74.034  13.198 0.2000000030
14263  -34.067  -73.903  10.493 0.1000000015
140319  -33.659  -75.218  9.428 0.1000000015
142185  -34.499  -74.359  9.991 0.2000000030
12450  -33.462  -76.316  8.572 0.1000000015
16247  -35.934  -72.901  11.541 0.2000000030
15294  -35.395  -73.202  10.903 0.2000000030
13345  -34.016  -75.781  9.033 0.2000000030
15303  -35.877  -73.711  10.211 0.1000000015
14276  -35.247  -74.459  9.812 0.2000000030
14277  -36.081  -74.644  9.673 0.1000000015
16233  -36.299  -72.952  12.231 0.2000000030
124307  -36.166  -72.965  10.855 0.1000000015
13346  -34.939  -75.927  9.107 0.1000000015
13333  -35.515  -75.298  9.446 0.1000000015
15270  -37.543  -73.317  12.575 0.2000000030
16248  -36.663  -72.685  11.708 0.2000000030
15295  -36.674  -73.227  10.295 0.1000000015
127272  -36.777  -74.825  9.548 0.1000000015
16261  -36.864  -72.637  10.988 0.1000000015
124990  -36.683  -74.029  9.768 0.1000000015
15271  -38.428  -73.338  12.425 0.2000000030
16249  -37.414  -72.569  11.622 0.2000000030
16262  -37.681  -72.450  10.864 0.2000000030
14278  -37.492  -74.405  9.481 0.1000000015
144350  -37.282  -72.846  10.385 0.1000000015
15296  -37.319  -73.451  9.836 0.1000000015
135178  -37.282  -75.474  9.337 0.1000000015
16232  -35.607  -73.113  12.136 0.1000000015
15284  -35.116  -73.224  11.563 0.1000000015
8043  -40.861  -81.765  15.402 0.2000000030
6545  -38.595  -83.168  14.721 0.1000000015
9619  -42.726  -80.094  22.149 0.2000000030
8817  -41.910  -81.176  22.079 0.1000000015
9554  -42.190  -79.381  25.662 0.1000000015
9565  -42.590  -79.965  25.081 0.1000000015
12209  -45.194  -77.665  26.322 0.1000000015
9566  -43.376  -79.809  25.264 0.1000000015
14116  -41.639  -74.698  25.619 0.2000000030
13180  -42.658  -76.050  25.511 0.1000000015
141986  -41.875  -78.012  26.519 0.1000000015
12220  -43.262  -76.839  25.853 0.1000000015
139597  -43.363  -78.110  26.648 0.1000000015
10408  -44.014  -78.673  26.734 0.1000000015
10426  -42.854  -79.156  26.293 0.1000000015
8019  -41.324  -81.417  16.546 0.2000000030
137020  -42.312  -80.518  21.530 0.1000000015
9546  -43.653  -79.179  26.499 0.1000000015
11310  -44.484  -78.216  26.628 0.1000000015
12221  -44.618  -76.820  25.874 0.1000000015
15096  -41.148  -73.850  25.347 0.2000000030
10446  -41.349  -79.168  25.100 0.1000000015
142293  -41.541  -78.714  25.784 0.1000000015
12208  -43.982  -77.620  26.363 0.1000000015
13161  -42.248  -76.721  26.459 0.1000000015
7295  -40.226  -82.466  15.834 0.1000000015
139668  -40.991  -68.453  27.427 0.1000000015
18888  -41.294  -69.271  27.263 0.1000000015
18876  -41.244  -69.870  27.859 0.1000000015
142692  -42.656  -71.153  28.411 0.1000000015
17955  -41.397  -69.951  26.726 0.1000000015
18886  -39.352  -69.369  27.812 0.1000000015
18874  -39.741  -69.773  28.321 0.1000000015
148103  -39.460  -70.191  28.803 0.1000000015
17926  -40.749  -70.646  29.330 0.1000000015
19809  -39.962  -68.779  27.465 0.1000000015
146527  -40.062  -69.336  27.896 0.1000000015
124034  -41.085  -70.355  28.525 0.1000000015
17012  -43.038  -71.371  29.621 0.1000000015
17925  -38.230  -70.265  29.839 0.1000000015
18885  -38.499  -69.374  27.756 0.1000000015
18873  -38.866  -69.863  28.427 0.1000000015
17936  -38.895  -70.298  29.246 0.1000000015
19808  -38.979  -68.904  27.249 0.1000000015
144748  -39.748  -70.458  29.412 0.1000000015
123271  -40.222  -70.770  30.190 0.1000000015
130699  -40.242  -67.989  27.002 0.1000000015
20721  -41.235  -67.789  27.297 0.1000000015
18872  -37.346  -69.534  28.637 0.1000000015
133565  -38.088  -69.687  28.272 0.1000000015
18859  -38.114  -70.051  28.949 0.1000000015
129556  -37.272  -68.778  27.257 0.1000000015
19807  -38.105  -68.862  27.197 0.1000000015
20720  -39.143  -67.887  26.214 0.1000000015
20722  -41.897  -67.649  27.255 0.1000000015
18950  -49.532  -70.676  22.161 0.1000000015
18003  -49.568  -71.067  21.396 0.1000000015
17111  -49.697  -71.273  20.179 0.1000000015
20719  -38.148  -67.917  26.014 0.1000000015
21613  -41.414  -67.211  26.970 0.1000000015
20723  -42.395  -67.218  27.064 0.1000000015
17968  -50.014  -70.419  24.915 0.1000000015
18045  -48.084  -72.088  19.143 0.1000000015
127055  -48.705  -71.958  19.440 0.1000000015
17985  -50.249  -70.429  24.272 0.1000000015
18046  -49.580  -70.906  19.211 0.1000000015
17130  -49.001  -71.772  18.839 0.1000000015
18884  -37.699  -69.289  27.794 0.1000000015
18858  -37.471  -69.866  29.602 0.1000000015
18063  -47.767  -71.545  18.415 0.1000000015
17946  -42.573  -71.186  27.844 0.1000000015
17945  -41.604  -70.305  27.433 0.1000000015
17110  -49.213  -71.643  20.135 0.1000000015
18875  -40.510  -69.752  28.166 0.1000000015
129431  -41.931  -70.575  28.076 0.1000000015
17927  -43.130  -71.359  28.910 0.1000000015
136778  -41.969  -70.947  29.008 0.1000000015
19824  -39.387  -68.426  26.867 0.1000000015
19823  -38.569  -68.421  26.634 0.1000000015
17076  -49.921  -71.425  21.644 0.1000000015
18064  -48.629  -71.114  18.282 0.1000000015
19989  -41.640  -68.371  13.563 0.1000000015
20893  -42.178  -68.008  13.160 0.1000000015
20892  -41.328  -67.773  13.441 0.1000000015
6507  -38.172  -84.499  17.471 0.1000000015
5800  -37.716  -85.187  16.438 0.1000000015
5810  -38.048  -85.103  16.168 0.1000000015
7285  -37.535  -84.277  17.233 0.1000000015
6519  -37.679  -84.931  16.887 0.1000000015
5159  -37.194  -85.464  16.210 0.1000000015
5801  -38.414  -84.613  16.735 0.1000000015
8030  -37.361  -83.074  17.208 0.1000000015
6508  -38.670  -84.202  18.114 0.1000000015
5794  -38.629  -84.395  17.517 0.1000000015
129219  -36.701  -82.365  16.692 0.1000000015
8015  -37.139  -81.706  17.146 0.1000000015
8016  -38.001  -82.670  17.722 0.1000000015
8853  -37.139  -80.655  17.386 0.1000000015
8854  -37.933  -81.286  17.812 0.1000000015
11295  -33.832  -77.136  27.840 0.1000000015
12187  -33.680  -76.292  27.337 0.1000000015
124898  -32.215  -75.271  22.999 0.1000000015
13217  -32.178  -75.011  22.156 0.1000000015
14185  -32.790  -74.788  20.030 0.1000000015
6531  -38.529  -84.280  16.048 0.1000000015
13239  -31.996  -75.196  20.206 0.1000000015
14186  -33.762  -74.727  20.015 0.1000000015
8863  -36.540  -80.633  16.897 0.1000000015
6544  -37.889  -83.602  14.398 0.1000000015
13272  -32.785  -75.635  17.940 0.1000000015
12339  -34.102  -76.384  17.610 0.1000000015
10558  -34.854  -77.829  16.915 0.1000000015
9692  -36.083  -79.865  16.766 0.1000000015
9680  -36.620  -79.704  17.362 0.1000000015
9668  -36.975  -79.118  18.072 0.1000000015
12337  -32.446  -76.139  17.365 0.1000000015
130843  -34.391  -78.230  16.304 0.1000000015
10560  -36.254  -78.716  17.673 0.1000000015
10539  -36.575  -78.285  18.371 0.1000000015
131114  -33.179  -76.046  25.936 0.1000000015
12216  -32.869  -75.890  25.141 0.1000000015
14128  -32.616  -74.528  24.228 0.1000000015
6499  -39.035  -83.973  18.532 0.1000000015
138176  -39.244  -84.058  17.569 0.1000000015
6520  -39.001  -83.897  16.577 0.1000000015
126898  -32.410  -74.624  22.954 0.1000000015
14163  -32.611  -74.477  21.475 0.1000000015
15129  -32.695  -74.083  23.009 0.1000000015
137521  -38.215  -84.296  15.261 0.1000000015
11433  -34.879  -76.768  17.945 0.1000000015
11445  -35.240  -77.491  17.602 0.1000000015
10559  -35.552  -78.274  17.293 0.1000000015
9681  -37.450  -80.065  17.862 0.1000000015
12322  -35.209  -76.507  18.715 0.1000000015
11434  -35.585  -77.218  18.342 0.1000000015
11435  -36.196  -77.634  18.612 0.1000000015
10540  -37.319  -78.617  18.754 0.1000000015
13142  -33.974  -75.670  27.849 0.1000000015
13141  -33.752  -75.420  27.319 0.1000000015
13132  -35.082  -75.507  28.963 0.1000000015
12163  -35.342  -76.178  29.360 0.1000000015
6510  -39.789  -83.566  18.727 0.1000000015
13176  -33.132  -75.254  25.782 0.1000000015
14112  -33.276  -74.264  25.667 0.1000000015
7278  -38.632  -83.675  18.340 0.1000000015
7280  -40.298  -83.010  18.182 0.1000000015
14129  -32.970  -74.013  24.735 0.1000000015
8017  -38.599  -82.532  18.380 0.1000000015
7286  -39.624  -83.222  16.777 0.1000000015
15106  -32.816  -73.926  24.048 0.1000000015
14151  -33.091  -73.981  21.936 0.1000000015
14177  -34.106  -74.491  20.728 0.1000000015
12306  -34.744  -75.841  19.058 0.1000000015
13253  -34.288  -75.251  19.479 0.1000000015
13240  -34.720  -75.047  20.216 0.1000000015
12308  -36.040  -76.989  19.222 0.1000000015
11421  -36.886  -77.770  19.173 0.1000000015
12307  -35.459  -76.160  19.492 0.1000000015
13118  -35.834  -75.328  29.459 0.1000000015
7271  -39.712  -83.214  19.284 0.1000000015
130417  -34.472  -75.561  28.380 0.1000000015
13131  -34.930  -74.793  28.540 0.1000000015
13119  -36.451  -75.478  29.951 0.1000000015
12154  -37.474  -75.971  30.762 0.1000000015
7988  -39.233  -81.314  19.168 0.1000000015
8003  -39.252  -82.470  18.992 0.1000000015
6490  -39.964  -83.318  19.299 0.1000000015
14091  -33.974  -73.956  26.956 0.1000000015
14076  -34.243  -74.709  27.748 0.1000000015
142235  -38.708  -80.577  18.807 0.1000000015
7294  -39.509  -83.054  15.896 0.1000000015
15107  -33.431  -73.492  24.211 0.1000000015
15091  -33.597  -73.514  25.155 0.1000000015
11422  -37.451  -77.696  19.886 0.1000000015
8846  -38.162  -80.377  18.346 0.1000000015
15120  -32.983  -73.758  23.490 0.1000000015
12290  -36.157  -76.416  20.089 0.1000000015
15142  -33.819  -73.851  21.998 0.1000000015
14178  -34.944  -74.737  20.922 0.1000000015
147310  -35.243  -75.168  20.627 0.1000000015
128255  -35.449  -74.854  29.015 0.1000000015
14077  -34.996  -73.970  28.173 0.1000000015
9670  -38.404  -79.824  18.912 0.1000000015
8018  -40.799  -82.120  17.324 0.1000000015
11405  -36.886  -77.100  20.081 0.1000000015
10510  -38.035  -78.025  20.195 0.1000000015
14166  -35.256  -74.558  21.611 0.1000000015
15121  -33.755  -73.396  23.379 0.1000000015
15131  -34.196  -73.540  22.670 0.1000000015
14152  -34.722  -73.949  22.093 0.1000000015
9640  -38.918  -79.231  20.261 0.1000000015
8830  -39.786  -80.860  20.838 0.1000000015
10511  -38.604  -78.492  20.589 0.1000000015
15054  -34.640  -73.654  27.429 0.1000000015
12276  -36.900  -76.353  21.310 0.1000000015
11406  -37.622  -77.442  20.572 0.1000000015
11407  -38.260  -77.800  20.954 0.1000000015
15072  -33.885  -73.473  26.137 0.1000000015
14167  -36.055  -75.019  21.909 0.1000000015
13230  -36.503  -75.751  21.595 0.1000000015
143556  -34.057  -73.103  24.668 0.1000000015
15132  -35.109  -73.616  22.741 0.1000000015
14153  -35.585  -74.293  22.303 0.1000000015
15122  -34.627  -73.261  23.348 0.1000000015
9641  -39.414  -79.776  20.674 0.1000000015
8814  -39.781  -79.974  21.401 0.1000000015
11389  -38.052  -76.917  22.033 0.1000000015
15055  -35.436  -73.241  27.687 0.1000000015
13209  -37.141  -75.228  22.971 0.1000000015
127598  -37.656  -76.432  22.220 0.1000000015
13218  -36.799  -75.506  22.282 0.1000000015
13231  -37.148  -76.121  21.960 0.1000000015
15108  -34.287  -73.075  23.999 0.1000000015
9617  -39.968  -79.724  22.080 0.1000000015
10493  -38.835  -78.313  21.384 0.1000000015
12260  -38.149  -76.512  22.780 0.1000000015
11390  -38.452  -77.579  21.741 0.1000000015
14063  -35.498  -74.220  28.739 0.1000000015
14143  -35.964  -73.938  22.953 0.1000000015
15092  -34.357  -72.969  25.397 0.1000000015
9599  -39.797  -79.006  22.503 0.1000000015
16065  -34.769  -72.848  26.179 0.1000000015
12153  -36.732  -76.059  30.320 0.1000000015
12118  -40.723  -76.775  32.080 0.1000000015
12139  -39.623  -76.500  31.733 0.1000000015
13092  -38.196  -75.939  31.180 0.1000000015
12138  -38.658  -76.606  31.421 0.1000000015
13193  -32.547  -75.362  24.343 0.1000000015
14164  -33.506  -74.181  21.345 0.1000000015
13251  -32.479  -75.148  19.376 0.1000000015
13265  -33.968  -75.494  18.769 0.1000000015
12320  -33.624  -75.741  18.043 0.1000000015
12321  -34.444  -76.095  18.326 0.1000000015
11444  -34.512  -77.077  17.242 0.1000000015
10575  -35.139  -78.658  16.607 0.1000000015
9679  -35.865  -79.099  16.985 0.1000000015
8042  -35.470  -81.265  15.861 0.1000000015
14111  -32.815  -74.853  25.005 0.1000000015
9655  -38.055  -79.019  19.144 0.1000000015
14090  -33.681  -74.763  26.917 0.1000000015
13241  -36.279  -76.021  20.863 0.1000000015
9657  -39.257  -80.084  20.075 0.1000000015
10512  -39.250  -79.042  20.951 0.1000000015
12277  -37.487  -76.640  21.643 0.1000000015
14154  -36.394  -74.719  22.596 0.1000000015
10494  -39.470  -78.970  21.740 0.1000000015
125857  -40.156  -77.532  31.875 0.1000000015
5297  -22.032  -85.193  4.605 0.1000000015
3064  -25.307  -89.429  2.663 0.1000000015
3584  -24.724  -88.668  2.961 0.1000000015
4115  -25.027  -87.495  2.909 0.1000000015
4719  -24.353  -86.750  3.345 0.1000000015
148582  -22.109  -86.578  4.321 0.1000000015
3074  -25.726  -90.016  2.344 0.1000000015
2648  -26.443  -90.077  1.547 0.1000000015
2658  -26.159  -90.153  0.619 0.1000000015
5949  -23.309  -84.317  4.214 0.1000000015
6687  -22.918  -83.446  4.647 0.1000000015
6686  -21.941  -83.616  5.077 0.1000000015
4718  -23.501  -86.815  3.674 0.1000000015
4700  -23.176  -85.960  3.898 0.1000000015
135296  -22.447  -85.952  4.281 0.1000000015
5947  -21.510  -84.396  5.015 0.1000000015
3594  -25.606  -88.501  2.662 0.1000000015
4113  -22.913  -87.642  3.815 0.1000000015
3595  -26.147  -89.282  2.448 0.1000000015
3075  -26.572  -89.800  2.084 0.1000000015
3084  -27.170  -89.674  1.566 0.1000000015
3094  -27.699  -89.529  0.931 0.1000000015
10655  -25.381  -78.607  9.198 0.1000000015
9803  -22.975  -79.838  7.483 0.1000000015
10661  -24.747  -78.781  8.766 0.1000000015
7443  -23.055  -82.568  4.920 0.1000000015
6677  -22.259  -82.850  5.214 0.1000000015
7434  -22.456  -82.060  5.435 0.1000000015
8989  -22.887  -80.568  6.071 0.1000000015
8163  -22.212  -80.955  6.388 0.1000000015
8978  -22.548  -80.345  6.859 0.1000000015
137875  -23.595  -82.955  4.526 0.1000000015
8173  -21.894  -81.603  6.001 0.1000000015
6688  -23.832  -83.588  4.211 0.1000000015
6676  -21.419  -83.044  5.565 0.1000000015
5311  -24.458  -85.245  3.502 0.1000000015
5310  -23.648  -85.166  3.843 0.1000000015
147495  -26.870  -89.183  2.254 0.1000000015
11540  -25.907  -77.982  9.139 0.1000000015
10660  -24.215  -79.067  8.295 0.1000000015
10656  -26.199  -78.424  9.578 0.1000000015
8174  -22.650  -81.286  5.707 0.1000000015
8990  -23.622  -80.311  5.854 0.1000000015
8979  -23.218  -79.966  6.581 0.1000000015
7435  -23.245  -81.786  5.186 0.1000000015
7444  -23.824  -82.279  4.668 0.1000000015
138640  -24.615  -85.966  3.295 0.1000000015
4720  -25.096  -86.393  2.980 0.1000000015
4129  -25.746  -86.792  2.645 0.1000000015
4130  -26.542  -87.219  2.476 0.1000000015
126794  -26.586  -88.378  2.447 0.1000000015
6701  -24.646  -83.586  3.818 0.1000000015
9791  -24.330  -79.256  8.732 0.1000000015
9805  -24.230  -79.030  7.650 0.1000000015
5961  -25.072  -84.438  3.426 0.1000000015
9789  -22.971  -79.983  8.253 0.1000000015
129601  -24.734  -81.995  4.366 0.1000000015
6689  -24.312  -82.869  4.238 0.1000000015
8953  -23.541  -80.071  8.694 0.1000000015
7461  -26.046  -82.377  3.642 0.1000000015
8218  -27.400  -81.300  3.785 0.1000000015
9032  -27.983  -81.051  3.799 0.1000000015
132543  -24.456  -79.210  6.786 0.1000000015
8176  -24.164  -80.740  5.325 0.1000000015
9010  -24.805  -81.128  4.814 0.1000000015
8193  -25.496  -81.420  4.343 0.1000000015
9011  -25.552  -80.733  4.810 0.1000000015
8217  -26.161  -81.642  3.912 0.1000000015
147869  -26.743  -80.644  4.379 0.1000000015
8991  -25.613  -80.028  5.316 0.1000000015
8980  -23.982  -79.742  6.292 0.1000000015
9824  -24.863  -79.682  5.919 0.1000000015
9825  -26.417  -79.544  5.341 0.1000000015
123307  -27.833  -81.714  3.570 0.1000000015
8194  -26.180  -80.997  4.349 0.1000000015
3076  -27.388  -89.366  2.016 0.1000000015
3093  -26.917  -89.814  0.766 0.1000000015
3106  -27.346  -89.427  -0.158 0.1000000015
3583  -24.022  -88.991  3.221 0.1000000015
4699  -22.703  -86.708  4.004 0.1000000015
4735  -25.702  -86.022  2.760 0.1000000015
5171  -37.102  -85.875  15.558 0.1000000015
5298  -22.858  -85.153  4.248 0.1000000015
5312  -25.254  -85.456  3.093 0.1000000015
5317  -34.549  -85.721  4.406 0.1000000015
5793  -38.112  -84.869  16.927 0.1000000015
5809  -37.515  -85.493  15.966 0.1000000015
5914  -36.401  -84.402  7.586 0.1000000015
5932  -36.487  -84.549  7.273 0.1000000015
5940  -33.904  -86.017  6.021 0.1000000015
5942  -35.675  -85.167  6.336 0.1000000015
5948  -22.436  -84.326  4.613 0.1000000015
5960  -24.160  -84.389  3.806 0.1000000015
5966  -34.714  -85.054  3.421 0.1000000015
6500  -39.493  -83.584  18.720 0.1000000015
6509  -39.189  -84.061  18.305 0.1000000015
6638  -37.412  -83.794  8.323 0.1000000015
6661  -37.552  -84.005  8.105 0.1000000015
6681  -36.796  -83.899  6.118 0.1000000015
6728  -35.303  -83.329  1.441 0.1000000015
7258  -40.075  -82.973  19.732 0.1000000015
7270  -39.160  -83.438  18.757 0.1000000015
7277  -38.080  -83.920  17.816 0.1000000015
7279  -39.723  -83.553  17.879 0.1000000015
7287  -40.241  -82.658  17.006 0.1000000015
7308  -38.929  -82.354  14.635 0.2000000030
7309  -39.673  -82.570  15.258 0.1000000015
7396  -36.978  -83.385  8.439 0.1000000015
7419  -38.492  -82.994  8.130 0.1000000015
7428  -38.365  -83.058  7.496 0.1000000015
7433  -21.672  -82.337  5.743 0.1000000015
7462  -26.973  -82.030  3.570 0.1000000015
7491  -35.452  -82.767  1.262 0.1000000015
8031  -40.859  -81.972  16.211 0.2000000030
8032  -41.344  -81.350  15.675 0.4000000060
8069  -40.895  -81.495  14.927 0.3000000119
8144  -39.231  -81.718  8.745 0.1000000015
8156  -39.192  -82.238  7.993 0.1000000015
8169  -38.929  -81.855  7.224 0.1000000015
8175  -23.411  -80.999  5.476 0.1000000015
8182  -37.548  -82.378  6.362 0.1000000015
8192  -24.021  -81.481  4.942 0.1000000015
8195  -26.807  -81.183  3.974 0.1000000015
8216  -25.525  -82.025  3.974 0.1000000015
8245  -35.444  -82.108  0.762 0.1000000015
8774  -42.770  -80.309  24.413 0.2000000030
8862  -35.848  -80.502  16.361 0.1000000015
8873  -41.790  -80.816  15.237 0.4000000060
8894  -38.962  -80.888  14.570 0.2000000030
8908  -36.980  -80.812  13.889 0.1000000015
8914  -33.999  -80.329  12.278 0.1000000015
8915  -34.711  -80.290  12.612 0.1000000015
8916  -35.289  -80.211  12.953 0.1000000015
8940  -24.157  -79.689  8.912 0.1000000015
8962  -40.278  -80.624  8.573 0.1000000015
8986  -40.366  -80.420  7.577 0.1000000015
9012  -26.264  -80.343  4.802 0.1000000015
9548  -44.513  -79.017  26.293 0.2000000030
9555  -43.151  -79.603  25.933 0.1000000015
9656  -38.648  -79.501  19.589 0.1000000015
9669  -37.716  -79.477  18.501 0.1000000015
9708  -44.796  -78.680  15.816 0.5000000000
9724  -38.703  -79.938  14.641 0.2000000030
9783  -39.464  -80.193  9.015 0.1000000015
9785  -40.607  -79.720  8.775 0.1000000015
9790  -23.771  -79.567  8.475 0.1000000015
9804  -23.557  -79.430  7.948 0.1000000015
9811  -23.671  -79.472  7.152 0.1000000015
9819  -40.668  -79.664  6.990 0.1000000015
9833  -35.016  -79.180  5.358 0.1000000015
9834  -36.620  -79.786  5.921 0.1000000015
10407  -43.083  -78.630  26.622 0.1000000015
10409  -44.629  -78.557  26.516 0.2000000030
10410  -45.313  -78.267  26.143 0.2000000030
10425  -42.152  -78.564  26.331 0.1000000015
10427  -46.100  -77.745  25.291 0.2000000030
10447  -46.258  -77.832  24.420 0.3000000119
10479  -45.889  -78.091  22.536 0.3000000119
10524  -37.691  -78.287  19.491 0.1000000015
10525  -38.366  -78.703  19.835 0.1000000015
10528  -45.600  -78.028  19.882 0.3000000119
10538  -35.909  -77.927  17.981 0.1000000015
10542  -45.354  -78.301  18.670 0.5000000000
10562  -45.574  -77.531  17.594 0.5000000000
10577  -45.421  -77.930  16.201 0.5000000000
10605  -42.243  -79.033  14.019 0.3000000119
10606  -44.321  -78.247  13.733 0.5000000000
10607  -44.455  -78.506  14.309 0.5000000000
10615  -35.296  -78.178  13.257 0.1000000015
10662  -25.355  -78.291  8.655 0.1000000015
10670  -41.735  -78.824  8.191 0.2000000030
10696  -41.784  -78.578  6.766 0.1000000015
10713  -38.890  -78.738  4.691 0.1000000015
10733  -39.840  -78.171  4.531 0.1000000015
11321  -41.353  -78.008  26.229 0.1000000015
11323  -47.004  -76.506  25.122 0.2000000030
11369  -38.577  -77.290  22.498 0.1000000015
11426  -45.453  -77.561  19.320 0.4000000060
11463  -45.567  -77.745  16.838 0.4000000060
11474  -45.145  -77.982  15.564 0.5000000000
11503  -36.288  -76.995  13.679 0.2000000030
11507  -43.088  -77.696  13.068 0.3000000119
11556  -40.614  -77.627  8.541 0.1000000015
11557  -42.912  -77.475  8.006 0.2000000030
11587  -42.876  -77.537  6.625 0.1000000015
11597  -35.298  -77.918  5.019 0.1000000015
11599  -41.139  -78.041  5.248 0.1000000015
11611  -35.147  -77.337  4.486 0.1000000015
11624  -33.039  -77.390  3.860 0.1000000015
11640  -32.227  -77.289  2.868 0.1000000015
11642  -38.201  -77.151  2.544 0.1000000015
12164  -36.045  -76.135  29.835 0.1000000015
12188  -34.090  -76.332  28.189 0.1000000015
12234  -47.202  -75.989  24.917 0.2000000030
12262  -42.647  -76.608  22.176 0.4000000060
12289  -35.541  -75.638  20.271 0.1000000015
12291  -37.272  -76.859  20.932 0.1000000015
12343  -45.245  -77.001  17.759 0.4000000060
12394  -38.492  -76.433  13.779 0.3000000119
12405  -42.394  -76.283  12.522 0.4000000060
12407  -44.247  -76.561  12.606 0.5000000000
12413  -31.074  -75.997  12.060 0.1000000015
12471  -43.899  -76.356  7.152 0.2000000030
12482  -43.688  -76.560  6.483 0.1000000015
12493  -41.917  -76.716  5.518 0.1000000015
12494  -42.807  -76.433  5.612 0.1000000015
12508  -35.036  -76.806  4.033 0.1000000015
12527  -38.448  -76.522  3.551 0.1000000015
12545  -38.152  -76.582  2.105 0.1000000015
12558  -37.996  -76.394  1.571 0.1000000015
13158  -33.450  -75.599  26.576 0.1000000015
13199  -45.162  -74.711  25.156 0.2000000030
13208  -32.352  -74.951  23.626 0.1000000015
13229  -35.692  -75.284  21.125 0.1000000015
13232  -39.689  -75.269  21.329 0.5000000000
13242  -39.528  -75.511  20.419 0.5000000000
13252  -33.417  -75.047  19.338 0.1000000015
13254  -34.981  -75.566  19.673 0.1000000015
13264  -33.110  -75.326  18.632 0.1000000015
13271  -31.979  -75.854  18.019 0.1000000015
13291  -39.565  -75.616  13.250 0.4000000060
13293  -44.533  -75.879  12.891 0.5000000000
13298  -33.642  -75.211  12.856 0.1000000015
13304  -44.270  -76.112  12.447 0.4000000060
13332  -34.529  -75.101  9.504 0.2000000030
13334  -36.372  -75.450  9.405 0.1000000015
13347  -38.686  -75.269  9.004 0.1000000015
13350  -41.707  -75.039  8.161 0.1000000015
13396  -34.189  -75.759  3.110 0.1000000015
13416  -38.288  -75.856  1.834 0.1000000015
14142  -32.604  -74.278  23.557 0.1000000015
14144  -36.734  -74.416  23.306 0.1000000015
14150  -32.639  -74.276  22.359 0.1000000015
14165  -34.401  -74.241  21.426 0.1000000015
14169  -39.420  -74.445  21.626 0.5000000000
14176  -33.168  -74.460  20.679 0.1000000015
14210  -39.509  -74.601  16.713 0.5000000000
14229  -45.190  -74.720  12.884 0.5000000000
14230  -45.489  -74.231  12.885 0.4000000060
14234  -32.889  -74.377  11.991 0.1000000015
14243  -44.124  -75.442  12.082 0.4000000060
14253  -44.480  -74.685  11.959 0.4000000060
14261  -32.572  -74.291  10.826 0.1000000015
14264  -34.920  -73.760  10.379 0.2000000030
14301  -43.479  -74.903  7.648 0.1000000015
14303  -44.839  -74.640  7.162 0.2000000030
14304  -45.178  -74.077  6.785 0.1000000015
14317  -36.918  -74.385  6.022 0.1000000015
14347  -44.650  -74.470  5.851 0.1000000015
14379  -38.344  -75.135  1.424 0.1000000015
15073  -34.444  -73.351  26.739 0.1000000015
15074  -35.160  -72.941  26.916 0.1000000015
15130  -33.235  -73.743  22.672 0.1000000015
15144  -38.579  -73.248  21.517 0.5000000000
15236  -43.694  -73.873  14.174 0.5000000000
15251  -36.430  -73.813  13.078 0.2000000030
15256  -45.886  -73.404  12.926 0.3000000119
15266  -34.123  -73.796  12.200 0.1000000015
15268  -35.854  -73.484  12.716 0.2000000030
15269  -36.706  -73.333  12.668 0.2000000030
15337  -45.535  -73.265  6.862 0.2000000030
15351  -37.016  -73.814  6.370 0.1000000015
15373  -36.222  -73.949  5.412 0.1000000015
15374  -43.228  -74.091  5.445 0.1000000015
16070  -42.515  -72.642  27.155 0.1000000015
16091  -34.776  -72.815  24.646 0.1000000015
16095  -44.124  -72.983  24.268 0.3000000119
16107  -44.150  -72.428  23.900 0.3000000119
16117  -37.893  -72.128  21.349 0.3000000119
16118  -38.554  -72.386  21.654 0.4000000060
16189  -38.160  -72.567  16.057 0.4000000060
16234  -37.083  -72.826  12.216 0.2000000030
16235  -37.911  -72.785  12.075 0.2000000030
16250  -38.230  -72.466  11.475 0.2000000030
16257  -46.456  -72.412  12.504 0.3000000119
16269  -40.394  -72.217  9.388 0.2000000030
16270  -40.962  -71.904  9.412 0.1000000015
16306  -42.649  -72.865  7.970 0.1000000015
16344  -35.663  -72.652  5.772 0.1000000015
16347  -44.604  -73.224  5.639 0.1000000015
16361  -36.075  -72.495  4.356 0.1000000015
17060  -40.531  -71.354  24.656 0.3000000119
17061  -40.848  -71.046  24.009 0.3000000119
17068  -43.314  -71.457  23.500 0.3000000119
17087  -49.475  -71.262  20.708 0.1000000015
17088  -49.860  -71.387  20.896 0.1000000015
17122  -35.923  -70.944  18.858 0.3000000119
17128  -46.661  -71.741  19.033 0.2000000030
17143  -48.306  -72.013  18.857 0.1000000015
17153  -36.346  -71.569  17.863 0.4000000060
17175  -39.746  -70.854  14.607 0.4000000060
17187  -47.263  -71.368  12.738 0.3000000119
17188  -47.501  -70.779  12.369 0.3000000119
17192  -40.246  -71.896  11.005 0.2000000030
17223  -36.060  -71.150  8.059 0.1000000015
17225  -37.808  -71.315  8.231 0.1000000015
17226  -38.830  -71.179  8.013 0.1000000015
17228  -42.424  -71.520  8.941 0.1000000015
17261  -46.795  -71.692  6.850 0.1000000015
17298  -35.554  -72.115  6.123 0.1000000015
17312  -35.771  -71.875  4.821 0.1000000015
17344  -37.610  -71.640  2.759 0.1000000015
17937  -40.187  -70.245  28.747 0.1000000015
17998  -38.970  -70.785  21.286 0.2000000030
18042  -44.382  -71.199  19.033 0.2000000030
18060  -44.912  -71.091  18.732 0.2000000030
18074  -35.863  -70.731  18.164 0.3000000119
18120  -46.806  -71.360  13.118 0.3000000119
18125  -47.046  -70.748  12.814 0.3000000119
18139  -46.804  -70.304  10.719 0.2000000030
18141  -48.156  -69.825  11.012 0.2000000030
18163  -36.454  -70.745  8.649 0.1000000015
18166  -39.369  -70.551  8.332 0.1000000015
18171  -47.634  -70.731  7.870 0.1000000015
18191  -35.617  -70.672  7.758 0.1000000015
18214  -45.518  -71.179  6.533 0.1000000015
18871  -36.445  -69.128  28.623 0.1000000015
18887  -40.702  -69.243  27.644 0.1000000015
18908  -40.689  -69.967  24.916 0.3000000119
18920  -49.532  -69.957  25.557 0.1000000015
18970  -47.891  -70.237  20.540 0.2000000030
19005  -45.417  -69.622  18.336 0.1000000015
19071  -47.816  -70.172  11.941 0.3000000119
19088  -48.329  -69.426  10.365 0.2000000030
19152  -36.022  -69.042  6.109 0.1000000015
19203  -40.156  -68.957  2.291 0.1000000015
19898  -35.966  -68.626  19.836 0.2000000030
19913  -35.632  -68.473  19.387 0.2000000030
19931  -45.080  -68.724  18.498 0.1000000015
19961  -35.704  -68.144  16.863 0.1000000015
20035  -47.747  -68.409  9.808 0.1000000015
20045  -35.504  -68.560  9.308 0.1000000015
20133  -39.595  -68.403  2.718 0.1000000015
20141  -41.284  -68.015  2.002 0.1000000015
20699  -46.349  -66.687  27.748 0.1000000015
20700  -47.929  -67.338  28.319 0.1000000015
20725  -44.786  -66.641  26.752 0.1000000015
20764  -45.363  -67.502  25.233 0.1000000015
20830  -43.851  -68.363  18.862 0.1000000015
20846  -35.372  -67.181  17.796 0.1000000015
20861  -36.033  -67.349  16.477 0.2000000030
20885  -39.390  -67.225  14.508 0.1000000015
21072  -42.431  -67.194  1.838 0.1000000015
21597  -45.117  -66.178  27.574 0.1000000015
21778  -36.432  -66.541  16.268 0.1000000015
22537  -46.104  -65.858  27.747 0.1000000015
22545  -44.173  -65.076  26.986 0.1000000015
22617  -41.779  -65.645  20.547 0.1000000015
22622  -46.436  -65.696  20.902 0.1000000015
22635  -36.406  -64.991  20.055 0.1000000015
22694  -37.497  -65.693  15.512 0.1000000015
22821  -36.451  -65.653  6.814 0.1000000015
23493  -42.486  -64.377  25.703 0.1000000015
23580  -49.241  -65.106  19.427 0.1000000015
23597  -35.538  -64.556  18.955 0.1000000015
23638  -37.321  -64.699  14.389 0.1000000015
23735  -36.959  -64.671  6.000 0.1000000015
24393  -41.493  -63.553  24.955 0.1000000015
25450  -35.708  -62.788  17.362 0.1000000015
25593  -37.636  -62.091  5.421 0.1000000015
26355  -36.697  -61.830  19.361 0.1000000015
26432  -36.676  -61.411  15.951 0.1000000015
27583  -41.675  -60.553  3.580 0.1000000015
123403  -40.094  -75.023  8.586 0.1000000015
123444  -35.461  -69.324  17.874 0.2000000030
124249  -41.953  -71.407  9.832 0.2000000030
124472  -34.549  -73.423  10.981 0.1000000015
125146  -23.955  -85.987  3.583 0.1000000015
125398  -37.225  -60.311  17.870 0.1000000015
125871  -39.041  -81.500  8.951 0.1000000015
126061  -36.031  -70.551  5.174 0.1000000015
127003  -37.850  -77.201  21.328 0.1000000015
127708  -42.330  -79.873  14.393 0.5000000000
127794  -35.718  -65.782  19.436 0.1000000015
127816  -38.669  -81.365  18.521 0.1000000015
128018  -44.828  -77.473  19.927 0.4000000060
128711  -35.515  -63.774  18.590 0.1000000015
128814  -36.941  -66.133  20.471 0.1000000015
129058  -40.676  -71.943  14.586 0.5000000000
129173  -47.920  -68.983  8.880 0.1000000015
129259  -34.812  -76.370  13.280 0.1000000015
129470  -35.547  -64.927  17.379 0.1000000015
129778  -38.493  -64.121  20.367 0.1000000015
130002  -44.657  -71.378  6.442 0.1000000015
131432  -35.780  -83.848  7.748 0.1000000015
131505  -37.558  -81.792  8.628 0.1000000015
132214  -35.524  -69.499  7.402 0.1000000015
132837  -40.438  -58.845  4.355 0.1000000015
132921  -50.203  -70.795  23.283 0.1000000015
132939  -36.223  -62.040  16.335 0.1000000015
133162  -38.582  -73.217  9.456 0.3000000119
133163  -37.449  -83.066  13.980 0.1000000015
133806  -43.884  -76.385  12.395 0.5000000000
134445  -40.937  -70.537  14.035 0.4000000060
134574  -44.727  -78.311  14.989 0.5000000000
135252  -38.988  -80.348  19.377 0.1000000015
136215  -43.293  -73.222  11.668 0.4000000060
136812  -36.535  -77.845  13.852 0.2000000030
136853  -43.619  -73.956  11.723 0.4000000060
136866  -36.109  -71.056  17.766 0.3000000119
136920  -24.889  -80.416  5.303 0.1000000015
137006  -35.980  -73.096  4.661 0.1000000015
137085  -35.652  -70.107  17.990 0.2000000030
137979  -36.365  -80.938  13.508 0.1000000015
137982  -33.137  -78.070  4.064 0.1000000015
138164  -36.889  -84.378  6.982 0.1000000015
138304  -35.601  -62.976  18.441 0.1000000015
139009  -40.130  -77.614  4.943 0.1000000015
140523  -36.300  -84.225  7.859 0.1000000015
140751  -25.881  -87.637  2.585 0.1000000015
140858  -47.081  -74.390  24.493 0.3000000119
140866  -42.396  -77.051  8.213 0.1000000015
141136  -33.020  -77.510  12.425 0.1000000015
141355  -44.979  -66.975  19.928 0.1000000015
141791  -44.628  -78.700  15.242 0.5000000000
141842  -43.817  -75.612  5.726 0.1000000015
141996  -33.605  -74.199  26.419 0.1000000015
142014  -43.088  -71.903  13.920 0.4000000060
142095  -41.578  -68.044  27.348 0.2000000030
142188  -24.286  -80.152  5.703 0.1000000015
142390  -35.601  -69.720  6.706 0.1000000015
142479  -45.311  -77.078  18.351 0.5000000000
142511  -36.262  -71.426  19.468 0.4000000060
142532  -39.192  -82.693  14.923 0.1000000015
142775  -42.397  -74.194  5.558 0.1000000015
142857  -45.051  -74.103  6.288 0.1000000015
142970  -36.401  -72.753  11.273 0.1000000015
143040  -40.706  -67.438  26.780 0.1000000015
143181  -38.347  -70.096  9.137 0.1000000015
143213  -44.168  -65.659  21.076 0.1000000015
143770  -40.553  -69.633  8.365 0.1000000015
143847  -49.203  -71.730  19.532 0.1000000015
144081  -43.927  -79.425  26.204 0.1000000015
144132  -39.347  -81.854  8.419 0.1000000015
144152  -40.163  -79.124  8.830 0.1000000015
144708  -34.545  -80.989  3.981 0.1000000015
144880  -36.940  -83.879  8.313 0.1000000015
144960  -43.693  -76.340  7.537 0.2000000030
146128  -43.585  -72.115  8.009 0.1000000015
146471  -47.414  -69.896  12.190 0.3000000119
146597  -40.459  -74.194  6.268 0.1000000015
147280  -35.333  -79.954  5.434 0.1000000015
147284  -40.586  -82.782  19.315 0.1000000015
147361  -33.404  -74.813  26.282 0.1000000015
147462  -41.962  -80.386  14.653 0.5000000000
147681  -44.637  -78.729  26.456 0.2000000030
147687  -37.505  -72.943  2.551 0.1000000015
147791  -43.242  -73.990  22.077 0.3000000119
147953  -36.050  -73.812  28.891 0.1000000015
148293  -38.932  -68.551  14.585 0.2000000030
148644  -39.869  -73.279  6.512 0.1000000015
148750  -40.694  -79.137  8.698 0.1000000015
149384  -36.708  -76.564  20.672 0.1000000015
149410  -38.515  -75.983  13.553 0.3000000119
