#!ascii label  , from subject sub-v1s22x0050475_ses-1 vox2ras=TkReg
829
98049  37.207  20.731  44.098 0.0000000000
93355  44.346  15.096  35.925 0.0000000000
98143  46.966  19.964  28.570 0.0000000000
89165  46.806  9.245  29.032 0.0000000000
94175  36.811  15.884  40.884 0.0000000000
99650  48.533  22.932  33.327 0.0000000000
90948  44.508  11.681  31.531 0.0000000000
95836  37.924  17.341  31.950 0.0000000000
98840  44.844  21.334  35.931 0.0000000000
97326  40.519  19.633  38.392 0.0000000000
92506  40.929  12.949  38.297 0.0000000000
98866  43.438  21.229  31.578 0.0000000000
95876  40.592  16.979  28.266 0.0000000000
95037  48.228  16.401  32.410 0.0000000000
93425  43.534  14.456  25.701 0.0000000000
98115  40.221  20.068  34.168 0.0000000000
99601  41.609  22.324  40.326 0.0000000000
98793  39.111  21.103  41.025 0.0000000000
93341  38.674  14.584  39.525 0.0000000000
99708  46.869  23.016  26.715 0.0000000000
100544  43.322  23.711  27.377 0.0000000000
98145  44.937  20.678  29.502 0.0000000000
96619  43.161  18.912  31.132 0.0000000000
96637  43.902  18.306  29.399 0.0000000000
96579  44.187  18.832  35.037 0.0000000000
97370  46.191  18.998  33.720 0.0000000000
94211  46.887  15.393  34.507 0.0000000000
141413  46.589  11.290  28.185 0.0000000000
92582  44.105  13.376  28.297 0.0000000000
90984  44.112  11.734  26.607 0.0000000000
90986  42.930  11.725  26.894 0.0000000000
89168  43.732  8.900  29.119 0.0000000000
87201  42.492  7.599  32.618 0.0000000000
97302  34.702  19.055  44.811 0.0000000000
97313  35.854  18.819  41.950 0.0000000000
98872  48.472  21.834  29.304 0.0000000000
91732  44.634  12.242  36.026 0.0000000000
92550  44.759  13.557  34.235 0.0000000000
90063  45.287  10.757  33.373 0.0000000000
90096  48.152  11.396  30.272 0.0000000000
127225  47.686  21.905  38.259 0.0000000000
126693  44.123  22.535  39.133 0.0000000000
142010  42.277  20.728  37.317 0.0000000000
95794  42.382  17.742  36.444 0.0000000000
96549  37.935  18.075  39.615 0.0000000000
95005  39.943  16.144  37.914 0.0000000000
93357  42.651  14.468  36.475 0.0000000000
90896  43.895  11.488  37.754 0.0000000000
94961  32.987  16.851  46.596 0.0000000000
100523  41.808  23.896  29.720 0.0000000000
98862  41.228  22.079  32.763 0.0000000000
97381  41.746  19.488  32.829 0.0000000000
95855  38.952  17.344  29.976 0.0000000000
93402  40.326  14.448  31.124 0.0000000000
98838  48.612  21.574  35.570 0.0000000000
97377  48.981  19.425  31.902 0.0000000000
95859  48.405  17.378  28.625 0.0000000000
129858  44.147  14.794  31.651 0.0000000000
94253  45.386  16.078  29.236 0.0000000000
95076  45.442  16.653  26.634 0.0000000000
94278  42.328  15.966  25.972 0.0000000000
92583  42.026  13.464  29.520 0.0000000000
98116  39.439  20.296  34.530 0.0000000000
98848  39.700  20.962  34.242 0.0000000000
98782  39.233  21.735  42.194 0.0000000000
98784  37.927  21.104  42.877 0.0000000000
98888  47.261  22.030  27.270 0.0000000000
98889  46.359  21.927  27.513 0.0000000000
98144  45.893  20.354  28.921 0.0000000000
96627  44.266  18.947  30.002 0.0000000000
96635  45.776  18.700  28.624 0.0000000000
130372  44.408  16.844  35.398 0.0000000000
95025  46.048  16.516  34.737 0.0000000000
94203  46.102  15.201  35.356 0.0000000000
90112  47.178  10.625  28.006 0.0000000000
90977  46.106  11.099  27.618 0.0000000000
89181  45.455  10.406  27.503 0.0000000000
89183  44.079  10.098  27.830 0.0000000000
88183  44.808  8.892  28.648 0.0000000000
88169  44.237  8.053  29.999 0.0000000000
88168  45.394  8.515  30.199 0.0000000000
95763  34.457  17.567  43.612 0.0000000000
99678  48.077  22.242  29.855 0.0000000000
99669  48.621  22.257  31.781 0.0000000000
90035  44.973  10.754  35.789 0.0000000000
90922  44.530  11.380  34.500 0.0000000000
90048  45.856  10.358  34.537 0.0000000000
90085  49.385  11.221  31.268 0.0000000000
90944  50.251  11.499  30.056 0.0000000000
124734  49.917  11.267  28.789 0.0000000000
98807  40.952  21.173  38.937 0.0000000000
98805  42.420  21.668  38.296 0.0000000000
98089  41.660  20.370  37.655 0.0000000000
97344  42.539  19.481  36.507 0.0000000000
144691  41.404  18.718  37.315 0.0000000000
135776  36.161  17.760  41.098 0.0000000000
97317  36.855  18.910  40.820 0.0000000000
95771  36.935  17.182  40.198 0.0000000000
92507  39.792  13.939  38.508 0.0000000000
94179  39.384  15.461  38.384 0.0000000000
93348  40.485  14.559  37.623 0.0000000000
93347  41.151  14.779  37.167 0.0000000000
145313  41.298  13.393  37.572 0.0000000000
91725  43.183  12.861  37.023 0.0000000000
91702  42.310  12.138  38.347 0.0000000000
89069  45.619  9.769  39.362 0.0000000000
99681  43.555  22.485  29.928 0.0000000000
100532  42.136  24.195  28.696 0.0000000000
129090  42.177  23.223  30.592 0.0000000000
99673  41.577  23.076  31.387 0.0000000000
99660  42.441  21.879  32.061 0.0000000000
98123  41.694  20.363  33.197 0.0000000000
98128  42.689  20.442  32.438 0.0000000000
95852  41.803  17.811  29.728 0.0000000000
95842  40.548  17.796  30.570 0.0000000000
95063  39.347  17.122  29.404 0.0000000000
94249  39.112  16.364  30.010 0.0000000000
94248  39.833  15.842  29.568 0.0000000000
98814  46.796  21.685  37.194 0.0000000000
98826  48.419  21.610  36.487 0.0000000000
136267  46.488  21.377  35.816 0.0000000000
95824  47.850  17.347  33.013 0.0000000000
97368  48.036  19.738  33.016 0.0000000000
95833  49.036  17.409  31.850 0.0000000000
130389  49.309  18.605  30.681 0.0000000000
95049  48.963  16.755  30.831 0.0000000000
91757  43.698  13.043  32.547 0.0000000000
92558  44.579  13.940  33.354 0.0000000000
92565  43.613  13.639  31.292 0.0000000000
93414  44.086  14.273  27.756 0.0000000000
94255  44.144  15.047  28.708 0.0000000000
94260  44.850  15.768  27.488 0.0000000000
95069  46.123  16.928  26.840 0.0000000000
94267  44.737  16.125  26.132 0.0000000000
135435  44.244  16.548  25.780 0.0000000000
94283  43.292  15.697  25.384 0.0000000000
90969  42.799  11.228  29.351 0.0000000000
127985  42.464  13.223  28.596 0.0000000000
91774  42.339  11.990  29.998 0.0000000000
91766  41.519  12.232  31.320 0.0000000000
132691  48.528  23.199  34.587 0.0000000000
96590  39.177  18.633  34.353 0.0000000000
96602  39.500  18.211  33.624 0.0000000000
99583  42.573  22.609  41.474 0.0000000000
99584  41.037  22.412  41.786 0.0000000000
98791  40.394  21.684  40.401 0.0000000000
98071  39.691  20.486  39.601 0.0000000000
94177  37.571  15.687  39.908 0.0000000000
99709  45.674  23.243  26.536 0.0000000000
99690  44.351  22.461  28.735 0.0000000000
98138  44.036  20.761  31.029 0.0000000000
97379  43.115  20.014  32.048 0.0000000000
97394  43.799  19.330  30.756 0.0000000000
96628  43.491  18.639  30.343 0.0000000000
95862  42.174  17.501  28.833 0.0000000000
97353  44.325  19.789  35.092 0.0000000000
98113  45.899  20.331  34.485 0.0000000000
96588  45.498  18.638  34.191 0.0000000000
95825  47.115  17.207  33.658 0.0000000000
94224  47.772  15.909  33.272 0.0000000000
90958  45.538  11.604  29.756 0.0000000000
91780  44.314  12.486  29.993 0.0000000000
90968  45.086  12.075  28.968 0.0000000000
92589  44.469  12.640  27.325 0.0000000000
92600  43.741  12.754  25.621 0.0000000000
92601  43.201  13.129  25.459 0.0000000000
90985  43.290  11.540  26.599 0.0000000000
90115  43.240  10.666  28.477 0.0000000000
89169  43.240  9.279  29.777 0.0000000000
88160  43.537  7.960  31.653 0.0000000000
97300  36.015  19.893  44.057 0.0000000000
98060  36.779  20.103  42.780 0.0000000000
96538  35.027  18.717  43.192 0.0000000000
95765  35.227  17.617  42.426 0.0000000000
94993  35.922  16.407  41.953 0.0000000000
100521  46.561  23.410  28.900 0.0000000000
99695  47.668  22.447  27.451 0.0000000000
98886  48.187  21.231  28.320 0.0000000000
92533  44.951  13.633  36.007 0.0000000000
92532  45.411  14.139  35.484 0.0000000000
92542  44.882  13.345  35.245 0.0000000000
90929  44.524  11.407  33.512 0.0000000000
90935  45.061  11.237  32.038 0.0000000000
90075  47.557  10.549  32.966 0.0000000000
129544  46.550  10.791  32.078 0.0000000000
90088  46.402  11.077  31.141 0.0000000000
90957  47.889  11.467  29.277 0.0000000000
90111  48.600  10.952  28.135 0.0000000000
89164  47.843  9.714  28.558 0.0000000000
89158  47.131  9.152  30.634 0.0000000000
99611  45.772  22.249  38.642 0.0000000000
98816  44.651  21.820  37.128 0.0000000000
99599  43.365  22.491  39.413 0.0000000000
98804  43.147  21.737  37.784 0.0000000000
98095  43.479  20.895  36.312 0.0000000000
97343  43.178  19.916  36.071 0.0000000000
95793  42.982  18.055  35.998 0.0000000000
147113  43.190  16.436  35.978 0.0000000000
98063  37.649  20.348  41.611 0.0000000000
97315  38.338  19.736  40.247 0.0000000000
96547  39.219  18.807  39.080 0.0000000000
94999  37.903  16.395  39.482 0.0000000000
95779  39.060  17.246  38.705 0.0000000000
95777  40.204  18.136  38.091 0.0000000000
95783  41.073  17.383  37.274 0.0000000000
132357  42.033  15.962  36.572 0.0000000000
93356  43.456  14.864  36.153 0.0000000000
92524  43.843  13.292  36.595 0.0000000000
90906  44.300  11.893  37.100 0.0000000000
90010  45.107  10.340  37.126 0.0000000000
90000  43.884  10.670  38.989 0.0000000000
145676  45.326  9.911  37.680 0.0000000000
97295  35.302  19.518  45.359 0.0000000000
96524  34.021  18.407  45.914 0.0000000000
94112  32.604  15.242  46.503 0.0000000000
102122  41.653  25.199  28.619 0.0000000000
100525  40.619  24.433  30.700 0.0000000000
98124  40.955  20.541  33.621 0.0000000000
97372  40.600  19.380  33.721 0.0000000000
96612  40.470  18.211  32.536 0.0000000000
96610  42.107  18.884  32.119 0.0000000000
96622  40.555  17.904  31.568 0.0000000000
95844  38.772  17.429  30.748 0.0000000000
99641  49.286  22.080  34.253 0.0000000000
98112  46.936  20.570  34.297 0.0000000000
98121  48.471  20.649  33.350 0.0000000000
98858  49.130  21.336  32.310 0.0000000000
98136  48.989  20.406  30.675 0.0000000000
139689  48.624  19.726  29.385 0.0000000000
97406  48.096  19.051  28.719 0.0000000000
136935  46.099  14.556  34.938 0.0000000000
94226  46.123  15.062  33.237 0.0000000000
94235  46.863  15.747  32.013 0.0000000000
92572  43.702  13.816  30.344 0.0000000000
94237  44.769  15.341  31.172 0.0000000000
94244  46.425  16.087  30.876 0.0000000000
95059  47.148  16.769  28.382 0.0000000000
95870  47.114  17.360  27.621 0.0000000000
96644  46.632  17.893  27.874 0.0000000000
95872  45.306  17.202  27.035 0.0000000000
95874  42.693  17.126  27.746 0.0000000000
95071  41.215  16.672  27.457 0.0000000000
93426  42.434  14.581  26.392 0.0000000000
93421  41.467  15.003  27.757 0.0000000000
93415  41.030  15.200  28.561 0.0000000000
92575  41.080  13.989  30.730 0.0000000000
87210  41.413  7.485  32.549 0.0000000000
99643  39.066  21.839  34.072 0.0000000000
98779  38.402  21.380  44.219 0.0000000000
98778  38.537  21.482  43.371 0.0000000000
143270  37.819  21.118  43.709 0.0000000000
98152  46.774  21.151  28.210 0.0000000000
97400  45.873  19.507  28.940 0.0000000000
94205  44.419  15.930  35.648 0.0000000000
95019  45.462  16.031  35.306 0.0000000000
94204  45.323  15.200  35.669 0.0000000000
123890  47.071  9.843  28.353 0.0000000000
89180  46.136  10.414  27.737 0.0000000000
89174  46.355  9.928  28.064 0.0000000000
130439  45.423  9.698  27.941 0.0000000000
89166  45.903  9.233  28.655 0.0000000000
88176  45.026  8.482  29.332 0.0000000000
147234  45.920  8.826  29.466 0.0000000000
100492  47.963  23.271  33.796 0.0000000000
99658  48.536  22.645  32.620 0.0000000000
99659  47.552  22.724  31.766 0.0000000000
90034  45.636  10.347  35.376 0.0000000000
90033  46.619  10.021  35.038 0.0000000000
90084  50.597  11.329  31.056 0.0000000000
90943  51.330  11.338  29.867 0.0000000000
90954  51.123  11.131  29.301 0.0000000000
95046  37.607  17.044  31.554 0.0000000000
98080  40.674  20.444  38.613 0.0000000000
98079  41.279  20.784  38.258 0.0000000000
98090  41.081  19.984  38.024 0.0000000000
97335  41.507  19.532  37.469 0.0000000000
97336  40.941  19.151  37.832 0.0000000000
94997  36.347  16.469  41.130 0.0000000000
95772  36.405  17.179  40.739 0.0000000000
94996  36.759  16.509  40.486 0.0000000000
130834  40.258  13.299  38.731 0.0000000000
93343  40.001  14.371  38.051 0.0000000000
92515  40.464  13.742  37.961 0.0000000000
133934  40.980  14.052  37.390 0.0000000000
91715  41.753  12.684  37.908 0.0000000000
99671  43.285  22.086  31.109 0.0000000000
124722  42.863  22.733  30.582 0.0000000000
99672  42.489  22.461  31.429 0.0000000000
98867  42.917  21.767  31.733 0.0000000000
98860  42.770  21.220  32.260 0.0000000000
95863  40.987  17.403  28.866 0.0000000000
95853  40.691  17.643  29.710 0.0000000000
95864  40.033  17.266  29.023 0.0000000000
94257  39.461  16.718  29.288 0.0000000000
95062  39.975  16.827  28.757 0.0000000000
98828  45.910  21.547  36.390 0.0000000000
98839  45.573  21.156  35.539 0.0000000000
95036  48.520  16.930  32.404 0.0000000000
96609  48.527  17.927  32.416 0.0000000000
95042  48.835  16.769  31.706 0.0000000000
95841  49.258  17.107  31.096 0.0000000000
95043  48.374  16.461  31.593 0.0000000000
91764  43.892  12.215  32.082 0.0000000000
145913  43.602  13.534  32.046 0.0000000000
91765  43.626  12.922  31.635 0.0000000000
93420  44.113  14.331  26.229 0.0000000000
94261  44.397  15.171  26.956 0.0000000000
94268  44.135  15.429  25.793 0.0000000000
94275  44.185  16.248  25.486 0.0000000000
94276  43.654  15.581  25.403 0.0000000000
90960  42.452  11.037  30.290 0.0000000000
90961  41.954  11.642  30.837 0.0000000000
97363  39.415  19.520  34.525 0.0000000000
97373  39.965  19.006  34.102 0.0000000000
99576  41.194  22.378  42.518 0.0000000000
99577  40.517  22.279  42.378 0.0000000000
98788  38.813  21.329  41.763 0.0000000000
98787  39.594  21.711  41.513 0.0000000000
98792  39.772  21.410  40.701 0.0000000000
98797  40.013  21.138  39.972 0.0000000000
98066  39.398  20.787  40.313 0.0000000000
100557  46.146  23.689  26.689 0.0000000000
100558  45.330  23.848  26.468 0.0000000000
98880  45.681  21.234  28.592 0.0000000000
98890  45.332  22.053  28.098 0.0000000000
98881  44.779  21.551  29.212 0.0000000000
99680  44.235  21.840  29.867 0.0000000000
98873  44.401  21.092  30.234 0.0000000000
97386  44.022  20.028  31.020 0.0000000000
98137  44.426  20.335  30.380 0.0000000000
96638  42.896  18.043  29.647 0.0000000000
95861  43.354  17.639  28.650 0.0000000000
97362  44.830  19.236  34.561 0.0000000000
96589  44.833  18.238  34.616 0.0000000000
95814  46.572  16.922  34.218 0.0000000000
95032  47.303  16.323  34.080 0.0000000000
95031  47.700  16.334  33.534 0.0000000000
94217  47.417  15.785  34.047 0.0000000000
128367  46.429  11.500  29.083 0.0000000000
90967  45.867  11.561  28.408 0.0000000000
123854  45.166  11.276  27.210 0.0000000000
91790  44.583  11.964  26.735 0.0000000000
92595  44.252  12.667  26.099 0.0000000000
91795  44.005  12.276  26.017 0.0000000000
90990  43.170  12.024  25.554 0.0000000000
89176  43.894  9.432  28.450 0.0000000000
149261  43.661  10.117  28.227 0.0000000000
90106  43.462  9.756  28.965 0.0000000000
88178  43.474  8.451  29.838 0.0000000000
88170  43.669  8.118  30.015 0.0000000000
124411  44.631  8.333  30.758 0.0000000000
88159  43.808  7.980  30.833 0.0000000000
97301  35.350  19.504  44.448 0.0000000000
97305  35.459  19.355  43.572 0.0000000000
97306  34.807  18.974  43.961 0.0000000000
95766  34.826  17.990  43.013 0.0000000000
94989  35.357  16.800  42.547 0.0000000000
94994  35.528  17.203  41.929 0.0000000000
94161  35.771  16.028  42.853 0.0000000000
99688  48.018  22.333  28.512 0.0000000000
98879  48.244  21.875  28.159 0.0000000000
98878  48.555  21.233  28.971 0.0000000000
129918  44.751  12.946  35.860 0.0000000000
90064  44.851  10.858  34.049 0.0000000000
138734  44.264  12.090  34.140 0.0000000000
90928  44.936  11.135  32.791 0.0000000000
90076  45.625  10.860  32.494 0.0000000000
90061  47.504  10.369  33.701 0.0000000000
125633  48.124  10.466  33.256 0.0000000000
90086  48.317  11.116  31.307 0.0000000000
146034  47.520  10.742  32.134 0.0000000000
90087  47.348  11.056  31.248 0.0000000000
90097  47.170  11.339  30.334 0.0000000000
90105  49.625  11.025  28.520 0.0000000000
90964  49.200  11.126  28.462 0.0000000000
89163  48.701  10.465  28.456 0.0000000000
89173  47.992  10.452  28.101 0.0000000000
124786  48.538  9.658  29.090 0.0000000000
99598  45.024  22.492  39.269 0.0000000000
99597  46.159  22.418  39.437 0.0000000000
99624  45.219  22.129  37.842 0.0000000000
99612  44.616  22.356  38.504 0.0000000000
99592  42.464  22.564  40.661 0.0000000000
99600  42.418  22.396  39.702 0.0000000000
98817  42.500  21.300  37.641 0.0000000000
98831  42.910  21.161  37.051 0.0000000000
98830  43.714  21.568  37.024 0.0000000000
98096  42.700  20.381  36.671 0.0000000000
96570  42.455  18.594  36.444 0.0000000000
95012  42.972  17.088  36.084 0.0000000000
97308  36.266  19.505  42.323 0.0000000000
98064  36.927  19.935  41.938 0.0000000000
97312  36.499  19.252  41.538 0.0000000000
96544  37.383  18.510  40.225 0.0000000000
97316  37.598  19.340  40.517 0.0000000000
97320  38.051  18.982  39.894 0.0000000000
97319  38.755  19.370  39.642 0.0000000000
140490  38.544  18.661  39.476 0.0000000000
94173  38.022  14.888  40.092 0.0000000000
94176  38.323  15.471  39.352 0.0000000000
95001  39.258  16.318  38.509 0.0000000000
139697  39.659  16.942  38.265 0.0000000000
95778  39.718  17.697  38.347 0.0000000000
95784  40.282  17.291  37.818 0.0000000000
95004  40.767  16.434  37.379 0.0000000000
94195  41.879  15.017  36.668 0.0000000000
94194  42.678  15.378  36.306 0.0000000000
139455  43.609  14.066  36.401 0.0000000000
92525  42.822  13.598  36.695 0.0000000000
91713  43.597  12.204  37.409 0.0000000000
90024  44.913  10.729  36.578 0.0000000000
90895  44.542  10.974  37.299 0.0000000000
89987  43.755  10.808  39.612 0.0000000000
89083  45.282  9.779  38.530 0.0000000000
89092  45.923  9.617  37.930 0.0000000000
126824  35.979  19.885  45.820 0.0000000000
95752  33.965  18.073  46.721 0.0000000000
96523  34.631  18.710  46.532 0.0000000000
95753  33.423  17.522  46.442 0.0000000000
95758  33.268  17.256  45.693 0.0000000000
101343  42.000  24.797  28.069 0.0000000000
100533  41.551  24.641  29.040 0.0000000000
102114  41.124  25.548  29.400 0.0000000000
101344  40.996  25.060  29.469 0.0000000000
101336  40.618  24.903  30.212 0.0000000000
100524  41.135  24.363  30.106 0.0000000000
134900  41.208  22.728  32.101 0.0000000000
99651  40.344  22.273  33.122 0.0000000000
98854  40.766  21.476  33.430 0.0000000000
97371  41.182  19.768  33.460 0.0000000000
96600  41.004  18.942  33.138 0.0000000000
96601  40.279  18.542  33.391 0.0000000000
97388  42.801  19.299  31.779 0.0000000000
96620  42.355  18.560  31.344 0.0000000000
95843  39.577  17.639  30.582 0.0000000000
95834  39.649  17.700  31.650 0.0000000000
95054  38.500  17.139  30.472 0.0000000000
93410  39.719  15.360  30.566 0.0000000000
99622  48.404  21.956  37.853 0.0000000000
98825  49.009  21.798  36.087 0.0000000000
98837  49.204  21.950  35.296 0.0000000000
98845  48.817  21.523  34.661 0.0000000000
97360  46.409  19.867  33.861 0.0000000000
97378  48.528  19.090  32.421 0.0000000000
98127  48.768  20.311  32.527 0.0000000000
98120  48.982  21.155  33.064 0.0000000000
98132  49.069  20.413  31.674 0.0000000000
128241  49.200  18.296  29.724 0.0000000000
97392  49.010  19.416  30.089 0.0000000000
97398  48.746  18.939  29.304 0.0000000000
96641  48.418  18.702  28.823 0.0000000000
96642  48.140  18.169  28.375 0.0000000000
93373  45.371  13.941  34.959 0.0000000000
93382  45.372  14.196  34.217 0.0000000000
93391  44.362  14.397  32.521 0.0000000000
93390  45.259  14.561  33.300 0.0000000000
94227  45.128  15.059  32.286 0.0000000000
132826  46.177  15.375  32.468 0.0000000000
91781  43.887  13.212  29.595 0.0000000000
94254  44.731  15.665  28.973 0.0000000000
94247  44.256  15.184  29.794 0.0000000000
94246  44.707  15.543  30.146 0.0000000000
94245  45.446  15.843  30.490 0.0000000000
95052  46.209  16.352  29.559 0.0000000000
95051  47.209  16.494  29.971 0.0000000000
95068  46.795  17.128  27.401 0.0000000000
95871  46.356  17.080  27.056 0.0000000000
96645  45.677  17.821  27.985 0.0000000000
95079  42.645  16.416  26.022 0.0000000000
95884  43.427  16.737  26.349 0.0000000000
95885  42.001  16.875  26.845 0.0000000000
95080  41.736  16.383  26.636 0.0000000000
91791  42.919  12.366  25.947 0.0000000000
93431  42.954  14.002  25.719 0.0000000000
92597  42.712  13.547  26.484 0.0000000000
92584  41.883  14.219  28.550 0.0000000000
92592  42.150  14.444  27.350 0.0000000000
94262  40.990  15.816  27.544 0.0000000000
93416  40.576  15.306  29.312 0.0000000000
93408  41.313  14.379  29.670 0.0000000000
91758  41.214  11.965  31.884 0.0000000000
92566  41.396  13.105  31.120 0.0000000000
87216  42.318  7.689  31.446 0.0000000000
87209  41.938  7.399  32.088 0.0000000000
98117  38.851  20.029  34.925 0.0000000000
99568  40.108  22.094  42.884 0.0000000000
98777  39.365  21.834  42.963 0.0000000000
98783  38.630  21.463  42.528 0.0000000000
98898  46.679  22.616  26.812 0.0000000000
135495  44.997  19.936  29.579 0.0000000000
97401  44.947  19.256  29.423 0.0000000000
96636  44.840  18.528  29.010 0.0000000000
95803  44.237  17.831  35.165 0.0000000000
95026  45.072  17.151  34.902 0.0000000000
94212  46.471  15.565  34.998 0.0000000000
90976  46.982  10.987  28.003 0.0000000000
90113  46.465  10.875  27.735 0.0000000000
90119  45.778  10.836  27.451 0.0000000000
90120  45.019  10.873  27.137 0.0000000000
90121  44.164  10.944  27.254 0.0000000000
89182  44.803  10.203  27.553 0.0000000000
89175  44.497  9.460  28.168 0.0000000000
89167  44.168  8.885  28.712 0.0000000000
88177  44.137  8.393  29.333 0.0000000000
88158  45.345  8.732  31.367 0.0000000000
96536  33.822  17.951  44.630 0.0000000000
96539  34.542  18.287  43.659 0.0000000000
95760  33.940  17.209  44.262 0.0000000000
99670  47.179  22.616  30.563 0.0000000000
143645  48.113  22.299  30.971 0.0000000000
99677  48.645  21.871  30.736 0.0000000000
90915  44.627  11.355  35.441 0.0000000000
90049  45.002  10.715  34.809 0.0000000000
134701  45.334  10.597  34.112 0.0000000000
125253  46.016  10.458  33.761 0.0000000000
90074  48.467  10.730  32.389 0.0000000000
90073  49.654  10.922  32.265 0.0000000000
90945  49.166  11.417  30.221 0.0000000000
90956  49.040  11.465  29.057 0.0000000000
132813  49.897  11.469  29.300 0.0000000000
90104  50.547  11.116  28.965 0.0000000000
124318  44.238  22.601  39.944 0.0000000000
98795  41.466  21.831  39.472 0.0000000000
98806  41.654  21.430  38.613 0.0000000000
98818  41.904  21.100  37.907 0.0000000000
98088  42.081  19.935  37.073 0.0000000000
97345  41.941  19.088  36.912 0.0000000000
96571  41.867  18.287  36.826 0.0000000000
96542  36.254  18.457  41.259 0.0000000000
96545  36.683  17.981  40.563 0.0000000000
135857  37.267  17.781  40.027 0.0000000000
95775  37.559  17.189  39.711 0.0000000000
93340  39.241  14.242  38.997 0.0000000000
93345  38.907  14.950  38.839 0.0000000000
93344  39.510  14.640  38.428 0.0000000000
94186  39.930  15.093  37.908 0.0000000000
94185  40.582  15.448  37.477 0.0000000000
92526  41.768  14.002  36.901 0.0000000000
92514  42.197  13.134  37.224 0.0000000000
91714  42.676  12.474  37.631 0.0000000000
90897  43.108  11.830  38.054 0.0000000000
89986  44.415  10.385  39.611 0.0000000000
89984  45.971  9.950  39.983 0.0000000000
99691  43.455  23.212  28.606 0.0000000000
100531  42.715  23.876  28.153 0.0000000000
99682  42.656  23.380  29.483 0.0000000000
100515  41.511  23.663  30.571 0.0000000000
99661  41.861  22.319  32.104 0.0000000000
98861  42.031  21.596  32.565 0.0000000000
98853  41.542  21.188  33.157 0.0000000000
131964  42.210  20.180  32.797 0.0000000000
96629  42.597  18.320  30.529 0.0000000000
96630  41.592  18.005  30.587 0.0000000000
95854  39.685  17.502  29.754 0.0000000000
95053  38.858  17.066  29.813 0.0000000000
133851  47.508  21.734  37.739 0.0000000000
98813  47.926  21.602  37.219 0.0000000000
98827  47.196  21.525  36.495 0.0000000000
127662  47.520  21.396  35.708 0.0000000000
98846  47.712  21.201  34.839 0.0000000000
96598  46.978  18.313  33.387 0.0000000000
97369  47.070  19.319  33.384 0.0000000000
96597  47.805  18.627  32.899 0.0000000000
96608  48.987  18.411  31.938 0.0000000000
143184  49.194  18.782  31.441 0.0000000000
96618  49.302  17.967  31.289 0.0000000000
96626  49.352  17.673  30.406 0.0000000000
95851  48.820  16.914  29.732 0.0000000000
91749  44.160  13.278  33.356 0.0000000000
92559  43.939  13.750  32.622 0.0000000000
93392  43.713  14.167  31.925 0.0000000000
132096  43.824  14.103  29.205 0.0000000000
95060  46.329  16.623  27.868 0.0000000000
95061  45.538  16.280  27.624 0.0000000000
95070  45.337  16.638  26.534 0.0000000000
95883  44.626  16.735  26.344 0.0000000000
95077  44.652  16.558  26.184 0.0000000000
95078  43.650  16.344  25.512 0.0000000000
95086  43.090  16.052  25.484 0.0000000000
90980  42.892  11.385  28.215 0.0000000000
91787  42.743  12.800  27.383 0.0000000000
135205  42.719  12.270  28.308 0.0000000000
91782  42.409  12.622  29.346 0.0000000000
92573  42.098  12.817  30.040 0.0000000000
92574  41.650  13.390  30.336 0.0000000000
91775  41.838  12.535  30.642 0.0000000000
90949  41.526  11.378  31.516 0.0000000000
99642  48.986  22.861  33.989 0.0000000000
95826  38.822  17.634  32.914 0.0000000000
124319  41.713  22.483  41.199 0.0000000000
99593  40.835  22.240  40.903 0.0000000000
99585  40.292  22.186  41.635 0.0000000000
98790  40.969  21.946  40.140 0.0000000000
98796  40.657  21.447  39.677 0.0000000000
98070  40.315  20.828  39.269 0.0000000000
98081  40.065  20.105  38.947 0.0000000000
130829  37.099  15.960  40.316 0.0000000000
94174  37.432  15.320  40.725 0.0000000000
93337  38.672  14.263  40.392 0.0000000000
93336  39.161  13.923  39.754 0.0000000000
92503  39.677  13.613  39.222 0.0000000000
91704  40.759  12.700  39.054 0.0000000000
91703  41.501  12.363  38.761 0.0000000000
100567  44.820  24.105  26.370 0.0000000000
100543  44.311  23.596  26.724 0.0000000000
99697  45.823  22.494  27.072 0.0000000000
99698  44.887  22.745  27.236 0.0000000000
99699  44.071  23.179  27.694 0.0000000000
98874  43.866  21.565  30.710 0.0000000000
98859  43.173  20.663  32.054 0.0000000000
98133  43.557  20.397  31.568 0.0000000000
97387  43.441  19.674  31.434 0.0000000000
97393  44.376  19.649  30.284 0.0000000000
95875  41.444  17.088  27.940 0.0000000000
98104  44.692  20.674  35.343 0.0000000000
98103  45.457  20.653  34.996 0.0000000000
98114  45.048  20.090  34.707 0.0000000000
97361  45.588  19.565  34.240 0.0000000000
95815  45.673  17.583  34.396 0.0000000000
96599  46.259  17.991  33.863 0.0000000000
129197  48.090  16.434  32.937 0.0000000000
90959  44.735  11.818  30.467 0.0000000000
91772  44.019  12.239  31.052 0.0000000000
92581  44.456  12.688  28.728 0.0000000000
90978  45.380  11.567  27.482 0.0000000000
91786  44.897  12.172  27.713 0.0000000000
92590  44.260  13.402  26.732 0.0000000000
92596  43.891  13.354  25.769 0.0000000000
91796  43.245  12.410  25.428 0.0000000000
91797  43.307  12.284  25.534 0.0000000000
90991  43.088  11.951  25.712 0.0000000000
90114  43.571  10.766  27.583 0.0000000000
90979  43.109  11.110  27.395 0.0000000000
131805  42.953  10.287  29.710 0.0000000000
89149  42.811  8.626  30.446 0.0000000000
87208  42.684  7.658  31.812 0.0000000000
87214  43.341  7.905  30.456 0.0000000000
88150  43.339  7.993  32.501 0.0000000000
98050  36.569  20.399  44.532 0.0000000000
98055  37.300  20.641  43.249 0.0000000000
98056  36.644  20.280  43.643 0.0000000000
97304  36.137  19.706  43.184 0.0000000000
97309  35.608  19.126  42.734 0.0000000000
96541  35.326  18.384  42.471 0.0000000000
95769  35.659  17.947  41.710 0.0000000000
95768  35.943  17.174  41.369 0.0000000000
94170  36.553  15.804  41.647 0.0000000000
100529  46.740  23.505  27.792 0.0000000000
99696  47.122  23.180  26.977 0.0000000000
99679  47.234  22.747  29.316 0.0000000000
99689  47.405  23.038  28.068 0.0000000000
141187  47.373  22.709  26.955 0.0000000000
98887  47.893  21.981  27.540 0.0000000000
98151  47.670  21.219  28.115 0.0000000000
98150  47.973  20.041  28.610 0.0000000000
93366  45.066  14.406  35.932 0.0000000000
91748  44.379  12.855  34.224 0.0000000000
91740  44.532  12.323  35.113 0.0000000000
91756  43.991  12.373  33.249 0.0000000000
90936  44.409  11.617  32.534 0.0000000000
90047  46.727  10.298  34.151 0.0000000000
90062  46.831  10.484  33.403 0.0000000000
139377  46.212  10.618  32.983 0.0000000000
148680  46.938  10.612  32.739 0.0000000000
90089  45.794  11.003  31.769 0.0000000000
90947  45.376  11.321  31.017 0.0000000000
90946  46.267  11.361  30.202 0.0000000000
149049  47.006  11.445  29.503 0.0000000000
90966  47.383  11.312  28.446 0.0000000000
90965  48.441  11.226  28.346 0.0000000000
90975  47.930  11.044  27.945 0.0000000000
141401  48.039  10.881  27.924 0.0000000000
124250  47.499  9.271  29.545 0.0000000000
89157  48.085  9.292  30.248 0.0000000000
99610  47.167  22.164  38.886 0.0000000000
99623  46.543  21.902  37.988 0.0000000000
98815  45.679  21.822  37.196 0.0000000000
130685  45.030  21.635  36.596 0.0000000000
124320  43.235  22.680  41.038 0.0000000000
124317  43.266  22.616  40.263 0.0000000000
99614  42.782  22.197  38.857 0.0000000000
99613  43.555  22.276  38.521 0.0000000000
99625  44.130  22.060  37.766 0.0000000000
98829  44.253  21.441  36.412 0.0000000000
98094  44.142  21.021  35.821 0.0000000000
98105  43.843  20.343  35.611 0.0000000000
97354  43.651  19.403  35.516 0.0000000000
96569  43.031  18.965  35.978 0.0000000000
96580  43.580  18.438  35.532 0.0000000000
95804  43.596  17.492  35.621 0.0000000000
95020  43.646  16.599  35.740 0.0000000000
98059  37.440  20.531  42.404 0.0000000000
98058  38.117  20.958  42.071 0.0000000000
98062  38.390  20.718  41.326 0.0000000000
97311  37.208  19.670  41.191 0.0000000000
98068  37.935  20.095  40.876 0.0000000000
98067  38.680  20.451  40.603 0.0000000000
98072  39.007  20.135  39.917 0.0000000000
97318  39.450  19.726  39.314 0.0000000000
97327  39.902  19.296  38.715 0.0000000000
95000  37.245  16.468  39.963 0.0000000000
95774  38.308  17.222  39.264 0.0000000000
94180  38.859  15.692  38.792 0.0000000000
95002  38.606  16.394  38.985 0.0000000000
96548  38.715  18.018  39.116 0.0000000000
96555  39.283  18.062  38.711 0.0000000000
96554  39.801  18.496  38.506 0.0000000000
96553  40.388  18.830  38.209 0.0000000000
96561  40.788  18.242  37.639 0.0000000000
145559  41.379  18.042  37.178 0.0000000000
95795  41.719  17.508  36.806 0.0000000000
94184  41.296  15.699  36.995 0.0000000000
95014  41.490  16.637  36.868 0.0000000000
95013  42.223  16.861  36.497 0.0000000000
143771  42.753  16.254  36.225 0.0000000000
94193  43.462  15.786  35.943 0.0000000000
144815  44.267  14.427  36.186 0.0000000000
127539  44.508  13.781  36.255 0.0000000000
92523  44.499  12.979  36.317 0.0000000000
91724  44.045  12.582  36.833 0.0000000000
91723  44.434  12.260  36.549 0.0000000000
90905  44.615  11.419  36.436 0.0000000000
90023  45.497  10.307  36.318 0.0000000000
90885  42.755  11.559  38.791 0.0000000000
90884  43.517  11.236  38.510 0.0000000000
90012  44.185  10.796  38.186 0.0000000000
89070  44.978  9.950  39.271 0.0000000000
89999  44.544  10.243  38.739 0.0000000000
90011  44.775  10.268  37.897 0.0000000000
89102  45.740  9.913  37.110 0.0000000000
98043  37.257  20.828  45.015 0.0000000000
97294  35.912  20.013  44.944 0.0000000000
97289  35.371  19.336  46.348 0.0000000000
97296  34.648  18.984  45.694 0.0000000000
96530  34.121  18.518  45.120 0.0000000000
96531  33.642  17.934  45.365 0.0000000000
94962  32.708  16.019  46.485 0.0000000000
94119  32.842  15.549  45.855 0.0000000000
143164  33.240  15.081  45.460 0.0000000000
145967  40.145  24.945  30.892 0.0000000000
100516  40.972  23.807  30.975 0.0000000000
100517  40.365  24.069  31.351 0.0000000000
100507  40.099  23.551  32.102 0.0000000000
98855  39.960  21.669  33.697 0.0000000000
98847  40.345  20.948  33.874 0.0000000000
149830  40.764  19.936  33.782 0.0000000000
96613  39.666  17.875  32.730 0.0000000000
97380  42.494  19.711  32.393 0.0000000000
96611  41.297  18.528  32.357 0.0000000000
96621  41.463  18.205  31.478 0.0000000000
95835  38.743  17.515  31.755 0.0000000000
95845  38.081  17.193  31.070 0.0000000000
94250  38.485  16.776  30.476 0.0000000000
99630  48.593  21.845  37.162 0.0000000000
100482  48.971  22.816  35.337 0.0000000000
100491  49.123  22.596  34.701 0.0000000000
99649  49.121  22.354  33.403 0.0000000000
98102  46.439  21.010  35.047 0.0000000000
98122  47.436  20.199  33.609 0.0000000000
98111  48.116  20.893  34.087 0.0000000000
98110  49.010  21.468  33.791 0.0000000000
130087  49.184  21.767  33.195 0.0000000000
99657  49.072  22.093  32.534 0.0000000000
99668  48.971  21.840  31.763 0.0000000000
98865  49.018  21.269  31.241 0.0000000000
98871  48.785  21.241  30.087 0.0000000000
97385  49.150  19.511  31.131 0.0000000000
98142  48.722  20.426  29.673 0.0000000000
98149  48.451  20.389  28.921 0.0000000000
97407  47.545  18.999  28.562 0.0000000000
93365  45.868  14.736  35.437 0.0000000000
93364  46.563  14.974  35.066 0.0000000000
93372  46.730  15.045  34.514 0.0000000000
93381  46.191  14.701  34.103 0.0000000000
94219  46.835  15.117  33.915 0.0000000000
94225  47.134  15.483  33.160 0.0000000000
94234  47.846  15.979  32.417 0.0000000000
91773  43.718  12.996  30.660 0.0000000000
93401  43.738  14.406  31.056 0.0000000000
93407  43.888  14.606  30.023 0.0000000000
93400  44.126  15.039  30.694 0.0000000000
94236  45.737  15.572  31.567 0.0000000000
95044  47.538  16.229  31.294 0.0000000000
95050  48.235  16.580  30.430 0.0000000000
95058  48.012  16.811  29.059 0.0000000000
95067  47.589  17.184  27.976 0.0000000000
95869  47.717  17.515  28.010 0.0000000000
96643  47.384  18.034  28.037 0.0000000000
97399  46.739  18.830  28.500 0.0000000000
95860  44.544  17.745  28.317 0.0000000000
95873  44.047  17.097  27.500 0.0000000000
94263  40.699  16.454  27.974 0.0000000000
93430  43.132  14.844  25.500 0.0000000000
94277  42.843  15.602  25.555 0.0000000000
94269  42.427  15.229  25.982 0.0000000000
92591  42.474  13.688  27.787 0.0000000000
94270  41.599  15.890  26.601 0.0000000000
94271  41.173  16.260  27.200 0.0000000000
94256  40.207  16.118  28.571 0.0000000000
93409  40.523  14.884  30.207 0.0000000000
88167  46.503  8.941  29.979 0.0000000000
88157  46.209  9.043  30.982 0.0000000000
87215  43.000  7.600  31.040 0.0000000000
89985  45.204  10.098  39.887 0.0000000000
90955  50.618  11.325  29.228 0.0000000000
92602  42.988  12.919  25.538 0.0000000000
94218  47.198  15.435  33.986 0.0000000000
95024  46.952  16.000  34.533 0.0000000000
95085  43.674  16.058  25.269 0.0000000000
95850  49.203  17.059  30.304 0.0000000000
95858  49.079  17.464  29.514 0.0000000000
96525  33.568  17.888  46.019 0.0000000000
96535  34.321  18.472  44.353 0.0000000000
96634  48.808  18.072  28.907 0.0000000000
97405  48.377  19.475  28.938 0.0000000000
98129  42.197  20.855  32.800 0.0000000000
98786  40.169  21.881  41.030 0.0000000000
98794  42.129  21.935  38.979 0.0000000000
98896  47.524  22.436  27.158 0.0000000000
98897  47.274  22.616  26.910 0.0000000000
99578  39.816  22.075  42.255 0.0000000000
100559  44.892  23.835  26.367 0.0000000000
100568  44.219  24.116  26.485 0.0000000000
135196  41.762  15.255  26.873 0.0000000000
137942  34.152  17.904  44.055 0.0000000000
140709  46.300  9.724  39.452 0.0000000000
148901  42.676  11.907  29.111 0.0000000000
149136  49.283  21.931  33.707 0.0000000000
149762  42.954  22.002  38.347 0.0000000000
