#!ascii label  , from subject sub-v1s22x0050481_ses-1 vox2ras=TkReg
776
18712  -34.257  -71.732  -6.897 0.5000000000
18722  -32.833  -71.087  -7.634 0.8000000119
19618  -32.225  -69.097  -8.139 0.8000000119
19608  -32.193  -70.240  -8.004 0.8000000119
18723  -33.696  -70.962  -7.435 0.8000000119
17814  -33.855  -72.462  -6.445 0.5000000000
17827  -33.363  -71.824  -7.145 0.5000000000
18724  -34.646  -70.987  -7.301 0.6000000238
120210  -34.398  -68.463  -7.340 0.6999999881
20483  -34.168  -68.799  -7.542 0.6999999881
19609  -34.122  -70.126  -7.659 0.8000000119
19610  -34.992  -70.336  -7.541 0.6999999881
17804  -34.458  -73.207  -5.520 0.6000000238
17815  -34.958  -72.519  -6.223 0.5000000000
18714  -36.695  -71.999  -6.933 0.6000000238
21400  -33.918  -68.613  -6.070 0.6999999881
18713  -35.366  -71.802  -6.818 0.6000000238
21410  -34.458  -68.158  -6.989 0.6999999881
21408  -32.703  -68.572  -7.430 0.6999999881
125962  -33.696  -69.222  -7.712 0.6999999881
118133  -36.985  -71.214  -7.429 0.6000000238
19612  -38.396  -71.411  -7.625 0.6000000238
125654  -34.725  -69.464  -7.675 0.8000000119
19611  -35.924  -70.128  -7.655 0.8000000119
122460  -37.406  -70.424  -7.690 0.6999999881
17805  -35.924  -73.181  -5.527 0.4000000060
17816  -36.323  -72.663  -6.258 0.6000000238
21401  -34.516  -68.109  -5.912 0.6999999881
17819  -39.154  -71.801  -7.189 0.6000000238
22312  -35.075  -67.738  -6.315 0.6999999881
22317  -35.098  -67.981  -7.175 0.6999999881
118760  -35.383  -68.373  -7.496 0.6999999881
128359  -34.797  -68.781  -7.560 0.6999999881
21416  -36.355  -68.793  -7.711 0.6000000238
21419  -39.678  -69.314  -7.800 0.5000000000
118834  -36.242  -68.137  -7.613 0.6000000238
21417  -37.299  -68.469  -7.706 0.6000000238
21418  -38.878  -68.920  -7.841 0.6000000238
130695  -39.579  -68.265  -7.652 0.6000000238
133814  -38.147  -68.112  -7.725 0.6000000238
22321  -39.669  -67.489  -7.858 0.5000000000
17791  -37.529  -73.079  -5.180 0.4000000060
17806  -37.189  -73.147  -5.675 0.5000000000
23163  -34.879  -66.425  -5.150 0.6999999881
17808  -38.519  -72.399  -6.444 0.6000000238
18705  -39.239  -71.603  -6.856 0.6000000238
22313  -35.686  -67.390  -6.736 0.6999999881
18727  -39.550  -71.192  -7.750 0.6000000238
22318  -35.878  -67.738  -7.387 0.6999999881
20477  -39.890  -70.176  -7.615 0.5000000000
21412  -39.729  -68.895  -7.488 0.6000000238
22319  -36.988  -67.636  -7.593 0.6999999881
22320  -38.378  -67.519  -7.743 0.6000000238
22316  -40.228  -67.329  -7.639 0.5000000000
23172  -40.376  -67.275  -7.531 0.5000000000
24674  -32.640  -64.884  -4.809 0.6000000238
24675  -33.564  -64.706  -4.873 0.6000000238
17790  -36.894  -72.883  -4.426 0.5000000000
18688  -37.419  -72.448  -4.869 0.5000000000
23881  -34.307  -65.588  -4.860 0.6999999881
23153  -34.002  -66.370  -4.765 0.6999999881
120169  -38.063  -72.752  -5.638 0.5000000000
18704  -38.539  -72.047  -6.006 0.5000000000
20466  -37.914  -69.968  -5.598 0.4000000060
23164  -35.636  -66.285  -5.546 0.6999999881
19596  -38.782  -70.958  -6.322 0.5000000000
23165  -36.193  -66.071  -5.909 0.6999999881
23170  -36.797  -66.216  -6.687 0.6999999881
20467  -39.271  -69.970  -6.522 0.5000000000
22314  -36.435  -67.040  -7.114 0.6999999881
23175  -37.444  -66.862  -7.495 0.6000000238
22315  -39.862  -68.294  -7.433 0.5000000000
23176  -38.756  -66.899  -7.790 0.6000000238
23899  -39.158  -66.310  -7.869 0.5000000000
125551  -40.347  -66.537  -8.222 0.5000000000
23177  -40.151  -67.058  -8.094 0.5000000000
23173  -41.160  -66.851  -7.994 0.5000000000
23174  -41.320  -66.565  -8.026 0.5000000000
24690  -41.319  -65.221  -6.997 0.3000000119
20449  -36.496  -69.378  -4.301 0.3000000119
127439  -32.609  -64.135  -4.935 0.6000000238
24681  -33.462  -63.734  -5.119 0.6000000238
124803  -37.069  -70.156  -4.814 0.4000000060
20450  -37.162  -69.184  -4.971 0.4000000060
117101  -35.529  -63.994  -5.349 0.6000000238
21402  -38.171  -68.906  -5.756 0.5000000000
23890  -35.774  -65.523  -5.470 0.6999999881
23891  -36.471  -65.467  -6.060 0.6999999881
22309  -38.793  -68.107  -6.234 0.5000000000
23895  -37.268  -65.439  -6.680 0.5000000000
115678  -39.270  -67.357  -6.472 0.5000000000
23171  -37.884  -66.151  -7.400 0.5000000000
23167  -39.629  -66.548  -6.466 0.4000000060
23168  -40.820  -66.720  -7.431 0.3000000119
24685  -40.124  -64.544  -6.065 0.4000000060
23898  -41.455  -65.922  -7.924 0.5000000000
116270  -41.677  -65.395  -7.755 0.4000000060
25500  -32.504  -63.304  -5.201 0.6000000238
25501  -33.005  -62.944  -5.483 0.6000000238
25502  -33.908  -62.997  -5.434 0.6000000238
118594  -34.560  -63.790  -5.122 0.6000000238
25503  -35.089  -63.048  -5.411 0.6000000238
22308  -37.687  -67.933  -5.300 0.3000000119
124550  -38.096  -67.256  -5.478 0.4000000060
131180  -36.262  -64.161  -5.694 0.6000000238
24684  -36.728  -64.731  -6.104 0.6000000238
119638  -38.128  -64.882  -4.927 0.3000000119
23166  -38.433  -66.483  -5.532 0.3000000119
24687  -37.482  -64.635  -6.548 0.6000000238
25499  -38.439  -64.022  -4.856 0.3000000119
23893  -38.788  -65.649  -5.563 0.3000000119
25510  -37.705  -63.704  -6.379 0.5000000000
23896  -38.339  -65.373  -7.339 0.5000000000
122580  -39.659  -63.106  -5.359 0.3000000119
116673  -39.065  -64.734  -5.486 0.3000000119
24689  -39.150  -64.874  -7.654 0.5000000000
24693  -40.437  -65.183  -8.257 0.5000000000
25507  -40.349  -63.661  -5.864 0.3000000119
25515  -39.734  -64.353  -7.802 0.5000000000
24691  -41.946  -64.367  -7.571 0.4000000060
25508  -41.606  -63.463  -6.632 0.3000000119
27137  -32.541  -61.657  -5.817 0.5000000000
26329  -33.064  -62.195  -5.917 0.6000000238
26335  -33.558  -61.549  -6.161 0.5000000000
25504  -36.110  -63.461  -5.598 0.6000000238
26331  -35.927  -62.633  -5.585 0.5000000000
25505  -36.863  -62.978  -5.808 0.6000000238
26327  -38.679  -62.184  -4.476 0.3000000119
26326  -38.784  -63.066  -4.790 0.3000000119
25509  -36.864  -63.957  -5.994 0.6000000238
25511  -38.748  -63.962  -7.036 0.5000000000
25512  -39.659  -63.334  -7.450 0.5000000000
25517  -42.084  -64.070  -8.078 0.4000000060
123923  -42.170  -63.097  -8.064 0.4000000060
121112  -33.030  -60.863  -6.283 0.5000000000
27138  -34.732  -61.626  -5.936 0.5000000000
26330  -34.249  -62.274  -5.740 0.5000000000
27146  -35.438  -61.029  -6.175 0.5000000000
119582  -37.808  -62.022  -3.731 0.3000000119
133847  -38.190  -62.087  -4.131 0.3000000119
26336  -37.624  -62.805  -6.144 0.6000000238
26339  -42.002  -62.331  -6.584 0.4000000060
27152  -42.261  -61.193  -7.752 0.4000000060
27938  -33.499  -60.208  -6.417 0.5000000000
27145  -34.092  -60.941  -6.377 0.5000000000
27939  -34.668  -60.278  -6.434 0.5000000000
26307  -37.240  -61.933  -3.124 0.4000000060
27913  -37.156  -60.507  -3.057 0.4000000060
27139  -35.722  -61.838  -5.757 0.5000000000
27147  -36.465  -61.500  -5.955 0.5000000000
27131  -37.622  -61.222  -3.492 0.4000000060
27132  -38.153  -60.790  -4.131 0.3000000119
117268  -36.464  -60.848  -6.233 0.4000000060
123118  -38.790  -61.034  -4.519 0.3000000119
26332  -37.160  -62.120  -5.942 0.5000000000
116352  -37.995  -62.127  -6.335 0.4000000060
26337  -39.021  -62.259  -6.835 0.4000000060
27154  -42.103  -61.231  -7.926 0.4000000060
134444  -33.196  -59.607  -6.366 0.5000000000
28770  -33.912  -59.562  -6.549 0.5000000000
28771  -35.253  -59.562  -6.429 0.5000000000
27912  -36.715  -60.545  -2.352 0.4000000060
27940  -35.910  -60.271  -6.361 0.5000000000
127974  -37.196  -59.829  -3.353 0.4000000060
28763  -37.536  -59.461  -3.940 0.4000000060
28772  -36.427  -59.545  -6.508 0.4000000060
27148  -37.362  -61.245  -6.310 0.4000000060
27929  -37.988  -60.083  -4.250 0.4000000060
120966  -37.935  -60.651  -6.695 0.4000000060
27149  -38.418  -61.342  -6.694 0.4000000060
27150  -39.516  -61.387  -7.282 0.4000000060
26338  -40.280  -62.297  -7.609 0.4000000060
123830  -40.061  -60.695  -7.547 0.4000000060
27943  -42.228  -60.367  -7.603 0.4000000060
28777  -42.211  -60.050  -7.609 0.4000000060
28769  -33.369  -58.880  -6.438 0.5000000000
29705  -34.009  -58.126  -6.567 0.4000000060
131824  -36.115  -58.922  -1.972 0.4000000060
116255  -36.507  -58.990  -2.578 0.4000000060
115267  -34.583  -58.839  -6.473 0.5000000000
113892  -35.830  -58.818  -6.433 0.4000000060
117985  -37.092  -60.279  -6.525 0.4000000060
29693  -37.239  -58.576  -3.942 0.4000000060
27941  -38.035  -59.986  -6.937 0.4000000060
28768  -41.139  -59.756  -6.392 0.3000000119
27153  -40.950  -61.317  -7.825 0.4000000060
30665  -34.701  -57.395  -6.487 0.5000000000
30666  -35.781  -57.335  -6.587 0.4000000060
30649  -35.961  -57.694  -2.687 0.4000000060
118255  -36.351  -58.051  -6.571 0.4000000060
30667  -36.846  -57.244  -6.884 0.4000000060
29706  -36.917  -58.785  -6.669 0.4000000060
28773  -37.442  -59.461  -6.764 0.4000000060
28774  -38.202  -59.354  -7.074 0.4000000060
27945  -38.846  -59.673  -7.282 0.4000000060
27946  -39.903  -59.979  -7.484 0.4000000060
28775  -41.214  -58.905  -6.864 0.4000000060
127556  -41.217  -58.957  -7.183 0.4000000060
121911  -41.356  -59.011  -7.144 0.4000000060
31650  -35.288  -56.130  -6.649 0.4000000060
121295  -35.274  -56.785  -6.569 0.4000000060
31651  -36.228  -56.459  -6.848 0.4000000060
119535  -37.408  -58.003  -6.875 0.4000000060
29707  -37.893  -58.745  -6.991 0.4000000060
29703  -40.443  -58.193  -6.413 0.4000000060
30668  -38.468  -57.968  -7.300 0.4000000060
131929  -39.726  -59.274  -7.420 0.4000000060
115026  -39.674  -57.797  -7.506 0.4000000060
29710  -40.380  -58.494  -7.364 0.4000000060
29709  -40.951  -58.154  -7.048 0.4000000060
32619  -35.306  -55.323  -6.606 0.4000000060
117596  -36.025  -55.718  -6.855 0.4000000060
32620  -36.322  -55.053  -6.938 0.4000000060
32621  -37.009  -55.620  -7.276 0.4000000060
31652  -37.417  -56.450  -7.253 0.4000000060
123420  -38.123  -55.788  -7.617 0.4000000060
123348  -37.942  -57.206  -7.242 0.4000000060
31654  -38.665  -56.418  -7.613 0.4000000060
30671  -39.163  -57.133  -7.569 0.4000000060
29708  -41.001  -58.074  -7.079 0.3000000119
30672  -40.697  -57.421  -7.317 0.4000000060
122995  -35.099  -53.874  -6.549 0.4000000060
33565  -35.688  -54.497  -6.756 0.4000000060
34447  -35.321  -53.110  -6.744 0.4000000060
33566  -36.577  -54.347  -7.225 0.4000000060
32627  -37.093  -54.846  -7.425 0.4000000060
32629  -39.608  -55.540  -7.725 0.4000000060
30662  -39.365  -57.214  -5.853 0.4000000060
30663  -40.244  -57.433  -6.305 0.3000000119
31655  -40.124  -56.370  -7.698 0.4000000060
30670  -41.024  -57.143  -7.113 0.5000000000
31657  -41.067  -56.266  -7.168 0.4000000060
122459  -40.892  -55.847  -7.414 0.5000000000
36102  -35.145  -51.593  -6.927 0.4000000060
35232  -35.643  -52.369  -7.036 0.4000000060
34448  -35.949  -53.762  -7.005 0.4000000060
35238  -36.506  -52.415  -7.427 0.4000000060
34454  -36.909  -53.633  -7.474 0.4000000060
32624  -41.044  -55.685  -7.233 0.5000000000
121929  -34.819  -50.845  -6.821 0.4000000060
36106  -35.525  -50.919  -7.312 0.4000000060
36107  -36.212  -51.664  -7.435 0.4000000060
32623  -40.645  -54.965  -7.227 0.4000000060
33568  -40.522  -53.908  -7.049 0.5000000000
36984  -34.707  -50.268  -6.758 0.4000000060
36991  -35.216  -50.289  -7.153 0.4000000060
133010  -35.818  -50.340  -7.520 0.4000000060
35234  -40.412  -52.380  -7.106 0.5000000000
38577  -34.503  -47.774  -6.638 0.4000000060
37776  -34.348  -49.878  -6.486 0.4000000060
37777  -34.551  -48.854  -6.631 0.4000000060
123357  -34.956  -49.675  -6.966 0.4000000060
123241  -34.999  -47.963  -7.147 0.4000000060
38583  -35.748  -47.997  -7.570 0.5000000000
121406  -41.225  -63.249  -7.987 0.5000000000
134128  -42.399  -62.867  -7.772 0.4000000060
17813  -33.017  -72.549  -6.837 0.5000000000
18733  -31.324  -70.622  -8.019 0.8000000119
127963  -31.478  -68.692  -8.107 0.8000000119
21413  -30.986  -68.501  -7.925 0.6999999881
20474  -32.470  -68.605  -6.918 0.6999999881
16955  -33.541  -73.482  -5.329 0.5000000000
20465  -33.083  -69.119  -5.722 0.6999999881
16957  -36.651  -73.405  -5.013 0.4000000060
22306  -34.614  -67.337  -5.322 0.6999999881
23880  -33.250  -65.522  -4.733 0.6999999881
16942  -36.158  -73.469  -4.300 0.4000000060
18674  -36.558  -71.748  -4.219 0.4000000060
23879  -32.341  -65.495  -4.505 0.6000000238
19570  -36.330  -70.423  -4.125 0.4000000060
26324  -32.078  -62.937  -5.117 0.6000000238
111398  -32.286  -62.255  -5.282 0.5000000000
27143  -32.650  -61.103  -6.067 0.5000000000
27937  -32.986  -60.154  -6.164 0.5000000000
30664  -33.764  -57.462  -6.460 0.4000000060
123494  -33.917  -56.016  -6.392 0.4000000060
31649  -34.358  -56.629  -6.519 0.4000000060
32618  -34.361  -55.328  -6.377 0.4000000060
33564  -34.820  -54.619  -6.422 0.4000000060
35231  -34.722  -52.360  -6.622 0.4000000060
36101  -34.233  -51.482  -6.435 0.4000000060
36983  -34.259  -50.602  -6.444 0.4000000060
38571  -34.015  -48.099  -6.013 0.4000000060
18721  -32.017  -71.362  -7.825 0.8000000119
113062  -33.088  -69.893  -7.844 0.8000000119
21414  -32.102  -68.642  -7.850 0.6999999881
17818  -38.503  -72.421  -6.740 0.6000000238
19613  -39.049  -70.797  -8.055 0.6999999881
20485  -36.520  -69.553  -7.721 0.6999999881
19597  -39.836  -70.794  -6.872 0.6000000238
123098  -39.522  -69.965  -7.975 0.6000000238
20486  -37.827  -69.534  -7.778 0.6000000238
23889  -35.142  -65.730  -5.120 0.6999999881
20476  -39.979  -70.076  -7.353 0.5000000000
19581  -37.788  -71.030  -5.440 0.5000000000
21390  -37.241  -68.438  -5.010 0.3000000119
24694  -41.489  -65.170  -8.149 0.5000000000
127858  -35.172  -62.265  -5.607 0.6000000238
118403  -38.421  -63.036  -6.581 0.5000000000
25516  -40.882  -64.304  -8.170 0.5000000000
26341  -41.797  -62.243  -8.068 0.4000000060
27151  -42.361  -61.237  -7.109 0.4000000060
28779  -40.868  -59.411  -7.412 0.4000000060
28778  -38.966  -58.782  -7.368 0.4000000060
119882  -34.595  -55.906  -6.523 0.4000000060
120298  -40.271  -57.003  -7.592 0.4000000060
123701  -35.300  -48.885  -7.270 0.4000000060
8276  -25.681  -84.614  -4.954 0.4000000060
129141  -25.447  -84.601  -5.708 0.4000000060
8291  -27.070  -84.184  -5.493 0.4000000060
120560  -27.393  -83.818  -6.122 0.4000000060
8278  -27.339  -84.090  -4.615 0.4000000060
9064  -27.686  -83.667  -5.351 0.4000000060
9798  -27.893  -83.104  -6.295 0.4000000060
126753  -28.148  -82.222  -5.917 0.4000000060
11289  -27.222  -80.158  -7.043 0.5000000000
9049  -27.927  -83.369  -4.447 0.4000000060
9785  -28.164  -82.803  -5.217 0.4000000060
126795  -28.094  -81.759  -5.087 0.5000000000
10530  -27.761  -81.180  -6.169 0.5000000000
12106  -26.611  -78.643  -7.355 0.6000000238
9026  -27.641  -83.487  -2.915 0.4000000060
9039  -28.054  -82.974  -3.575 0.4000000060
10519  -27.804  -81.312  -4.075 0.4000000060
16956  -35.537  -73.527  -4.714 0.3000000119
16941  -35.313  -73.829  -3.886 0.4000000060
18673  -36.036  -72.467  -3.665 0.3000000119
12114  -26.696  -78.951  -7.995 0.5000000000
16154  -32.270  -73.895  -6.554 0.5000000000
16940  -33.085  -73.830  -4.840 0.4000000060
11231  -27.455  -80.472  -2.529 0.4000000060
121690  -27.637  -80.744  -5.001 0.5000000000
11275  -27.342  -80.137  -5.836 0.5000000000
10509  -27.717  -81.489  -2.788 0.4000000060
117830  -28.052  -82.007  -3.458 0.4000000060
126765  -26.542  -78.321  -7.919 0.6000000238
132836  -26.674  -77.996  -8.172 0.6000000238
13793  -27.455  -76.832  -8.319 0.6999999881
16962  -32.677  -73.170  -6.588 0.5000000000
123019  -27.648  -77.613  -8.387 0.6999999881
117417  -30.214  -75.993  -8.629 0.6999999881
16153  -32.001  -74.356  -7.570 0.6999999881
14579  -28.831  -75.991  -8.598 0.6999999881
120327  -30.588  -75.430  -8.575 0.6999999881
11262  -27.338  -79.856  -4.901 0.5000000000
12091  -27.160  -79.355  -5.700 0.6000000238
12955  -26.613  -77.922  -7.589 0.6000000238
13777  -26.798  -77.279  -7.975 0.6000000238
11246  -27.428  -80.027  -3.391 0.4000000060
12075  -27.411  -79.600  -4.089 0.5000000000
132118  -26.992  -77.748  -6.759 0.6000000238
14567  -27.317  -76.464  -8.133 0.6000000238
14578  -27.776  -76.066  -8.480 0.6000000238
13792  -26.885  -77.478  -8.171 0.6000000238
16159  -29.303  -75.124  -8.601 0.6999999881
16969  -32.215  -73.552  -7.136 0.6000000238
16963  -33.354  -73.082  -6.082 0.5000000000
13740  -27.947  -78.211  -3.549 0.6000000238
13750  -28.315  -77.034  -4.513 0.6000000238
14541  -28.234  -76.642  -5.374 0.6999999881
14540  -27.499  -77.121  -6.236 0.6000000238
14554  -27.344  -76.549  -7.073 0.6000000238
15355  -27.652  -75.609  -8.302 0.6000000238
12923  -27.536  -78.937  -3.873 0.5000000000
122651  -27.327  -77.976  -5.724 0.6000000238
15356  -28.031  -75.249  -8.552 0.6000000238
123783  -29.615  -74.262  -8.461 0.6999999881
16975  -31.148  -73.571  -8.016 0.6999999881
16160  -31.025  -74.387  -8.326 0.6999999881
16968  -31.810  -73.597  -7.600 0.6999999881
15322  -28.479  -76.143  -4.587 0.6000000238
15332  -28.481  -75.683  -5.529 0.6999999881
134452  -28.244  -75.533  -6.478 0.6999999881
14555  -27.997  -76.243  -6.326 0.6999999881
15348  -27.586  -74.864  -7.980 0.6000000238
113084  -28.307  -74.328  -8.331 0.6999999881
16974  -30.104  -73.521  -8.263 0.6999999881
116849  -32.248  -72.829  -7.270 0.6000000238
17823  -28.767  -72.337  -7.325 0.6999999881
18732  -30.336  -70.809  -7.981 0.6999999881
16961  -28.752  -73.224  -6.710 0.6999999881
17832  -28.687  -72.878  -7.844 0.6000000238
122162  -28.789  -72.804  -7.910 0.5000000000
118569  -28.014  -75.045  -7.229 0.6999999881
16152  -27.969  -74.185  -8.118 0.6000000238
16973  -28.924  -73.471  -8.243 0.6999999881
17825  -31.901  -72.198  -7.655 0.5000000000
16151  -27.738  -74.925  -8.230 0.6000000238
17834  -30.530  -72.732  -7.957 0.6999999881
124366  -31.453  -72.803  -7.696 0.6000000238
19615  -29.628  -69.680  -8.005 0.6999999881
19616  -30.532  -69.672  -8.150 0.6999999881
20488  -29.745  -68.725  -8.172 0.6999999881
116252  -31.091  -71.819  -7.854 0.6000000238
16954  -32.821  -73.526  -5.743 0.5000000000
17833  -29.983  -71.844  -7.893 0.6000000238
8277  -26.586  -84.422  -4.761 0.4000000060
9776  -27.883  -82.537  -2.813 0.4000000060
117981  -28.162  -82.381  -4.278 0.4000000060
121033  -27.479  -80.369  -4.123 0.4000000060
114462  -27.581  -80.813  -3.376 0.4000000060
129186  -31.435  -75.220  -8.436 0.6999999881
16161  -31.694  -74.226  -7.998 0.6999999881
13766  -27.021  -77.222  -7.355 0.6000000238
15347  -27.465  -75.628  -8.090 0.6000000238
12935  -27.599  -78.527  -4.353 0.6999999881
13756  -27.885  -77.358  -5.240 0.6000000238
15340  -27.534  -75.724  -7.457 0.6000000238
16146  -28.275  -74.222  -7.372 0.6999999881
16972  -28.407  -73.517  -8.026 0.6000000238
18731  -29.454  -70.803  -7.765 0.6000000238
116109  -28.788  -74.071  -5.899 0.5000000000
114219  -27.656  -78.847  -3.044 0.4000000060
14513  -28.380  -76.509  -3.773 0.5000000000
17812  -28.776  -72.412  -6.206 0.6000000238
13731  -27.733  -78.091  -2.543 0.4000000060
14501  -27.862  -76.554  -2.518 0.5000000000
113575  -28.073  -77.427  -2.883 0.5000000000
15307  -28.335  -75.518  -3.811 0.5000000000
111111  -28.576  -73.971  -4.860 0.5000000000
17803  -28.455  -71.924  -5.509 0.5000000000
116584  -28.509  -75.348  -4.664 0.5000000000
19601  -28.661  -70.363  -7.047 0.5000000000
18703  -28.633  -71.285  -6.466 0.5000000000
19602  -28.843  -69.564  -6.866 0.6999999881
19594  -28.560  -70.210  -6.174 0.6000000238
20471  -29.253  -69.217  -6.825 0.6000000238
13717  -27.378  -77.883  -1.724 0.5000000000
15306  -27.857  -75.255  -3.078 0.5000000000
16926  -27.967  -73.819  -4.005 0.5000000000
17789  -28.117  -72.330  -4.715 0.5000000000
16939  -28.276  -73.234  -4.603 0.5000000000
20487  -29.531  -68.737  -7.993 0.6000000238
19595  -28.856  -69.830  -5.836 0.6000000238
117003  -30.386  -69.141  -6.516 0.5000000000
20473  -31.521  -68.761  -6.823 0.6000000238
15290  -27.497  -75.551  -2.378 0.5000000000
131785  -27.344  -73.983  -3.364 0.5000000000
16925  -27.316  -73.312  -3.447 0.5000000000
16938  -27.684  -72.828  -4.065 0.5000000000
18687  -28.046  -71.228  -4.708 0.5000000000
21406  -30.580  -68.470  -7.691 0.6000000238
20462  -29.624  -69.621  -5.801 0.5000000000
20463  -31.586  -69.595  -5.622 0.6000000238
111257  -27.098  -76.271  -1.170 0.5000000000
16102  -27.197  -74.535  -2.803 0.5000000000
16905  -26.854  -73.690  -2.915 0.5000000000
18672  -28.105  -71.292  -3.387 0.5000000000
19567  -28.756  -70.864  -3.066 0.6000000238
114130  -27.866  -71.337  -4.016 0.4000000060
20416  -30.048  -70.030  -2.943 0.4000000060
19568  -29.301  -70.442  -3.414 0.5000000000
128768  -29.142  -70.375  -4.158 0.5000000000
18686  -27.665  -71.941  -4.095 0.4000000060
20417  -30.529  -69.309  -2.524 0.4000000060
21372  -31.689  -68.538  -3.508 0.5000000000
128732  -30.028  -70.232  -3.796 0.5000000000
21357  -31.374  -67.757  -2.786 0.4000000060
20447  -31.537  -69.756  -4.672 0.6000000238
112556  -30.749  -69.940  -5.177 0.6000000238
21388  -33.488  -68.603  -5.180 0.6000000238
22295  -33.753  -67.200  -4.701 0.6000000238
20431  -30.673  -69.715  -3.354 0.5000000000
22281  -31.919  -67.576  -3.530 0.5000000000
20432  -31.368  -69.450  -3.799 0.5000000000
23867  -31.426  -65.959  -3.398 0.4000000060
23868  -31.910  -65.875  -4.055 0.5000000000
22293  -32.543  -67.461  -4.046 0.6000000238
21386  -32.026  -69.141  -4.247 0.6000000238
22294  -33.338  -67.892  -4.583 0.6000000238
26323  -31.855  -63.251  -4.701 0.3000000119
25496  -31.674  -63.818  -4.351 0.4000000060
23878  -31.586  -65.237  -4.083 0.4000000060
24673  -31.932  -64.558  -4.647 0.5000000000
23152  -33.117  -66.280  -4.528 0.6000000238
29704  -33.405  -58.151  -6.358 0.3000000119
28765  -32.996  -59.356  -6.189 0.3000000119
27933  -32.886  -60.221  -6.069 0.4000000060
27932  -32.599  -61.032  -5.882 0.4000000060
119796  -33.399  -55.991  -6.014 0.3000000119
33563  -34.078  -54.632  -6.168 0.3000000119
32617  -33.665  -55.322  -6.119 0.3000000119
35230  -33.927  -52.429  -6.191 0.3000000119
34446  -34.404  -53.248  -6.347 0.3000000119
133423  -33.890  -50.235  -6.132 0.3000000119
124057  -33.818  -49.375  -5.900 0.3000000119
25497  -32.015  -63.669  -4.916 0.5000000000
31648  -33.595  -56.755  -6.279 0.3000000119
19607  -29.192  -69.616  -7.577 0.5000000000
14512  -28.118  -76.031  -3.062 0.5000000000
19578  -28.794  -70.320  -4.830 0.5000000000
21387  -32.779  -68.707  -4.607 0.6000000238
16147  -32.032  -74.794  -7.248 0.3000000119
117727  -31.457  -75.903  -8.572 0.6000000238
120443  -32.147  -75.133  -7.967 0.6000000238
16104  -33.988  -74.145  -2.735 0.3000000119
16121  -33.674  -74.428  -3.219 0.3000000119
16133  -33.539  -74.262  -3.927 0.3000000119
16132  -32.585  -74.403  -4.454 0.3000000119
111089  -34.290  -73.782  -4.456 0.3000000119
15357  -32.054  -75.689  -8.264 0.6000000238
16103  -33.103  -74.651  -2.696 0.3000000119
133751  -34.593  -73.998  -2.984 0.3000000119
131865  -34.437  -74.098  -3.428 0.3000000119
16928  -35.678  -73.362  -3.586 0.3000000119
16141  -32.370  -74.109  -5.402 0.3000000119
16140  -31.874  -74.644  -6.018 0.4000000060
16906  -33.323  -74.238  -2.172 0.3000000119
17762  -34.682  -72.730  -2.639 0.3000000119
16909  -35.090  -73.316  -3.017 0.3000000119
9090  -26.965  -83.222  -8.432 0.5000000000
9820  -27.137  -82.381  -8.865 0.5000000000
8312  -25.758  -84.470  -6.459 0.4000000060
8313  -26.722  -84.158  -6.572 0.4000000060
9080  -27.276  -83.576  -7.094 0.4000000060
128342  -28.665  -79.730  -8.551 0.5000000000
11317  -27.668  -80.994  -8.793 0.5000000000
120087  -27.449  -81.884  -8.096 0.5000000000
10553  -27.418  -81.571  -8.671 0.5000000000
12968  -29.712  -78.554  -8.369 0.6000000238
12967  -28.133  -78.532  -8.392 0.5000000000
127743  -27.448  -79.802  -8.328 0.5000000000
112533  -27.908  -82.108  -6.931 0.3000000119
10541  -27.393  -81.103  -7.608 0.4000000060
11305  -27.332  -80.469  -8.143 0.5000000000
13795  -31.700  -77.569  -8.642 0.6000000238
122348  -28.675  -77.850  -8.390 0.6000000238
12115  -27.105  -79.657  -7.783 0.4000000060
14580  -32.031  -76.411  -8.470 0.6000000238
16131  -31.871  -74.755  -4.977 0.3000000119
15341  -31.723  -75.410  -6.592 0.4000000060
121515  -29.777  -76.804  -8.578 0.6000000238
12124  -26.914  -78.882  -8.242 0.4000000060
15323  -31.508  -75.480  -4.552 0.3000000119
16120  -32.873  -74.631  -3.568 0.3000000119
15349  -32.155  -75.732  -7.790 0.5000000000
13794  -28.426  -76.920  -8.495 0.6000000238
121514  -31.248  -76.717  -8.655 0.6000000238
123149  -30.496  -77.579  -8.579 0.6000000238
14556  -31.664  -76.303  -6.896 0.3000000119
12969  -31.081  -78.239  -8.604 0.5000000000
12970  -32.180  -78.347  -8.729 0.5000000000
13780  -32.782  -77.884  -8.344 0.4000000060
13796  -32.438  -77.738  -8.506 0.5000000000
12127  -32.721  -79.109  -8.792 0.5000000000
12126  -31.292  -79.170  -8.608 0.5000000000
12971  -33.017  -78.446  -8.627 0.4000000060
12949  -32.656  -77.997  -7.773 0.4000000060
13779  -32.522  -77.311  -7.999 0.4000000060
14569  -32.308  -77.079  -8.301 0.5000000000
12125  -30.067  -79.639  -8.435 0.5000000000
14568  -32.277  -76.630  -7.866 0.4000000060
132494  -23.956  -86.451  -6.228 0.3000000119
6878  -24.350  -86.552  -5.432 0.3000000119
6895  -24.551  -86.443  -6.804 0.3000000119
6896  -25.517  -86.463  -6.835 0.3000000119
6897  -26.404  -86.500  -6.889 0.4000000060
128589  -24.211  -86.440  -8.071 0.3000000119
6898  -27.381  -86.579  -7.103 0.4000000060
6915  -26.644  -86.569  -8.216 0.4000000060
118357  -25.164  -86.558  -8.188 0.3000000119
6933  -24.359  -86.568  -9.455 0.3000000119
6917  -27.807  -86.366  -8.069 0.4000000060
7581  -27.695  -85.674  -8.757 0.4000000060
6935  -26.167  -86.521  -9.143 0.4000000060
6934  -25.396  -86.583  -9.363 0.4000000060
6946  -24.792  -86.461  -10.057 0.4000000060
6947  -25.630  -86.307  -9.794 0.4000000060
9081  -29.589  -83.629  -6.514 0.3000000119
8334  -28.266  -85.003  -7.944 0.4000000060
8349  -27.307  -84.844  -9.671 0.4000000060
7594  -26.672  -85.164  -9.841 0.4000000060
7593  -25.940  -85.565  -9.973 0.4000000060
9811  -30.311  -82.257  -6.486 0.3000000119
9092  -29.149  -83.431  -7.675 0.4000000060
9103  -28.957  -83.084  -9.045 0.4000000060
9091  -28.450  -84.008  -8.233 0.4000000060
9102  -28.269  -83.506  -9.570 0.4000000060
9831  -28.494  -82.896  -9.660 0.4000000060
8363  -27.592  -83.855  -9.972 0.4000000060
9111  -27.830  -83.157  -9.973 0.4000000060
8362  -26.927  -84.130  -10.102 0.4000000060
8360  -25.536  -84.939  -9.919 0.4000000060
9822  -30.266  -81.966  -8.018 0.4000000060
9821  -29.541  -82.616  -8.444 0.4000000060
9840  -27.978  -82.799  -9.864 0.4000000060
9839  -27.387  -82.879  -9.863 0.4000000060
8348  -26.095  -84.143  -9.687 0.4000000060
9100  -26.625  -83.664  -9.993 0.4000000060
8359  -24.655  -84.967  -10.026 0.4000000060
9833  -29.832  -82.077  -8.964 0.4000000060
9832  -29.173  -82.479  -9.266 0.4000000060
9841  -28.411  -82.356  -9.529 0.4000000060
10578  -27.675  -82.510  -9.633 0.4000000060
9089  -26.415  -83.507  -9.362 0.4000000060
9101  -26.876  -82.979  -9.666 0.4000000060
120797  -30.221  -81.055  -8.743 0.4000000060
11319  -29.069  -80.963  -8.977 0.4000000060
11318  -28.086  -80.643  -8.941 0.4000000060
11321  -32.133  -79.885  -8.653 0.4000000060
122124  -29.802  -80.398  -8.639 0.4000000060
12956  -33.426  -78.565  -8.203 0.3000000119
10568  -27.647  -81.936  -9.234 0.4000000060
11320  -30.937  -80.251  -8.546 0.4000000060
13767  -31.785  -77.277  -7.010 0.3000000119
6916  -27.345  -86.493  -8.159 0.4000000060
6936  -27.204  -86.252  -8.821 0.4000000060
7580  -27.086  -85.721  -9.423 0.4000000060
7579  -26.510  -86.132  -9.488 0.4000000060
9082  -29.946  -82.981  -6.095 0.4000000060
8335  -28.973  -84.474  -7.191 0.4000000060
9799  -30.614  -82.724  -5.571 0.3000000119
8350  -27.998  -84.516  -9.184 0.4000000060
124546  -30.833  -81.612  -6.954 0.3000000119
9810  -29.728  -82.815  -7.052 0.4000000060
10554  -31.183  -81.206  -8.014 0.4000000060
10570  -29.420  -81.833  -9.193 0.4000000060
10569  -28.323  -81.475  -9.259 0.4000000060
11306  -31.400  -80.678  -8.467 0.4000000060
7554  -29.761  -85.763  -7.123 0.3000000119
6881  -28.801  -86.655  -7.000 0.3000000119
128900  -27.606  -86.619  -5.830 0.3000000119
6918  -28.530  -86.449  -7.437 0.3000000119
6899  -28.065  -86.537  -7.531 0.3000000119
125562  -28.717  -85.547  -7.463 0.3000000119
10555  -32.054  -80.716  -8.014 0.3000000119
11307  -32.596  -80.124  -8.367 0.3000000119
11322  -33.028  -79.569  -8.621 0.3000000119
8292  -29.840  -84.474  -6.322 0.3000000119
6877  -23.384  -86.593  -5.698 0.3000000119
6880  -28.214  -86.637  -6.539 0.3000000119
7567  -28.316  -86.154  -7.851 0.3000000119
8290  -26.253  -84.451  -5.635 0.4000000060
8361  -26.329  -84.526  -9.908 0.4000000060
9110  -27.150  -83.359  -10.076 0.4000000060
9809  -27.526  -82.831  -7.595 0.5000000000
9830  -27.265  -82.482  -9.336 0.4000000060
10571  -30.337  -81.407  -8.611 0.4000000060
12047  -27.484  -79.550  -2.742 0.4000000060
12060  -27.499  -79.392  -3.437 0.5000000000
12107  -26.806  -78.986  -6.529 0.6000000238
12128  -33.482  -79.056  -8.490 0.3000000119
12892  -27.457  -78.827  -2.084 0.4000000060
12943  -27.146  -78.723  -5.756 0.6000000238
12965  -26.598  -77.894  -8.053 0.6000000238
12966  -27.000  -78.277  -8.348 0.4000000060
13741  -28.264  -77.370  -3.705 0.5000000000
13749  -27.816  -77.891  -4.569 0.6999999881
13778  -27.189  -76.480  -7.816 0.6000000238
14489  -27.629  -77.218  -2.129 0.5000000000
15279  -27.460  -76.338  -1.829 0.5000000000
15324  -32.094  -74.961  -4.065 0.3000000119
15333  -31.519  -75.414  -5.501 0.3000000119
15350  -32.194  -76.298  -8.241 0.5000000000
16118  -27.891  -74.636  -3.522 0.5000000000
16119  -28.378  -74.687  -4.320 0.5000000000
16130  -28.600  -74.790  -5.214 0.5000000000
16908  -34.498  -73.581  -2.715 0.3000000119
16927  -34.988  -73.763  -3.266 0.3000000119
16929  -36.403  -73.209  -4.121 0.4000000060
16943  -36.917  -73.253  -4.703 0.4000000060
16944  -37.384  -73.184  -5.296 0.4000000060
16953  -28.699  -73.072  -5.433 0.5000000000
16967  -28.425  -73.377  -7.842 0.6000000238
17774  -27.423  -72.577  -3.487 0.5000000000
17807  -38.046  -73.065  -5.892 0.5000000000
17817  -37.679  -72.725  -6.420 0.6000000238
17824  -29.187  -71.944  -7.703 0.6000000238
17826  -32.572  -71.994  -7.409 0.5000000000
17828  -38.036  -72.165  -7.214 0.6000000238
18671  -27.675  -71.883  -3.497 0.5000000000
18715  -39.753  -70.979  -7.480 0.6000000238
18716  -39.917  -70.709  -7.723 0.6000000238
18719  -28.819  -71.398  -7.266 0.5000000000
18720  -29.010  -71.030  -7.432 0.6999999881
18725  -35.714  -71.057  -7.324 0.6000000238
18726  -38.957  -71.825  -7.442 0.6000000238
19569  -35.799  -71.105  -3.595 0.3000000119
19577  -28.475  -70.448  -5.176 0.5000000000
19579  -29.691  -70.132  -4.764 0.5000000000
19580  -37.117  -71.274  -4.753 0.5000000000
19603  -39.976  -70.554  -7.547 0.6000000238
19614  -39.863  -70.640  -8.264 0.6999999881
19617  -31.456  -69.417  -8.183 0.6999999881
20446  -30.775  -70.078  -4.279 0.5000000000
20448  -32.311  -69.478  -5.100 0.6000000238
20464  -32.354  -69.362  -5.912 0.6000000238
20472  -29.677  -68.610  -7.665 0.6000000238
20475  -33.221  -68.591  -6.813 0.6999999881
20480  -29.272  -69.038  -7.445 0.6999999881
20481  -30.010  -68.316  -8.106 0.6000000238
20482  -32.859  -68.969  -7.848 0.6999999881
20484  -35.545  -69.130  -7.711 0.6000000238
20489  -30.641  -68.677  -8.181 0.6999999881
21371  -31.132  -68.898  -2.956 0.4000000060
21373  -32.215  -68.313  -3.928 0.6000000238
21403  -39.730  -69.167  -6.886 0.5000000000
21407  -31.681  -68.520  -7.601 0.6999999881
21409  -33.661  -68.498  -7.230 0.6999999881
21411  -39.904  -69.436  -7.353 0.5000000000
21415  -33.322  -68.703  -7.440 0.6999999881
22305  -34.031  -68.064  -5.197 0.6999999881
22307  -35.429  -67.054  -5.760 0.6999999881
23137  -31.642  -66.891  -3.161 0.4000000060
23138  -31.996  -66.594  -3.754 0.5000000000
23151  -32.466  -66.408  -4.207 0.5000000000
23169  -36.066  -66.684  -6.247 0.6999999881
23178  -41.070  -66.838  -8.066 0.5000000000
23894  -40.152  -65.693  -6.470 0.4000000060
23897  -41.398  -66.278  -7.779 0.5000000000
23900  -39.778  -65.794  -8.116 0.5000000000
23901  -41.125  -66.220  -8.223 0.5000000000
24682  -34.960  -64.780  -4.980 0.6000000238
24683  -35.990  -64.756  -5.553 0.6000000238
24686  -41.111  -64.268  -6.564 0.3000000119
24688  -38.250  -64.527  -6.877 0.5000000000
24692  -42.281  -63.940  -7.960 0.4000000060
24695  -41.862  -64.766  -7.974 0.5000000000
25506  -39.300  -63.825  -5.374 0.3000000119
25513  -42.400  -63.242  -7.621 0.4000000060
25514  -42.343  -63.316  -7.870 0.4000000060
26328  -32.488  -62.489  -5.472 0.6000000238
26340  -42.415  -62.226  -7.546 0.4000000060
26342  -42.276  -62.367  -7.872 0.4000000060
27121  -37.017  -61.227  -2.776 0.4000000060
27135  -38.320  -61.555  -4.176 0.3000000119
27136  -39.156  -61.559  -4.756 0.3000000119
27140  -36.456  -62.196  -5.748 0.5000000000
27144  -32.812  -61.420  -6.103 0.5000000000
27923  -37.582  -60.335  -3.701 0.4000000060
27936  -41.983  -60.424  -6.751 0.3000000119
27942  -38.874  -60.526  -7.145 0.4000000060
27944  -42.209  -60.378  -7.610 0.4000000060
27947  -41.457  -60.332  -7.723 0.4000000060
28752  -36.802  -59.785  -2.772 0.4000000060
28757  -36.970  -59.104  -3.296 0.4000000060
28776  -41.910  -59.714  -7.377 0.4000000060
28780  -41.901  -59.750  -7.370 0.4000000060
29677  -35.713  -58.360  -1.782 0.4000000060
30660  -33.300  -57.582  -6.153 0.3000000119
30669  -40.964  -57.195  -6.906 0.3000000119
31656  -40.903  -56.459  -7.335 0.4000000060
34453  -36.230  -53.037  -7.202 0.4000000060
113436  -28.377  -70.901  -5.547 0.6000000238
113904  -24.707  -84.659  -5.316 0.4000000060
114107  -25.943  -86.625  -8.678 0.3000000119
114317  -28.440  -70.729  -4.124 0.5000000000
114465  -26.791  -86.435  -8.809 0.4000000060
114662  -27.472  -79.076  -8.376 0.5000000000
116372  -31.945  -74.897  -8.167 0.6999999881
117255  -25.963  -86.555  -7.793 0.3000000119
118828  -27.323  -79.062  -4.818 0.5000000000
118854  -35.232  -58.094  -6.422 0.4000000060
120177  -27.389  -78.459  -5.039 0.6000000238
121416  -29.455  -72.718  -8.055 0.6999999881
122243  -32.049  -77.055  -8.524 0.6000000238
122945  -26.810  -79.294  -7.228 0.5000000000
123150  -29.406  -77.561  -8.466 0.6000000238
124669  -34.445  -54.043  -6.258 0.3000000119
124736  -31.965  -62.673  -4.659 0.3000000119
127419  -34.163  -64.245  -4.949 0.6000000238
127784  -28.535  -74.921  -6.222 0.6999999881
127992  -28.958  -72.150  -7.605 0.6000000238
128880  -32.776  -60.716  -6.094 0.5000000000
129204  -33.053  -67.039  -4.351 0.6000000238
129639  -26.665  -78.364  -8.126 0.6000000238
131122  -30.408  -74.885  -8.521 0.6999999881
131523  -27.057  -79.539  -6.447 0.6000000238
131573  -28.212  -76.804  -3.144 0.5000000000
131702  -27.770  -81.377  -3.409 0.4000000060
131794  -37.820  -72.012  -5.304 0.5000000000
131894  -26.843  -78.354  -6.651 0.6000000238
131930  -39.153  -71.418  -7.802 0.6000000238
132022  -41.062  -55.954  -7.277 0.5000000000
132633  -28.714  -86.726  -6.031 0.3000000119
133282  -29.431  -69.002  -8.054 0.6999999881
