#!ascii label  , from subject sub-v1s22x0050481_ses-1 vox2ras=TkReg
762
17508  20.942  -72.957  -11.693 0.6000000238
15578  26.463  -75.458  -5.214 0.6999999881
15607  26.447  -75.478  -6.934 0.6999999881
118863  24.451  -76.460  -9.177 0.8999999762
15641  23.637  -75.036  -10.034 0.8000000119
16550  22.900  -74.404  -10.400 0.8000000119
18383  21.524  -72.049  -11.604 0.6000000238
19333  21.295  -71.212  -11.926 0.6999999881
19346  21.292  -71.401  -12.106 0.6999999881
128712  26.130  -74.679  -4.891 0.6999999881
15565  26.133  -75.143  -3.479 0.6999999881
16511  26.358  -74.742  -6.476 0.6999999881
17467  25.677  -73.366  -7.448 0.6000000238
16527  25.722  -74.329  -7.719 0.6999999881
15625  25.441  -75.143  -8.291 0.6999999881
16538  25.203  -74.344  -8.539 0.8000000119
17483  24.234  -73.677  -9.522 0.8000000119
16540  24.128  -74.505  -9.632 0.8000000119
16549  23.598  -74.107  -10.003 0.8000000119
117633  22.141  -72.918  -10.908 0.6000000238
20278  21.585  -70.442  -11.589 0.6000000238
21166  21.728  -69.996  -11.643 0.6999999881
129089  21.822  -70.215  -12.106 0.6999999881
15572  25.950  -74.368  -4.196 0.5000000000
16475  25.823  -74.455  -3.135 0.6000000238
17456  26.240  -72.897  -6.129 0.4000000060
111848  26.236  -74.070  -5.976 0.6000000238
17457  25.891  -73.106  -6.743 0.5000000000
18356  25.406  -72.763  -8.003 0.6000000238
17481  25.374  -73.564  -8.223 0.8000000119
118859  24.667  -72.892  -9.152 0.6999999881
18372  23.875  -72.750  -9.739 0.6999999881
19306  22.959  -71.280  -10.407 0.6999999881
123330  21.767  -69.816  -11.001 0.5000000000
132929  21.661  -70.091  -11.577 0.6000000238
22891  22.340  -68.510  -11.228 0.6000000238
21177  22.491  -69.630  -11.823 0.6000000238
21164  23.358  -69.452  -11.817 0.5000000000
18313  26.739  -72.440  -4.503 0.5000000000
16483  25.873  -73.861  -3.670 0.6000000238
16465  25.381  -74.506  -2.382 0.6000000238
130143  26.337  -73.168  -4.797 0.5000000000
18346  25.387  -71.956  -7.747 0.5000000000
18357  24.945  -72.147  -8.551 0.6000000238
20238  24.148  -70.432  -8.755 0.6000000238
19305  23.758  -70.900  -9.615 0.6000000238
20251  23.091  -70.330  -10.085 0.5000000000
21134  22.051  -69.075  -10.774 0.5000000000
22031  22.059  -68.672  -10.925 0.6000000238
22884  22.471  -67.631  -11.053 0.6000000238
120221  23.006  -68.096  -11.419 0.5000000000
114402  23.861  -67.832  -11.560 0.5000000000
22881  25.400  -67.878  -11.607 0.5000000000
22040  24.627  -68.347  -11.635 0.5000000000
17415  26.191  -73.185  -3.134 0.5000000000
18288  25.820  -72.917  -2.448 0.5000000000
18327  26.504  -72.701  -5.392 0.5000000000
19271  26.017  -71.600  -6.850 0.4000000060
20211  25.848  -70.826  -6.995 0.3000000119
20224  25.352  -70.628  -7.373 0.3000000119
130229  25.518  -70.202  -7.021 0.3000000119
19290  24.869  -70.933  -7.991 0.5000000000
21119  24.370  -69.803  -8.022 0.5000000000
21120  23.722  -69.509  -8.722 0.5000000000
21132  23.155  -69.533  -9.644 0.5000000000
21133  22.547  -68.775  -9.988 0.5000000000
22018  22.246  -68.415  -10.496 0.6000000238
22871  22.441  -67.202  -10.682 0.6000000238
22883  23.147  -67.285  -11.304 0.5000000000
135745  23.885  -67.109  -11.522 0.5000000000
23728  25.264  -67.043  -11.565 0.5000000000
18287  26.312  -72.538  -2.818 0.5000000000
19230  27.077  -71.764  -3.741 0.5000000000
19249  27.264  -71.591  -4.621 0.5000000000
20195  26.737  -70.280  -5.984 0.4000000060
131910  26.429  -71.021  -6.407 0.5000000000
20210  26.092  -70.214  -6.624 0.4000000060
21099  25.551  -69.549  -6.802 0.3000000119
21108  24.490  -69.189  -7.520 0.3000000119
22003  23.787  -68.293  -8.285 0.4000000060
21121  23.217  -68.852  -9.170 0.5000000000
22017  22.360  -68.040  -9.907 0.4000000060
23731  22.618  -66.695  -10.902 0.5000000000
24528  23.521  -65.484  -11.118 0.5000000000
23730  23.386  -66.419  -11.281 0.5000000000
127475  25.838  -66.678  -11.475 0.5000000000
116507  25.251  -66.232  -11.449 0.4000000060
23729  24.405  -66.585  -11.518 0.5000000000
19212  26.615  -71.786  -2.877 0.5000000000
19229  27.445  -70.972  -3.909 0.5000000000
19248  27.428  -70.877  -4.716 0.5000000000
21082  27.033  -69.556  -5.617 0.4000000060
21098  26.396  -69.411  -6.276 0.4000000060
21977  25.764  -68.731  -6.612 0.3000000119
116024  24.969  -68.940  -7.035 0.3000000119
120141  24.072  -67.422  -8.365 0.4000000060
124903  23.302  -67.085  -9.059 0.4000000060
22004  23.299  -68.280  -8.873 0.4000000060
22851  22.851  -67.693  -9.345 0.4000000060
131411  22.355  -67.438  -9.934 0.5000000000
22861  22.340  -66.889  -10.250 0.5000000000
23718  22.450  -66.103  -10.403 0.6000000238
122387  24.372  -64.975  -11.078 0.4000000060
24527  24.469  -65.764  -11.343 0.5000000000
20152  27.404  -70.150  -3.368 0.4000000060
21962  27.246  -68.780  -5.309 0.4000000060
20172  27.529  -70.220  -4.287 0.4000000060
21963  26.591  -68.490  -6.040 0.4000000060
130815  26.068  -67.370  -6.672 0.4000000060
21992  25.311  -67.973  -6.968 0.4000000060
22841  24.883  -67.300  -7.689 0.4000000060
21993  24.455  -68.340  -7.623 0.4000000060
23703  23.747  -66.401  -8.765 0.4000000060
124564  22.569  -66.891  -9.698 0.5000000000
24510  22.352  -65.234  -10.038 0.5000000000
25347  22.664  -64.247  -10.334 0.6000000238
24529  22.872  -64.861  -10.725 0.5000000000
25346  23.042  -64.009  -10.614 0.4000000060
25345  23.576  -64.560  -10.855 0.4000000060
21055  27.387  -69.225  -3.264 0.4000000060
119277  27.489  -68.112  -4.720 0.4000000060
130895  27.509  -68.843  -3.713 0.4000000060
22814  27.153  -67.877  -5.463 0.4000000060
23681  25.628  -67.001  -7.233 0.4000000060
24500  24.329  -65.539  -8.655 0.4000000060
25319  23.588  -64.696  -8.966 0.4000000060
23704  22.879  -66.205  -9.355 0.4000000060
25327  22.515  -64.525  -9.755 0.5000000000
25334  22.449  -64.408  -10.055 0.4000000060
22801  27.560  -67.498  -4.196 0.4000000060
22813  27.500  -67.398  -4.961 0.4000000060
23669  27.207  -66.935  -5.547 0.4000000060
133709  26.260  -66.701  -6.919 0.4000000060
23690  26.136  -66.224  -7.455 0.4000000060
24488  25.837  -65.638  -8.033 0.4000000060
26144  25.550  -64.274  -8.767 0.5000000000
23701  25.112  -65.850  -8.263 0.4000000060
24501  23.212  -65.464  -9.025 0.4000000060
26154  22.469  -63.619  -9.906 0.4000000060
26163  22.269  -63.204  -10.150 0.4000000060
26176  22.659  -63.424  -10.249 0.5000000000
21915  27.133  -68.816  -2.803 0.4000000060
24476  26.875  -66.033  -6.859 0.4000000060
24487  26.640  -65.429  -7.637 0.4000000060
24498  26.293  -64.720  -8.287 0.3000000119
121517  26.300  -63.796  -8.649 0.3000000119
135439  24.899  -63.932  -9.023 0.3000000119
26145  23.943  -63.922  -9.009 0.3000000119
118521  23.106  -63.934  -9.250 0.3000000119
27051  22.126  -62.234  -9.946 0.4000000060
27967  21.953  -61.662  -9.909 0.4000000060
23655  27.563  -66.562  -4.644 0.3000000119
133776  27.432  -66.343  -5.327 0.3000000119
24475  27.350  -65.514  -6.447 0.3000000119
24486  27.282  -65.207  -7.137 0.3000000119
26135  26.900  -64.026  -8.212 0.3000000119
127728  26.194  -63.088  -8.833 0.3000000119
26136  25.525  -63.494  -8.945 0.4000000060
133242  24.923  -62.013  -9.033 0.4000000060
27026  24.299  -62.471  -9.119 0.3000000119
27033  23.427  -62.206  -9.267 0.3000000119
27034  22.732  -62.090  -9.387 0.3000000119
128524  22.146  -61.677  -9.767 0.4000000060
116377  22.015  -60.949  -9.771 0.4000000060
28925  22.155  -61.025  -10.077 0.4000000060
120544  25.623  -61.969  -8.915 0.4000000060
119278  24.571  -60.811  -8.841 0.4000000060
27943  24.119  -61.618  -9.078 0.4000000060
120863  23.581  -60.928  -8.992 0.3000000119
27949  22.048  -60.948  -9.707 0.4000000060
28902  22.246  -60.236  -9.441 0.4000000060
30788  22.836  -59.263  -9.752 0.4000000060
28906  22.020  -60.491  -9.822 0.4000000060
29909  22.484  -59.600  -9.950 0.4000000060
28894  23.758  -60.150  -8.753 0.4000000060
29877  23.408  -59.447  -8.687 0.5000000000
30754  23.158  -59.162  -8.842 0.4000000060
30774  23.007  -59.028  -9.299 0.4000000060
29908  23.025  -59.582  -10.170 0.3000000119
30773  23.413  -58.311  -9.609 0.3000000119
17507  22.117  -73.822  -10.784 0.6999999881
15626  25.036  -75.827  -8.783 0.8000000119
19321  21.826  -71.170  -11.288 0.6000000238
17494  23.573  -73.430  -9.987 0.6999999881
128844  22.713  -72.545  -10.562 0.6999999881
22041  23.726  -68.649  -11.645 0.6000000238
18337  25.979  -72.388  -6.740 0.4000000060
122982  25.707  -71.986  -7.222 0.4000000060
134946  25.134  -72.992  -8.608 0.6999999881
18358  24.431  -72.186  -9.299 0.6999999881
20268  22.171  -70.408  -10.800 0.6999999881
132309  26.912  -72.017  -5.256 0.5000000000
20250  23.620  -70.148  -9.364 0.5000000000
118836  22.724  -65.760  -10.805 0.5000000000
24517  22.531  -65.096  -10.370 0.6000000238
23691  25.354  -66.427  -7.815 0.3000000119
125549  22.691  -63.983  -9.581 0.4000000060
23641  27.491  -66.910  -3.601 0.4000000060
26146  23.471  -63.060  -9.288 0.3000000119
27948  22.779  -61.474  -9.290 0.3000000119
28901  22.843  -60.610  -9.030 0.3000000119
30787  23.199  -58.969  -9.860 0.3000000119
11097  23.299  -80.661  -6.721 0.6000000238
10370  23.444  -80.862  -6.633 0.6000000238
11890  25.928  -79.742  -7.543 0.6000000238
11907  25.457  -79.473  -8.533 0.6000000238
9606  24.284  -82.833  -4.520 0.5000000000
10342  23.670  -81.564  -5.309 0.6000000238
11870  23.251  -80.478  -6.661 0.6999999881
10354  23.964  -81.415  -5.887 0.6000000238
11114  22.855  -80.244  -8.250 0.6000000238
11130  23.027  -80.455  -8.520 0.6000000238
11129  23.584  -80.457  -8.716 0.6000000238
11908  24.493  -79.933  -8.868 0.6000000238
11940  23.503  -79.625  -10.486 0.6000000238
11953  24.233  -79.143  -11.381 0.6999999881
9607  23.507  -82.034  -4.567 0.6000000238
11855  23.296  -80.358  -5.960 0.6999999881
128479  23.372  -81.213  -5.323 0.6999999881
11082  23.197  -80.877  -6.125 0.6999999881
114926  23.183  -79.396  -7.982 0.6999999881
11909  22.801  -80.038  -8.048 0.6999999881
11927  22.221  -80.083  -9.336 0.5000000000
11941  22.436  -79.950  -10.308 0.6000000238
11956  21.437  -79.526  -12.026 0.6000000238
11954  22.916  -79.562  -11.511 0.6999999881
11980  20.895  -78.732  -13.359 0.6999999881
11978  22.678  -79.186  -13.669 0.6999999881
12853  22.066  -78.604  -13.754 0.6999999881
129526  28.160  -74.416  -13.834 0.4000000060
14708  27.356  -76.230  -11.374 0.5000000000
14719  25.840  -76.653  -11.354 0.6000000238
13790  24.350  -77.438  -12.964 0.6000000238
14739  23.736  -77.215  -12.643 0.6999999881
9577  22.278  -82.657  -2.618 0.5000000000
10314  22.967  -81.834  -3.415 0.5000000000
135580  23.656  -80.509  -4.720 0.6000000238
9591  22.720  -82.480  -3.188 0.5000000000
127843  23.818  -79.613  -5.703 0.6999999881
127704  23.337  -81.062  -4.632 0.5000000000
10331  23.346  -81.618  -4.256 0.6000000238
12756  24.118  -78.987  -6.816 0.6999999881
11854  23.538  -79.702  -6.368 0.6999999881
12796  23.628  -78.425  -8.385 0.6999999881
12813  22.227  -79.830  -9.179 0.6999999881
11942  22.060  -79.858  -10.192 0.6000000238
12839  20.797  -79.123  -12.297 0.6000000238
12846  20.273  -78.661  -12.988 0.6999999881
13792  21.568  -77.841  -13.710 0.6999999881
13782  22.688  -77.272  -13.099 0.6999999881
14729  24.432  -77.045  -12.026 0.6000000238
14730  23.629  -76.611  -12.263 0.6000000238
11025  23.501  -80.321  -1.625 0.5000000000
127955  21.562  -82.419  -1.528 0.4000000060
11045  24.168  -80.403  -2.970 0.5000000000
11047  23.027  -81.005  -1.806 0.5000000000
11061  23.387  -81.191  -3.540 0.5000000000
11845  25.286  -79.272  -3.918 0.6000000238
11846  24.408  -79.913  -4.305 0.6000000238
13704  25.575  -77.160  -7.651 0.6999999881
12755  25.070  -78.371  -6.409 0.6000000238
13705  24.872  -78.143  -7.261 0.6999999881
12775  23.880  -78.730  -7.612 0.6999999881
12797  22.661  -79.415  -8.651 0.6999999881
12829  21.922  -79.588  -10.101 0.6999999881
129914  20.740  -78.974  -11.914 0.6999999881
12855  19.519  -77.951  -13.139 0.6999999881
128266  19.417  -77.638  -13.201 0.8000000119
14731  22.678  -76.373  -12.732 0.6999999881
15659  26.435  -75.353  -10.440 0.5000000000
15675  24.780  -75.678  -11.305 0.6000000238
135173  23.257  -75.948  -12.364 0.6000000238
11026  22.891  -80.497  -1.076 0.4000000060
11824  25.329  -79.094  -2.986 0.6000000238
11825  24.595  -79.641  -2.605 0.6000000238
13667  26.160  -78.104  -4.804 0.6000000238
13679  26.279  -77.709  -5.395 0.6000000238
14636  26.244  -76.955  -6.955 0.6000000238
14675  25.021  -76.863  -8.526 0.6999999881
13721  24.591  -77.777  -8.079 0.6999999881
14692  23.756  -77.066  -9.508 0.6999999881
13739  23.279  -78.113  -9.139 0.6999999881
14693  23.224  -76.583  -10.069 0.8000000119
14709  22.456  -77.051  -10.538 0.8000000119
13762  21.548  -77.583  -11.218 0.6000000238
13774  19.363  -77.782  -12.953 0.6000000238
15695  20.996  -75.495  -13.682 0.8000000119
15685  21.876  -75.736  -13.190 0.6999999881
134927  27.503  -74.441  -10.071 0.5000000000
15674  25.626  -76.018  -10.812 0.6000000238
15676  23.755  -75.405  -11.979 0.6999999881
16560  26.982  -74.396  -9.987 0.6000000238
12682  24.284  -78.436  -1.682 0.5000000000
125468  22.951  -78.997  -0.859 0.4000000060
12668  22.061  -78.964  -0.601 0.4000000060
121601  25.637  -78.281  -2.859 0.5000000000
11810  24.271  -79.344  -1.854 0.5000000000
119630  26.506  -77.406  -4.504 0.6000000238
114206  26.645  -77.049  -5.303 0.6000000238
14635  26.541  -76.321  -6.578 0.6000000238
14674  25.628  -76.114  -8.111 0.6999999881
14676  24.206  -77.444  -8.841 0.8000000119
135341  23.294  -75.755  -10.188 0.8000000119
15660  22.136  -75.409  -10.813 0.6000000238
130656  20.612  -75.835  -11.787 0.6000000238
14732  19.496  -76.466  -13.100 0.6999999881
130382  20.905  -74.769  -13.559 0.6999999881
17521  23.706  -73.211  -12.303 0.6999999881
121234  25.370  -74.943  -10.829 0.6000000238
17519  25.035  -73.033  -11.245 0.6000000238
18393  25.346  -72.282  -10.971 0.6000000238
17505  26.577  -73.557  -10.081 0.6000000238
17506  25.720  -73.268  -10.615 0.6000000238
14610  26.196  -76.074  -2.962 0.5000000000
13618  24.709  -77.586  -1.857 0.5000000000
12683  23.328  -78.240  -1.235 0.5000000000
12684  22.415  -78.159  -0.886 0.5000000000
15564  26.458  -75.909  -3.779 0.5000000000
13639  26.218  -77.063  -2.930 0.5000000000
14624  26.638  -76.321  -5.676 0.6000000238
15642  22.835  -75.202  -10.458 0.6999999881
16563  21.169  -73.960  -11.379 0.6000000238
16580  20.131  -74.463  -12.475 0.6000000238
17535  20.279  -73.881  -12.551 0.6000000238
17543  21.154  -73.915  -13.289 0.6999999881
17533  21.788  -73.035  -12.791 0.6000000238
17532  22.869  -73.059  -12.602 0.6000000238
18394  24.615  -72.492  -11.624 0.6999999881
119240  27.777  -73.271  -9.643 0.5000000000
19320  26.043  -71.518  -10.424 0.4000000060
129064  25.583  -75.836  -2.339 0.5000000000
14600  24.972  -76.124  -1.800 0.5000000000
118304  24.176  -76.136  -1.403 0.5000000000
14588  22.307  -76.700  -0.847 0.5000000000
14589  21.414  -76.392  -0.712 0.5000000000
130708  20.027  -76.671  -0.997 0.5000000000
18396  21.069  -72.236  -11.947 0.6000000238
18418  21.172  -72.542  -12.487 0.6000000238
19344  23.006  -71.584  -12.466 0.4000000060
19332  24.046  -71.844  -12.059 0.5000000000
113358  25.159  -70.547  -11.355 0.4000000060
20266  26.333  -70.633  -10.505 0.4000000060
19330  25.263  -71.340  -11.175 0.5000000000
15558  25.189  -75.236  -2.013 0.5000000000
15544  23.606  -75.772  -1.086 0.5000000000
15530  22.916  -75.281  -0.692 0.5000000000
15545  22.088  -75.898  -0.687 0.5000000000
15546  21.016  -75.576  -0.679 0.5000000000
132132  20.108  -75.602  -1.062 0.4000000060
123422  19.576  -75.202  -1.647 0.5000000000
15559  19.192  -75.159  -2.513 0.4000000060
15573  19.131  -75.669  -4.265 0.4000000060
14617  19.161  -76.304  -4.997 0.4000000060
20286  22.361  -70.772  -12.443 0.6000000238
20277  23.711  -70.004  -11.928 0.4000000060
21162  25.330  -69.687  -11.461 0.4000000060
20275  25.847  -70.174  -11.082 0.4000000060
16466  24.815  -74.515  -1.738 0.5000000000
16455  24.087  -74.456  -1.251 0.4000000060
16448  23.360  -74.472  -0.804 0.4000000060
15531  21.900  -75.048  -0.521 0.5000000000
16451  20.587  -74.024  -0.802 0.4000000060
16456  19.793  -74.283  -1.469 0.4000000060
132131  19.524  -73.709  -1.849 0.5000000000
16457  19.394  -74.396  -2.106 0.5000000000
17425  19.263  -73.634  -3.198 0.3000000119
16476  19.384  -74.130  -4.005 0.3000000119
129246  19.639  -74.266  -4.976 0.3000000119
21163  24.415  -69.325  -11.676 0.4000000060
17406  24.513  -73.663  -1.521 0.5000000000
17407  23.659  -73.706  -1.018 0.5000000000
17397  23.016  -73.848  -0.630 0.4000000060
19213  26.016  -72.149  -2.312 0.4000000060
18281  24.697  -72.874  -1.578 0.4000000060
18282  23.903  -72.816  -1.169 0.4000000060
18275  22.555  -72.256  -0.709 0.4000000060
132265  25.563  -71.686  -1.950 0.4000000060
19202  24.896  -71.570  -1.618 0.4000000060
19203  23.739  -71.919  -1.110 0.4000000060
20114  25.441  -70.879  -1.839 0.4000000060
118675  23.614  -71.096  -1.128 0.4000000060
123943  22.826  -70.764  -0.931 0.4000000060
19192  22.114  -71.407  -0.689 0.4000000060
128200  24.203  -71.497  -1.331 0.4000000060
20132  26.939  -70.384  -2.726 0.3000000119
20116  23.467  -70.137  -1.336 0.4000000060
20117  22.015  -70.506  -0.863 0.4000000060
21040  26.471  -69.778  -2.382 0.4000000060
20118  21.202  -70.239  -0.898 0.4000000060
21024  20.602  -69.854  -1.239 0.4000000060
120792  26.706  -69.121  -2.475 0.3000000119
21917  26.008  -69.045  -2.019 0.4000000060
21020  25.097  -69.405  -1.726 0.4000000060
130556  23.636  -69.405  -1.558 0.4000000060
21021  22.955  -69.406  -1.471 0.4000000060
21022  22.173  -69.372  -1.345 0.4000000060
121637  22.556  -68.805  -1.510 0.3000000119
17509  20.376  -73.797  -11.968 0.6000000238
14609  26.495  -76.736  -3.676 0.5000000000
19355  21.361  -71.564  -12.250 0.6000000238
20276  24.433  -70.242  -11.698 0.4000000060
11112  25.277  -80.448  -6.973 0.6000000238
11965  22.806  -79.486  -12.770 0.6999999881
128606  20.871  -78.264  -13.600 0.6999999881
15672  27.841  -75.965  -11.943 0.5000000000
15657  27.770  -75.690  -11.084 0.5000000000
14728  26.108  -76.999  -12.288 0.5000000000
15658  27.074  -76.043  -10.670 0.4000000060
14720  25.042  -76.570  -11.442 0.6000000238
10296  22.988  -81.440  -2.711 0.5000000000
13761  22.058  -78.377  -10.401 0.6999999881
16578  24.523  -74.514  -11.501 0.6000000238
12745  25.469  -78.421  -5.447 0.6000000238
12830  21.306  -78.891  -11.184 0.6999999881
13794  19.425  -77.037  -13.232 0.8000000119
15684  22.766  -75.457  -12.661 0.6999999881
11793  22.557  -79.779  -0.692 0.4000000060
14710  21.712  -76.236  -11.132 0.6000000238
14722  19.748  -76.215  -12.709 0.6000000238
123631  22.309  -73.784  -12.890 0.6999999881
16587  22.987  -74.509  -12.605 0.6999999881
16548  27.643  -73.981  -9.851 0.5000000000
17491  28.945  -73.301  -9.796 0.5000000000
16579  23.804  -74.076  -12.141 0.6999999881
16577  25.147  -73.857  -11.069 0.6000000238
127917  21.154  -75.042  -11.375 0.6999999881
15677  19.751  -75.282  -12.874 0.6999999881
16598  20.410  -74.545  -13.266 0.6999999881
18395  24.071  -72.665  -12.074 0.6000000238
19304  26.892  -72.020  -9.710 0.6000000238
132279  25.075  -76.929  -1.956 0.5000000000
14586  24.361  -76.821  -1.596 0.5000000000
13620  22.835  -77.428  -1.099 0.4000000060
17522  20.538  -73.003  -12.129 0.6000000238
18408  22.471  -72.256  -12.552 0.6000000238
119597  18.844  -76.368  -4.020 0.3000000119
19343  23.578  -70.798  -12.159 0.5000000000
21161  26.158  -69.508  -11.305 0.4000000060
15532  21.053  -74.764  -0.590 0.5000000000
16467  19.226  -74.326  -2.908 0.4000000060
119492  19.514  -75.503  -5.336 0.4000000060
21041  25.697  -69.976  -2.003 0.4000000060
116236  25.000  -70.166  -1.697 0.4000000060
9027  37.598  -83.784  -16.403 0.3000000119
9732  37.171  -83.330  -17.542 0.3000000119
11170  29.386  -80.150  -14.105 0.4000000060
11183  29.664  -79.990  -16.322 0.4000000060
10435  30.738  -81.072  -15.510 0.4000000060
10439  30.891  -81.071  -16.287 0.4000000060
12000  27.915  -79.139  -15.179 0.4000000060
118590  29.141  -79.975  -13.504 0.4000000060
11973  27.826  -79.526  -14.073 0.4000000060
126088  27.765  -79.571  -13.008 0.5000000000
11949  28.574  -79.463  -11.443 0.5000000000
11950  27.819  -79.450  -12.017 0.5000000000
12889  28.840  -78.899  -15.981 0.4000000060
11999  28.679  -79.293  -15.672 0.5000000000
11178  28.689  -79.762  -14.346 0.5000000000
11936  28.676  -79.208  -10.429 0.5000000000
11998  29.248  -79.398  -16.203 0.5000000000
11184  29.117  -79.858  -15.829 0.5000000000
12005  30.018  -79.347  -16.638 0.5000000000
11182  30.239  -80.595  -16.105 0.4000000060
11188  30.449  -80.111  -16.689 0.4000000060
10438  31.488  -81.412  -16.684 0.4000000060
10444  31.668  -81.161  -17.148 0.4000000060
9741  32.578  -81.709  -17.367 0.3000000119
116770  34.199  -82.454  -17.694 0.4000000060
14757  27.498  -76.857  -15.131 0.4000000060
12864  26.435  -77.912  -15.145 0.4000000060
13800  25.897  -77.444  -14.973 0.4000000060
13813  28.159  -77.586  -15.473 0.4000000060
12878  28.078  -78.589  -15.465 0.4000000060
13814  27.232  -77.876  -15.293 0.4000000060
11989  27.185  -79.204  -14.737 0.4000000060
11974  26.934  -79.419  -13.808 0.5000000000
14756  28.373  -76.555  -15.409 0.4000000060
117442  28.613  -79.609  -15.254 0.4000000060
11990  25.951  -78.957  -14.597 0.5000000000
11975  26.036  -79.331  -13.508 0.5000000000
135613  27.257  -79.213  -11.655 0.5000000000
11951  26.482  -79.021  -11.597 0.6000000238
11952  25.430  -78.874  -11.236 0.6000000238
11938  26.832  -78.640  -9.967 0.6000000238
12852  23.076  -78.826  -14.135 0.6000000238
11977  23.637  -79.326  -13.593 0.6000000238
124062  25.741  -78.714  -10.116 0.5000000000
11193  31.134  -79.773  -17.082 0.4000000060
11939  24.671  -79.103  -10.370 0.5000000000
10443  32.212  -81.150  -17.373 0.4000000060
10442  32.989  -81.212  -17.521 0.4000000060
9740  33.214  -82.049  -17.540 0.4000000060
14748  26.244  -76.798  -14.688 0.4000000060
14738  26.012  -76.754  -14.074 0.5000000000
13801  24.954  -77.813  -14.698 0.5000000000
12866  24.481  -78.399  -14.627 0.5000000000
127603  25.327  -79.333  -13.194 0.5000000000
13802  24.115  -77.973  -14.271 0.5000000000
114708  24.555  -79.354  -13.402 0.6000000238
13791  23.330  -77.747  -13.599 0.6000000238
12867  23.778  -78.604  -14.367 0.6000000238
8321  37.656  -84.687  -16.670 0.3000000119
10431  37.186  -81.691  -15.501 0.3000000119
130227  35.624  -80.460  -16.802 0.3000000119
15701  27.950  -75.013  -14.872 0.4000000060
15702  27.339  -75.539  -14.670 0.4000000060
15693  27.161  -75.639  -14.137 0.4000000060
14737  26.759  -76.361  -13.342 0.4000000060
13789  25.044  -77.523  -14.176 0.5000000000
14727  27.111  -76.455  -12.136 0.4000000060
13781  25.237  -77.325  -12.888 0.5000000000
11964  23.841  -79.348  -12.539 0.6000000238
115262  26.702  -76.175  -14.162 0.4000000060
11937  27.762  -78.914  -10.295 0.5000000000
129132  34.964  -80.218  -17.088 0.3000000119
14747  26.936  -76.252  -14.786 0.4000000060
135830  25.401  -77.757  -14.908 0.5000000000
11991  24.837  -78.878  -14.506 0.5000000000
11992  24.191  -78.868  -14.386 0.6000000238
26147  22.629  -63.150  -9.699 0.3000000119
8871  24.402  -83.683  -4.443 0.5000000000
9565  22.104  -82.104  -1.952 0.5000000000
9566  21.116  -82.901  -1.629 0.4000000060
9619  24.165  -82.229  -4.881 0.5000000000
10274  21.612  -81.411  -0.729 0.4000000060
10297  22.599  -81.597  -2.109 0.5000000000
10315  22.543  -81.980  -2.747 0.5000000000
10355  23.251  -81.075  -6.060 0.6000000238
10437  32.045  -81.658  -17.113 0.4000000060
11012  22.123  -80.615  -0.659 0.4000000060
11046  23.538  -80.782  -2.452 0.5000000000
11060  23.970  -80.522  -3.889 0.5000000000
11073  23.289  -80.780  -5.443 0.6999999881
11128  24.511  -80.286  -8.030 0.6000000238
11140  22.955  -80.490  -9.120 0.6000000238
11141  22.580  -80.307  -8.900 0.5000000000
11152  22.464  -80.188  -9.475 0.6000000238
11177  29.285  -80.153  -15.081 0.5000000000
11187  31.103  -80.721  -16.880 0.4000000060
11811  23.808  -79.718  -1.556 0.5000000000
11812  23.285  -79.732  -1.098 0.4000000060
11826  24.094  -80.107  -2.140 0.5000000000
11836  24.678  -79.799  -3.432 0.5000000000
11847  23.748  -80.041  -5.198 0.6999999881
11869  23.240  -79.802  -7.239 0.6999999881
11910  22.442  -80.103  -8.721 0.6999999881
11924  25.120  -79.236  -9.454 0.5000000000
11925  23.819  -80.000  -9.520 0.6000000238
11926  22.912  -80.240  -9.702 0.6000000238
11943  21.451  -79.494  -11.277 0.6999999881
11955  22.080  -79.660  -12.041 0.6999999881
11962  26.901  -79.353  -12.559 0.5000000000
11963  24.894  -79.193  -12.334 0.6000000238
11966  21.910  -79.445  -12.810 0.6999999881
11967  21.068  -79.211  -12.854 0.6999999881
11976  25.145  -79.298  -14.057 0.5000000000
11979  21.687  -79.111  -13.368 0.6999999881
11988  28.006  -79.423  -14.819 0.4000000060
11993  23.621  -79.045  -14.170 0.6000000238
12698  25.110  -78.340  -2.295 0.5000000000
12718  26.219  -78.069  -4.197 0.6000000238
12719  25.850  -78.416  -3.589 0.6000000238
12734  25.684  -78.610  -4.495 0.6000000238
12735  24.627  -79.223  -5.015 0.6000000238
12746  24.355  -79.028  -5.955 0.6999999881
12831  20.134  -78.436  -12.685 0.6999999881
12854  20.018  -78.175  -13.267 0.6999999881
12865  25.182  -78.346  -14.860 0.5000000000
12879  26.894  -78.625  -15.083 0.4000000060
13619  23.812  -77.512  -1.432 0.5000000000
13640  25.994  -77.787  -3.052 0.5000000000
13641  25.535  -77.518  -2.441 0.5000000000
13660  26.300  -77.590  -3.625 0.5000000000
13678  26.445  -77.182  -6.153 0.6000000238
13691  25.708  -77.630  -6.773 0.6999999881
13740  22.905  -77.666  -9.867 0.8000000119
13763  20.408  -78.070  -12.119 0.6999999881
13783  19.333  -77.390  -13.143 0.8000000119
13793  20.233  -77.498  -13.509 0.8000000119
13824  28.810  -78.189  -15.828 0.4000000060
14587  23.421  -76.651  -1.199 0.5000000000
14590  20.484  -76.216  -0.862 0.5000000000
14599  25.639  -76.592  -2.376 0.5000000000
14616  26.590  -76.314  -4.627 0.5000000000
14651  26.214  -76.255  -7.367 0.6000000238
14711  20.618  -76.847  -11.843 0.6000000238
14718  26.685  -76.510  -11.350 0.4000000060
14721  24.352  -76.385  -11.700 0.6000000238
14740  21.406  -76.711  -13.498 0.6999999881
14741  20.180  -76.358  -13.485 0.8000000119
14742  19.683  -76.139  -13.187 0.8000000119
14749  25.593  -77.344  -14.660 0.5000000000
14758  26.622  -77.148  -14.994 0.4000000060
15543  24.390  -75.324  -1.448 0.5000000000
15547  20.260  -74.906  -1.003 0.5000000000
15557  25.746  -75.193  -2.696 0.5000000000
15566  19.185  -75.026  -3.556 0.4000000060
15571  26.341  -75.291  -4.356 0.5000000000
15592  26.510  -75.503  -6.104 0.6000000238
15608  26.010  -75.327  -7.617 0.6999999881
15627  24.422  -75.326  -9.375 0.8999999762
15661  20.156  -75.094  -12.265 0.6000000238
15673  26.356  -76.207  -10.755 0.5000000000
15686  19.800  -75.231  -13.060 0.6999999881
15694  26.823  -76.193  -14.515 0.4000000060
15696  20.307  -75.385  -13.403 0.6999999881
15710  27.701  -75.822  -15.000 0.4000000060
16449  22.557  -74.425  -0.536 0.5000000000
16494  25.938  -74.146  -5.089 0.6999999881
16512  26.136  -73.944  -6.830 0.5000000000
16526  26.250  -74.755  -7.141 0.6999999881
16539  24.660  -74.416  -9.155 0.8000000119
16547  28.059  -74.355  -10.167 0.5000000000
16559  27.429  -75.065  -10.393 0.5000000000
16561  26.056  -74.248  -10.448 0.6000000238
16562  22.067  -74.631  -10.812 0.6999999881
16564  20.390  -74.354  -11.909 0.6000000238
16588  21.754  -74.712  -13.279 0.8000000119
16589  19.972  -74.646  -12.785 0.6999999881
16597  27.706  -74.937  -14.410 0.4000000060
16599  20.097  -74.398  -12.944 0.6999999881
17399  21.429  -73.433  -0.563 0.4000000060
17405  25.233  -73.286  -1.960 0.5000000000
17408  19.881  -73.446  -1.315 0.4000000060
17416  25.621  -73.765  -2.671 0.6000000238
17417  25.124  -73.952  -2.029 0.5000000000
17418  19.326  -73.631  -2.453 0.3000000119
17447  26.207  -73.506  -5.461 0.4000000060
17482  24.928  -73.642  -8.906 0.6999999881
17492  28.310  -73.610  -9.808 0.5000000000
17493  27.234  -73.671  -9.806 0.5000000000
17495  22.926  -73.613  -10.368 0.8000000119
17520  24.412  -73.376  -11.737 0.6000000238
17534  20.686  -73.157  -12.499 0.6000000238
17544  20.516  -73.817  -13.012 0.6000000238
18280  25.279  -72.400  -1.851 0.4000000060
18299  26.555  -72.493  -3.513 0.5000000000
18336  26.489  -71.994  -6.083 0.5000000000
18345  25.654  -72.600  -7.299 0.5000000000
18369  28.537  -72.765  -9.543 0.5000000000
18370  27.725  -72.449  -9.504 0.5000000000
18381  26.260  -72.606  -10.234 0.6000000238
18382  22.396  -72.038  -10.851 0.6000000238
18407  23.432  -72.443  -12.393 0.6000000238
18409  21.025  -72.311  -12.125 0.6000000238
18417  21.943  -72.149  -12.516 0.6000000238
19201  26.123  -71.362  -2.241 0.4000000060
19204  23.035  -71.620  -0.856 0.4000000060
19282  25.534  -71.323  -7.383 0.4000000060
19291  24.398  -71.390  -9.026 0.6000000238
19331  24.542  -71.093  -11.683 0.5000000000
19345  21.963  -71.437  -12.545 0.6000000238
20115  24.404  -70.728  -1.463 0.4000000060
20133  26.248  -70.578  -2.284 0.4000000060
20153  27.162  -71.046  -3.147 0.5000000000
20194  27.329  -70.285  -5.209 0.4000000060
20252  22.452  -69.630  -10.417 0.5000000000
20267  25.673  -70.815  -10.855 0.5000000000
20287  21.518  -70.858  -12.261 0.6000000238
20288  21.432  -70.612  -12.021 0.6999999881
20296  21.351  -71.013  -12.170 0.6999999881
21023  21.351  -69.503  -1.256 0.4000000060
21039  27.111  -69.587  -2.800 0.4000000060
21069  27.552  -69.460  -3.931 0.4000000060
21081  27.453  -69.517  -4.807 0.4000000060
21150  21.882  -69.537  -11.221 0.6000000238
21165  22.820  -68.900  -11.591 0.5000000000
21176  22.835  -70.121  -12.159 0.5000000000
21916  26.645  -68.445  -2.350 0.3000000119
21949  27.510  -68.823  -4.394 0.4000000060
22005  22.819  -68.312  -9.438 0.4000000060
22042  22.016  -69.204  -11.223 0.6000000238
22047  22.291  -69.225  -11.471 0.6000000238
22788  27.433  -67.727  -3.362 0.4000000060
22828  26.604  -67.570  -6.090 0.4000000060
22829  26.047  -68.030  -6.488 0.4000000060
22850  23.452  -67.775  -8.739 0.4000000060
22872  22.285  -67.792  -10.516 0.6000000238
22882  24.601  -67.474  -11.609 0.5000000000
22885  22.224  -68.171  -10.923 0.6000000238
23679  27.262  -66.105  -5.904 0.4000000060
23680  26.677  -66.788  -6.304 0.4000000060
23702  24.612  -66.520  -8.282 0.4000000060
23712  22.320  -66.064  -9.954 0.5000000000
24499  25.343  -65.106  -8.489 0.5000000000
24502  22.570  -65.325  -9.587 0.5000000000
24525  26.100  -65.987  -11.468 0.5000000000
25310  27.106  -64.633  -7.720 0.3000000119
25318  24.646  -64.594  -8.835 0.3000000119
25320  22.824  -64.640  -9.269 0.4000000060
26137  24.563  -63.252  -9.055 0.3000000119
27025  25.391  -62.648  -8.985 0.4000000060
27041  22.187  -62.248  -9.926 0.3000000119
27942  25.183  -61.424  -8.884 0.4000000060
27955  21.998  -61.559  -9.903 0.4000000060
28895  22.814  -59.877  -8.873 0.3000000119
28917  22.135  -60.231  -10.028 0.4000000060
29878  22.962  -59.526  -8.852 0.4000000060
29885  22.649  -59.649  -9.151 0.4000000060
29894  22.320  -59.895  -9.713 0.4000000060
31655  23.885  -57.415  -9.756 0.3000000119
111752  27.100  -78.929  -10.922 0.5000000000
112282  25.861  -79.165  -12.400 0.5000000000
112605  23.816  -76.015  -9.718 0.8000000119
112666  25.950  -73.801  -4.566 0.5000000000
112847  26.271  -78.782  -10.725 0.6000000238
112875  26.290  -73.193  -4.003 0.5000000000
113610  23.148  -80.358  -7.432 0.6999999881
113980  22.898  -76.094  -0.849 0.5000000000
114109  22.569  -69.986  -1.208 0.4000000060
114310  21.887  -79.746  -11.159 0.6000000238
114904  23.242  -80.410  -7.584 0.6000000238
115111  23.843  -71.795  -9.765 0.6999999881
115408  26.674  -71.046  -2.641 0.3000000119
115473  23.953  -69.001  -7.964 0.4000000060
115514  25.809  -77.875  -6.051 0.6000000238
115938  27.597  -64.868  -6.468 0.3000000119
117551  23.181  -78.375  -14.041 0.6000000238
117724  20.910  -76.907  -0.723 0.5000000000
117873  23.700  -75.068  -1.025 0.4000000060
118229  24.314  -69.784  -1.589 0.4000000060
118425  27.550  -68.249  -3.903 0.4000000060
119002  27.876  -79.190  -11.144 0.5000000000
119806  23.744  -63.786  -10.722 0.4000000060
120622  23.107  -72.927  -10.307 0.6999999881
121200  23.218  -72.230  -10.305 0.6999999881
122153  23.753  -58.019  -10.076 0.3000000119
122598  29.592  -80.273  -15.811 0.5000000000
122635  22.350  -78.945  -9.482 0.6999999881
122870  19.257  -77.137  -13.096 0.6000000238
123070  25.171  -77.174  -12.013 0.6000000238
123133  19.686  -77.243  -12.659 0.6000000238
123327  23.589  -68.792  -8.519 0.4000000060
123644  26.296  -74.722  -5.631 0.6999999881
124118  22.683  -76.020  -10.527 0.6000000238
124465  23.693  -79.077  -1.314 0.4000000060
124570  24.933  -75.002  -8.823 0.8000000119
124612  27.393  -68.484  -3.253 0.4000000060
124835  22.313  -62.800  -9.981 0.4000000060
124904  24.778  -78.987  -2.236 0.5000000000
125437  27.051  -71.179  -5.516 0.4000000060
125453  24.320  -79.211  -14.139 0.6000000238
125504  24.969  -69.864  -7.352 0.3000000119
126006  24.460  -72.183  -1.436 0.4000000060
126927  19.450  -74.893  -4.622 0.4000000060
126967  25.883  -78.208  -15.006 0.4000000060
129704  22.563  -78.087  -13.785 0.6999999881
130539  23.209  -73.717  -12.537 0.6999999881
131035  22.499  -63.699  -10.062 0.4000000060
131130  21.884  -69.896  -1.121 0.4000000060
131237  23.914  -66.048  -11.399 0.5000000000
131448  24.768  -71.813  -11.521 0.6000000238
132512  30.592  -79.577  -16.829 0.4000000060
132711  21.126  -73.250  -12.967 0.6000000238
133476  30.653  -80.654  -16.511 0.4000000060
133774  20.612  -70.330  -1.062 0.4000000060
134152  22.041  -69.778  -11.733 0.6999999881
134573  21.570  -73.407  -11.202 0.6999999881
134594  26.810  -69.058  -5.835 0.4000000060
135281  21.627  -76.860  -0.740 0.5000000000
135411  24.262  -64.284  -10.862 0.4000000060
135800  26.187  -73.490  -6.221 0.6000000238
