#!ascii label  , from subject sub-v1s22x0050481_ses-1 vox2ras=TkReg
662
134210  20.025  -29.840  -5.317 0.1428571492
55322  19.202  -31.021  -5.082 0.1428571492
57240  19.019  -29.251  -6.416 0.1428571492
56218  21.015  -30.533  -4.556 0.1428571492
122966  20.384  -29.091  -5.546 0.2857142985
56233  19.374  -30.271  -5.441 0.1428571492
57225  21.275  -29.093  -5.080 0.1428571492
59149  20.429  -27.620  -6.603 0.5714285970
124779  21.850  -28.444  -5.218 0.1428571492
121955  22.800  -27.062  -5.625 0.2857142985
126979  24.295  -26.419  -5.607 0.1428571492
60065  23.314  -26.426  -5.695 0.2857142985
62600  24.876  -23.651  -6.605 0.2857142985
62601  24.043  -23.772  -6.768 0.1428571492
61723  23.685  -24.463  -6.541 0.2857142985
64356  25.309  -21.158  -7.363 0.2857142985
125421  26.004  -22.833  -6.562 0.2857142985
65279  25.189  -19.849  -7.910 0.2857142985
65266  24.777  -20.679  -7.917 0.2857142985
66964  25.520  -18.624  -8.416 0.2857142985
68589  25.295  -16.032  -10.428 0.8571428657
67776  25.304  -17.366  -9.477 0.4285714328
66168  25.540  -19.239  -7.974 0.2857142985
70269  25.813  -14.667  -10.691 0.7142857313
69425  25.835  -15.390  -10.067 0.7142857313
68572  24.708  -16.828  -10.289 0.7142857313
120747  26.336  -13.099  -10.581 0.8571428657
71147  25.892  -13.824  -11.012 0.5714285970
132768  25.462  -14.325  -11.400 0.8571428657
69444  25.442  -15.344  -10.861 0.7142857313
69445  24.771  -15.603  -11.475 0.7142857313
72873  26.575  -11.718  -11.004 0.4285714328
71169  25.905  -13.164  -11.415 0.7142857313
71170  25.342  -13.651  -11.833 0.8571428657
74416  26.496  -9.575  -10.993 0.2857142985
74430  26.296  -9.772  -11.971 0.5714285970
72886  26.346  -11.590  -11.968 0.8571428657
130351  26.520  -11.108  -11.412 0.7142857313
72074  25.869  -12.036  -12.544 0.8571428657
75195  26.475  -8.225  -11.888 0.1428571492
75178  26.569  -8.760  -10.873 0.1428571492
122081  26.355  -9.077  -11.659 0.4285714328
73676  26.295  -10.666  -12.282 0.5714285970
72898  25.987  -11.273  -12.887 0.8571428657
77562  26.224  -5.963  -12.431 0.1428571492
75956  26.569  -7.359  -11.367 0.1428571492
75971  26.381  -7.325  -12.487 0.1428571492
116691  26.190  -8.129  -12.910 0.4285714328
73690  26.013  -10.513  -13.335 0.8571428657
78417  26.256  -4.729  -12.353 0.1428571492
126502  26.363  -5.247  -12.172 0.1428571492
119217  26.074  -5.577  -12.630 0.1428571492
76776  26.184  -6.652  -12.755 0.1428571492
75987  26.052  -7.347  -13.048 0.4285714328
75223  25.858  -9.001  -13.272 0.5714285970
73704  25.557  -10.490  -13.823 0.8571428657
78418  25.994  -4.914  -12.676 0.1428571492
77594  25.874  -6.282  -12.956 0.1428571492
76788  25.452  -6.889  -13.314 0.5714285970
130105  25.541  -8.723  -13.488 0.8571428657
131187  25.609  -9.964  -13.923 0.8571428657
74463  25.245  -9.606  -14.025 0.8571428657
79305  25.805  -3.932  -12.569 0.1428571492
77583  25.866  -5.742  -12.847 0.1428571492
78432  25.431  -5.552  -12.927 0.8571428657
75997  25.623  -7.441  -13.326 0.8571428657
123878  25.789  -8.101  -13.298 0.7142857313
75998  24.784  -7.459  -13.686 0.8571428657
80118  24.303  -3.007  -12.274 0.1428571492
80896  24.834  -1.928  -12.394 0.1428571492
78419  25.139  -4.885  -12.764 0.4285714328
78433  24.266  -5.694  -13.297 0.8571428657
76789  24.658  -6.868  -13.585 0.8571428657
127664  23.800  -7.454  -14.258 0.8571428657
79306  24.890  -3.935  -12.581 0.4285714328
77597  23.490  -5.734  -14.498 0.8571428657
77596  23.980  -6.398  -13.730 0.8571428657
134240  23.560  -6.225  -14.480 0.8571428657
123928  24.190  -1.210  -12.419 0.2857142985
80119  23.256  -3.088  -12.411 0.8571428657
79307  23.684  -3.909  -12.590 0.8571428657
78434  23.470  -5.174  -14.098 0.8571428657
79316  23.206  -4.443  -13.501 0.8571428657
77606  23.207  -5.736  -15.188 0.8571428657
122279  23.627  -0.314  -12.568 0.2857142985
80898  23.009  -1.411  -12.631 0.7142857313
80897  23.763  -2.155  -12.277 0.5714285970
124796  22.881  -2.396  -12.536 0.8571428657
79317  22.516  -3.773  -13.948 0.8571428657
78448  23.145  -5.211  -15.153 0.8571428657
80905  22.170  -2.268  -13.059 0.8571428657
80126  21.940  -2.580  -14.989 0.7142857313
80125  22.086  -2.873  -13.942 0.7142857313
81703  22.524  -0.537  -12.830 0.8571428657
80899  21.933  -1.382  -13.236 0.8571428657
81704  21.664  -0.579  -13.434 0.8571428657
80906  21.785  -2.072  -14.096 0.7142857313
83237  22.316  1.718  -12.935 0.7142857313
82523  21.821  0.937  -13.192 0.8571428657
82524  21.094  0.927  -13.897 0.8571428657
83956  20.817  2.366  -14.185 0.7142857313
119056  21.361  0.177  -13.645 0.8571428657
86140  23.737  5.288  -13.775 0.1428571492
83238  21.543  1.689  -13.503 0.8571428657
83955  21.579  2.440  -13.557 0.7142857313
84739  21.251  3.273  -13.808 0.7142857313
135301  21.208  2.037  -13.816 0.8571428657
86821  23.450  6.409  -14.578 0.1428571492
85458  21.482  4.245  -13.678 0.5714285970
86142  21.995  5.119  -13.593 0.5714285970
86152  20.833  5.757  -13.954 0.5714285970
86818  22.405  5.893  -13.782 0.1428571492
87453  22.755  7.409  -15.400 0.1428571492
88082  22.154  8.160  -15.875 0.1428571492
88090  22.009  8.577  -16.800 0.1428571492
86823  21.748  6.535  -13.989 0.1428571492
132121  21.603  8.718  -16.101 0.1428571492
88083  21.364  8.527  -15.287 0.1428571492
88716  21.483  9.316  -16.828 0.1428571492
88711  21.021  9.187  -15.757 0.1428571492
55303  20.572  -31.204  -4.415 0.1428571492
55304  19.756  -31.351  -4.528 0.1428571492
58206  21.075  -28.401  -5.583 0.2857142985
59136  22.963  -27.729  -5.358 0.2857142985
59137  21.639  -27.741  -5.675 0.2857142985
61721  25.375  -24.228  -6.282 0.2857142985
61722  24.556  -24.378  -6.389 0.2857142985
123457  24.144  -25.033  -6.118 0.1428571492
66169  24.964  -19.251  -8.386 0.2857142985
65280  24.534  -19.937  -8.486 0.2857142985
67775  25.954  -16.920  -9.092 0.4285714328
66983  25.095  -18.149  -9.182 0.5714285970
68590  24.546  -16.219  -10.973 0.7142857313
72872  26.725  -10.992  -10.572 0.1428571492
72075  25.226  -12.309  -13.007 0.8571428657
74442  26.239  -9.886  -13.078 0.7142857313
77595  25.156  -6.284  -13.208 0.8571428657
75237  24.627  -8.264  -13.945 0.8571428657
76799  23.902  -6.875  -14.045 0.8571428657
82522  22.633  0.890  -12.736 0.8571428657
83954  22.302  2.469  -13.115 0.8571428657
112360  21.958  3.795  -13.480 0.7142857313
88101  21.713  9.020  -18.869 0.1428571492
55305  19.051  -31.612  -4.624 0.1428571492
59138  20.947  -27.822  -6.014 0.4285714328
60066  22.436  -26.402  -5.900 0.2857142985
59148  21.213  -27.129  -6.288 0.4285714328
60872  23.307  -25.113  -6.271 0.1428571492
62599  26.477  -23.483  -6.298 0.2857142985
63457  25.427  -21.979  -6.963 0.2857142985
63458  24.587  -22.321  -7.340 0.2857142985
63459  23.834  -22.583  -7.544 0.2857142985
64357  24.698  -21.533  -7.606 0.2857142985
67777  24.535  -17.738  -9.972 0.7142857313
125883  26.504  -5.757  -11.526 0.1428571492
121065  26.498  -4.112  -12.079 0.1428571492
128665  25.568  -2.893  -12.542 0.1428571492
75224  25.178  -8.896  -13.780 0.8571428657
74464  24.785  -9.751  -14.297 1.0000000000
135604  24.796  -1.185  -12.469 0.1428571492
81702  24.796  -0.502  -12.527 0.1428571492
79328  22.356  -4.109  -15.121 0.8571428657
125170  22.865  0.190  -12.665 0.5714285970
83226  23.306  1.606  -12.623 0.5714285970
83947  22.915  2.297  -12.750 0.5714285970
84738  22.127  3.148  -13.344 0.7142857313
85457  22.407  4.478  -13.451 0.4285714328
84737  23.466  3.740  -13.110 0.2857142985
85456  23.413  4.493  -13.428 0.2857142985
86141  22.919  5.246  -13.611 0.1428571492
86150  23.225  5.930  -13.957 0.1428571492
86822  22.697  6.526  -14.205 0.1428571492
87445  21.316  7.416  -14.368 0.2857142985
86833  22.992  6.920  -14.766 0.1428571492
87454  21.807  7.861  -14.882 0.1428571492
88074  20.875  8.208  -14.628 0.1428571492
88084  20.518  8.850  -15.130 0.1428571492
87462  22.897  7.701  -16.487 0.1428571492
88717  20.625  9.814  -16.325 0.1428571492
88721  21.000  10.127  -17.370 0.1428571492
116022  23.472  0.673  -12.599 0.4285714328
83946  23.624  2.483  -12.699 0.4285714328
84730  23.034  3.070  -12.908 0.4285714328
123588  22.733  3.824  -13.213 0.5714285970
57216  20.711  -29.793  -4.962 0.1428571492
57226  19.551  -29.518  -5.783 0.1428571492
56219  20.079  -30.555  -4.877 0.1428571492
55323  18.349  -31.454  -5.010 0.1428571492
58208  19.677  -28.811  -6.243 0.4285714328
58207  20.390  -28.325  -6.139 0.5714285970
122130  22.810  -28.447  -4.958 0.1428571492
122161  21.753  -26.531  -6.223 0.1428571492
60862  22.872  -25.740  -6.023 0.1428571492
62619  25.173  -22.905  -6.803 0.2857142985
69457  24.175  -15.554  -12.137 0.7142857313
72059  26.253  -12.419  -11.500 0.8571428657
72060  25.589  -12.797  -12.189 0.8571428657
73660  26.500  -10.382  -11.239 0.5714285970
121484  26.208  -9.078  -12.667 0.5714285970
129816  26.041  -6.241  -12.778 0.2857142985
76758  26.443  -6.583  -11.938 0.1428571492
125265  25.315  -8.138  -13.598 0.8571428657
78420  24.001  -4.854  -12.898 0.8571428657
80120  22.428  -3.101  -12.911 0.8571428657
78435  22.933  -4.643  -14.777 0.8571428657
82512  22.119  0.184  -12.997 0.8571428657
86151  21.641  5.695  -13.750 0.5714285970
85465  21.061  4.925  -13.838 0.5714285970
86824  20.678  6.662  -14.255 0.4285714328
88096  21.906  8.859  -17.751 0.1428571492
88095  22.413  8.363  -17.541 0.1428571492
87444  22.263  7.186  -14.500 0.1428571492
61720  26.153  -24.185  -6.108 0.1428571492
60075  21.244  -26.343  -6.778 0.4285714328
64358  23.929  -21.870  -7.965 0.5714285970
87446  20.258  7.677  -14.561 0.1428571492
115501  22.756  -22.573  -8.471 0.5714285970
63491  21.471  -22.618  -9.858 0.5714285970
62657  20.354  -23.485  -9.771 0.2857142985
64384  22.373  -21.427  -9.976 0.5714285970
64385  21.725  -21.970  -10.358 0.5714285970
61759  20.271  -24.699  -8.995 0.4285714328
63490  22.205  -22.270  -9.516 0.5714285970
62658  19.680  -23.389  -9.655 0.2857142985
63510  20.041  -22.204  -10.401 0.4285714328
65294  23.862  -19.892  -9.120 0.4285714328
65296  22.765  -20.560  -9.935 0.5714285970
65307  21.640  -20.834  -11.064 0.5714285970
116473  20.459  -21.023  -11.054 0.4285714328
66195  23.153  -19.105  -10.495 0.5714285970
67000  22.595  -18.757  -11.185 0.5714285970
66197  21.983  -20.164  -11.097 0.4285714328
67012  22.194  -18.319  -11.659 0.4285714328
66999  23.146  -18.367  -10.998 0.4285714328
115637  20.708  -21.801  -10.935 0.4285714328
64386  19.295  -21.714  -9.957 0.2857142985
63493  19.443  -22.566  -9.791 0.2857142985
65308  20.604  -20.164  -11.259 0.4285714328
66985  23.634  -18.679  -10.313 0.7142857313
132471  23.312  -16.837  -11.626 0.7142857313
67809  21.875  -16.966  -12.284 0.4285714328
68611  22.862  -16.297  -12.275 0.7142857313
69467  21.774  -15.658  -12.489 0.5714285970
69466  22.709  -15.687  -12.526 0.7142857313
125754  24.028  -16.633  -11.050 0.5714285970
68602  23.274  -16.241  -12.100 0.5714285970
68603  22.835  -16.719  -12.054 0.7142857313
69465  23.499  -15.305  -12.563 0.7142857313
70305  22.485  -14.040  -13.297 0.7142857313
71195  23.062  -13.542  -13.306 0.7142857313
71196  21.791  -13.435  -13.481 0.7142857313
70306  21.489  -14.111  -13.220 0.4285714328
72089  21.959  -12.729  -13.549 0.4285714328
70270  25.249  -14.958  -11.475 0.5714285970
69458  23.635  -15.736  -12.304 0.5714285970
70287  24.332  -14.515  -12.449 0.5714285970
71184  23.611  -13.790  -12.982 0.5714285970
71194  23.552  -13.014  -13.220 0.7142857313
130570  23.435  -12.154  -13.562 0.7142857313
73707  23.583  -10.930  -13.959 0.7142857313
72088  22.741  -12.460  -13.505 0.7142857313
72916  22.214  -11.884  -13.513 0.5714285970
73708  22.483  -10.892  -13.659 0.5714285970
72899  25.467  -11.599  -13.323 0.7142857313
72086  24.586  -12.024  -13.563 0.5714285970
71193  24.086  -12.816  -13.124 0.5714285970
114811  24.518  -11.626  -13.797 0.7142857313
72087  23.939  -12.262  -13.528 0.7142857313
72926  24.311  -10.914  -14.137 0.8571428657
116416  21.293  -12.055  -13.451 0.4285714328
73723  24.009  -10.343  -14.373 0.7142857313
73724  23.173  -10.172  -14.238 0.7142857313
74466  23.571  -9.585  -14.513 0.7142857313
73725  22.187  -9.872  -13.876 0.5714285970
121951  22.860  -9.450  -14.472 0.7142857313
72085  25.021  -11.808  -13.570 0.5714285970
72914  24.030  -11.554  -13.880 0.7142857313
128871  24.294  -9.215  -14.404 0.8571428657
124080  23.075  -8.891  -14.666 0.7142857313
130911  22.023  -8.826  -14.393 0.5714285970
118208  22.175  -7.537  -14.751 0.2857142985
73705  25.244  -10.225  -14.113 0.7142857313
122427  23.762  -9.023  -14.576 0.7142857313
76818  22.731  -6.041  -15.386 0.7142857313
124780  24.702  -9.056  -14.167 0.7142857313
75239  23.299  -8.244  -14.565 0.8571428657
75240  22.618  -8.126  -14.633 0.8571428657
77620  22.973  -5.665  -15.423 0.8571428657
76009  22.848  -7.345  -14.796 0.8571428657
76027  22.316  -6.705  -15.062 0.5714285970
77621  22.632  -5.431  -15.421 0.8571428657
76819  22.145  -5.913  -15.306 0.7142857313
76817  23.072  -6.165  -15.274 0.8571428657
78461  22.452  -4.834  -15.393 0.8571428657
77607  22.916  -5.239  -15.394 0.8571428657
78449  22.650  -4.780  -15.332 0.8571428657
78450  22.136  -4.241  -15.533 0.7142857313
121006  21.415  -1.323  -14.169 0.7142857313
132047  21.118  -1.213  -15.148 0.7142857313
81717  21.051  -0.573  -14.312 0.5714285970
80912  20.868  -1.516  -16.066 0.7142857313
81718  20.654  -0.600  -15.754 0.7142857313
81712  20.648  0.159  -14.567 0.7142857313
83249  20.247  1.706  -14.828 0.7142857313
82538  20.204  0.226  -16.092 0.7142857313
83250  19.771  1.801  -15.660 0.7142857313
83965  19.439  2.407  -16.084 0.7142857313
83258  19.339  1.289  -16.672 0.5714285970
84744  19.895  3.192  -15.056 0.7142857313
119094  18.824  1.999  -16.728 0.5714285970
84745  19.384  3.363  -15.972 0.5714285970
83973  18.802  2.812  -16.766 0.5714285970
84740  20.502  3.033  -14.429 0.5714285970
133802  19.338  4.085  -15.889 0.5714285970
84750  18.772  3.709  -16.847 0.5714285970
83983  18.202  2.499  -17.102 0.4285714328
84760  17.454  3.497  -17.783 0.5714285970
84755  18.130  3.171  -17.464 0.5714285970
85474  18.958  4.440  -16.331 0.5714285970
117281  17.161  2.341  -16.701 0.4285714328
83259  18.474  1.221  -16.540 0.4285714328
84761  16.854  3.435  -17.777 0.5714285970
83984  17.578  2.948  -17.518 0.5714285970
84752  16.356  3.676  -16.812 0.4285714328
68570  25.880  -16.127  -9.526 0.2857142985
71182  24.926  -13.114  -12.549 0.5714285970
85481  15.968  4.147  -17.970 0.2857142985
84751  16.805  3.370  -15.494 0.2857142985
62638  21.917  -23.058  -8.955 0.5714285970
61758  20.946  -24.514  -8.547 0.5714285970
64371  24.062  -20.615  -8.619 0.2857142985
64372  23.525  -21.293  -8.689 0.4285714328
112672  21.087  -23.325  -9.476 0.5714285970
65295  23.401  -20.556  -9.250 0.5714285970
61779  19.983  -24.164  -9.469 0.2857142985
64398  19.916  -21.380  -10.553 0.4285714328
66209  21.468  -20.037  -11.365 0.4285714328
66208  22.081  -19.330  -11.302 0.5714285970
64387  18.642  -21.212  -9.632 0.2857142985
65309  19.804  -20.546  -10.710 0.2857142985
67801  22.473  -17.469  -11.926 0.5714285970
69407  26.338  -15.464  -9.255 0.2857142985
68604  20.446  -16.685  -12.113 0.2857142985
115186  22.145  -14.838  -12.773 0.7142857313
75238  23.978  -8.436  -14.383 0.8571428657
80911  21.526  -1.985  -15.329 0.7142857313
80133  21.684  -2.909  -15.701 0.7142857313
82532  19.880  1.088  -15.794 0.7142857313
131824  17.570  2.489  -17.219 0.2857142985
85466  20.547  3.927  -14.268 0.5714285970
85467  19.769  4.046  -15.055 0.5714285970
127008  17.795  3.842  -17.805 0.5714285970
85487  17.212  4.463  -18.194 0.2857142985
133163  21.147  -18.909  -11.525 0.4285714328
117839  24.223  -21.219  -8.198 0.2857142985
71171  24.721  -13.865  -12.314 0.7142857313
68601  23.958  -16.123  -11.778 0.5714285970
72911  25.624  -10.989  -13.541 0.7142857313
73722  24.698  -10.461  -14.237 0.7142857313
72913  24.895  -11.382  -13.827 0.7142857313
76008  23.161  -6.883  -14.829 0.7142857313
83239  20.888  1.620  -14.127 0.8571428657
66998  23.798  -18.096  -10.547 0.5714285970
67791  23.212  -17.674  -11.335 0.5714285970
79329  22.003  -3.652  -15.665 0.7142857313
69464  24.006  -15.192  -12.491 0.5714285970
112673  22.850  -21.773  -9.075 0.5714285970
63492  20.771  -22.844  -10.099 0.5714285970
63508  21.134  -22.284  -10.608 0.4285714328
62640  20.635  -24.019  -9.211 0.5714285970
62674  20.123  -22.916  -10.196 0.4285714328
64383  22.977  -21.123  -9.370 0.5714285970
64396  21.848  -21.343  -10.653 0.5714285970
65306  22.190  -20.706  -10.633 0.5714285970
64397  21.337  -21.606  -10.950 0.4285714328
60902  20.582  -25.030  -8.435 0.5714285970
66183  23.239  -19.845  -9.854 0.5714285970
66196  22.561  -19.772  -10.670 0.5714285970
67011  22.689  -17.958  -11.600 0.5714285970
67013  21.598  -18.379  -11.734 0.4285714328
132542  22.932  -17.375  -11.672 0.5714285970
67808  22.494  -16.980  -12.153 0.7142857313
68612  22.326  -16.418  -12.352 0.5714285970
68613  21.460  -16.468  -12.300 0.4285714328
67810  21.343  -17.255  -12.128 0.4285714328
67802  22.042  -17.667  -12.066 0.4285714328
68610  23.184  -15.996  -12.278 0.7142857313
134457  23.150  -15.697  -12.462 0.7142857313
69468  20.754  -15.743  -12.409 0.2857142985
70297  23.035  -14.941  -12.820 0.7142857313
70295  23.852  -14.578  -12.701 0.7142857313
71185  23.131  -14.228  -13.091 0.7142857313
112933  22.514  -13.208  -13.484 0.7142857313
71183  24.267  -13.588  -12.715 0.5714285970
72915  23.141  -11.668  -13.615 0.7142857313
72925  24.677  -11.122  -13.994 0.5714285970
73709  21.366  -10.568  -13.707 0.2857142985
135636  22.058  -8.081  -14.610 0.5714285970
75241  21.357  -7.936  -14.484 0.2857142985
76026  22.800  -6.565  -15.136 0.8571428657
82531  20.386  0.942  -14.756 0.7142857313
83964  20.054  2.414  -14.952 0.8571428657
85488  16.723  4.112  -18.271 0.5714285970
83974  16.686  2.781  -16.482 0.4285714328
114083  19.118  -20.205  -10.408 0.1428571492
66211  20.484  -19.227  -11.371 0.4285714328
58221  19.104  -28.564  -6.878 0.4285714328
122326  26.022  -21.059  -6.792 0.1428571492
65265  25.566  -20.417  -7.417 0.1428571492
67758  25.876  -17.795  -8.691 0.1428571492
66150  26.408  -19.441  -7.374 0.1428571492
65243  26.862  -20.531  -6.601 0.1428571492
67736  26.913  -17.797  -7.836 0.1428571492
66963  26.192  -18.373  -8.199 0.1428571492
66149  26.715  -18.991  -7.426 0.1428571492
120542  26.611  -14.157  -9.462 0.2857142985
71132  26.741  -13.362  -9.546 0.1428571492
79318  22.136  -3.307  -15.038 0.5714285970
89371  19.635  11.182  -17.399 0.1428571492
78462  21.859  -4.366  -15.592 0.4285714328
80147  21.121  -2.850  -15.994 0.4285714328
80923  21.170  -2.271  -15.982 0.5714285970
80924  20.386  -1.868  -16.286 0.4285714328
87456  16.681  9.004  -16.598 0.2857142985
86161  18.274  6.249  -16.369 0.2857142985
128970  18.644  5.192  -16.347 0.2857142985
80925  19.742  -1.936  -16.437 0.1428571492
81725  20.146  -0.806  -16.949 0.5714285970
86843  16.837  6.897  -17.500 0.2857142985
125271  19.480  4.894  -15.352 0.4285714328
80939  19.517  -1.120  -17.052 0.4285714328
131809  19.463  -0.129  -17.413 0.5714285970
86168  17.302  5.368  -17.896 0.2857142985
81727  18.841  -0.969  -16.803 0.4285714328
81740  19.257  -0.435  -17.314 0.2857142985
85489  15.633  5.905  -18.403 0.1428571492
86176  16.293  5.032  -18.533 0.1428571492
86169  15.797  6.252  -18.548 0.1428571492
82533  18.464  0.115  -16.207 0.1428571492
117519  15.577  5.209  -18.203 0.1428571492
86170  14.880  6.746  -18.330 0.1428571492
86845  14.576  8.356  -18.596 0.1428571492
85475  16.537  4.489  -15.754 0.2857142985
85460  17.360  4.043  -13.841 0.1428571492
86162  15.776  5.624  -16.742 0.1428571492
116727  14.900  6.745  -17.071 0.1428571492
85469  16.249  5.349  -15.321 0.1428571492
86144  16.725  5.622  -14.705 0.1428571492
58231  19.153  -28.025  -7.296 0.4285714328
60089  18.194  -26.790  -7.727 0.2857142985
66940  27.101  -18.406  -7.413 0.1428571492
68552  26.455  -16.266  -8.783 0.1428571492
79341  21.597  -3.615  -15.775 0.2857142985
86160  19.249  5.906  -15.365 0.2857142985
86844  15.255  7.836  -18.686 0.2857142985
86835  17.902  7.643  -16.245 0.2857142985
86838  14.370  9.019  -18.222 0.2857142985
60871  25.072  -24.984  -5.821 0.1428571492
131640  24.436  -25.584  -5.764 0.1428571492
63456  26.337  -22.007  -6.522 0.1428571492
112011  26.310  -13.982  -10.179 0.1428571492
80926  19.174  -1.370  -16.827 0.2857142985
82550  19.377  0.262  -17.165 0.5714285970
120654  20.187  4.871  -14.357 0.4285714328
86836  16.050  8.477  -17.670 0.2857142985
86834  18.946  6.778  -15.389 0.2857142985
121321  19.240  7.590  -15.100 0.2857142985
87455  18.395  8.590  -15.766 0.2857142985
88076  18.924  9.020  -15.534 0.1428571492
88713  18.088  9.827  -15.985 0.1428571492
88712  20.175  9.527  -15.618 0.1428571492
86827  15.337  7.442  -16.241 0.2857142985
87463  14.996  9.063  -18.523 0.2857142985
88706  19.564  9.235  -15.403 0.1428571492
89359  19.659  10.166  -16.081 0.1428571492
88075  20.000  8.527  -14.847 0.1428571492
72025  26.688  -12.598  -9.951 0.2857142985
87447  19.498  8.269  -15.013 0.1428571492
59162  19.667  -27.404  -7.343 0.4285714328
58220  19.725  -28.133  -6.771 0.4285714328
70248  26.276  -14.733  -9.769 0.4285714328
86153  19.947  5.792  -14.444 0.2857142985
86825  19.760  6.742  -14.652 0.2857142985
133807  20.232  -0.350  -16.798 0.5714285970
82539  19.707  0.511  -16.837 0.5714285970
84762  16.239  3.964  -18.107 0.4285714328
130606  15.967  4.696  -18.365 0.2857142985
82551  19.217  0.308  -17.209 0.5714285970
85480  18.246  4.456  -17.363 0.2857142985
117223  26.461  -17.964  -8.209 0.1428571492
65242  27.340  -19.814  -6.528 0.1428571492
67756  27.237  -17.171  -7.917 0.1428571492
80148  20.546  -2.699  -16.023 0.2857142985
86177  15.201  7.097  -18.594 0.1428571492
81739  19.482  -0.488  -17.316 0.4285714328
81726  19.801  -0.138  -17.214 0.5714285970
59164  18.026  -27.533  -7.352 0.2857142985
68551  27.161  -16.407  -8.157 0.1428571492
78463  21.131  -3.976  -15.817 0.2857142985
131664  19.233  9.830  -15.793 0.1428571492
135494  21.586  -11.357  -13.569 0.4285714328
74467  20.835  -8.760  -14.093 0.2857142985
88077  16.036  9.400  -15.802 0.1428571492
87457  15.548  9.184  -17.622 0.1428571492
88707  16.381  9.738  -15.701 0.1428571492
87448  17.098  7.410  -14.495 0.1428571492
88066  17.102  9.114  -14.610 0.1428571492
88078  15.192  9.272  -16.941 0.1428571492
88086  15.882  9.504  -16.653 0.1428571492
87449  15.846  8.421  -15.682 0.1428571492
128920  16.823  9.957  -15.238 0.1428571492
87458  14.822  8.786  -17.238 0.1428571492
87440  16.775  8.512  -14.784 0.1428571492
88685  18.418  9.362  -13.082 0.1428571492
88697  17.645  9.483  -14.143 0.1428571492
87439  17.891  7.889  -13.856 0.1428571492
89345  17.949  9.998  -13.742 0.1428571492
89354  16.441  10.395  -15.789 0.1428571492
66984  24.305  -18.567  -9.663 0.2857142985
88091  14.877  9.234  -17.403 0.1428571492
113858  16.578  9.996  -16.135 0.1428571492
88054  18.173  8.728  -13.511 0.1428571492
124498  18.816  7.915  -12.981 0.1428571492
66182  23.752  -19.222  -9.728 0.4285714328
60887  21.139  -25.079  -7.829 0.4285714328
60886  21.966  -24.950  -7.099 0.2857142985
61724  22.815  -24.589  -6.745 0.1428571492
62623  22.093  -23.647  -8.202 0.2857142985
61739  22.423  -24.142  -7.464 0.1428571492
62622  22.805  -23.342  -7.765 0.2857142985
113697  21.330  -25.647  -7.214 0.2857142985
83264  18.906  1.347  -16.831 0.4285714328
127760  23.401  -22.336  -8.012 0.2857142985
62621  23.583  -23.242  -7.295 0.1428571492
61738  23.220  -23.906  -7.048 0.1428571492
60873  22.576  -25.215  -6.468 0.1428571492
63460  23.259  -22.803  -7.773 0.2857142985
62639  21.395  -23.822  -8.728 0.4285714328
61740  21.665  -24.364  -7.968 0.2857142985
60087  19.879  -26.588  -7.729 0.2857142985
60088  19.078  -26.843  -7.901 0.2857142985
117495  20.555  -25.506  -8.055 0.2857142985
60100  19.994  -25.966  -8.245 0.2857142985
60903  20.074  -25.326  -8.660 0.2857142985
117703  21.338  -17.898  -11.925 0.2857142985
67803  20.573  -17.591  -11.904 0.2857142985
70298  21.092  -14.878  -12.745 0.1428571492
71186  20.384  -14.084  -13.046 0.1428571492
71197  21.018  -13.529  -13.313 0.2857142985
76011  21.028  -7.298  -14.533 0.1428571492
76801  21.365  -6.557  -14.823 0.1428571492
117688  21.361  -5.629  -15.129 0.1428571492
76802  20.472  -6.122  -14.676 0.1428571492
79343  20.496  -3.400  -15.752 0.1428571492
80149  19.783  -2.817  -15.685 0.1428571492
83265  18.063  2.090  -16.851 0.1428571492
83260  17.556  1.772  -16.081 0.1428571492
82540  17.625  0.974  -15.350 0.1428571492
120146  17.078  2.214  -15.894 0.1428571492
83251  17.166  1.686  -14.840 0.1428571492
58232  18.581  -28.121  -7.221 0.2857142985
60086  20.647  -26.088  -7.544 0.1428571492
77622  22.056  -5.135  -15.443 0.2857142985
77608  20.571  -5.240  -14.974 0.1428571492
58233  17.875  -28.149  -6.896 0.2857142985
66210  21.113  -19.502  -11.464 0.2857142985
67014  20.667  -18.399  -11.658 0.2857142985
123112  19.777  -17.919  -11.552 0.2857142985
72091  20.291  -13.133  -13.166 0.1428571492
72917  20.718  -11.281  -13.564 0.1428571492
73710  20.369  -10.368  -13.666 0.1428571492
74453  21.115  -9.629  -13.901 0.1428571492
74468  19.949  -8.601  -14.068 0.1428571492
75242  20.408  -7.848  -14.367 0.1428571492
76012  20.202  -7.105  -14.432 0.1428571492
77623  21.320  -4.804  -15.409 0.1428571492
79330  19.489  -3.658  -15.023 0.1428571492
67015  19.719  -18.732  -11.259 0.2857142985
60076  20.527  -26.872  -7.055 0.2857142985
72090  21.118  -12.866  -13.412 0.1428571492
76010  21.676  -7.186  -14.762 0.1428571492
123587  17.442  0.124  -14.594 0.1428571492
66198  19.611  -19.625  -10.881 0.1428571492
79342  21.065  -3.319  -15.983 0.1428571492
60102  18.629  -26.170  -8.145 0.2857142985
132434  19.853  -17.225  -11.786 0.1428571492
75243  19.519  -7.976  -14.225 0.1428571492
132836  17.292  -28.138  -6.389 0.1428571492
58223  16.721  -27.789  -6.129 0.1428571492
119165  17.616  -26.969  -7.309 0.1428571492
60904  19.267  -25.533  -8.500 0.1428571492
72039  26.544  -12.326  -10.588 0.1428571492
72858  26.818  -11.757  -9.963 0.1428571492
123442  24.143  1.881  -12.666 0.1428571492
57241  18.287  -29.372  -6.148 0.1428571492
60090  17.545  -26.336  -7.443 0.1428571492
60905  18.154  -25.303  -8.185 0.1428571492
61760  19.655  -24.759  -8.942 0.1428571492
60888  17.980  -26.064  -7.869 0.1428571492
61780  19.233  -23.912  -9.063 0.1428571492
82511  24.359  0.442  -12.592 0.1428571492
83945  24.319  2.583  -12.863 0.1428571492
62659  18.856  -23.065  -9.289 0.1428571492
58222  18.466  -28.708  -6.672 0.1428571492
65310  19.203  -20.897  -10.161 0.1428571492
59163  18.772  -27.496  -7.580 0.1428571492
115356  17.702  -28.723  -6.282 0.1428571492
59150  17.322  -27.461  -6.762 0.1428571492
61761  18.775  -24.562  -8.629 0.1428571492
58205  23.718  -28.126  -5.158 0.2857142985
60067  21.990  -27.043  -5.843 0.4285714328
60101  19.381  -26.264  -8.167 0.2857142985
60860  24.936  -25.899  -5.583 0.1428571492
60861  23.724  -25.695  -5.848 0.1428571492
62598  26.788  -22.785  -6.319 0.1428571492
62620  24.358  -23.062  -7.035 0.2857142985
63475  23.292  -21.959  -8.439 0.5714285970
63509  20.575  -22.433  -10.488 0.4285714328
64410  21.057  -21.017  -11.318 0.4285714328
65264  26.265  -20.111  -7.083 0.1428571492
66127  26.755  -19.631  -6.949 0.1428571492
66167  26.178  -18.941  -7.814 0.2857142985
66181  24.356  -19.259  -9.009 0.4285714328
66941  26.599  -18.436  -7.824 0.1428571492
66965  24.830  -18.750  -8.883 0.2857142985
67757  26.619  -17.206  -8.417 0.1428571492
67790  23.883  -17.278  -10.788 0.5714285970
67804  19.154  -17.280  -11.343 0.1428571492
68571  25.442  -16.655  -9.721 0.4285714328
70234  26.691  -14.737  -8.992 0.2857142985
70286  24.914  -14.427  -11.954 0.8571428657
70296  23.443  -14.625  -12.832 0.7142857313
72076  24.667  -12.543  -13.109 0.5714285970
72912  25.238  -11.149  -13.759 0.7142857313
73706  25.086  -10.812  -13.992 0.7142857313
74451  25.902  -9.840  -13.583 0.8571428657
74452  25.578  -9.399  -13.668 0.8571428657
74465  24.219  -9.743  -14.437 0.8571428657
76787  25.932  -6.791  -13.034 0.2857142985
76800  23.395  -6.508  -14.747 0.7142857313
79308  22.894  -3.727  -12.901 0.8571428657
80940  19.209  -0.913  -17.269 0.4285714328
83225  24.022  1.179  -12.603 0.1428571492
83985  16.937  2.817  -17.229 0.4285714328
84756  16.477  3.497  -17.450 0.4285714328
86837  14.613  7.835  -18.063 0.2857142985
87459  14.582  9.048  -17.761 0.1428571492
87464  14.376  9.148  -18.083 0.2857142985
88089  22.520  8.172  -16.794 0.1428571492
114608  23.385  -7.658  -14.539 0.8571428657
118420  21.648  -19.059  -11.475 0.5714285970
120481  22.289  -27.970  -5.373 0.2857142985
121232  21.918  2.081  -13.261 0.8571428657
123130  23.179  -12.783  -13.404 0.7142857313
124131  24.576  -15.080  -12.089 0.5714285970
128505  22.300  -27.500  -5.561 0.2857142985
132762  16.860  9.633  -14.896 0.1428571492
133531  16.026  4.560  -17.160 0.1428571492
133655  20.597  -8.283  -14.252 0.1428571492
133912  20.922  -25.577  -7.641 0.2857142985
134291  26.061  -9.487  -13.295 0.7142857313
134486  22.386  -23.160  -8.358 0.2857142985
