#!ascii label  , from subject sub-v1s22x0050519_ses-1 vox2ras=TkReg
2194
58692  -49.038  -22.081  42.151 0.0000000000
49025  -39.557  -32.082  50.523 0.0000000000
62482  -46.565  -17.724  30.251 0.0000000000
137623  -36.969  -24.804  34.124 0.0000000000
118243  -48.053  -16.601  37.514 0.0000000000
54148  -46.617  -25.655  48.162 0.0000000000
47115  -37.783  -33.779  41.844 0.0000000000
138078  -38.058  -33.361  35.846 0.0000000000
46990  -29.949  -33.287  53.558 0.0000000000
66898  -57.200  -12.444  28.971 0.0000000000
48202  -27.804  -32.003  35.840 0.0000000000
56072  -43.835  -24.125  37.599 0.0000000000
59662  -42.460  -20.090  35.950 0.0000000000
60510  -50.118  -19.861  39.771 0.0000000000
56854  -48.705  -23.953  45.748 0.0000000000
49124  -45.718  -31.574  41.696 0.0000000000
53303  -43.751  -27.923  39.275 0.0000000000
52284  -37.050  -29.046  35.000 0.0000000000
65147  -55.951  -14.910  23.554 0.0000000000
47025  -33.991  -33.788  51.456 0.0000000000
49089  -28.735  -31.421  44.159 0.0000000000
118629  -33.350  -30.115  43.741 0.0000000000
139903  -49.574  -18.721  33.441 0.0000000000
52099  -43.736  -28.832  49.428 0.0000000000
138875  -38.538  -27.764  42.520 0.0000000000
53279  -42.727  -27.157  40.928 0.0000000000
45178  -38.564  -35.314  41.074 0.0000000000
48968  -25.385  -31.660  56.287 0.0000000000
66797  -48.611  -12.905  38.388 0.0000000000
65951  -50.180  -14.024  32.230 0.0000000000
68702  -55.516  -11.108  34.776 0.0000000000
65048  -51.906  -14.542  29.377 0.0000000000
65105  -49.666  -14.421  25.158 0.0000000000
47078  -24.143  -33.049  46.670 0.0000000000
48173  -33.927  -31.715  37.648 0.0000000000
120712  -48.511  -23.261  39.856 0.0000000000
58733  -47.747  -21.793  38.708 0.0000000000
58705  -51.410  -21.392  41.199 0.0000000000
57804  -47.704  -23.220  43.337 0.0000000000
54264  -48.470  -26.996  42.121 0.0000000000
55188  -47.702  -25.211  41.053 0.0000000000
135022  -43.946  -25.656  38.951 0.0000000000
61587  -43.964  -18.793  28.870 0.0000000000
63372  -44.191  -16.620  28.728 0.0000000000
137669  -37.640  -33.163  51.450 0.0000000000
49054  -34.137  -31.551  48.038 0.0000000000
49068  -36.661  -30.864  47.421 0.0000000000
56985  -36.789  -23.212  31.497 0.0000000000
61497  -45.337  -17.857  37.527 0.0000000000
61522  -41.853  -18.362  34.072 0.0000000000
62438  -45.508  -17.349  34.607 0.0000000000
61557  -45.941  -19.303  32.641 0.0000000000
62426  -48.797  -17.194  35.187 0.0000000000
53191  -45.083  -26.866  48.841 0.0000000000
54195  -42.470  -26.395  45.547 0.0000000000
55114  -44.678  -24.965  44.649 0.0000000000
48157  -42.208  -32.827  38.429 0.0000000000
47134  -43.024  -33.722  40.770 0.0000000000
46194  -38.601  -34.280  38.612 0.0000000000
127687  -36.234  -26.948  34.460 0.0000000000
66823  -48.531  -12.693  34.408 0.0000000000
67772  -53.591  -11.573  31.530 0.0000000000
125695  -54.577  -12.342  28.897 0.0000000000
119294  -50.671  -14.406  26.899 0.0000000000
65085  -53.333  -14.490  26.025 0.0000000000
65178  -52.438  -14.315  21.641 0.0000000000
134296  -27.803  -31.994  54.738 0.0000000000
47998  -24.929  -32.571  50.874 0.0000000000
48000  -27.130  -32.664  50.538 0.0000000000
50111  -27.905  -30.681  40.146 0.0000000000
48105  -25.625  -32.785  40.946 0.0000000000
135907  -25.249  -34.355  36.836 0.0000000000
50128  -38.688  -29.265  38.929 0.0000000000
52218  -36.477  -28.106  39.343 0.0000000000
48137  -36.462  -32.437  39.312 0.0000000000
122862  -40.640  -24.411  35.528 0.0000000000
123695  -40.151  -23.269  33.966 0.0000000000
57884  -43.570  -22.536  36.560 0.0000000000
60522  -45.924  -19.572  38.368 0.0000000000
62382  -48.017  -17.556  39.213 0.0000000000
55971  -48.438  -24.617  47.197 0.0000000000
54230  -46.854  -26.568  43.584 0.0000000000
52171  -48.849  -28.967  43.963 0.0000000000
120102  -44.616  -30.433  40.078 0.0000000000
50174  -40.353  -31.090  36.894 0.0000000000
49210  -37.859  -31.840  34.287 0.0000000000
51141  -39.726  -29.185  37.171 0.0000000000
54303  -39.937  -26.431  36.826 0.0000000000
65089  -57.196  -14.368  26.233 0.0000000000
65092  -60.445  -14.164  26.045 0.0000000000
46065  -31.859  -34.020  51.966 0.0000000000
48022  -29.056  -32.855  49.278 0.0000000000
48041  -31.484  -32.380  48.665 0.0000000000
50075  -30.935  -30.520  43.865 0.0000000000
51105  -30.279  -29.244  39.260 0.0000000000
58767  -39.886  -21.017  33.197 0.0000000000
130743  -46.741  -22.205  31.029 0.0000000000
60591  -49.117  -20.034  31.596 0.0000000000
50017  -42.053  -30.647  50.112 0.0000000000
51014  -38.630  -29.676  47.084 0.0000000000
52131  -40.634  -28.353  46.662 0.0000000000
54258  -40.607  -26.519  41.644 0.0000000000
49133  -40.391  -31.194  40.664 0.0000000000
51080  -44.475  -30.440  42.447 0.0000000000
49106  -42.520  -32.347  42.329 0.0000000000
46111  -39.566  -35.453  44.087 0.0000000000
61440  -46.360  -18.093  42.304 0.0000000000
49007  -41.142  -31.426  52.787 0.0000000000
54112  -43.535  -27.021  51.265 0.0000000000
55942  -44.592  -24.858  50.132 0.0000000000
62338  -49.661  -17.136  43.458 0.0000000000
63250  -51.554  -16.405  42.335 0.0000000000
64105  -51.934  -15.550  39.923 0.0000000000
66775  -49.891  -12.453  41.359 0.0000000000
64951  -51.032  -14.973  37.808 0.0000000000
64137  -51.768  -15.754  36.088 0.0000000000
63325  -52.787  -16.876  34.360 0.0000000000
63351  -52.515  -17.091  31.384 0.0000000000
67741  -52.468  -11.264  33.440 0.0000000000
65965  -53.377  -14.342  30.724 0.0000000000
64203  -49.130  -15.964  30.247 0.0000000000
65054  -46.817  -14.684  28.111 0.0000000000
65125  -52.853  -14.901  24.373 0.0000000000
130956  -23.271  -33.231  53.058 0.0000000000
43220  -24.328  -37.709  43.426 0.0000000000
48079  -26.570  -32.413  44.898 0.0000000000
45154  -24.349  -35.488  41.736 0.0000000000
51058  -36.166  -29.493  43.635 0.0000000000
52215  -33.709  -28.583  39.129 0.0000000000
49186  -31.065  -30.826  36.622 0.0000000000
134954  -30.564  -34.880  39.394 0.0000000000
56908  -50.063  -23.269  40.687 0.0000000000
57849  -50.917  -22.195  40.685 0.0000000000
128955  -50.983  -21.818  41.511 0.0000000000
57817  -48.219  -22.969  42.710 0.0000000000
123273  -49.768  -24.318  42.083 0.0000000000
56895  -50.118  -23.506  41.489 0.0000000000
56043  -47.430  -24.526  40.428 0.0000000000
122340  -46.182  -19.781  30.413 0.0000000000
61583  -44.441  -18.488  29.331 0.0000000000
62491  -43.996  -17.693  28.991 0.0000000000
62489  -46.138  -17.111  29.884 0.0000000000
48006  -38.959  -32.458  50.809 0.0000000000
49039  -36.805  -31.802  49.309 0.0000000000
49058  -38.155  -31.333  49.196 0.0000000000
56118  -34.989  -24.942  32.070 0.0000000000
56120  -36.317  -24.153  32.878 0.0000000000
62403  -46.603  -16.926  37.321 0.0000000000
119657  -44.850  -17.197  35.873 0.0000000000
63311  -46.318  -16.696  36.149 0.0000000000
122087  -47.003  -17.195  34.668 0.0000000000
122337  -48.372  -16.679  35.954 0.0000000000
54147  -45.723  -26.236  48.545 0.0000000000
54177  -44.710  -26.296  47.047 0.0000000000
119731  -46.056  -25.492  46.514 0.0000000000
47202  -40.368  -33.132  36.764 0.0000000000
47165  -40.362  -33.768  38.068 0.0000000000
47181  -37.995  -33.754  37.083 0.0000000000
46212  -36.553  -34.327  37.629 0.0000000000
54328  -36.310  -26.082  34.413 0.0000000000
53355  -35.383  -27.367  33.330 0.0000000000
54355  -34.892  -26.273  32.610 0.0000000000
67797  -55.984  -11.435  29.987 0.0000000000
66897  -56.145  -12.292  28.497 0.0000000000
65997  -53.854  -13.521  27.124 0.0000000000
65999  -55.805  -13.220  26.978 0.0000000000
47960  -28.586  -32.380  53.522 0.0000000000
117407  -27.559  -32.467  51.846 0.0000000000
118067  -28.250  -32.872  51.414 0.0000000000
50139  -27.647  -30.744  37.577 0.0000000000
48168  -25.997  -32.362  37.469 0.0000000000
48185  -26.421  -32.661  36.234 0.0000000000
44266  -26.614  -36.347  35.576 0.0000000000
123017  -27.121  -34.988  35.429 0.0000000000
49131  -38.777  -31.758  40.130 0.0000000000
49142  -37.677  -31.462  39.275 0.0000000000
48120  -36.945  -33.078  39.938 0.0000000000
56079  -42.312  -24.298  36.616 0.0000000000
56088  -42.019  -23.815  36.030 0.0000000000
56944  -43.497  -23.248  36.642 0.0000000000
59626  -48.862  -20.653  39.326 0.0000000000
137258  -46.554  -21.050  38.424 0.0000000000
59625  -48.230  -19.848  39.320 0.0000000000
60524  -47.108  -18.751  39.141 0.0000000000
61472  -49.523  -18.882  39.857 0.0000000000
56845  -48.652  -24.003  46.304 0.0000000000
55118  -48.927  -26.205  45.488 0.0000000000
137970  -49.537  -25.931  45.179 0.0000000000
53293  -45.854  -27.657  40.498 0.0000000000
53294  -46.404  -28.419  40.890 0.0000000000
117425  -44.049  -28.794  39.428 0.0000000000
50145  -42.719  -30.802  38.894 0.0000000000
51124  -41.948  -29.387  38.346 0.0000000000
51158  -40.028  -30.217  37.090 0.0000000000
52234  -41.845  -28.364  38.250 0.0000000000
56063  -43.648  -24.709  38.123 0.0000000000
54295  -41.249  -26.407  37.465 0.0000000000
55219  -41.938  -25.027  37.111 0.0000000000
55217  -40.182  -25.597  36.459 0.0000000000
46067  -33.380  -34.156  51.913 0.0000000000
47059  -31.954  -33.290  50.007 0.0000000000
47046  -33.110  -33.189  50.462 0.0000000000
49085  -34.177  -30.736  45.845 0.0000000000
49073  -33.039  -31.076  46.441 0.0000000000
50077  -32.567  -30.176  43.674 0.0000000000
50100  -30.738  -29.766  41.709 0.0000000000
51064  -32.208  -29.697  42.110 0.0000000000
58762  -41.360  -21.959  34.718 0.0000000000
57904  -39.725  -22.153  33.174 0.0000000000
59668  -41.338  -20.340  34.810 0.0000000000
61554  -42.178  -18.213  32.729 0.0000000000
61534  -40.885  -18.800  32.822 0.0000000000
61568  -41.362  -18.724  31.481 0.0000000000
61559  -47.628  -19.326  32.879 0.0000000000
60578  -46.793  -20.569  32.261 0.0000000000
126780  -48.589  -20.557  32.203 0.0000000000
59695  -48.351  -20.806  31.736 0.0000000000
60581  -49.635  -19.625  32.366 0.0000000000
50990  -43.206  -29.641  49.786 0.0000000000
51017  -41.444  -29.198  48.385 0.0000000000
52116  -42.025  -28.609  48.128 0.0000000000
55133  -42.596  -25.363  43.319 0.0000000000
122387  -41.350  -26.123  43.518 0.0000000000
54270  -41.431  -26.701  40.848 0.0000000000
51093  -41.096  -28.974  40.096 0.0000000000
51094  -41.858  -29.142  40.577 0.0000000000
52183  -47.064  -29.714  43.611 0.0000000000
53273  -45.777  -28.078  42.716 0.0000000000
50089  -45.232  -31.008  42.663 0.0000000000
46158  -41.024  -34.713  41.136 0.0000000000
47104  -42.854  -33.358  42.543 0.0000000000
46140  -41.359  -35.007  42.394 0.0000000000
47102  -41.204  -33.972  43.444 0.0000000000
50198  -37.728  -31.103  34.431 0.0000000000
55020  -43.748  -25.645  50.888 0.0000000000
58602  -46.106  -22.219  48.558 0.0000000000
62350  -48.187  -17.486  42.907 0.0000000000
64071  -49.872  -14.958  43.015 0.0000000000
64905  -50.869  -15.171  42.163 0.0000000000
136080  -52.194  -15.615  40.826 0.0000000000
64910  -51.145  -14.742  41.190 0.0000000000
66790  -48.740  -12.996  39.428 0.0000000000
65887  -49.387  -14.300  39.311 0.0000000000
64934  -49.239  -14.377  38.313 0.0000000000
64125  -51.270  -15.244  37.007 0.0000000000
65910  -48.972  -14.151  36.287 0.0000000000
66837  -49.049  -12.609  33.146 0.0000000000
65004  -50.067  -15.222  33.695 0.0000000000
64181  -51.299  -15.235  32.834 0.0000000000
62466  -53.181  -17.843  32.903 0.0000000000
64183  -53.350  -16.090  32.390 0.0000000000
68701  -54.583  -10.913  34.510 0.0000000000
121524  -53.273  -13.227  29.380 0.0000000000
65974  -52.852  -13.132  30.471 0.0000000000
65040  -53.468  -14.958  30.369 0.0000000000
64205  -52.406  -15.795  30.456 0.0000000000
123211  -50.165  -15.199  29.641 0.0000000000
65044  -48.073  -14.857  28.989 0.0000000000
65057  -49.412  -14.476  28.354 0.0000000000
124383  -50.159  -14.503  25.973 0.0000000000
65082  -48.675  -14.384  26.737 0.0000000000
65103  -47.646  -14.267  25.301 0.0000000000
122828  -56.514  -15.173  24.947 0.0000000000
65110  -54.705  -14.893  25.252 0.0000000000
130787  -54.865  -15.235  24.219 0.0000000000
135807  -24.375  -32.764  48.827 0.0000000000
47053  -23.471  -33.315  49.804 0.0000000000
47077  -23.397  -33.820  46.790 0.0000000000
45119  -23.519  -35.632  45.365 0.0000000000
46103  -23.674  -34.476  44.454 0.0000000000
48064  -28.939  -32.265  46.455 0.0000000000
48051  -27.826  -32.435  47.283 0.0000000000
117703  -27.363  -32.197  44.926 0.0000000000
47111  -24.605  -33.901  40.887 0.0000000000
117539  -24.379  -39.935  38.202 0.0000000000
118194  -38.945  -28.431  45.116 0.0000000000
121553  -37.466  -29.294  45.132 0.0000000000
52168  -37.466  -28.707  43.591 0.0000000000
133264  -35.503  -30.109  37.638 0.0000000000
52230  -35.162  -28.507  38.365 0.0000000000
51138  -33.483  -29.436  37.440 0.0000000000
133986  -32.063  -29.301  37.430 0.0000000000
131196  -32.611  -31.434  36.993 0.0000000000
45205  -29.313  -35.479  38.663 0.0000000000
123751  -46.049  -23.456  38.761 0.0000000000
56929  -45.279  -23.304  38.029 0.0000000000
56931  -47.607  -22.679  38.985 0.0000000000
127131  -49.770  -21.818  39.504 0.0000000000
60511  -51.375  -20.454  40.383 0.0000000000
56865  -48.612  -23.921  44.781 0.0000000000
55119  -49.847  -25.889  44.146 0.0000000000
55159  -49.651  -25.885  43.000 0.0000000000
55176  -48.173  -25.905  41.642 0.0000000000
54281  -45.369  -26.902  40.182 0.0000000000
54288  -43.211  -27.354  38.946 0.0000000000
55198  -45.280  -25.285  39.670 0.0000000000
129646  -45.642  -24.566  39.485 0.0000000000
63379  -43.739  -16.158  28.000 0.0000000000
47048  -35.628  -33.399  51.320 0.0000000000
48004  -34.687  -32.492  50.019 0.0000000000
122106  -35.538  -32.326  49.917 0.0000000000
49067  -35.979  -31.227  47.728 0.0000000000
50054  -35.490  -30.742  46.391 0.0000000000
60543  -43.423  -19.005  36.587 0.0000000000
60555  -42.090  -18.857  34.924 0.0000000000
61515  -43.298  -18.073  35.503 0.0000000000
62437  -44.304  -17.552  34.678 0.0000000000
62451  -44.569  -17.731  33.937 0.0000000000
61556  -44.967  -19.020  32.491 0.0000000000
62453  -46.339  -17.613  34.056 0.0000000000
62454  -47.405  -17.731  33.877 0.0000000000
62441  -48.765  -17.657  34.439 0.0000000000
53189  -44.066  -27.843  48.656 0.0000000000
52118  -43.329  -27.893  48.162 0.0000000000
54176  -43.761  -26.676  46.940 0.0000000000
55113  -43.580  -25.142  44.440 0.0000000000
55175  -43.916  -25.669  42.213 0.0000000000
48159  -43.284  -32.401  39.429 0.0000000000
48125  -44.102  -32.762  40.864 0.0000000000
47150  -42.246  -33.668  39.358 0.0000000000
46196  -40.721  -33.974  39.028 0.0000000000
46175  -38.934  -34.494  39.546 0.0000000000
45194  -36.721  -35.418  39.821 0.0000000000
45193  -36.161  -35.188  39.017 0.0000000000
52283  -36.461  -28.438  34.599 0.0000000000
135032  -35.369  -28.619  33.286 0.0000000000
67697  -48.773  -11.889  36.700 0.0000000000
122688  -48.480  -12.669  36.268 0.0000000000
67698  -49.155  -11.381  36.166 0.0000000000
67724  -49.341  -11.591  34.484 0.0000000000
67740  -50.574  -11.680  33.550 0.0000000000
67762  -56.783  -11.889  33.705 0.0000000000
67760  -54.472  -11.141  32.673 0.0000000000
117654  -55.081  -11.091  31.026 0.0000000000
66884  -54.317  -11.881  29.708 0.0000000000
128695  -53.342  -13.385  28.723 0.0000000000
65059  -51.334  -14.433  28.469 0.0000000000
65072  -52.573  -14.077  27.786 0.0000000000
65083  -51.680  -14.441  26.598 0.0000000000
129836  -52.068  -14.585  25.744 0.0000000000
65167  -56.541  -14.231  22.889 0.0000000000
65165  -54.796  -14.497  22.657 0.0000000000
65179  -53.811  -14.221  21.740 0.0000000000
48983  -26.572  -31.756  55.352 0.0000000000
47943  -25.202  -31.946  54.112 0.0000000000
47958  -26.143  -31.938  52.944 0.0000000000
119937  -26.465  -32.462  51.119 0.0000000000
48037  -25.862  -32.556  48.535 0.0000000000
49105  -28.335  -31.156  42.545 0.0000000000
48094  -27.170  -31.764  42.689 0.0000000000
128082  -26.682  -31.777  40.445 0.0000000000
47159  -25.223  -33.599  38.143 0.0000000000
135840  -24.754  -35.567  37.400 0.0000000000
42405  -24.671  -38.373  36.795 0.0000000000
119972  -25.469  -37.937  35.913 0.0000000000
53288  -38.723  -27.270  40.677 0.0000000000
52202  -37.331  -27.848  40.603 0.0000000000
52233  -37.704  -28.349  38.861 0.0000000000
49156  -36.847  -30.617  38.327 0.0000000000
48155  -35.190  -32.141  38.499 0.0000000000
56095  -37.603  -24.908  34.534 0.0000000000
56108  -38.449  -23.927  33.829 0.0000000000
56098  -40.173  -23.754  34.446 0.0000000000
131049  -41.865  -22.840  35.401 0.0000000000
58747  -42.701  -21.064  36.214 0.0000000000
58741  -45.455  -21.886  37.756 0.0000000000
59648  -45.204  -20.910  37.740 0.0000000000
60533  -43.943  -19.668  37.121 0.0000000000
60535  -45.340  -18.707  37.911 0.0000000000
62394  -46.665  -17.431  38.113 0.0000000000
63279  -48.383  -16.952  38.788 0.0000000000
55962  -47.505  -24.719  48.055 0.0000000000
55116  -46.643  -25.339  44.977 0.0000000000
55117  -47.868  -25.721  45.409 0.0000000000
53262  -48.168  -28.926  44.167 0.0000000000
50091  -47.048  -30.291  42.836 0.0000000000
53284  -48.417  -28.713  42.602 0.0000000000
51082  -46.922  -29.758  41.640 0.0000000000
50117  -45.277  -30.961  40.607 0.0000000000
49157  -42.907  -31.797  39.035 0.0000000000
48193  -41.086  -32.239  37.199 0.0000000000
48205  -40.051  -32.094  36.098 0.0000000000
47237  -38.232  -32.694  34.834 0.0000000000
49200  -39.474  -31.495  35.792 0.0000000000
51170  -38.639  -30.142  35.963 0.0000000000
51169  -38.204  -29.598  35.822 0.0000000000
54286  -41.722  -27.242  38.082 0.0000000000
53325  -39.760  -27.252  37.103 0.0000000000
52256  -37.808  -27.949  36.126 0.0000000000
53333  -37.906  -27.082  35.962 0.0000000000
55236  -37.764  -25.827  35.417 0.0000000000
121729  -57.486  -13.324  27.862 0.0000000000
66014  -58.755  -14.323  27.603 0.0000000000
121569  -58.752  -14.840  26.114 0.0000000000
65130  -57.983  -14.907  24.645 0.0000000000
133287  -58.140  -14.405  23.499 0.0000000000
66038  -57.500  -13.797  22.473 0.0000000000
123619  -30.629  -33.752  52.261 0.0000000000
120505  -29.332  -33.432  51.075 0.0000000000
47043  -30.683  -33.702  51.055 0.0000000000
48040  -30.199  -32.547  48.383 0.0000000000
49071  -30.218  -31.757  46.163 0.0000000000
49053  -32.973  -31.709  48.031 0.0000000000
49082  -31.488  -31.317  45.706 0.0000000000
49090  -29.685  -31.115  44.446 0.0000000000
50099  -29.417  -30.351  41.921 0.0000000000
51103  -29.009  -29.864  39.675 0.0000000000
137483  -28.687  -30.023  37.500 0.0000000000
56978  -38.495  -23.171  32.715 0.0000000000
57918  -38.401  -22.254  31.495 0.0000000000
60561  -40.500  -19.538  33.256 0.0000000000
60601  -47.309  -20.808  30.689 0.0000000000
61579  -48.146  -18.730  30.909 0.0000000000
49043  -40.717  -31.432  50.218 0.0000000000
50031  -39.597  -30.469  48.765 0.0000000000
50999  -40.022  -29.878  48.350 0.0000000000
51032  -40.089  -28.859  47.114 0.0000000000
123409  -39.473  -28.015  44.847 0.0000000000
53239  -41.944  -27.144  46.079 0.0000000000
53246  -40.556  -27.163  44.534 0.0000000000
54244  -39.897  -27.047  42.659 0.0000000000
52222  -39.744  -28.039  39.687 0.0000000000
50114  -39.841  -30.637  39.970 0.0000000000
48123  -39.324  -32.268  40.780 0.0000000000
55136  -45.476  -25.270  43.597 0.0000000000
53272  -44.724  -27.258  42.090 0.0000000000
52190  -43.663  -28.540  41.522 0.0000000000
49108  -44.287  -31.983  42.376 0.0000000000
50102  -43.734  -30.748  42.212 0.0000000000
139019  -42.538  -30.483  41.526 0.0000000000
48110  -41.540  -32.429  42.115 0.0000000000
48095  -40.404  -33.114  42.404 0.0000000000
47251  -36.168  -32.917  33.900 0.0000000000
59601  -46.434  -20.774  42.416 0.0000000000
130408  -47.181  -20.223  42.107 0.0000000000
119860  -27.177  -31.618  56.585 0.0000000000
46979  -30.669  -33.704  53.979 0.0000000000
46037  -31.681  -34.455  53.272 0.0000000000
45080  -32.978  -35.060  53.757 0.0000000000
47005  -37.172  -34.184  52.614 0.0000000000
47029  -38.891  -33.653  52.505 0.0000000000
47008  -40.128  -33.059  52.391 0.0000000000
47988  -41.234  -32.022  51.485 0.0000000000
49019  -42.318  -30.911  51.302 0.0000000000
50007  -42.759  -30.279  50.742 0.0000000000
50972  -43.365  -29.379  50.774 0.0000000000
53124  -43.101  -27.575  51.645 0.0000000000
52087  -44.142  -28.511  50.018 0.0000000000
126636  -44.527  -27.175  50.150 0.0000000000
54128  -45.312  -26.240  49.324 0.0000000000
55035  -45.732  -25.519  49.190 0.0000000000
55953  -46.813  -24.716  48.433 0.0000000000
56832  -47.275  -24.089  48.181 0.0000000000
57754  -46.935  -22.734  47.618 0.0000000000
58678  -46.459  -22.051  43.319 0.0000000000
60488  -49.361  -19.589  42.585 0.0000000000
60489  -50.403  -19.250  42.781 0.0000000000
61445  -51.507  -18.685  42.435 0.0000000000
64070  -49.139  -15.265  43.370 0.0000000000
126653  -50.460  -16.829  43.318 0.0000000000
62373  -51.805  -18.106  41.229 0.0000000000
62372  -51.327  -17.491  40.562 0.0000000000
63269  -51.140  -16.615  39.929 0.0000000000
118044  -50.684  -16.349  39.065 0.0000000000
65877  -50.649  -14.409  40.551 0.0000000000
64936  -51.043  -15.116  39.059 0.0000000000
63288  -49.923  -16.394  37.946 0.0000000000
63301  -50.147  -16.377  37.083 0.0000000000
62427  -50.073  -17.347  35.565 0.0000000000
120161  -50.706  -17.793  35.018 0.0000000000
64974  -49.793  -14.584  35.576 0.0000000000
64153  -52.007  -16.145  35.468 0.0000000000
61526  -52.120  -18.300  34.228 0.0000000000
61560  -51.266  -18.699  32.734 0.0000000000
62476  -50.069  -18.308  31.545 0.0000000000
117053  -49.268  -17.593  30.922 0.0000000000
140809  -52.065  -10.974  33.984 0.0000000000
66853  -51.276  -12.736  32.028 0.0000000000
67759  -53.296  -11.455  32.470 0.0000000000
66854  -52.048  -12.329  31.884 0.0000000000
65031  -52.306  -14.252  31.712 0.0000000000
64197  -53.678  -15.788  31.092 0.0000000000
63360  -50.738  -16.636  30.757 0.0000000000
63357  -47.830  -16.829  30.410 0.0000000000
64211  -46.778  -15.654  29.326 0.0000000000
64221  -46.329  -15.250  28.704 0.0000000000
65064  -44.743  -14.837  27.137 0.0000000000
65069  -49.064  -14.367  27.537 0.0000000000
65080  -46.224  -14.528  26.885 0.0000000000
65078  -44.600  -14.671  26.302 0.0000000000
65087  -55.070  -14.325  25.730 0.0000000000
65109  -53.759  -14.876  25.284 0.0000000000
65123  -51.121  -14.577  24.394 0.0000000000
65144  -52.789  -14.740  23.057 0.0000000000
65143  -51.585  -14.633  23.650 0.0000000000
65140  -49.048  -13.919  23.595 0.0000000000
121452  -24.448  -32.572  52.700 0.0000000000
48021  -28.361  -32.856  49.455 0.0000000000
124317  -26.908  -32.557  47.219 0.0000000000
48070  -25.086  -32.644  45.277 0.0000000000
116550  -26.045  -32.433  42.906 0.0000000000
126801  -24.897  -33.040  43.446 0.0000000000
47086  -23.981  -33.698  44.226 0.0000000000
44170  -24.326  -36.124  42.387 0.0000000000
50046  -38.176  -30.437  47.675 0.0000000000
50064  -36.558  -30.185  45.867 0.0000000000
50079  -34.829  -29.772  43.818 0.0000000000
118088  -36.121  -28.550  40.845 0.0000000000
51078  -35.355  -29.224  41.751 0.0000000000
51076  -33.851  -29.449  41.495 0.0000000000
51107  -32.303  -29.045  39.707 0.0000000000
51135  -30.805  -29.377  37.513 0.0000000000
49184  -28.857  -31.291  36.216 0.0000000000
47129  -34.612  -33.817  40.304 0.0000000000
47146  -33.423  -33.558  39.524 0.0000000000
47162  -32.201  -33.309  38.669 0.0000000000
47180  -31.082  -33.057  37.660 0.0000000000
47178  -29.664  -33.567  37.012 0.0000000000
46223  -28.554  -34.434  36.083 0.0000000000
57820  -50.553  -22.740  41.476 0.0000000000
125373  -50.741  -22.664  40.890 0.0000000000
127102  -49.567  -21.385  42.133 0.0000000000
58691  -48.180  -22.298  42.418 0.0000000000
57819  -50.045  -23.284  42.080 0.0000000000
56046  -50.147  -23.521  41.323 0.0000000000
61577  -46.022  -18.366  30.154 0.0000000000
61584  -45.180  -18.827  29.861 0.0000000000
62488  -45.469  -17.606  29.720 0.0000000000
140290  -46.035  -17.648  29.968 0.0000000000
49041  -38.729  -31.733  50.012 0.0000000000
56105  -36.010  -24.714  33.303 0.0000000000
56119  -35.559  -24.640  32.630 0.0000000000
56106  -36.690  -24.469  33.560 0.0000000000
62404  -47.330  -16.848  37.780 0.0000000000
124629  -46.661  -16.677  36.698 0.0000000000
63299  -47.314  -16.570  37.036 0.0000000000
63312  -47.277  -16.573  36.179 0.0000000000
120842  -48.157  -16.531  36.752 0.0000000000
54138  -46.127  -25.818  48.579 0.0000000000
54159  -45.927  -26.195  48.080 0.0000000000
54160  -46.532  -25.670  47.475 0.0000000000
47200  -38.573  -33.414  36.243 0.0000000000
47182  -38.926  -33.702  37.129 0.0000000000
55246  -36.280  -25.211  33.871 0.0000000000
54340  -35.772  -25.825  33.765 0.0000000000
55245  -35.614  -25.288  33.293 0.0000000000
55254  -35.122  -25.467  32.633 0.0000000000
125185  -57.351  -12.353  29.770 0.0000000000
67813  -56.332  -11.863  29.282 0.0000000000
66901  -55.693  -12.728  27.689 0.0000000000
66902  -56.851  -12.763  28.110 0.0000000000
47961  -29.283  -32.933  53.111 0.0000000000
138748  -28.675  -32.640  52.761 0.0000000000
47001  -29.166  -33.129  52.287 0.0000000000
49182  -27.292  -31.664  36.374 0.0000000000
49163  -26.611  -31.857  36.927 0.0000000000
48201  -27.084  -32.329  35.917 0.0000000000
46239  -26.985  -34.098  35.400 0.0000000000
120351  -27.572  -33.622  35.518 0.0000000000
47133  -38.179  -33.177  41.124 0.0000000000
48121  -37.736  -32.757  40.301 0.0000000000
47132  -37.341  -33.438  40.792 0.0000000000
56080  -43.232  -23.998  36.985 0.0000000000
135508  -43.978  -23.502  37.207 0.0000000000
59627  -50.052  -20.668  39.568 0.0000000000
60509  -49.205  -19.850  39.585 0.0000000000
61471  -48.483  -19.033  39.590 0.0000000000
57765  -48.237  -23.559  46.166 0.0000000000
55074  -49.324  -25.280  45.518 0.0000000000
55990  -49.366  -24.841  45.136 0.0000000000
53304  -44.364  -27.915  39.583 0.0000000000
140092  -44.689  -28.608  39.844 0.0000000000
52236  -43.344  -29.314  39.084 0.0000000000
52235  -42.626  -28.814  38.618 0.0000000000
53312  -43.258  -28.345  38.989 0.0000000000
56064  -44.280  -24.300  38.176 0.0000000000
55214  -43.008  -25.093  37.942 0.0000000000
56070  -42.665  -24.712  37.348 0.0000000000
47024  -33.025  -33.632  51.262 0.0000000000
129816  -33.835  -33.325  50.852 0.0000000000
50070  -33.718  -30.299  44.479 0.0000000000
50061  -33.471  -30.611  45.250 0.0000000000
136438  -32.955  -30.406  44.281 0.0000000000
50085  -32.074  -29.823  42.974 0.0000000000
50086  -33.008  -29.816  42.977 0.0000000000
124543  -42.103  -20.736  35.572 0.0000000000
58761  -40.916  -21.208  34.406 0.0000000000
138982  -41.695  -20.536  35.226 0.0000000000
130782  -42.853  -18.401  32.373 0.0000000000
61542  -48.961  -18.840  33.203 0.0000000000
60579  -47.794  -20.447  32.418 0.0000000000
60563  -48.398  -19.750  32.764 0.0000000000
60564  -49.155  -19.924  32.494 0.0000000000
51003  -43.375  -29.174  49.364 0.0000000000
51002  -42.789  -29.487  49.307 0.0000000000
52106  -42.899  -28.967  48.804 0.0000000000
55173  -42.592  -25.835  41.771 0.0000000000
55154  -41.903  -25.846  41.973 0.0000000000
54260  -42.134  -26.346  41.253 0.0000000000
53291  -41.703  -27.470  40.544 0.0000000000
52205  -42.179  -28.340  40.634 0.0000000000
50090  -46.335  -30.692  42.416 0.0000000000
118006  -45.888  -30.760  42.708 0.0000000000
49110  -45.834  -31.242  42.287 0.0000000000
136516  -39.976  -34.727  40.679 0.0000000000
46139  -40.468  -35.197  42.019 0.0000000000
45163  -40.711  -35.399  43.193 0.0000000000
45161  -38.995  -35.714  42.370 0.0000000000
51180  -37.428  -30.125  34.698 0.0000000000
50197  -36.742  -30.195  34.130 0.0000000000
64904  -50.628  -14.472  41.855 0.0000000000
67679  -48.786  -12.157  38.885 0.0000000000
65886  -48.717  -13.838  38.928 0.0000000000
65895  -48.621  -13.804  37.843 0.0000000000
64949  -49.174  -14.218  37.292 0.0000000000
65903  -48.576  -13.618  36.817 0.0000000000
66851  -49.541  -13.360  32.509 0.0000000000
65016  -50.226  -14.797  32.756 0.0000000000
65017  -51.150  -14.562  32.299 0.0000000000
64182  -52.491  -15.421  32.498 0.0000000000
68688  -55.490  -10.431  35.061 0.0000000000
68687  -54.843  -10.439  35.181 0.0000000000
65983  -52.964  -13.725  29.161 0.0000000000
65050  -53.271  -14.141  29.983 0.0000000000
65049  -52.790  -14.316  29.619 0.0000000000
64216  -51.614  -15.199  29.930 0.0000000000
65047  -50.806  -14.757  29.302 0.0000000000
65046  -49.829  -14.765  29.086 0.0000000000
65104  -48.691  -14.319  25.178 0.0000000000
65120  -48.203  -14.092  24.463 0.0000000000
65128  -56.270  -15.159  24.295 0.0000000000
133976  -55.842  -15.254  24.726 0.0000000000
65146  -55.016  -15.019  23.478 0.0000000000
47929  -24.928  -31.812  55.589 0.0000000000
47072  -24.429  -32.799  47.551 0.0000000000
47066  -24.007  -32.965  48.231 0.0000000000
125029  -23.650  -33.590  46.039 0.0000000000
128871  -23.438  -34.252  45.782 0.0000000000
47081  -23.666  -33.705  45.125 0.0000000000
48074  -28.582  -32.051  45.741 0.0000000000
48081  -28.197  -31.834  44.974 0.0000000000
52169  -38.301  -28.390  43.788 0.0000000000
52153  -38.364  -28.571  44.592 0.0000000000
52180  -38.097  -28.226  42.992 0.0000000000
49168  -34.314  -30.865  37.401 0.0000000000
51139  -34.327  -29.375  37.569 0.0000000000
50156  -33.850  -30.091  37.294 0.0000000000
50155  -32.891  -30.032  37.033 0.0000000000
48172  -33.088  -31.942  37.480 0.0000000000
56921  -46.683  -23.672  39.352 0.0000000000
56930  -46.877  -23.046  38.837 0.0000000000
56922  -47.615  -23.292  39.468 0.0000000000
58716  -51.225  -21.760  40.849 0.0000000000
57863  -50.430  -22.129  39.989 0.0000000000
58726  -50.980  -21.541  40.312 0.0000000000
59628  -50.874  -20.914  39.989 0.0000000000
59619  -51.613  -20.835  40.828 0.0000000000
56864  -47.696  -23.317  44.444 0.0000000000
56012  -49.642  -25.297  43.447 0.0000000000
56873  -48.916  -24.119  43.551 0.0000000000
56034  -49.447  -24.644  41.714 0.0000000000
55177  -48.959  -25.307  41.748 0.0000000000
54274  -47.228  -25.986  41.160 0.0000000000
121501  -46.529  -26.167  40.698 0.0000000000
55186  -45.796  -25.906  40.245 0.0000000000
120467  -44.940  -26.108  39.762 0.0000000000
55187  -46.696  -25.289  40.494 0.0000000000
56906  -48.026  -23.837  40.236 0.0000000000
56056  -46.493  -24.424  39.851 0.0000000000
56920  -46.009  -24.003  39.289 0.0000000000
60613  -44.279  -20.091  28.755 0.0000000000
63365  -44.753  -17.063  29.325 0.0000000000
47049  -36.749  -33.074  51.294 0.0000000000
48005  -36.015  -32.663  50.636 0.0000000000
118748  -36.756  -32.571  50.509 0.0000000000
133111  -36.740  -31.186  48.021 0.0000000000
120958  -36.397  -31.505  48.535 0.0000000000
119126  -35.322  -31.053  47.072 0.0000000000
49076  -36.012  -30.820  46.950 0.0000000000
56984  -35.848  -23.625  31.367 0.0000000000
61496  -44.717  -18.178  37.303 0.0000000000
61507  -43.710  -18.194  36.253 0.0000000000
61508  -44.331  -17.928  36.717 0.0000000000
62423  -45.441  -17.043  35.375 0.0000000000
62422  -44.301  -17.485  35.404 0.0000000000
117753  -44.855  -17.285  35.070 0.0000000000
62450  -43.566  -17.719  34.132 0.0000000000
125126  -44.914  -17.518  34.456 0.0000000000
62452  -45.423  -17.758  33.913 0.0000000000
62425  -47.658  -16.908  35.306 0.0000000000
62440  -47.961  -17.403  34.533 0.0000000000
62455  -48.346  -17.954  33.828 0.0000000000
53190  -44.546  -27.591  49.038 0.0000000000
53206  -43.920  -27.316  47.882 0.0000000000
53207  -44.651  -27.093  48.411 0.0000000000
136596  -44.664  -25.397  45.588 0.0000000000
55069  -44.221  -25.909  46.173 0.0000000000
135706  -43.962  -24.832  44.031 0.0000000000
122882  -43.323  -25.080  43.723 0.0000000000
55134  -43.867  -25.018  43.439 0.0000000000
48158  -42.821  -32.627  38.935 0.0000000000
48140  -43.264  -32.985  39.454 0.0000000000
47167  -41.961  -33.300  38.626 0.0000000000
123415  -39.185  -33.952  37.900 0.0000000000
46195  -39.627  -34.116  38.644 0.0000000000
125964  -39.875  -34.361  39.641 0.0000000000
46174  -37.983  -34.631  39.328 0.0000000000
46173  -37.110  -34.838  39.189 0.0000000000
46193  -37.683  -34.419  38.520 0.0000000000
53332  -36.547  -27.574  34.845 0.0000000000
52295  -35.834  -28.759  33.951 0.0000000000
53345  -35.919  -27.683  34.111 0.0000000000
125674  -49.311  -10.950  37.000 0.0000000000
68684  -50.578  -10.671  34.871 0.0000000000
68683  -49.901  -11.095  34.852 0.0000000000
67725  -50.192  -11.299  34.275 0.0000000000
67739  -49.598  -11.896  33.685 0.0000000000
67776  -57.830  -12.313  32.370 0.0000000000
67763  -57.739  -12.029  33.007 0.0000000000
121522  -57.358  -12.112  33.110 0.0000000000
120117  -56.597  -11.909  32.914 0.0000000000
136286  -56.125  -11.421  31.623 0.0000000000
67796  -55.270  -11.703  29.421 0.0000000000
67784  -55.036  -11.318  30.151 0.0000000000
66883  -53.772  -12.513  29.409 0.0000000000
66895  -53.785  -12.902  28.697 0.0000000000
65988  -52.971  -13.764  28.357 0.0000000000
65989  -53.595  -13.373  28.051 0.0000000000
66009  -53.708  -14.086  26.413 0.0000000000
65073  -53.038  -14.184  26.923 0.0000000000
65084  -52.547  -14.461  26.343 0.0000000000
66036  -55.966  -14.013  22.132 0.0000000000
65181  -55.272  -14.169  22.191 0.0000000000
47945  -26.956  -31.823  54.498 0.0000000000
47944  -26.161  -31.807  53.864 0.0000000000
116734  -27.014  -31.768  53.420 0.0000000000
47981  -27.101  -32.525  51.263 0.0000000000
119936  -26.091  -32.574  49.226 0.0000000000
48019  -26.652  -32.639  49.775 0.0000000000
50097  -28.281  -30.738  41.043 0.0000000000
49118  -27.457  -31.272  40.953 0.0000000000
49130  -27.235  -31.154  39.912 0.0000000000
131347  -25.537  -33.016  37.547 0.0000000000
48149  -25.567  -32.832  38.257 0.0000000000
46187  -25.102  -34.184  37.629 0.0000000000
46206  -24.894  -34.879  37.536 0.0000000000
45230  -25.015  -35.214  36.858 0.0000000000
126260  -24.857  -36.035  36.868 0.0000000000
45231  -25.362  -35.654  36.344 0.0000000000
127967  -26.792  -37.150  35.641 0.0000000000
42425  -26.429  -38.568  35.828 0.0000000000
52221  -38.879  -27.920  39.465 0.0000000000
52220  -38.084  -27.876  39.317 0.0000000000
51109  -38.458  -28.462  39.060 0.0000000000
49141  -36.881  -31.563  38.823 0.0000000000
48156  -36.022  -31.927  38.612 0.0000000000
49154  -35.553  -31.432  38.017 0.0000000000
48136  -35.600  -32.646  39.160 0.0000000000
56085  -39.175  -24.856  35.211 0.0000000000
56097  -39.453  -24.162  34.508 0.0000000000
56086  -40.082  -24.329  35.041 0.0000000000
57883  -42.945  -22.915  36.181 0.0000000000
56951  -41.556  -23.465  35.389 0.0000000000
57891  -42.391  -22.536  35.714 0.0000000000
120471  -42.880  -22.076  36.166 0.0000000000
57868  -47.059  -22.351  38.555 0.0000000000
57878  -45.605  -22.546  37.928 0.0000000000
58731  -46.189  -22.125  38.160 0.0000000000
59637  -45.935  -20.554  38.240 0.0000000000
59647  -44.342  -20.716  37.294 0.0000000000
121661  -45.261  -19.828  37.894 0.0000000000
60534  -44.599  -19.121  37.521 0.0000000000
136199  -47.779  -18.328  39.402 0.0000000000
61482  -46.521  -18.302  38.594 0.0000000000
61483  -47.195  -17.841  38.909 0.0000000000
62395  -47.547  -17.193  38.531 0.0000000000
55963  -48.028  -24.693  47.690 0.0000000000
55054  -48.123  -25.164  47.471 0.0000000000
55072  -48.370  -25.381  46.789 0.0000000000
53248  -49.120  -28.062  44.417 0.0000000000
53247  -48.612  -27.841  44.483 0.0000000000
132865  -48.710  -28.636  44.223 0.0000000000
52170  -47.829  -29.533  43.949 0.0000000000
51060  -48.065  -29.522  43.867 0.0000000000
117845  -49.715  -26.615  43.611 0.0000000000
54251  -49.528  -27.421  43.579 0.0000000000
121581  -48.285  -27.929  42.165 0.0000000000
52206  -45.941  -29.103  40.730 0.0000000000
52207  -46.528  -29.250  41.189 0.0000000000
51096  -45.530  -29.715  40.548 0.0000000000
124096  -45.785  -30.541  40.844 0.0000000000
136310  -45.194  -30.237  40.405 0.0000000000
50132  -44.545  -31.302  40.293 0.0000000000
50131  -43.935  -30.784  39.684 0.0000000000
50160  -41.471  -30.951  37.940 0.0000000000
50161  -42.195  -31.360  38.407 0.0000000000
135304  -40.976  -31.454  37.329 0.0000000000
48192  -40.504  -32.505  36.647 0.0000000000
48204  -39.438  -32.294  35.599 0.0000000000
49188  -40.047  -31.522  36.346 0.0000000000
51157  -39.269  -29.948  36.600 0.0000000000
139831  -39.193  -29.245  36.774 0.0000000000
55196  -43.430  -26.321  38.824 0.0000000000
54287  -42.589  -26.764  38.465 0.0000000000
54294  -40.463  -26.832  37.307 0.0000000000
53324  -39.081  -27.746  36.840 0.0000000000
53323  -38.467  -27.425  36.398 0.0000000000
54301  -38.503  -26.747  36.187 0.0000000000
55228  -40.028  -24.889  35.755 0.0000000000
55227  -39.399  -25.526  35.908 0.0000000000
55237  -38.184  -25.171  35.060 0.0000000000
65090  -59.203  -14.576  26.980 0.0000000000
65091  -59.652  -14.569  26.224 0.0000000000
123561  -58.352  -14.946  25.358 0.0000000000
65114  -59.227  -14.829  25.487 0.0000000000
65151  -59.509  -14.740  24.033 0.0000000000
66040  -59.053  -14.341  23.153 0.0000000000
126565  -58.086  -14.076  22.986 0.0000000000
66039  -58.400  -13.835  22.507 0.0000000000
47003  -31.262  -33.937  52.087 0.0000000000
47021  -30.668  -33.743  51.642 0.0000000000
47022  -31.334  -33.826  51.479 0.0000000000
48025  -31.629  -32.796  49.396 0.0000000000
47058  -31.149  -33.179  49.956 0.0000000000
137115  -30.876  -32.330  48.349 0.0000000000
48054  -30.548  -32.218  47.676 0.0000000000
48067  -30.936  -31.834  47.159 0.0000000000
48044  -34.348  -31.848  48.796 0.0000000000
136129  -33.580  -32.022  48.827 0.0000000000
49093  -32.032  -31.003  45.421 0.0000000000
116600  -32.068  -31.291  46.206 0.0000000000
49092  -31.417  -31.075  45.103 0.0000000000
49081  -30.849  -31.407  45.539 0.0000000000
49091  -30.664  -30.979  44.666 0.0000000000
49098  -29.494  -30.844  43.494 0.0000000000
129894  -30.355  -30.415  43.287 0.0000000000
116691  -30.845  -29.573  40.767 0.0000000000
51073  -29.924  -29.851  41.188 0.0000000000
51104  -29.601  -29.533  39.550 0.0000000000
51118  -29.119  -29.574  38.915 0.0000000000
118998  -29.744  -29.308  38.828 0.0000000000
56958  -39.598  -23.593  33.973 0.0000000000
56967  -38.055  -23.667  33.251 0.0000000000
56969  -39.716  -23.042  33.463 0.0000000000
137035  -39.222  -22.243  32.572 0.0000000000
58774  -39.413  -21.541  32.551 0.0000000000
60554  -41.439  -19.310  34.523 0.0000000000
60562  -41.099  -18.970  33.685 0.0000000000
61552  -40.741  -18.830  31.984 0.0000000000
59680  -46.712  -21.557  31.562 0.0000000000
58784  -47.191  -21.967  30.972 0.0000000000
59703  -48.425  -20.400  31.339 0.0000000000
59702  -47.747  -21.206  31.076 0.0000000000
60602  -48.037  -20.051  30.940 0.0000000000
61580  -48.745  -19.543  31.155 0.0000000000
49044  -41.561  -31.204  50.432 0.0000000000
50016  -41.146  -30.842  49.848 0.0000000000
50033  -41.590  -30.238  49.503 0.0000000000
52115  -40.990  -28.726  47.554 0.0000000000
51016  -40.495  -29.313  47.917 0.0000000000
52142  -39.595  -28.239  45.537 0.0000000000
52143  -40.316  -28.018  45.858 0.0000000000
53225  -42.801  -26.840  46.469 0.0000000000
140049  -42.407  -27.387  46.849 0.0000000000
129320  -40.939  -26.271  42.959 0.0000000000
54212  -40.749  -26.644  43.741 0.0000000000
54245  -40.457  -26.576  42.403 0.0000000000
53260  -40.193  -27.200  43.846 0.0000000000
54257  -39.925  -26.821  41.881 0.0000000000
53289  -39.568  -27.088  40.649 0.0000000000
134989  -40.208  -26.961  40.662 0.0000000000
134595  -40.730  -29.608  40.029 0.0000000000
51111  -40.282  -28.813  39.694 0.0000000000
50115  -40.622  -30.383  40.319 0.0000000000
49132  -39.567  -31.463  40.350 0.0000000000
48124  -40.142  -31.998  41.035 0.0000000000
55137  -46.477  -25.654  43.996 0.0000000000
52181  -45.063  -28.797  42.441 0.0000000000
129990  -45.503  -26.699  42.596 0.0000000000
53281  -44.202  -28.128  41.772 0.0000000000
51081  -44.308  -29.359  42.049 0.0000000000
47135  -43.610  -33.234  41.294 0.0000000000
48111  -44.132  -32.743  41.773 0.0000000000
117430  -42.259  -33.573  42.832 0.0000000000
49107  -43.432  -32.138  42.429 0.0000000000
47105  -42.896  -32.949  42.597 0.0000000000
49122  -42.895  -31.193  41.988 0.0000000000
49121  -41.848  -31.526  41.721 0.0000000000
46112  -40.313  -35.147  43.861 0.0000000000
47101  -40.373  -33.858  43.269 0.0000000000
125125  -40.138  -34.560  43.726 0.0000000000
47100  -39.405  -34.105  43.278 0.0000000000
46125  -39.738  -34.889  43.950 0.0000000000
48218  -37.811  -32.505  34.387 0.0000000000
48217  -37.107  -32.885  34.185 0.0000000000
140443  -26.598  -31.532  56.993 0.0000000000
120134  -31.459  -34.279  54.302 0.0000000000
47004  -36.150  -34.296  52.663 0.0000000000
49011  -41.525  -31.548  52.236 0.0000000000
49018  -41.710  -31.484  51.687 0.0000000000
49012  -41.990  -31.105  51.858 0.0000000000
50002  -43.021  -29.944  50.891 0.0000000000
52071  -43.135  -29.046  51.317 0.0000000000
54111  -42.796  -26.551  52.027 0.0000000000
136906  -43.608  -27.814  51.088 0.0000000000
53140  -44.033  -27.523  50.608 0.0000000000
53158  -44.415  -27.884  50.067 0.0000000000
55027  -44.362  -25.672  50.350 0.0000000000
55028  -45.011  -25.618  49.710 0.0000000000
55943  -45.298  -24.830  49.574 0.0000000000
130735  -45.418  -24.118  49.450 0.0000000000
56824  -45.771  -23.620  49.115 0.0000000000
56825  -46.454  -23.862  48.590 0.0000000000
57729  -46.032  -22.897  48.800 0.0000000000
58614  -46.395  -22.050  48.151 0.0000000000
58625  -47.111  -22.496  47.079 0.0000000000
58677  -45.948  -21.200  42.944 0.0000000000
127101  -46.983  -18.758  42.249 0.0000000000
60486  -47.667  -19.349  42.197 0.0000000000
61441  -47.396  -18.004  42.548 0.0000000000
61428  -49.195  -17.700  43.315 0.0000000000
61442  -49.526  -18.534  43.106 0.0000000000
61429  -49.925  -17.819  43.451 0.0000000000
61444  -50.860  -18.550  42.982 0.0000000000
61430  -50.519  -17.880  43.328 0.0000000000
64072  -50.399  -15.445  42.815 0.0000000000
63233  -50.090  -15.993  43.261 0.0000000000
63234  -50.743  -16.278  42.970 0.0000000000
62352  -51.735  -17.304  42.422 0.0000000000
62362  -52.006  -17.647  41.758 0.0000000000
120864  -52.128  -17.076  41.158 0.0000000000
64100  -52.189  -15.623  40.416 0.0000000000
63263  -52.178  -15.966  40.164 0.0000000000
117773  -49.987  -16.868  39.484 0.0000000000
63270  -51.586  -15.876  39.472 0.0000000000
140753  -49.738  -11.966  40.726 0.0000000000
65864  -50.557  -14.217  41.260 0.0000000000
65863  -50.006  -13.577  41.089 0.0000000000
64935  -50.454  -14.753  38.565 0.0000000000
64924  -50.534  -14.624  39.624 0.0000000000
64111  -51.169  -15.394  38.408 0.0000000000
63281  -50.889  -16.052  38.259 0.0000000000
64117  -51.214  -15.495  37.661 0.0000000000
63289  -50.953  -16.063  37.488 0.0000000000
136480  -51.436  -15.393  36.444 0.0000000000
63303  -51.546  -15.808  36.538 0.0000000000
62428  -51.451  -17.145  35.807 0.0000000000
64138  -51.874  -16.392  35.887 0.0000000000
66814  -48.466  -12.639  35.316 0.0000000000
140500  -48.650  -14.108  35.480 0.0000000000
64987  -48.656  -14.236  34.650 0.0000000000
64154  -52.368  -16.408  34.571 0.0000000000
127137  -50.932  -15.531  34.380 0.0000000000
62444  -52.492  -17.713  34.626 0.0000000000
61527  -52.772  -18.135  34.072 0.0000000000
61544  -51.365  -18.614  33.509 0.0000000000
61545  -52.445  -18.334  33.426 0.0000000000
62478  -52.912  -17.509  32.066 0.0000000000
61573  -51.382  -18.333  32.144 0.0000000000
119039  -50.855  -18.001  31.631 0.0000000000
127437  -49.505  -18.335  31.235 0.0000000000
130173  -50.145  -17.500  31.185 0.0000000000
68700  -52.878  -10.636  34.312 0.0000000000
68699  -51.515  -11.496  33.441 0.0000000000
67757  -51.723  -11.911  32.632 0.0000000000
66861  -52.512  -12.612  31.172 0.0000000000
65964  -52.792  -13.602  31.075 0.0000000000
65963  -51.881  -13.141  31.479 0.0000000000
122802  -53.359  -14.561  31.197 0.0000000000
65018  -53.108  -15.133  31.810 0.0000000000
65032  -53.699  -15.254  31.039 0.0000000000
64204  -50.125  -15.827  30.273 0.0000000000
123243  -51.212  -15.868  30.402 0.0000000000
63359  -49.688  -16.675  30.677 0.0000000000
63369  -48.218  -16.076  30.063 0.0000000000
63368  -47.311  -16.205  29.839 0.0000000000
65055  -47.620  -14.632  28.418 0.0000000000
64222  -47.204  -14.995  28.908 0.0000000000
64229  -45.046  -15.126  27.878 0.0000000000
65066  -46.295  -14.668  27.530 0.0000000000
118427  -50.722  -14.408  27.805 0.0000000000
65070  -49.964  -14.382  27.647 0.0000000000
141038  -47.500  -14.347  26.076 0.0000000000
65081  -47.722  -14.370  26.802 0.0000000000
132444  -46.920  -14.416  26.477 0.0000000000
65079  -45.435  -14.576  26.622 0.0000000000
66013  -57.616  -13.861  27.167 0.0000000000
66012  -56.479  -13.685  26.604 0.0000000000
65088  -56.138  -14.290  25.862 0.0000000000
65126  -53.627  -15.024  24.510 0.0000000000
139057  -53.134  -14.923  24.973 0.0000000000
124382  -52.458  -14.788  25.024 0.0000000000
65124  -52.030  -14.772  24.372 0.0000000000
118497  -53.089  -14.404  21.904 0.0000000000
65164  -53.420  -14.573  22.618 0.0000000000
65163  -52.612  -14.535  22.387 0.0000000000
116990  -51.102  -14.389  22.810 0.0000000000
65141  -49.762  -14.076  23.684 0.0000000000
47957  -25.244  -32.206  53.187 0.0000000000
47979  -24.722  -32.587  51.758 0.0000000000
47065  -23.363  -33.636  48.324 0.0000000000
45116  -23.040  -35.479  46.972 0.0000000000
43210  -23.788  -36.492  44.851 0.0000000000
44149  -24.157  -37.062  44.050 0.0000000000
42321  -24.246  -38.508  42.981 0.0000000000
47056  -29.440  -33.154  49.911 0.0000000000
47041  -29.010  -33.261  50.440 0.0000000000
47055  -28.807  -33.065  49.887 0.0000000000
135069  -27.324  -32.399  46.438 0.0000000000
118684  -27.328  -32.589  48.074 0.0000000000
48062  -26.393  -32.536  46.360 0.0000000000
48050  -26.067  -32.619  47.134 0.0000000000
119332  -26.109  -32.519  45.493 0.0000000000
48106  -26.290  -32.245  41.161 0.0000000000
136598  -26.643  -32.108  43.005 0.0000000000
127886  -25.436  -32.878  41.588 0.0000000000
46132  -24.396  -34.616  41.310 0.0000000000
47097  -24.529  -33.832  41.850 0.0000000000
118222  -24.337  -34.017  42.606 0.0000000000
47091  -24.316  -33.739  43.377 0.0000000000
46107  -24.151  -34.575  42.986 0.0000000000
45130  -23.952  -35.275  43.375 0.0000000000
45141  -24.189  -35.342  42.644 0.0000000000
41551  -25.251  -39.844  36.454 0.0000000000
40679  -24.874  -40.451  36.798 0.0000000000
50047  -39.118  -30.105  47.933 0.0000000000
136917  -38.790  -30.582  48.397 0.0000000000
51051  -37.207  -29.173  44.453 0.0000000000
51041  -36.820  -29.675  45.114 0.0000000000
51050  -36.420  -29.627  44.395 0.0000000000
50072  -36.077  -30.073  45.052 0.0000000000
51057  -35.422  -29.590  43.365 0.0000000000
53287  -37.107  -27.893  39.820 0.0000000000
52187  -36.634  -28.376  41.217 0.0000000000
52201  -36.595  -28.152  40.291 0.0000000000
52216  -34.580  -28.453  39.184 0.0000000000
52199  -34.886  -28.629  40.220 0.0000000000
51092  -34.187  -29.092  40.730 0.0000000000
117512  -34.607  -29.486  42.081 0.0000000000
51091  -33.462  -29.198  40.691 0.0000000000
51090  -32.551  -29.338  40.678 0.0000000000
51108  -33.135  -28.900  39.879 0.0000000000
50171  -31.240  -30.157  36.761 0.0000000000
51154  -31.510  -29.585  37.112 0.0000000000
50170  -30.415  -30.308  36.675 0.0000000000
51152  -29.811  -29.935  36.851 0.0000000000
49185  -30.253  -31.013  36.505 0.0000000000
46153  -33.265  -34.517  40.585 0.0000000000
47128  -33.806  -33.974  40.148 0.0000000000
46172  -33.120  -34.084  39.949 0.0000000000
46150  -30.884  -35.029  40.025 0.0000000000
125858  -31.934  -34.237  39.672 0.0000000000
46190  -31.121  -33.985  38.808 0.0000000000
47161  -31.450  -33.486  38.413 0.0000000000
46189  -30.494  -34.445  38.729 0.0000000000
45204  -28.821  -35.852  38.267 0.0000000000
46208  -29.439  -34.421  37.441 0.0000000000
46224  -29.088  -33.984  36.446 0.0000000000
46207  -28.911  -34.840  36.914 0.0000000000
56923  -49.329  -22.968  39.975 0.0000000000
57848  -50.539  -22.692  40.620 0.0000000000
127751  -50.686  -21.188  41.989 0.0000000000
56880  -48.378  -23.516  43.148 0.0000000000
56881  -49.080  -23.525  42.700 0.0000000000
56035  -49.791  -24.243  41.856 0.0000000000
56044  -48.625  -24.533  41.073 0.0000000000
56045  -49.685  -23.945  41.260 0.0000000000
56907  -49.051  -23.640  40.513 0.0000000000
121125  -44.656  -19.613  29.443 0.0000000000
62487  -44.723  -17.882  29.445 0.0000000000
63366  -45.596  -16.657  29.492 0.0000000000
124818  -38.265  -32.844  51.194 0.0000000000
47050  -37.433  -32.676  50.818 0.0000000000
48031  -38.043  -32.304  50.395 0.0000000000
49040  -37.673  -31.758  49.605 0.0000000000
49057  -37.300  -31.306  48.712 0.0000000000
56976  -36.764  -23.560  32.326 0.0000000000
62393  -45.899  -17.405  37.429 0.0000000000
135532  -45.056  -17.426  36.787 0.0000000000
63298  -45.971  -16.968  36.781 0.0000000000
63297  -45.541  -16.919  36.143 0.0000000000
121681  -46.000  -16.820  35.603 0.0000000000
62439  -46.144  -17.058  34.929 0.0000000000
62424  -46.702  -16.802  35.461 0.0000000000
53208  -45.306  -26.583  48.448 0.0000000000
54158  -45.139  -26.533  47.873 0.0000000000
55070  -45.115  -25.658  46.345 0.0000000000
55093  -45.435  -25.277  45.600 0.0000000000
48174  -41.048  -32.875  37.205 0.0000000000
47184  -41.538  -33.078  37.882 0.0000000000
46215  -39.887  -33.602  37.338 0.0000000000
46214  -38.299  -34.057  37.830 0.0000000000
46213  -37.407  -34.169  37.760 0.0000000000
46227  -36.273  -34.011  36.901 0.0000000000
53344  -35.699  -26.640  33.802 0.0000000000
122224  -35.239  -26.678  33.126 0.0000000000
67786  -56.819  -11.816  30.963 0.0000000000
67798  -56.826  -11.867  30.061 0.0000000000
66896  -55.275  -12.417  28.354 0.0000000000
137352  -54.475  -12.881  27.948 0.0000000000
65998  -54.880  -13.197  27.025 0.0000000000
66010  -54.453  -13.788  26.357 0.0000000000
127771  -27.818  -31.930  53.911 0.0000000000
47959  -27.899  -32.105  52.846 0.0000000000
47971  -28.423  -32.758  52.070 0.0000000000
47982  -27.766  -32.797  51.034 0.0000000000
50125  -27.616  -30.715  39.354 0.0000000000
49140  -27.096  -31.074  39.026 0.0000000000
49151  -26.534  -31.701  37.790 0.0000000000
123124  -26.288  -32.349  36.736 0.0000000000
46237  -25.704  -34.212  36.031 0.0000000000
45246  -25.783  -35.121  35.858 0.0000000000
46238  -26.359  -34.615  35.562 0.0000000000
45247  -26.481  -35.494  35.546 0.0000000000
44267  -27.392  -36.615  35.740 0.0000000000
49144  -38.935  -30.847  39.608 0.0000000000
50127  -38.110  -30.654  38.982 0.0000000000
49143  -38.304  -31.356  39.581 0.0000000000
48138  -37.299  -32.224  39.580 0.0000000000
137929  -41.805  -24.227  36.237 0.0000000000
56087  -41.335  -24.187  35.804 0.0000000000
56943  -42.746  -23.578  36.359 0.0000000000
56945  -44.147  -22.873  37.001 0.0000000000
59640  -48.347  -21.293  39.006 0.0000000000
58732  -46.816  -21.675  38.406 0.0000000000
120961  -47.344  -21.154  38.657 0.0000000000
59639  -47.829  -20.566  38.977 0.0000000000
59638  -46.748  -20.310  38.699 0.0000000000
60523  -46.549  -19.256  38.799 0.0000000000
122341  -47.315  -19.681  39.131 0.0000000000
120562  -48.633  -18.077  39.666 0.0000000000
56840  -48.550  -24.129  46.858 0.0000000000
55073  -48.884  -25.183  46.226 0.0000000000
133897  -49.360  -26.475  45.062 0.0000000000
53249  -49.403  -28.052  44.109 0.0000000000
118860  -46.483  -27.576  40.841 0.0000000000
53282  -47.063  -27.977  41.293 0.0000000000
127227  -45.694  -28.384  40.494 0.0000000000
52223  -45.247  -28.867  40.297 0.0000000000
51113  -44.757  -29.498  39.988 0.0000000000
51126  -43.337  -30.280  39.227 0.0000000000
51125  -42.684  -29.822  38.749 0.0000000000
51143  -41.282  -29.976  38.039 0.0000000000
50159  -40.769  -30.546  37.494 0.0000000000
52249  -41.188  -28.971  37.973 0.0000000000
52248  -40.442  -28.576  37.568 0.0000000000
55206  -43.484  -25.418  38.481 0.0000000000
55205  -42.791  -25.863  38.246 0.0000000000
55213  -42.369  -25.447  37.649 0.0000000000
55212  -41.743  -25.709  37.417 0.0000000000
54304  -40.590  -26.132  37.021 0.0000000000
137992  -39.493  -26.071  36.404 0.0000000000
55218  -41.148  -25.479  36.888 0.0000000000
56078  -40.789  -24.837  36.197 0.0000000000
46066  -32.547  -34.075  51.882 0.0000000000
47023  -32.082  -33.775  51.337 0.0000000000
47045  -32.362  -33.466  50.633 0.0000000000
120515  -32.354  -32.790  49.516 0.0000000000
127899  -34.488  -31.167  47.180 0.0000000000
49065  -33.523  -31.262  47.228 0.0000000000
49084  -33.474  -30.858  45.936 0.0000000000
50069  -32.649  -30.676  44.919 0.0000000000
50076  -31.742  -30.307  43.731 0.0000000000
120602  -31.163  -30.083  43.154 0.0000000000
50084  -31.409  -29.798  42.320 0.0000000000
51074  -31.708  -29.609  41.336 0.0000000000
57897  -40.857  -22.255  34.298 0.0000000000
56970  -40.302  -22.634  33.791 0.0000000000
58768  -40.360  -21.708  33.761 0.0000000000
129505  -40.401  -20.843  33.801 0.0000000000
130518  -42.195  -18.083  33.455 0.0000000000
61535  -41.569  -18.355  33.181 0.0000000000
61553  -41.458  -18.500  32.342 0.0000000000
61558  -46.861  -19.346  32.752 0.0000000000
59681  -47.449  -21.281  31.766 0.0000000000
59694  -47.588  -21.365  31.376 0.0000000000
59682  -48.144  -21.029  31.951 0.0000000000
60592  -49.700  -19.710  31.986 0.0000000000
50989  -42.579  -30.065  49.803 0.0000000000
51001  -41.963  -29.637  49.147 0.0000000000
52132  -41.489  -28.168  47.136 0.0000000000
55112  -42.736  -25.383  44.142 0.0000000000
54214  -42.171  -25.987  44.671 0.0000000000
55111  -41.963  -25.722  43.785 0.0000000000
55132  -41.767  -25.719  42.835 0.0000000000
54259  -41.301  -26.331  41.491 0.0000000000
54269  -40.718  -26.654  40.970 0.0000000000
52204  -41.413  -28.192  40.293 0.0000000000
117342  -41.419  -29.968  40.580 0.0000000000
53261  -47.356  -29.009  43.831 0.0000000000
54249  -46.564  -27.535  43.175 0.0000000000
53274  -46.568  -28.975  43.422 0.0000000000
51069  -45.352  -30.116  42.741 0.0000000000
130078  -41.587  -34.396  40.461 0.0000000000
46160  -42.454  -34.266  41.501 0.0000000000
46159  -41.838  -34.576  41.301 0.0000000000
46141  -41.976  -34.676  42.207 0.0000000000
47103  -41.747  -34.055  43.320 0.0000000000
48097  -41.849  -33.332  42.882 0.0000000000
46126  -41.189  -35.109  43.350 0.0000000000
45139  -40.658  -35.265  43.679 0.0000000000
49992  -41.791  -30.969  52.289 0.0000000000
50943  -41.343  -29.698  52.904 0.0000000000
55019  -43.364  -26.089  51.382 0.0000000000
54119  -44.063  -26.529  50.647 0.0000000000
135375  -45.865  -17.222  42.223 0.0000000000
63246  -46.805  -16.449  42.493 0.0000000000
63247  -47.917  -16.649  42.907 0.0000000000
63248  -48.891  -16.878  43.315 0.0000000000
64086  -51.520  -15.714  41.951 0.0000000000
64093  -52.071  -15.951  41.419 0.0000000000
64911  -51.639  -15.299  41.337 0.0000000000
64918  -51.951  -15.270  40.676 0.0000000000
128788  -49.670  -10.887  39.557 0.0000000000
66791  -49.329  -11.895  39.758 0.0000000000
66783  -49.314  -13.017  40.420 0.0000000000
65876  -49.645  -14.008  40.250 0.0000000000
65875  -48.945  -13.709  39.742 0.0000000000
64950  -50.409  -14.596  37.562 0.0000000000
64962  -50.185  -14.447  36.724 0.0000000000
64963  -50.986  -14.870  36.509 0.0000000000
66836  -48.639  -12.835  33.647 0.0000000000
65002  -48.753  -14.206  33.809 0.0000000000
65003  -49.358  -14.527  33.262 0.0000000000
64165  -51.013  -15.495  33.531 0.0000000000
64166  -52.070  -15.894  33.577 0.0000000000
62457  -53.264  -17.650  33.456 0.0000000000
64167  -52.897  -16.425  33.475 0.0000000000
63343  -53.399  -16.731  32.943 0.0000000000
63344  -53.507  -16.633  32.197 0.0000000000
69695  -54.064  -9.633  35.680 0.0000000000
122299  -53.896  -10.449  34.916 0.0000000000
133245  -53.494  -10.856  33.948 0.0000000000
139952  -53.641  -12.123  30.034 0.0000000000
66862  -53.127  -12.133  30.687 0.0000000000
66871  -53.263  -12.741  29.925 0.0000000000
65975  -53.242  -13.871  30.118 0.0000000000
65041  -53.543  -14.825  30.578 0.0000000000
64206  -53.434  -15.630  30.686 0.0000000000
64217  -52.757  -15.080  30.015 0.0000000000
64215  -50.746  -15.362  29.936 0.0000000000
64214  -49.455  -15.315  29.645 0.0000000000
64213  -48.594  -15.415  29.565 0.0000000000
65045  -48.953  -14.787  29.014 0.0000000000
65056  -48.418  -14.462  28.246 0.0000000000
118348  -49.628  -14.409  26.789 0.0000000000
124384  -49.185  -14.418  25.956 0.0000000000
124385  -48.234  -14.342  25.999 0.0000000000
65102  -46.649  -14.226  25.201 0.0000000000
65112  -56.810  -14.803  25.503 0.0000000000
65111  -55.753  -14.982  25.251 0.0000000000
64241  -55.177  -15.203  24.764 0.0000000000
118755  -54.227  -15.109  23.955 0.0000000000
65177  -51.605  -14.184  21.364 0.0000000000
120185  -51.802  -14.418  22.169 0.0000000000
47955  -23.925  -32.656  53.907 0.0000000000
48017  -25.056  -32.588  50.030 0.0000000000
47040  -24.193  -32.994  50.365 0.0000000000
47054  -24.303  -32.870  49.534 0.0000000000
126045  -23.697  -33.227  48.979 0.0000000000
46090  -23.130  -34.082  47.630 0.0000000000
132956  -23.070  -34.568  47.089 0.0000000000
46095  -23.248  -34.680  46.378 0.0000000000
45122  -23.642  -35.440  44.606 0.0000000000
44159  -23.897  -36.030  43.858 0.0000000000
122268  -29.136  -32.517  47.895 0.0000000000
48038  -28.625  -32.646  48.562 0.0000000000
124627  -28.522  -32.370  46.988 0.0000000000
48073  -27.754  -32.210  45.686 0.0000000000
47126  -24.790  -33.931  40.008 0.0000000000
47127  -25.091  -33.353  40.468 0.0000000000
46149  -24.552  -34.623  40.412 0.0000000000
117253  -24.425  -36.040  41.096 0.0000000000
41507  -24.267  -39.171  39.479 0.0000000000
126561  -24.240  -40.295  38.933 0.0000000000
40637  -24.398  -40.829  38.156 0.0000000000
38879  -24.675  -42.263  37.731 0.0000000000
138844  -38.606  -29.181  46.341 0.0000000000
51030  -37.962  -29.583  46.379 0.0000000000
51043  -38.179  -29.014  45.523 0.0000000000
51052  -37.790  -28.920  44.804 0.0000000000
52167  -36.704  -28.954  43.137 0.0000000000
52246  -35.583  -28.823  37.963 0.0000000000
52231  -36.028  -28.433  38.539 0.0000000000
52229  -34.296  -28.607  38.327 0.0000000000
52228  -33.458  -28.708  38.357 0.0000000000
52227  -32.773  -28.808  38.360 0.0000000000
51137  -32.718  -29.375  37.360 0.0000000000
49166  -32.421  -30.739  36.816 0.0000000000
49165  -31.802  -31.405  36.792 0.0000000000
45171  -29.742  -35.939  40.161 0.0000000000
46169  -30.000  -35.178  39.009 0.0000000000
56065  -44.825  -23.944  38.259 0.0000000000
120246  -44.478  -23.710  37.750 0.0000000000
57867  -46.178  -22.808  38.347 0.0000000000
57861  -48.482  -22.633  39.379 0.0000000000
57870  -48.787  -21.916  39.129 0.0000000000
58724  -49.408  -21.326  39.366 0.0000000000
125340  -50.781  -20.277  39.963 0.0000000000
56853  -48.105  -23.437  45.506 0.0000000000
56855  -49.048  -24.328  45.326 0.0000000000
56866  -49.201  -24.537  44.491 0.0000000000
55139  -49.705  -25.843  43.409 0.0000000000
54265  -49.561  -26.402  42.949 0.0000000000
55160  -49.561  -25.107  42.571 0.0000000000
118764  -49.063  -26.144  42.290 0.0000000000
140694  -47.680  -26.642  41.542 0.0000000000
54273  -46.932  -26.948  41.133 0.0000000000
54280  -44.632  -27.018  39.698 0.0000000000
54279  -43.902  -27.111  39.313 0.0000000000
130526  -44.203  -26.245  39.333 0.0000000000
55197  -44.549  -25.467  39.297 0.0000000000
55199  -45.934  -25.053  40.008 0.0000000000
56054  -44.922  -24.753  39.140 0.0000000000
55207  -44.197  -24.945  38.712 0.0000000000
140732  -44.708  -24.397  38.624 0.0000000000
61586  -43.344  -18.082  28.316 0.0000000000
122249  -34.875  -33.939  51.641 0.0000000000
47047  -34.657  -33.472  51.037 0.0000000000
132094  -35.159  -32.935  50.563 0.0000000000
48028  -35.018  -31.954  49.190 0.0000000000
48029  -36.388  -32.250  49.889 0.0000000000
49038  -35.968  -31.907  49.180 0.0000000000
49066  -35.090  -31.400  47.786 0.0000000000
49075  -34.763  -30.885  46.460 0.0000000000
116733  -34.363  -30.379  45.174 0.0000000000
60542  -42.897  -19.473  36.247 0.0000000000
59661  -41.865  -19.805  35.306 0.0000000000
61506  -43.025  -18.690  35.955 0.0000000000
61514  -42.689  -18.461  35.253 0.0000000000
62412  -44.305  -17.611  36.160 0.0000000000
62436  -43.713  -17.666  34.997 0.0000000000
61524  -43.029  -17.905  34.746 0.0000000000
61536  -42.995  -17.989  33.191 0.0000000000
61537  -44.166  -18.116  33.212 0.0000000000
61555  -43.854  -18.708  32.330 0.0000000000
61538  -45.179  -18.290  33.232 0.0000000000
61539  -46.096  -18.354  33.273 0.0000000000
61540  -47.012  -18.398  33.300 0.0000000000
61541  -47.938  -18.592  33.298 0.0000000000
62456  -49.337  -18.191  33.942 0.0000000000
52100  -44.086  -28.305  49.246 0.0000000000
52107  -43.568  -28.571  48.868 0.0000000000
53226  -43.095  -27.343  47.323 0.0000000000
54196  -43.333  -26.151  45.897 0.0000000000
136026  -44.432  -26.804  47.673 0.0000000000
55091  -42.992  -25.671  45.006 0.0000000000
129011  -43.182  -25.203  43.113 0.0000000000
54261  -43.144  -26.440  41.417 0.0000000000
49134  -45.261  -31.727  41.028 0.0000000000
49123  -45.190  -31.942  41.707 0.0000000000
48141  -43.711  -32.532  40.022 0.0000000000
47152  -43.518  -33.175  40.263 0.0000000000
47151  -42.939  -33.519  39.759 0.0000000000
47166  -41.189  -33.529  38.287 0.0000000000
46197  -41.567  -33.694  38.975 0.0000000000
46177  -41.591  -34.055  39.683 0.0000000000
46176  -40.792  -34.346  40.075 0.0000000000
139218  -39.411  -34.573  40.058 0.0000000000
126777  -39.054  -34.820  40.489 0.0000000000
45177  -37.865  -35.340  40.621 0.0000000000
46156  -37.511  -35.138  39.923 0.0000000000
46191  -35.982  -34.786  38.173 0.0000000000
51191  -36.150  -29.709  33.870 0.0000000000
51190  -35.526  -29.348  33.373 0.0000000000
50223  -35.177  -29.816  32.792 0.0000000000
52294  -35.496  -28.081  33.494 0.0000000000
51205  -34.992  -28.938  32.835 0.0000000000
67686  -48.807  -11.780  37.876 0.0000000000
66805  -48.554  -12.767  37.298 0.0000000000
67709  -48.730  -11.945  35.748 0.0000000000
67723  -48.739  -12.002  34.840 0.0000000000
67710  -49.339  -11.341  35.358 0.0000000000
66824  -48.823  -12.199  33.982 0.0000000000
66838  -49.977  -12.425  32.868 0.0000000000
66852  -50.402  -13.121  32.176 0.0000000000
67744  -56.125  -11.544  34.275 0.0000000000
67743  -55.174  -11.352  34.076 0.0000000000
67761  -55.804  -11.572  33.470 0.0000000000
67774  -55.362  -11.178  32.128 0.0000000000
67773  -54.466  -11.226  31.554 0.0000000000
67785  -55.741  -11.290  30.656 0.0000000000
67783  -54.099  -11.553  30.593 0.0000000000
65060  -52.332  -14.146  28.710 0.0000000000
134666  -51.982  -14.317  27.948 0.0000000000
65071  -51.422  -14.381  27.503 0.0000000000
65996  -53.169  -13.797  27.623 0.0000000000
119966  -52.206  -14.323  27.190 0.0000000000
124952  -51.142  -14.542  25.906 0.0000000000
65106  -50.646  -14.540  25.157 0.0000000000
65166  -55.581  -14.482  22.810 0.0000000000
124001  -54.158  -14.405  22.431 0.0000000000
124055  -25.272  -31.779  54.951 0.0000000000
48996  -25.985  -31.778  54.714 0.0000000000
140614  -25.693  -31.961  53.518 0.0000000000
47970  -25.426  -32.318  52.324 0.0000000000
117115  -27.020  -31.974  52.564 0.0000000000
119938  -26.451  -32.285  51.912 0.0000000000
47980  -25.644  -32.410  51.420 0.0000000000
48018  -25.798  -32.555  49.739 0.0000000000
48049  -24.882  -32.546  48.238 0.0000000000
48060  -25.069  -32.577  47.042 0.0000000000
49097  -28.647  -31.236  43.282 0.0000000000
49096  -27.866  -31.554  43.195 0.0000000000
49104  -27.725  -31.443  42.404 0.0000000000
49117  -26.830  -31.783  41.326 0.0000000000
48119  -26.109  -32.393  40.458 0.0000000000
48150  -26.060  -32.218  38.478 0.0000000000
48133  -25.641  -32.772  39.133 0.0000000000
47143  -25.224  -33.347  39.601 0.0000000000
47142  -24.978  -33.875  39.089 0.0000000000
43318  -24.558  -37.674  37.135 0.0000000000
42406  -25.211  -38.434  36.197 0.0000000000
122975  -25.982  -36.894  35.679 0.0000000000
42424  -25.784  -38.386  35.840 0.0000000000
53277  -38.605  -27.409  41.701 0.0000000000
53270  -37.967  -27.912  42.133 0.0000000000
126611  -38.040  -27.524  40.379 0.0000000000
53299  -37.721  -27.682  39.820 0.0000000000
52232  -36.901  -28.340  38.674 0.0000000000
50142  -37.460  -30.069  38.452 0.0000000000
51122  -37.343  -28.987  38.457 0.0000000000
51121  -36.409  -28.867  38.214 0.0000000000
50140  -36.212  -30.292  37.880 0.0000000000
49169  -35.129  -30.832  37.611 0.0000000000
48154  -34.358  -32.326  38.348 0.0000000000
56107  -37.639  -24.279  33.862 0.0000000000
56096  -38.514  -24.448  34.454 0.0000000000
56957  -39.003  -23.886  34.062 0.0000000000
56959  -40.749  -23.164  34.386 0.0000000000
56950  -40.872  -23.860  34.979 0.0000000000
139902  -41.166  -23.365  34.852 0.0000000000
56960  -41.377  -22.773  34.843 0.0000000000
57890  -41.792  -22.180  35.256 0.0000000000
58755  -42.286  -21.671  35.634 0.0000000000
56937  -44.589  -23.202  37.437 0.0000000000
58749  -44.171  -22.152  36.988 0.0000000000
130995  -46.008  -21.403  38.147 0.0000000000
58740  -44.697  -21.623  37.372 0.0000000000
58739  -44.074  -21.402  37.025 0.0000000000
59646  -43.601  -20.627  36.846 0.0000000000
129199  -43.329  -19.779  36.677 0.0000000000
61495  -44.059  -18.618  36.965 0.0000000000
126445  -46.014  -18.741  38.358 0.0000000000
61481  -45.917  -18.005  38.026 0.0000000000
63278  -47.971  -16.776  38.151 0.0000000000
55045  -47.487  -25.119  47.933 0.0000000000
55053  -47.306  -25.378  47.685 0.0000000000
55071  -47.197  -25.476  46.827 0.0000000000
55095  -47.453  -25.476  45.976 0.0000000000
55138  -47.310  -25.805  44.660 0.0000000000
55096  -48.617  -25.576  46.053 0.0000000000
54215  -48.401  -26.369  44.890 0.0000000000
123782  -47.574  -27.716  43.851 0.0000000000
51070  -47.425  -29.872  43.556 0.0000000000
50103  -46.235  -31.129  41.794 0.0000000000
121676  -49.622  -25.590  44.833 0.0000000000
53263  -49.507  -27.999  44.007 0.0000000000
52184  -48.819  -28.712  43.418 0.0000000000
53283  -47.792  -28.447  41.829 0.0000000000
52191  -47.808  -29.405  42.345 0.0000000000
51061  -48.341  -29.377  43.333 0.0000000000
51083  -47.323  -30.026  42.307 0.0000000000
50119  -46.213  -30.754  41.352 0.0000000000
50118  -45.876  -31.209  41.173 0.0000000000
49145  -43.713  -31.731  39.777 0.0000000000
49171  -42.293  -32.209  38.355 0.0000000000
48175  -41.650  -32.535  37.792 0.0000000000
48191  -39.878  -32.748  36.163 0.0000000000
47220  -39.157  -33.005  35.744 0.0000000000
47219  -38.343  -33.091  35.385 0.0000000000
48203  -38.770  -32.523  35.191 0.0000000000
49199  -38.895  -31.832  35.146 0.0000000000
50173  -39.712  -30.834  36.472 0.0000000000
50186  -39.146  -30.700  36.041 0.0000000000
50185  -38.679  -30.981  35.373 0.0000000000
137213  -38.065  -30.816  34.876 0.0000000000
50184  -38.095  -30.207  35.364 0.0000000000
51168  -37.668  -29.418  35.415 0.0000000000
53311  -42.527  -27.783  38.565 0.0000000000
53318  -41.089  -27.997  37.846 0.0000000000
117608  -40.983  -27.222  37.640 0.0000000000
53317  -40.403  -27.663  37.472 0.0000000000
52247  -39.720  -28.159  37.249 0.0000000000
52258  -39.125  -28.640  36.864 0.0000000000
52272  -37.971  -28.870  36.046 0.0000000000
52271  -37.394  -28.516  35.568 0.0000000000
123558  -37.182  -27.516  35.539 0.0000000000
54315  -37.428  -26.572  35.529 0.0000000000
54317  -38.874  -26.156  36.107 0.0000000000
54316  -38.181  -26.330  35.815 0.0000000000
54314  -36.727  -26.746  35.062 0.0000000000
54329  -36.999  -25.969  35.122 0.0000000000
55235  -36.892  -25.385  34.530 0.0000000000
65990  -58.396  -13.817  28.189 0.0000000000
123545  -58.244  -14.543  26.650 0.0000000000
65113  -57.813  -14.820  25.820 0.0000000000
125735  -57.414  -15.010  25.150 0.0000000000
65129  -57.083  -15.000  24.494 0.0000000000
65115  -59.974  -14.534  25.554 0.0000000000
65131  -58.912  -14.891  24.743 0.0000000000
65149  -57.647  -14.715  23.954 0.0000000000
65168  -57.430  -14.288  23.269 0.0000000000
66037  -56.702  -13.782  22.106 0.0000000000
66052  -56.371  -13.610  21.452 0.0000000000
66053  -57.262  -13.464  21.623 0.0000000000
124874  -56.957  -13.198  20.880 0.0000000000
47002  -29.928  -33.414  52.640 0.0000000000
47020  -29.823  -33.506  51.783 0.0000000000
131486  -30.078  -33.610  51.244 0.0000000000
47044  -31.470  -33.582  50.709 0.0000000000
47057  -30.276  -33.171  49.887 0.0000000000
48023  -29.842  -32.819  49.202 0.0000000000
120826  -29.806  -32.455  47.543 0.0000000000
48065  -29.668  -32.219  46.701 0.0000000000
49079  -29.082  -31.564  45.118 0.0000000000
48003  -33.877  -32.773  50.229 0.0000000000
48026  -33.188  -32.644  49.649 0.0000000000
48042  -32.138  -32.066  48.347 0.0000000000
129342  -32.565  -31.399  47.102 0.0000000000
48056  -32.148  -31.716  47.674 0.0000000000
49072  -31.684  -31.614  47.039 0.0000000000
120173  -31.077  -31.635  46.358 0.0000000000
49080  -29.953  -31.377  45.340 0.0000000000
50098  -28.658  -30.704  41.861 0.0000000000
119350  -30.083  -30.065  42.039 0.0000000000
50113  -29.051  -30.304  41.120 0.0000000000
50112  -28.666  -30.288  40.274 0.0000000000
50126  -28.335  -30.177  39.145 0.0000000000
137822  -28.190  -30.247  37.999 0.0000000000
49183  -28.083  -31.362  36.189 0.0000000000
46138  -37.292  -34.296  42.278 0.0000000000
56966  -37.124  -23.802  33.159 0.0000000000
56977  -37.646  -23.380  32.575 0.0000000000
56986  -37.375  -23.152  31.991 0.0000000000
57903  -39.187  -22.838  32.895 0.0000000000
132479  -38.713  -22.520  32.321 0.0000000000
57917  -37.615  -22.716  31.486 0.0000000000
57923  -37.872  -22.311  30.920 0.0000000000
122354  -40.714  -19.993  34.100 0.0000000000
59673  -40.280  -20.286  33.455 0.0000000000
59678  -39.552  -20.646  32.430 0.0000000000
60577  -45.833  -20.652  31.996 0.0000000000
59701  -47.162  -21.779  30.817 0.0000000000
60600  -46.697  -21.697  30.454 0.0000000000
61578  -47.065  -18.970  30.635 0.0000000000
49026  -40.318  -32.014  50.646 0.0000000000
49042  -39.765  -31.539  50.040 0.0000000000
50015  -40.152  -30.957  49.543 0.0000000000
51015  -39.581  -29.467  47.505 0.0000000000
51000  -40.991  -29.742  48.771 0.0000000000
51031  -39.268  -29.033  46.726 0.0000000000
52129  -39.033  -28.677  45.959 0.0000000000
52154  -39.069  -28.114  44.169 0.0000000000
53205  -42.419  -27.909  47.573 0.0000000000
53224  -41.852  -27.658  46.779 0.0000000000
53223  -41.163  -27.727  46.193 0.0000000000
53238  -41.691  -26.653  45.208 0.0000000000
139766  -41.103  -26.974  44.998 0.0000000000
53237  -40.730  -27.466  45.357 0.0000000000
53245  -39.817  -27.644  44.320 0.0000000000
53259  -39.615  -27.499  43.411 0.0000000000
53271  -39.235  -27.339  42.412 0.0000000000
53278  -39.327  -27.013  41.356 0.0000000000
53301  -39.232  -27.435  39.979 0.0000000000
51110  -39.373  -28.821  39.299 0.0000000000
52203  -40.599  -28.059  39.953 0.0000000000
50129  -39.306  -29.926  39.339 0.0000000000
48122  -38.509  -32.500  40.584 0.0000000000
48107  -39.012  -32.932  41.375 0.0000000000
55094  -46.362  -25.324  45.775 0.0000000000
124263  -45.708  -25.096  45.052 0.0000000000
56011  -44.937  -24.842  43.990 0.0000000000
54248  -46.047  -26.050  43.170 0.0000000000
55158  -45.134  -25.629  42.873 0.0000000000
55135  -44.651  -25.056  43.442 0.0000000000
54247  -44.607  -26.024  42.262 0.0000000000
124059  -43.888  -27.067  41.612 0.0000000000
53280  -43.435  -27.602  41.334 0.0000000000
49109  -45.156  -31.711  42.271 0.0000000000
48099  -44.618  -32.249  42.063 0.0000000000
50088  -44.458  -31.252  42.507 0.0000000000
47119  -43.490  -33.099  42.165 0.0000000000
50087  -43.783  -31.479  42.396 0.0000000000
134558  -43.825  -30.009  41.945 0.0000000000
118275  -43.414  -29.254  41.504 0.0000000000
52189  -42.945  -28.270  41.034 0.0000000000
51079  -42.267  -29.965  41.086 0.0000000000
50101  -41.991  -30.659  41.361 0.0000000000
49120  -40.949  -31.722  41.409 0.0000000000
133981  -41.088  -32.957  42.468 0.0000000000
48109  -40.652  -32.476  41.814 0.0000000000
48108  -39.840  -32.687  41.586 0.0000000000
47116  -38.692  -33.519  42.127 0.0000000000
47099  -38.405  -34.074  42.860 0.0000000000
50209  -35.877  -30.290  33.346 0.0000000000
59602  -47.536  -21.009  42.123 0.0000000000
60485  -46.402  -19.759  42.305 0.0000000000
61439  -45.429  -18.188  42.428 0.0000000000
48969  -26.337  -31.602  56.214 0.0000000000
48970  -27.053  -31.697  55.889 0.0000000000
47930  -27.410  -31.873  55.326 0.0000000000
47915  -27.787  -31.778  56.089 0.0000000000
47931  -28.386  -32.090  55.416 0.0000000000
47946  -28.511  -32.242  54.443 0.0000000000
47932  -29.248  -32.559  54.971 0.0000000000
46978  -29.971  -33.152  54.527 0.0000000000
46036  -31.129  -34.126  53.415 0.0000000000
131010  -32.252  -34.783  53.970 0.0000000000
127135  -32.402  -34.710  53.007 0.0000000000
46052  -32.886  -34.487  52.433 0.0000000000
46053  -33.689  -34.544  52.524 0.0000000000
46068  -34.264  -34.267  52.050 0.0000000000
46054  -34.515  -34.587  52.719 0.0000000000
46069  -35.139  -34.321  52.310 0.0000000000
47026  -35.631  -33.932  52.017 0.0000000000
47027  -36.450  -33.738  52.028 0.0000000000
47028  -37.417  -33.664  52.005 0.0000000000
47984  -38.286  -33.498  51.883 0.0000000000
47985  -39.192  -33.128  51.630 0.0000000000
48007  -39.827  -32.546  51.098 0.0000000000
47987  -40.694  -32.609  51.941 0.0000000000
48008  -40.571  -32.372  51.264 0.0000000000
48009  -41.083  -31.809  50.804 0.0000000000
49027  -41.795  -31.441  51.048 0.0000000000
49028  -42.286  -30.838  50.679 0.0000000000
49993  -42.271  -30.647  51.794 0.0000000000
118979  -42.603  -30.357  50.332 0.0000000000
50018  -43.016  -29.964  50.211 0.0000000000
50019  -43.385  -29.600  50.074 0.0000000000
50983  -43.694  -29.181  50.165 0.0000000000
140876  -43.481  -28.896  50.983 0.0000000000
53157  -43.797  -28.509  50.566 0.0000000000
50992  -43.963  -28.709  49.722 0.0000000000
53173  -44.396  -27.928  49.587 0.0000000000
53174  -44.819  -27.196  49.216 0.0000000000
54127  -44.734  -26.436  49.935 0.0000000000
129252  -45.423  -26.494  49.001 0.0000000000
129474  -45.871  -25.943  48.948 0.0000000000
55036  -46.295  -25.373  48.700 0.0000000000
130561  -44.807  -24.081  49.885 0.0000000000
55952  -46.020  -24.623  49.003 0.0000000000
55044  -46.841  -25.259  48.263 0.0000000000
56833  -47.856  -24.210  47.771 0.0000000000
57743  -46.648  -23.075  48.181 0.0000000000
57744  -47.436  -23.579  47.721 0.0000000000
128646  -47.998  -23.785  47.378 0.0000000000
56844  -48.248  -23.697  46.802 0.0000000000
57764  -47.649  -23.136  46.563 0.0000000000
58636  -46.595  -21.737  47.067 0.0000000000
58637  -47.119  -22.370  46.503 0.0000000000
57776  -47.622  -22.955  46.034 0.0000000000
129650  -47.374  -22.872  45.304 0.0000000000
138070  -47.084  -22.916  44.527 0.0000000000
57816  -47.286  -22.471  42.794 0.0000000000
58690  -46.728  -21.643  42.570 0.0000000000
59603  -48.885  -20.634  42.169 0.0000000000
59604  -50.092  -20.390  42.394 0.0000000000
59605  -51.083  -20.230  42.299 0.0000000000
127596  -48.306  -18.384  42.687 0.0000000000
59606  -51.566  -20.205  42.018 0.0000000000
60490  -51.254  -19.436  42.446 0.0000000000
60497  -51.853  -19.585  41.739 0.0000000000
61463  -51.848  -19.177  41.117 0.0000000000
63231  -48.625  -15.972  43.271 0.0000000000
63232  -49.467  -16.217  43.406 0.0000000000
132978  -49.628  -15.415  43.257 0.0000000000
132943  -50.010  -16.728  43.449 0.0000000000
62339  -50.210  -17.326  43.445 0.0000000000
62351  -51.206  -17.852  42.978 0.0000000000
61452  -51.906  -18.570  41.743 0.0000000000
61462  -51.402  -18.689  40.638 0.0000000000
61461  -50.353  -18.219  40.187 0.0000000000
62385  -50.120  -17.369  39.915 0.0000000000
63262  -52.025  -16.550  40.625 0.0000000000
62383  -49.067  -17.345  39.423 0.0000000000
63280  -49.473  -16.685  38.833 0.0000000000
63287  -48.746  -16.647  38.090 0.0000000000
65853  -50.299  -13.820  41.813 0.0000000000
64917  -51.463  -14.845  40.621 0.0000000000
64925  -51.401  -14.887  39.948 0.0000000000
64937  -51.615  -15.207  39.734 0.0000000000
140916  -51.210  -15.800  38.788 0.0000000000
139797  -50.232  -16.402  38.511 0.0000000000
63300  -48.995  -16.543  37.331 0.0000000000
63313  -49.211  -16.624  36.570 0.0000000000
141296  -49.350  -16.926  35.908 0.0000000000
63290  -51.266  -15.755  37.063 0.0000000000
63314  -50.323  -16.827  36.304 0.0000000000
62442  -49.601  -17.693  34.741 0.0000000000
137647  -50.165  -18.128  34.343 0.0000000000
64975  -51.153  -15.131  35.852 0.0000000000
64988  -49.350  -14.776  34.256 0.0000000000
64989  -50.400  -15.197  34.807 0.0000000000
64152  -51.518  -15.565  35.349 0.0000000000
62429  -52.272  -17.137  35.300 0.0000000000
61525  -51.109  -18.294  34.317 0.0000000000
61543  -50.279  -18.651  33.614 0.0000000000
60566  -50.446  -19.094  32.867 0.0000000000
60593  -50.190  -19.175  32.381 0.0000000000
62465  -52.299  -18.175  32.492 0.0000000000
61572  -50.453  -18.842  32.037 0.0000000000
61571  -49.681  -19.136  31.593 0.0000000000
61581  -49.219  -19.149  31.241 0.0000000000
128921  -48.971  -18.544  30.963 0.0000000000
62484  -48.438  -17.681  30.761 0.0000000000
67756  -50.921  -12.225  32.767 0.0000000000
67742  -53.995  -11.039  33.459 0.0000000000
138434  -53.107  -11.261  33.171 0.0000000000
67771  -52.755  -11.923  31.638 0.0000000000
67758  -52.472  -11.697  32.503 0.0000000000
65952  -51.124  -13.657  31.876 0.0000000000
64184  -53.607  -15.923  31.557 0.0000000000
63363  -53.590  -15.967  30.966 0.0000000000
63361  -51.960  -16.575  30.823 0.0000000000
62485  -51.338  -17.265  31.233 0.0000000000
62483  -47.472  -17.739  30.575 0.0000000000
63356  -46.911  -16.937  30.163 0.0000000000
63367  -46.426  -16.382  29.632 0.0000000000
64210  -45.904  -15.880  29.186 0.0000000000
64212  -47.701  -15.507  29.453 0.0000000000
63373  -45.042  -16.196  29.002 0.0000000000
64219  -44.564  -15.763  28.344 0.0000000000
64228  -44.189  -15.393  27.588 0.0000000000
65058  -50.319  -14.505  28.460 0.0000000000
65067  -47.608  -14.447  27.711 0.0000000000
65068  -48.276  -14.369  27.405 0.0000000000
118330  -46.922  -14.499  27.250 0.0000000000
65065  -45.601  -14.739  27.367 0.0000000000
66000  -56.640  -13.198  27.358 0.0000000000
66011  -55.447  -13.651  26.365 0.0000000000
65086  -54.135  -14.483  25.818 0.0000000000
65108  -52.911  -14.696  25.547 0.0000000000
65107  -51.598  -14.660  25.085 0.0000000000
65122  -50.165  -14.345  24.409 0.0000000000
65145  -54.152  -14.733  23.145 0.0000000000
118671  -53.362  -14.897  23.624 0.0000000000
118346  -52.460  -14.807  23.681 0.0000000000
117454  -52.069  -14.652  22.953 0.0000000000
118347  -50.655  -14.363  23.664 0.0000000000
65121  -49.151  -14.163  24.334 0.0000000000
47956  -24.500  -32.412  53.583 0.0000000000
128965  -23.682  -32.909  52.677 0.0000000000
47018  -24.061  -33.012  51.200 0.0000000000
43200  -24.111  -37.751  45.749 0.0000000000
44143  -23.588  -36.452  45.744 0.0000000000
43199  -23.847  -37.134  45.470 0.0000000000
47019  -28.902  -33.199  51.541 0.0000000000
47983  -28.497  -33.122  50.861 0.0000000000
48020  -27.617  -32.801  49.767 0.0000000000
120361  -28.029  -32.559  48.120 0.0000000000
118975  -27.806  -32.688  48.848 0.0000000000
118498  -26.873  -32.655  48.899 0.0000000000
120692  -26.485  -32.583  47.941 0.0000000000
48061  -25.652  -32.605  46.528 0.0000000000
118402  -24.911  -32.690  46.170 0.0000000000
48087  -27.115  -31.945  43.519 0.0000000000
125065  -26.907  -32.232  44.245 0.0000000000
121293  -26.128  -32.489  44.244 0.0000000000
47098  -25.061  -33.154  42.054 0.0000000000
47092  -25.332  -32.872  42.817 0.0000000000
48078  -25.842  -32.540  44.825 0.0000000000
48084  -25.143  -32.722  44.280 0.0000000000
47087  -24.295  -33.033  44.728 0.0000000000
47082  -24.179  -33.025  45.639 0.0000000000
45129  -23.746  -35.153  43.987 0.0000000000
117324  -24.290  -36.775  43.058 0.0000000000
119115  -24.459  -36.847  42.038 0.0000000000
43233  -24.368  -37.704  42.389 0.0000000000
140980  -24.506  -39.615  37.585 0.0000000000
49059  -39.028  -31.024  49.232 0.0000000000
50030  -38.126  -30.931  48.482 0.0000000000
49069  -37.377  -30.885  47.898 0.0000000000
50057  -37.847  -30.048  46.985 0.0000000000
50056  -37.261  -30.086  46.488 0.0000000000
50055  -36.635  -30.516  46.705 0.0000000000
50063  -35.761  -30.455  45.731 0.0000000000
118962  -35.228  -30.175  45.110 0.0000000000
50071  -34.623  -30.017  44.466 0.0000000000
52188  -37.292  -28.150  41.679 0.0000000000
52178  -36.548  -28.761  42.188 0.0000000000
52200  -35.841  -28.366  40.133 0.0000000000
52186  -35.500  -28.848  40.967 0.0000000000
51068  -36.030  -29.308  42.817 0.0000000000
51067  -35.318  -29.429  42.537 0.0000000000
51056  -34.535  -29.671  43.062 0.0000000000
51055  -33.748  -29.844  43.236 0.0000000000
51065  -33.002  -29.612  42.047 0.0000000000
51089  -31.656  -29.366  40.312 0.0000000000
117692  -30.941  -29.361  39.824 0.0000000000
52213  -32.049  -28.908  38.778 0.0000000000
51106  -31.080  -29.089  38.926 0.0000000000
51120  -30.379  -29.199  38.305 0.0000000000
51133  -29.270  -29.708  37.454 0.0000000000
51151  -29.001  -30.173  36.888 0.0000000000
122624  -28.453  -31.810  35.970 0.0000000000
47113  -35.899  -34.208  41.089 0.0000000000
47130  -35.469  -33.706  40.418 0.0000000000
46155  -34.947  -34.209  40.980 0.0000000000
47148  -35.117  -33.287  39.734 0.0000000000
48135  -34.755  -32.841  39.034 0.0000000000
47164  -33.898  -32.988  38.930 0.0000000000
48153  -33.501  -32.496  38.222 0.0000000000
46171  -32.511  -34.398  40.097 0.0000000000
47163  -33.017  -33.139  38.855 0.0000000000
48152  -32.673  -32.685  38.060 0.0000000000
48171  -32.272  -32.151  37.321 0.0000000000
48170  -31.436  -32.312  37.183 0.0000000000
48169  -30.621  -32.480  37.021 0.0000000000
46209  -30.066  -34.060  37.868 0.0000000000
47179  -30.334  -33.272  37.415 0.0000000000
47196  -29.862  -32.688  36.678 0.0000000000
48188  -29.186  -32.019  36.153 0.0000000000
48187  -28.442  -32.521  35.850 0.0000000000
47194  -28.387  -33.570  35.770 0.0000000000
45248  -27.868  -34.496  35.560 0.0000000000
45232  -27.902  -36.060  35.943 0.0000000000
39729  -24.594  -41.548  37.679 0.0000000000
39753  -25.073  -41.064  36.717 0.0000000000
40656  -24.574  -40.264  37.466 0.0000000000
40680  -25.527  -40.584  36.482 0.0000000000
41533  -24.702  -39.730  36.963 0.0000000000
42426  -27.062  -37.904  35.803 0.0000000000
43211  -24.141  -37.543  44.909 0.0000000000
43319  -24.928  -37.622  36.396 0.0000000000
43335  -25.507  -37.380  35.916 0.0000000000
43336  -26.138  -37.771  35.679 0.0000000000
44246  -24.676  -36.893  36.918 0.0000000000
44247  -25.253  -36.644  36.246 0.0000000000
44265  -25.871  -36.031  35.781 0.0000000000
45179  -39.500  -35.274  41.567 0.0000000000
45191  -30.197  -35.406  39.723 0.0000000000
45218  -28.700  -35.618  37.343 0.0000000000
45219  -29.138  -35.183  37.861 0.0000000000
46050  -31.179  -34.126  52.715 0.0000000000
46051  -31.752  -34.298  52.537 0.0000000000
46099  -23.492  -34.728  45.166 0.0000000000
46106  -23.916  -34.456  43.721 0.0000000000
46113  -40.961  -34.957  43.699 0.0000000000
46114  -41.220  -34.482  43.522 0.0000000000
46118  -24.285  -34.620  42.197 0.0000000000
46127  -41.516  -34.674  43.334 0.0000000000
46142  -42.292  -34.208  42.772 0.0000000000
46157  -38.268  -34.909  40.150 0.0000000000
46170  -31.197  -34.419  39.454 0.0000000000
46178  -42.311  -34.124  40.330 0.0000000000
46186  -24.860  -34.557  38.445 0.0000000000
46188  -29.706  -34.790  38.295 0.0000000000
46192  -36.798  -34.592  38.401 0.0000000000
47000  -23.857  -32.910  52.025 0.0000000000
47030  -39.606  -33.324  52.214 0.0000000000
47039  -23.291  -33.316  50.668 0.0000000000
47042  -29.891  -33.448  50.611 0.0000000000
47071  -23.675  -33.361  47.524 0.0000000000
47093  -40.747  -34.580  43.673 0.0000000000
47112  -24.979  -33.306  41.282 0.0000000000
47117  -39.590  -33.340  42.334 0.0000000000
47118  -42.966  -33.648  41.872 0.0000000000
47131  -36.423  -33.624  40.531 0.0000000000
47144  -31.724  -33.845  39.119 0.0000000000
47145  -32.539  -33.770  39.450 0.0000000000
47147  -34.266  -33.423  39.634 0.0000000000
47149  -36.017  -33.169  39.821 0.0000000000
47160  -30.742  -33.722  38.189 0.0000000000
47168  -42.685  -33.178  39.031 0.0000000000
47177  -25.382  -33.592  37.225 0.0000000000
47183  -40.818  -33.331  37.471 0.0000000000
47192  -25.590  -33.656  36.556 0.0000000000
47193  -26.023  -33.357  36.112 0.0000000000
47195  -29.122  -33.030  36.225 0.0000000000
47201  -39.521  -33.302  36.490 0.0000000000
47212  -26.794  -33.169  35.686 0.0000000000
47213  -27.691  -32.836  35.658 0.0000000000
47236  -37.741  -33.023  34.777 0.0000000000
47947  -29.266  -32.715  54.027 0.0000000000
47969  -23.819  -32.758  53.292 0.0000000000
47973  -41.208  -32.147  52.113 0.0000000000
47986  -40.050  -32.923  51.743 0.0000000000
47999  -25.966  -32.494  50.493 0.0000000000
48001  -27.913  -32.898  50.470 0.0000000000
48002  -28.357  -33.029  50.182 0.0000000000
48024  -30.765  -32.695  49.148 0.0000000000
48027  -34.114  -32.265  49.469 0.0000000000
48030  -37.185  -32.261  50.030 0.0000000000
48036  -25.174  -32.530  49.161 0.0000000000
48039  -29.439  -32.632  48.477 0.0000000000
48043  -32.723  -32.296  48.883 0.0000000000
48052  -28.559  -32.479  47.691 0.0000000000
48053  -29.140  -32.410  47.191 0.0000000000
48055  -31.385  -31.957  47.855 0.0000000000
48063  -28.147  -32.286  46.421 0.0000000000
48066  -30.332  -32.067  46.919 0.0000000000
48071  -25.661  -32.592  45.967 0.0000000000
48072  -26.928  -32.387  45.639 0.0000000000
48075  -29.401  -31.912  45.934 0.0000000000
48080  -27.767  -31.800  44.124 0.0000000000
48085  -25.664  -32.641  43.557 0.0000000000
48086  -26.427  -32.318  43.618 0.0000000000
48092  -25.698  -32.642  42.176 0.0000000000
48093  -26.492  -32.135  42.103 0.0000000000
48096  -40.994  -33.464  42.960 0.0000000000
48098  -43.760  -32.624  42.329 0.0000000000
48118  -25.651  -32.827  40.053 0.0000000000
48126  -44.693  -32.285  41.379 0.0000000000
48134  -26.219  -32.180  39.557 0.0000000000
48139  -38.051  -32.018  39.920 0.0000000000
48142  -44.390  -32.088  40.539 0.0000000000
48151  -31.877  -32.887  37.842 0.0000000000
48167  -25.785  -32.923  36.781 0.0000000000
48186  -26.732  -32.136  36.388 0.0000000000
48189  -30.064  -31.822  36.578 0.0000000000
48190  -30.886  -31.653  36.738 0.0000000000
48219  -38.386  -32.166  34.664 0.0000000000
49055  -34.853  -31.659  48.433 0.0000000000
49056  -35.568  -31.606  48.450 0.0000000000
49074  -33.918  -30.963  46.519 0.0000000000
49083  -32.765  -30.893  45.696 0.0000000000
49099  -30.212  -30.715  43.956 0.0000000000
49103  -27.280  -31.595  41.871 0.0000000000
49119  -27.950  -31.138  41.788 0.0000000000
49139  -26.599  -31.615  38.741 0.0000000000
49152  -27.066  -31.136  38.125 0.0000000000
49153  -34.774  -31.576  37.851 0.0000000000
49155  -36.252  -31.138  38.161 0.0000000000
49164  -27.130  -31.307  37.200 0.0000000000
49167  -33.342  -30.947  37.066 0.0000000000
49170  -41.678  -31.838  37.756 0.0000000000
49187  -31.725  -30.624  36.715 0.0000000000
49189  -40.543  -31.850  36.676 0.0000000000
49211  -38.315  -31.500  34.725 0.0000000000
50008  -43.202  -29.738  50.449 0.0000000000
50032  -40.570  -30.340  49.158 0.0000000000
50062  -34.982  -30.586  45.784 0.0000000000
50068  -31.485  -30.688  44.419 0.0000000000
50078  -34.116  -29.973  43.801 0.0000000000
50082  -29.048  -30.753  42.654 0.0000000000
50083  -30.577  -30.046  42.555 0.0000000000
50104  -46.674  -30.501  41.934 0.0000000000
50116  -41.204  -30.910  40.993 0.0000000000
50130  -40.075  -29.746  39.710 0.0000000000
50141  -36.718  -29.643  38.127 0.0000000000
50143  -38.084  -29.628  38.675 0.0000000000
50144  -42.022  -30.390  38.442 0.0000000000
50146  -43.310  -31.099  39.346 0.0000000000
50153  -27.789  -30.984  36.746 0.0000000000
50154  -28.290  -30.457  37.158 0.0000000000
50157  -34.720  -30.070  37.470 0.0000000000
50158  -35.934  -29.410  37.835 0.0000000000
50168  -28.553  -30.772  36.543 0.0000000000
50169  -29.469  -30.621  36.554 0.0000000000
50172  -32.022  -30.117  36.860 0.0000000000
50991  -43.601  -29.241  49.771 0.0000000000
51042  -37.360  -29.636  45.756 0.0000000000
51049  -35.557  -29.833  44.273 0.0000000000
51059  -36.767  -29.206  43.863 0.0000000000
51066  -33.791  -29.666  42.487 0.0000000000
51071  -47.725  -30.006  43.201 0.0000000000
51075  -32.511  -29.557  41.492 0.0000000000
51077  -34.740  -29.193  41.211 0.0000000000
51088  -29.395  -29.885  40.358 0.0000000000
51095  -42.639  -29.204  41.025 0.0000000000
51097  -46.251  -29.989  41.168 0.0000000000
51112  -44.026  -29.845  39.533 0.0000000000
51119  -29.515  -29.410  38.180 0.0000000000
51123  -38.071  -28.890  38.729 0.0000000000
51134  -30.063  -29.484  37.459 0.0000000000
51136  -31.429  -29.089  37.984 0.0000000000
51140  -35.149  -29.327  37.662 0.0000000000
51142  -40.563  -29.559  37.571 0.0000000000
51153  -30.647  -29.768  36.945 0.0000000000
51155  -32.262  -29.680  37.101 0.0000000000
51156  -38.670  -29.258  36.405 0.0000000000
51179  -36.606  -29.386  34.410 0.0000000000
52072  -43.366  -28.388  51.253 0.0000000000
52105  -42.272  -29.200  48.763 0.0000000000
52117  -42.862  -28.398  48.332 0.0000000000
52130  -39.808  -28.520  46.309 0.0000000000
52152  -37.830  -28.717  44.236 0.0000000000
52155  -48.441  -29.095  44.039 0.0000000000
52156  -49.033  -28.627  44.120 0.0000000000
52157  -49.278  -28.433  44.022 0.0000000000
52172  -49.299  -28.340  43.830 0.0000000000
52177  -36.019  -28.884  41.532 0.0000000000
52179  -37.359  -28.467  42.631 0.0000000000
52182  -46.076  -29.489  43.105 0.0000000000
52198  -33.970  -28.699  39.993 0.0000000000
52214  -32.888  -28.716  39.035 0.0000000000
52217  -35.490  -28.311  39.252 0.0000000000
52219  -37.341  -27.939  39.244 0.0000000000
52242  -32.351  -28.975  37.896 0.0000000000
52243  -33.137  -28.970  37.749 0.0000000000
52244  -33.944  -28.927  37.762 0.0000000000
52245  -34.783  -28.840  37.820 0.0000000000
52257  -38.483  -28.309  36.501 0.0000000000
52270  -36.869  -28.224  35.166 0.0000000000
53236  -40.041  -27.718  45.094 0.0000000000
53258  -38.811  -27.914  43.235 0.0000000000
53275  -48.949  -27.911  42.922 0.0000000000
53276  -37.970  -27.591  41.175 0.0000000000
53290  -40.849  -27.242  40.439 0.0000000000
53292  -42.333  -27.625  40.715 0.0000000000
53300  -38.438  -27.542  39.882 0.0000000000
53302  -40.029  -27.438  40.187 0.0000000000
53305  -45.077  -27.908  40.119 0.0000000000
53368  -34.922  -27.110  32.667 0.0000000000
54137  -44.801  -27.085  49.569 0.0000000000
54178  -45.624  -25.959  47.285 0.0000000000
54197  -49.175  -25.822  45.663 0.0000000000
54213  -41.349  -26.438  44.355 0.0000000000
54216  -49.140  -27.115  44.843 0.0000000000
54217  -49.498  -27.257  44.448 0.0000000000
54231  -47.575  -26.514  44.213 0.0000000000
54246  -41.154  -26.141  42.197 0.0000000000
54250  -49.222  -26.984  42.752 0.0000000000
54262  -43.935  -26.246  41.816 0.0000000000
54263  -47.704  -27.488  41.637 0.0000000000
54268  -40.049  -26.773  41.133 0.0000000000
54271  -42.071  -26.976  40.748 0.0000000000
54272  -46.148  -26.844  40.573 0.0000000000
54296  -42.075  -26.241  37.876 0.0000000000
54302  -39.152  -26.812  36.562 0.0000000000
54339  -35.317  -26.003  33.257 0.0000000000
55055  -48.588  -25.008  46.932 0.0000000000
55092  -43.879  -25.445  45.305 0.0000000000
55115  -45.638  -25.051  44.344 0.0000000000
55155  -42.663  -25.495  42.486 0.0000000000
55156  -43.503  -25.361  42.647 0.0000000000
55157  -44.279  -25.362  42.764 0.0000000000
55174  -43.292  -25.701  41.947 0.0000000000
55178  -49.483  -25.341  42.375 0.0000000000
55189  -48.355  -25.219  41.416 0.0000000000
55226  -38.603  -25.625  35.593 0.0000000000
55972  -48.712  -24.552  46.563 0.0000000000
55989  -49.030  -24.506  45.866 0.0000000000
56000  -44.399  -24.839  43.943 0.0000000000
56001  -49.595  -25.191  44.303 0.0000000000
56055  -45.341  -24.048  38.806 0.0000000000
56057  -47.220  -23.950  39.866 0.0000000000
56071  -43.275  -24.525  37.598 0.0000000000
56839  -48.290  -24.153  47.347 0.0000000000
56872  -48.219  -23.664  43.826 0.0000000000
56874  -49.467  -24.712  43.493 0.0000000000
56882  -49.618  -24.141  42.565 0.0000000000
56883  -50.060  -23.622  41.798 0.0000000000
56909  -50.523  -23.116  41.074 0.0000000000
56924  -50.041  -22.673  40.146 0.0000000000
56952  -42.305  -23.213  35.802 0.0000000000
56968  -38.969  -23.470  33.425 0.0000000000
57755  -47.598  -23.276  47.141 0.0000000000
57818  -49.147  -22.749  42.353 0.0000000000
57833  -50.985  -22.243  41.157 0.0000000000
57862  -49.521  -22.342  39.607 0.0000000000
57869  -47.949  -22.241  38.905 0.0000000000
57877  -44.892  -22.547  37.453 0.0000000000
57909  -38.043  -22.856  32.093 0.0000000000
57910  -38.971  -21.896  32.001 0.0000000000
58693  -50.046  -22.174  41.957 0.0000000000
58694  -51.312  -20.897  41.719 0.0000000000
58725  -50.349  -21.414  39.708 0.0000000000
58748  -43.486  -21.598  36.613 0.0000000000
58754  -41.617  -21.252  35.111 0.0000000000
59614  -51.705  -20.559  41.414 0.0000000000
59629  -51.284  -21.028  40.423 0.0000000000
59655  -42.963  -20.303  36.471 0.0000000000
59679  -39.989  -20.094  32.854 0.0000000000
59693  -47.157  -21.835  31.221 0.0000000000
60487  -48.722  -19.117  42.602 0.0000000000
60502  -51.552  -19.706  40.545 0.0000000000
60503  -51.840  -20.099  40.949 0.0000000000
60549  -42.481  -19.197  35.619 0.0000000000
60565  -49.795  -19.254  32.949 0.0000000000
60580  -49.059  -20.403  32.055 0.0000000000
60586  -40.109  -19.374  31.677 0.0000000000
61443  -50.268  -18.349  43.225 0.0000000000
61473  -50.773  -19.395  40.111 0.0000000000
61523  -42.610  -17.928  34.044 0.0000000000
61528  -53.077  -18.033  33.631 0.0000000000
62340  -51.109  -17.035  43.050 0.0000000000
62349  -47.092  -17.333  42.520 0.0000000000
62384  -49.445  -17.904  39.886 0.0000000000
62421  -43.833  -17.766  35.680 0.0000000000
62430  -52.621  -17.154  34.765 0.0000000000
62443  -51.818  -17.784  34.976 0.0000000000
62445  -53.006  -17.568  34.136 0.0000000000
62458  -53.428  -17.282  32.864 0.0000000000
62467  -53.438  -17.098  32.201 0.0000000000
62477  -51.923  -17.790  31.755 0.0000000000
63249  -51.024  -15.791  42.510 0.0000000000
63257  -52.078  -16.746  41.606 0.0000000000
63302  -51.251  -16.273  36.618 0.0000000000
63315  -52.361  -16.712  35.134 0.0000000000
63335  -53.267  -17.072  33.625 0.0000000000
63352  -53.282  -16.866  31.647 0.0000000000
63353  -53.512  -16.289  31.510 0.0000000000
63358  -48.752  -16.745  30.567 0.0000000000
63362  -53.183  -16.357  31.041 0.0000000000
64112  -51.323  -15.476  39.232 0.0000000000
64207  -53.684  -15.470  30.865 0.0000000000
64220  -45.453  -15.503  28.551 0.0000000000
64248  -55.524  -15.248  24.162 0.0000000000
64926  -51.937  -15.238  40.223 0.0000000000
65053  -45.918  -14.959  28.028 0.0000000000
65127  -54.397  -15.123  24.704 0.0000000000
65148  -56.801  -14.759  23.755 0.0000000000
65150  -58.546  -14.721  24.015 0.0000000000
65180  -54.648  -14.119  21.946 0.0000000000
65921  -48.401  -13.472  34.942 0.0000000000
65934  -48.509  -13.500  34.032 0.0000000000
65935  -48.836  -13.604  33.103 0.0000000000
65950  -49.538  -14.124  32.621 0.0000000000
116591  -36.093  -30.581  46.313 0.0000000000
116645  -46.494  -30.250  43.075 0.0000000000
116730  -50.965  -14.260  21.922 0.0000000000
116799  -32.225  -30.517  44.296 0.0000000000
117131  -24.292  -39.527  38.885 0.0000000000
117511  -33.079  -29.448  41.286 0.0000000000
117732  -24.219  -39.812  39.624 0.0000000000
117843  -27.229  -35.827  35.554 0.0000000000
120008  -23.342  -35.623  46.114 0.0000000000
120093  -50.960  -14.795  37.103 0.0000000000
120353  -49.746  -26.417  44.575 0.0000000000
120506  -24.904  -39.097  36.569 0.0000000000
121093  -52.290  -16.124  40.820 0.0000000000
122031  -37.317  -30.495  47.195 0.0000000000
122421  -27.624  -30.642  38.530 0.0000000000
122431  -30.140  -29.519  40.185 0.0000000000
122528  -49.595  -24.595  42.574 0.0000000000
122631  -24.708  -33.461  42.677 0.0000000000
122890  -51.751  -18.037  42.314 0.0000000000
123093  -24.551  -39.051  37.222 0.0000000000
123496  -49.833  -26.580  44.083 0.0000000000
123713  -26.752  -31.543  39.535 0.0000000000
124386  -46.978  -14.325  25.819 0.0000000000
124411  -43.045  -30.110  41.596 0.0000000000
124745  -25.304  -33.279  38.847 0.0000000000
125751  -48.243  -19.969  42.152 0.0000000000
125790  -50.552  -22.959  41.248 0.0000000000
126048  -29.818  -30.405  42.675 0.0000000000
126088  -47.535  -21.846  42.367 0.0000000000
126197  -48.408  -21.575  42.187 0.0000000000
126276  -44.649  -20.041  37.535 0.0000000000
126756  -25.909  -32.526  41.586 0.0000000000
127241  -28.793  -29.741  38.184 0.0000000000
127752  -45.902  -18.926  42.359 0.0000000000
129567  -51.830  -15.905  34.643 0.0000000000
129628  -47.155  -28.990  41.520 0.0000000000
129701  -26.289  -33.830  35.693 0.0000000000
129742  -25.415  -34.893  36.370 0.0000000000
130934  -40.290  -26.878  43.175 0.0000000000
131954  -41.731  -34.869  42.926 0.0000000000
132027  -49.695  -27.334  44.077 0.0000000000
133083  -49.598  -25.062  42.763 0.0000000000
133179  -24.493  -33.194  44.002 0.0000000000
133640  -27.465  -37.281  35.899 0.0000000000
133757  -31.949  -30.785  44.835 0.0000000000
133881  -23.361  -34.987  45.746 0.0000000000
133987  -41.546  -24.656  36.493 0.0000000000
134550  -24.141  -35.928  43.088 0.0000000000
134804  -27.714  -35.347  35.648 0.0000000000
134933  -48.440  -13.514  35.876 0.0000000000
135215  -25.578  -32.549  47.750 0.0000000000
135220  -42.451  -18.272  34.597 0.0000000000
135239  -41.316  -27.209  45.537 0.0000000000
135435  -30.756  -33.657  55.100 0.0000000000
136054  -32.252  -34.340  52.361 0.0000000000
136382  -37.473  -25.459  34.957 0.0000000000
136533  -34.438  -33.019  50.560 0.0000000000
137197  -50.681  -17.408  43.301 0.0000000000
137376  -29.556  -31.300  36.384 0.0000000000
137551  -48.533  -20.764  32.010 0.0000000000
137639  -32.573  -33.155  50.045 0.0000000000
137793  -51.190  -20.033  40.197 0.0000000000
137796  -39.783  -33.888  37.957 0.0000000000
138137  -31.598  -29.147  39.514 0.0000000000
138144  -49.755  -26.927  44.250 0.0000000000
138344  -36.381  -30.264  33.763 0.0000000000
138490  -32.563  -29.713  42.531 0.0000000000
138698  -36.325  -23.576  31.850 0.0000000000
139320  -32.075  -32.479  48.947 0.0000000000
139576  -47.353  -29.589  41.902 0.0000000000
139636  -38.671  -30.081  39.004 0.0000000000
139914  -24.969  -32.538  47.638 0.0000000000
140045  -47.732  -19.132  39.375 0.0000000000
140060  -37.422  -30.905  38.726 0.0000000000
140206  -43.137  -20.896  36.575 0.0000000000
140247  -30.687  -33.445  50.472 0.0000000000
140271  -33.192  -30.495  44.719 0.0000000000
140283  -51.351  -21.315  40.727 0.0000000000
140317  -35.761  -30.794  37.787 0.0000000000
140588  -35.866  -29.171  42.165 0.0000000000
140688  -23.407  -34.039  46.247 0.0000000000
140842  -55.514  -12.059  28.846 0.0000000000
140922  -43.271  -32.985  42.498 0.0000000000
141166  -28.261  -31.509  43.692 0.0000000000
