#!ascii label  , from subject sub-v1s22x0050519_ses-1 vox2ras=TkReg
2162
4166  12.356  -87.466  -16.582 0.6999999881
4182  11.689  -87.076  -17.214 0.8000000119
4724  10.999  -86.083  -17.092 0.8000000119
4725  10.221  -85.913  -17.676 0.6999999881
4190  13.286  -87.958  -17.827 0.6000000238
4181  12.472  -87.610  -17.463 0.6000000238
122499  11.193  -86.511  -18.031 0.6000000238
117136  13.895  -88.277  -18.096 0.6000000238
4710  10.876  -85.816  -16.249 0.8000000119
4711  10.362  -85.742  -16.858 0.6999999881
4712  9.733  -85.928  -16.739 0.6999999881
4727  9.128  -86.685  -16.931 0.6999999881
4146  13.248  -87.741  -16.022 0.6000000238
4148  11.568  -86.509  -15.669 0.6999999881
3670  14.550  -88.418  -17.866 0.6000000238
116824  15.221  -88.629  -18.475 0.6000000238
3685  15.153  -88.699  -19.361 0.6000000238
3184  16.894  -90.008  -20.581 0.6000000238
3186  15.325  -88.935  -20.312 0.6000000238
5232  10.269  -85.519  -14.029 0.8000000119
5233  9.305  -85.619  -13.788 0.8000000119
4677  8.994  -86.007  -14.335 0.6999999881
4678  8.014  -86.414  -14.021 0.6999999881
4129  7.747  -87.094  -14.490 0.6999999881
4675  11.275  -85.961  -14.507 0.8000000119
5249  9.833  -85.664  -14.755 0.6999999881
4699  8.676  -86.638  -14.768 0.6999999881
4674  11.925  -86.637  -14.798 0.6999999881
4697  10.343  -85.637  -15.587 0.8000000119
4698  9.632  -85.894  -15.526 0.6999999881
4147  12.323  -87.226  -15.578 0.6999999881
3660  13.798  -88.039  -16.650 0.6999999881
3669  15.390  -88.595  -17.545 0.6000000238
3659  14.623  -88.340  -16.852 0.6000000238
123238  16.511  -89.634  -19.246 0.6000000238
3676  15.774  -88.909  -19.004 0.6000000238
2696  17.998  -90.430  -20.961 0.6000000238
1838  16.789  -92.354  -20.711 0.6999999881
2269  16.752  -91.081  -21.944 0.6000000238
1432  15.801  -93.282  -19.107 0.5000000000
131621  16.023  -92.520  -20.733 0.6000000238
1813  14.385  -93.154  -18.844 0.5000000000
5215  9.652  -85.277  -13.182 0.8999999762
5234  8.299  -85.761  -13.591 0.6999999881
129545  11.164  -85.706  -13.768 0.6999999881
5214  10.553  -85.337  -13.195 0.8999999762
4118  12.648  -86.900  -13.932 0.8000000119
124605  11.907  -86.326  -13.888 0.8000000119
4128  12.691  -87.176  -14.690 0.8000000119
4126  14.236  -87.838  -14.538 0.6999999881
122293  13.257  -87.549  -15.041 0.6999999881
3642  14.141  -88.098  -16.004 0.8000000119
3658  15.615  -88.584  -16.560 0.8000000119
3668  16.267  -88.867  -17.196 0.6999999881
3173  16.140  -88.963  -18.237 0.6999999881
3183  17.800  -90.166  -19.856 0.6000000238
2258  18.068  -91.119  -21.114 0.6999999881
1431  16.720  -93.101  -19.267 0.6999999881
5202  10.011  -84.915  -12.547 0.8999999762
5216  8.662  -85.255  -13.133 0.8000000119
5235  7.302  -85.832  -13.724 0.6999999881
4662  11.834  -85.993  -13.126 0.8000000119
5201  10.904  -85.110  -12.497 0.8000000119
4661  12.552  -86.526  -13.135 0.6999999881
4117  14.356  -87.524  -13.449 0.6999999881
4108  13.489  -87.062  -13.002 0.6000000238
4127  13.404  -87.386  -14.092 0.8000000119
3629  15.324  -88.246  -14.772 0.8000000119
3657  16.567  -88.797  -16.239 0.8000000119
3160  16.893  -89.287  -17.660 0.6999999881
3171  18.303  -89.908  -18.901 0.8000000119
3172  17.214  -89.758  -18.500 0.6999999881
2687  19.970  -90.087  -19.600 0.8000000119
1798  19.060  -92.933  -18.112 0.6999999881
2249  19.050  -91.308  -20.097 0.6999999881
2688  19.135  -90.282  -19.821 0.6999999881
1421  17.330  -93.040  -18.804 0.6999999881
132288  17.944  -92.380  -19.989 0.6999999881
7769  7.990  -82.242  -23.465 0.6000000238
140621  9.009  -79.833  -23.041 0.6000000238
8427  6.680  -80.569  -20.649 0.6000000238
9105  6.794  -79.493  -19.597 0.6999999881
5786  9.573  -84.326  -12.104 0.8999999762
5799  8.236  -84.610  -12.854 0.6999999881
4653  13.116  -86.439  -12.356 0.6000000238
4107  14.688  -87.034  -12.581 0.6000000238
4652  14.034  -86.581  -12.142 0.6000000238
4125  15.177  -87.838  -13.819 0.6999999881
3627  17.219  -88.244  -14.725 0.6999999881
126435  16.060  -88.016  -13.932 0.6999999881
7650  9.699  -81.470  -15.698 0.6999999881
7049  9.077  -82.118  -16.149 0.6999999881
3639  16.924  -88.579  -15.348 0.8000000119
3640  15.956  -88.529  -15.559 0.8000000119
8382  9.930  -80.804  -16.345 0.6000000238
134788  9.472  -81.426  -16.603 0.6000000238
7065  8.527  -82.558  -17.487 0.6999999881
3144  17.243  -89.169  -16.887 0.6999999881
7668  9.401  -81.376  -17.417 0.5000000000
7087  8.686  -82.540  -18.394 0.6999999881
3158  19.117  -89.172  -17.999 0.8000000119
3159  17.884  -89.678  -17.754 0.8000000119
139890  9.679  -80.882  -17.003 0.5000000000
8396  9.707  -80.623  -17.721 0.5000000000
136070  19.879  -92.332  -18.399 0.6999999881
8405  10.014  -80.088  -18.346 0.5000000000
9722  10.610  -78.765  -18.579 0.6000000238
9094  10.419  -79.536  -18.973 0.5000000000
8417  9.933  -81.001  -19.939 0.6000000238
7120  9.566  -82.061  -20.848 0.6999999881
7137  9.213  -82.943  -22.294 0.6999999881
9104  10.595  -79.598  -20.128 0.5000000000
7727  9.902  -81.270  -20.797 0.6000000238
127530  9.996  -81.700  -21.872 0.6000000238
8461  9.236  -81.191  -23.488 0.6000000238
9734  10.888  -78.827  -19.672 0.6000000238
8434  10.492  -80.326  -22.676 0.6000000238
8449  10.151  -80.674  -23.165 0.6000000238
9749  11.219  -78.905  -20.887 0.5000000000
9113  10.840  -79.599  -21.367 0.5000000000
9779  9.524  -79.145  -22.824 0.6000000238
9114  8.168  -79.222  -20.976 0.6000000238
9750  8.224  -78.676  -20.160 0.6999999881
10456  7.157  -77.448  -18.313 0.6000000238
10457  6.478  -77.511  -18.581 0.6999999881
9127  11.220  -78.817  -22.617 0.6000000238
9777  11.005  -78.740  -22.803 0.6000000238
9766  8.870  -78.596  -22.077 0.6000000238
10488  8.874  -77.933  -20.654 0.6999999881
11183  8.359  -77.008  -18.073 0.5000000000
6397  8.732  -83.947  -12.415 0.8999999762
5199  12.755  -85.803  -11.778 0.6000000238
5185  12.138  -85.109  -11.500 0.6999999881
131979  8.060  -83.865  -12.950 0.8000000119
5236  6.674  -85.350  -14.257 0.6999999881
6405  7.824  -83.436  -13.619 0.6999999881
7005  9.009  -82.269  -13.565 0.8000000119
125768  15.330  -87.363  -13.025 0.6999999881
7634  9.546  -81.664  -14.813 0.8000000119
7034  9.126  -82.179  -15.266 0.6000000238
8349  10.131  -80.491  -14.840 0.6999999881
9063  10.224  -79.840  -15.341 0.6000000238
3655  19.361  -88.262  -17.160 0.8000000119
119202  18.448  -88.363  -16.201 0.8000000119
3667  19.836  -88.527  -17.617 0.8000000119
9073  10.154  -80.014  -16.179 0.5000000000
3156  20.744  -89.944  -18.277 0.8000000119
9085  9.986  -79.906  -17.565 0.5000000000
10432  10.846  -77.695  -16.920 0.5000000000
9713  10.832  -78.006  -18.036 0.6000000238
122947  10.415  -78.746  -17.743 0.6000000238
9733  11.261  -78.129  -19.189 0.6000000238
124339  11.633  -78.203  -20.366 0.6000000238
13438  7.688  -74.101  -16.465 0.5000000000
9112  11.366  -79.061  -21.963 0.5000000000
11165  7.781  -76.431  -17.417 0.5000000000
11919  6.989  -75.821  -17.626 0.6000000238
10518  11.821  -77.888  -22.302 0.6000000238
10504  9.894  -77.527  -22.386 0.6999999881
10487  9.556  -77.178  -21.292 0.6999999881
11201  8.760  -77.333  -18.863 0.6999999881
10501  12.395  -77.261  -21.976 0.6000000238
11200  9.461  -76.823  -19.199 0.6000000238
11233  11.983  -76.490  -21.902 0.6999999881
11219  10.289  -76.383  -21.336 0.6000000238
11917  10.351  -75.438  -19.156 0.5000000000
119983  10.901  -84.296  -11.439 0.6999999881
5766  10.174  -83.850  -11.520 0.6999999881
6396  9.397  -83.701  -11.916 0.6999999881
6995  9.099  -83.097  -12.192 0.8000000119
7611  9.738  -81.669  -12.360 0.6999999881
138944  10.052  -80.332  -14.188 0.6999999881
7622  9.590  -81.520  -13.316 0.6999999881
126818  8.207  -70.363  -16.314 0.5000000000
120901  13.040  -75.813  -17.949 0.5000000000
10454  11.636  -77.455  -18.706 0.6000000238
130407  7.812  -73.283  -16.383 0.5000000000
11181  12.777  -76.379  -18.692 0.5000000000
10453  12.528  -76.965  -19.331 0.6000000238
10486  12.534  -77.619  -20.999 0.6000000238
11901  9.431  -75.920  -17.286 0.5000000000
122057  13.380  -74.767  -18.439 0.5000000000
11199  13.073  -76.642  -19.835 0.6000000238
11218  13.165  -76.444  -21.041 0.6000000238
11952  13.038  -75.642  -20.630 0.6000000238
6382  11.087  -83.688  -10.943 0.6999999881
6383  10.401  -83.064  -11.072 0.6999999881
7599  9.954  -81.803  -11.696 0.6999999881
12724  11.664  -74.567  -20.736 0.5000000000
135073  13.869  -74.526  -17.749 0.5000000000
12708  10.746  -74.650  -19.888 0.5000000000
12707  13.140  -73.983  -19.165 0.5000000000
129008  12.594  -74.911  -20.791 0.5000000000
12739  12.221  -75.105  -21.114 0.5000000000
12725  11.098  -74.887  -20.668 0.5000000000
14242  11.789  -73.089  -20.072 0.5000000000
14226  11.772  -72.466  -19.676 0.5000000000
13492  13.156  -72.336  -19.690 0.5000000000
14241  12.195  -72.526  -19.980 0.5000000000
13471  11.356  -73.356  -19.813 0.5000000000
123127  13.576  -72.944  -18.801 0.5000000000
13507  12.534  -72.909  -20.044 0.5000000000
13508  12.077  -73.405  -20.281 0.5000000000
12689  13.815  -73.865  -18.203 0.5000000000
128921  12.923  -73.138  -19.793 0.5000000000
14224  13.227  -71.606  -19.611 0.5000000000
16416  6.556  -69.458  -16.184 0.6000000238
14922  6.890  -71.390  -17.195 0.6000000238
16415  7.297  -68.879  -16.459 0.5000000000
16400  6.113  -68.681  -15.519 0.6999999881
15647  5.891  -70.478  -16.088 0.6000000238
14937  5.566  -72.032  -17.204 0.6000000238
14924  4.336  -71.710  -16.508 0.6999999881
17190  5.723  -68.336  -14.943 0.6000000238
15631  5.618  -69.464  -15.540 0.6999999881
15648  5.111  -71.162  -16.157 0.6999999881
14938  4.675  -72.122  -17.049 0.6999999881
124393  3.518  -70.724  -15.026 0.8000000119
16383  6.490  -68.408  -14.374 0.5000000000
17174  6.190  -68.071  -14.833 0.5000000000
125150  4.311  -70.324  -15.063 0.8000000119
134681  4.790  -69.253  -14.870 0.6000000238
14908  2.586  -71.924  -15.151 0.6999999881
15586  7.757  -70.483  -13.317 0.5000000000
16382  7.442  -68.413  -14.355 0.5000000000
15617  3.088  -70.273  -14.379 0.6999999881
128294  2.885  -72.090  -15.841 0.6999999881
15633  3.934  -69.804  -14.515 0.6999999881
17155  5.590  -68.391  -14.161 0.6999999881
14149  2.111  -72.429  -14.454 0.6999999881
15618  2.366  -70.781  -14.217 0.6999999881
16349  6.686  -70.120  -13.302 0.6000000238
133782  4.381  -68.898  -14.140 0.8000000119
16316  0.017  -68.880  -9.397 0.6999999881
16337  -0.165  -70.349  -10.139 0.8000000119
14102  9.113  -72.629  -10.646 0.4000000060
14150  1.379  -72.236  -13.811 0.6999999881
14855  8.112  -72.063  -12.067 0.5000000000
14893  1.745  -71.271  -13.879 0.6999999881
122969  6.945  -71.088  -12.799 0.6000000238
15587  6.260  -70.616  -12.808 0.6000000238
16384  3.526  -69.482  -13.937 0.6999999881
16368  5.176  -68.778  -13.528 0.8000000119
16369  4.462  -69.059  -13.305 0.8000000119
16254  3.469  -69.787  -2.301 0.5000000000
16262  3.915  -69.703  -2.975 0.5000000000
17058  2.636  -69.452  -3.886 0.5000000000
19525  0.741  -65.539  -8.049 0.5000000000
131807  1.085  -66.769  -8.631 0.6000000238
18737  1.236  -65.699  -8.737 0.6000000238
18727  0.239  -65.822  -7.398 0.6000000238
17071  0.051  -67.955  -4.261 0.6000000238
17907  0.416  -67.257  -8.774 0.6999999881
121848  0.810  -66.528  -8.572 0.6999999881
17117  -0.044  -68.031  -9.115 0.6999999881
17118  -0.301  -68.516  -9.093 0.6999999881
15607  0.867  -71.379  -13.082 0.6999999881
15573  0.523  -71.065  -11.679 0.6999999881
131264  0.935  -70.699  -10.482 0.8000000119
14119  7.703  -72.314  -11.234 0.5000000000
15606  1.504  -70.887  -13.420 0.6999999881
14871  7.088  -71.840  -11.931 0.6000000238
15605  2.070  -70.288  -13.281 0.8000000119
123986  4.903  -69.562  -12.837 0.6999999881
16353  2.799  -69.723  -12.601 0.8000000119
17144  3.343  -69.380  -13.023 0.8000000119
16246  3.823  -69.288  -1.727 0.5000000000
16261  4.771  -69.451  -2.764 0.6000000238
17056  4.948  -69.310  -3.896 0.5000000000
134778  4.222  -69.413  -3.563 0.6000000238
17068  3.083  -68.716  -4.357 0.6000000238
17069  2.085  -68.527  -4.402 0.6000000238
17855  2.568  -67.711  -4.770 0.6000000238
17856  1.430  -67.523  -4.532 0.5000000000
19524  1.217  -64.736  -8.448 0.5000000000
20311  0.996  -64.247  -7.510 0.5000000000
18735  2.584  -66.338  -8.990 0.6000000238
19507  0.642  -65.277  -6.425 0.6000000238
18720  -0.349  -66.138  -6.001 0.6999999881
17857  0.368  -67.269  -4.361 0.6000000238
17906  1.955  -66.942  -8.451 0.6000000238
17894  1.190  -67.468  -8.306 0.6999999881
119190  -0.285  -67.782  -8.632 0.6999999881
17909  -0.162  -67.001  -8.264 0.6999999881
121373  -0.632  -67.630  -6.543 0.8000000119
17874  -0.454  -67.003  -4.760 0.6999999881
17893  2.298  -67.916  -7.762 0.6999999881
17116  0.487  -68.184  -8.780 0.6999999881
16286  2.320  -69.339  -7.680 0.6999999881
16315  0.935  -69.463  -8.658 0.8000000119
15545  2.303  -70.544  -9.447 0.8000000119
15546  1.240  -70.553  -9.729 0.8000000119
125180  6.891  -72.124  -10.873 0.5000000000
14829  5.838  -71.387  -9.636 0.6000000238
15571  2.166  -70.489  -11.227 0.8000000119
15560  1.719  -70.685  -10.391 0.8000000119
15568  5.499  -71.113  -11.656 0.6000000238
14844  5.576  -71.401  -10.630 0.6999999881
15570  2.949  -69.956  -11.888 0.8000000119
15557  4.794  -70.896  -11.091 0.6999999881
15569  4.123  -70.292  -11.506 0.6999999881
16351  4.094  -69.573  -12.437 0.8000000119
17037  5.046  -68.541  -1.717 0.4000000060
17046  5.452  -68.954  -2.223 0.5000000000
17066  5.402  -68.871  -4.575 0.4000000060
17854  3.637  -68.218  -4.771 0.5000000000
17873  2.505  -66.809  -5.233 0.5000000000
18748  2.299  -65.601  -9.593 0.5000000000
20299  1.301  -63.559  -7.382 0.6000000238
19506  1.197  -64.984  -6.503 0.6000000238
18692  1.786  -67.028  -4.869 0.6000000238
17924  3.587  -66.609  -8.966 0.6000000238
19495  0.566  -65.654  -5.893 0.6999999881
18694  0.024  -66.573  -4.648 0.6999999881
17905  3.122  -67.318  -8.174 0.6000000238
16314  1.972  -69.787  -8.074 0.8000000119
131695  5.421  -71.028  -8.971 0.6999999881
15558  4.246  -70.718  -10.668 0.6999999881
15559  2.596  -70.601  -10.371 0.8000000119
132231  3.071  -70.537  -8.845 0.8000000119
14830  4.930  -71.051  -9.890 0.6999999881
17036  5.917  -68.376  -1.833 0.4000000060
124141  4.781  -67.499  -1.271 0.4000000060
18672  4.440  -66.773  -1.241 0.4000000060
138908  5.999  -68.926  -4.504 0.5000000000
17045  6.289  -68.707  -2.464 0.4000000060
18673  3.732  -66.253  -1.229 0.5000000000
18704  4.035  -67.020  -5.642 0.5000000000
19503  4.064  -65.758  -6.712 0.5000000000
19493  2.401  -65.860  -5.753 0.5000000000
19514  4.298  -65.164  -7.474 0.5000000000
19494  1.390  -65.600  -5.852 0.6999999881
17892  3.153  -68.239  -7.628 0.6000000238
15525  3.416  -70.334  -8.109 0.8000000119
15523  5.829  -70.529  -8.587 0.6000000238
140846  5.123  -70.567  -8.495 0.6000000238
16312  5.300  -70.002  -8.145 0.6999999881
16313  4.566  -69.761  -7.865 0.6999999881
121674  3.801  -70.655  -8.834 0.6999999881
20244  2.993  -64.849  -1.687 0.3000000119
17053  7.324  -68.605  -3.665 0.4000000060
17845  6.626  -68.142  -2.180 0.3000000119
17838  6.065  -67.713  -1.720 0.4000000060
19453  5.023  -66.333  -1.801 0.4000000060
19454  4.194  -65.915  -1.644 0.4000000060
19455  3.394  -65.610  -1.460 0.5000000000
17077  5.950  -68.562  -5.094 0.4000000060
20258  3.468  -64.378  -2.215 0.3000000119
131370  4.718  -67.633  -5.541 0.4000000060
137138  3.697  -64.418  -7.745 0.5000000000
17886  4.863  -67.177  -6.030 0.4000000060
20308  3.558  -63.875  -8.389 0.6000000238
17885  5.713  -67.322  -6.307 0.4000000060
20297  4.405  -64.545  -8.129 0.4000000060
19502  5.109  -65.853  -7.150 0.5000000000
16285  3.041  -69.463  -7.540 0.6999999881
15524  4.397  -70.323  -8.157 0.6999999881
19456  2.516  -65.429  -1.294 0.4000000060
19466  4.664  -65.482  -2.203 0.4000000060
21064  3.898  -63.998  -2.891 0.3000000119
17076  6.897  -68.524  -5.150 0.3000000119
18716  6.013  -66.612  -6.952 0.4000000060
19523  5.918  -65.280  -8.268 0.4000000060
122399  5.914  -65.842  -7.582 0.4000000060
141051  6.681  -67.349  -2.243 0.3000000119
18679  5.931  -66.807  -1.925 0.3000000119
19465  5.530  -65.870  -2.422 0.4000000060
20256  5.099  -65.048  -2.841 0.3000000119
20257  4.277  -64.714  -2.561 0.3000000119
17850  7.722  -68.123  -3.308 0.3000000119
17884  6.673  -67.445  -6.396 0.3000000119
18726  6.588  -66.300  -7.434 0.3000000119
18715  7.091  -66.926  -7.018 0.3000000119
19522  6.683  -65.325  -8.573 0.3000000119
19478  5.985  -65.315  -2.982 0.3000000119
20268  5.578  -64.552  -3.378 0.3000000119
19464  6.545  -66.285  -2.639 0.3000000119
17883  7.706  -67.635  -6.371 0.3000000119
18725  7.331  -66.374  -7.628 0.3000000119
19511  7.333  -65.803  -8.229 0.3000000119
21049  2.560  -63.940  -1.803 0.3000000119
18677  7.936  -67.356  -3.241 0.3000000119
18683  7.499  -66.240  -3.212 0.3000000119
126151  8.299  -67.130  -7.150 0.3000000119
7699  9.485  -81.357  -18.290 0.6000000238
7713  9.594  -81.684  -19.879 0.6999999881
7105  8.601  -82.861  -19.824 0.6999999881
7121  9.053  -82.775  -20.947 0.6999999881
18719  3.466  -66.182  -6.062 0.4000000060
19505  1.891  -64.872  -6.343 0.6000000238
21073  4.408  -63.489  -3.407 0.3000000119
4168  8.618  -87.538  -16.156 0.6999999881
136082  13.854  -87.879  -15.377 0.8000000119
2268  17.364  -90.686  -21.602 0.6000000238
2257  18.654  -90.879  -20.628 0.6999999881
5800  7.622  -84.332  -13.334 0.6999999881
3143  18.155  -89.173  -16.910 0.8000000119
2694  19.378  -90.653  -19.961 0.6999999881
2685  20.689  -90.548  -18.900 0.8000000119
9736  7.295  -78.828  -19.268 0.6999999881
8406  9.786  -80.727  -18.569 0.5000000000
7739  9.894  -82.006  -22.778 0.6000000238
11202  6.004  -76.615  -18.825 0.6000000238
11234  11.029  -76.714  -22.150 0.6999999881
7019  9.018  -82.193  -14.424 0.8000000119
9697  10.423  -78.361  -15.464 0.5000000000
9714  10.494  -78.403  -17.202 0.6000000238
131254  13.198  -76.825  -20.635 0.6000000238
16354  2.088  -70.130  -12.748 0.8000000119
129582  12.994  -92.598  -9.969 0.4000000060
131079  13.817  -94.539  -10.811 0.4000000060
2178  11.650  -92.253  -12.907 0.3000000119
2623  11.834  -90.445  -11.050 0.4000000060
2141  12.371  -91.009  -8.983 0.4000000060
1696  13.234  -93.116  -9.566 0.4000000060
2175  13.941  -91.856  -13.249 0.4000000060
1724  14.552  -92.534  -12.903 0.5000000000
1737  15.085  -93.191  -13.058 0.5000000000
2176  12.951  -93.161  -13.295 0.3000000119
132512  12.977  -93.329  -12.927 0.4000000060
1367  13.973  -93.782  -12.421 0.4000000060
1752  11.899  -93.429  -13.980 0.3000000119
1726  12.331  -92.924  -12.049 0.3000000119
1711  12.726  -92.722  -10.947 0.3000000119
125666  11.756  -93.225  -14.121 0.3000000119
2637  13.689  -91.728  -13.682 0.4000000060
2636  14.157  -90.831  -12.921 0.4000000060
2164  14.469  -91.540  -12.549 0.5000000000
134942  13.853  -91.030  -14.040 0.3000000119
2196  12.383  -93.389  -14.576 0.3000000119
1788  12.554  -93.377  -15.981 0.4000000060
2210  12.901  -93.296  -15.411 0.3000000119
1416  14.147  -93.264  -17.792 0.4000000060
1802  13.698  -93.184  -17.533 0.4000000060
1814  13.825  -92.763  -18.743 0.4000000060
2651  14.203  -90.701  -13.480 0.4000000060
137128  15.491  -90.096  -12.991 0.4000000060
2660  14.605  -90.638  -14.228 0.4000000060
2659  15.809  -90.592  -14.488 0.4000000060
2633  17.639  -90.169  -12.574 0.5000000000
2666  14.871  -90.966  -15.115 0.4000000060
2206  17.089  -91.407  -15.570 0.4000000060
126090  13.311  -93.346  -16.803 0.4000000060
1787  14.290  -93.326  -17.057 0.5000000000
1785  16.417  -92.212  -16.951 0.4000000060
1423  15.306  -93.324  -18.586 0.4000000060
1848  16.379  -91.880  -21.308 0.6000000238
1839  15.309  -92.750  -20.345 0.4000000060
137641  18.521  -89.873  -12.423 0.6000000238
117178  18.850  -90.899  -13.905 0.6000000238
2193  17.688  -91.232  -14.800 0.6000000238
2192  18.828  -91.281  -14.681 0.6000000238
2219  19.267  -92.186  -16.459 0.6000000238
119604  19.511  -91.640  -15.595 0.6999999881
1800  16.725  -92.868  -17.922 0.5000000000
1783  18.943  -92.740  -17.376 0.6000000238
2218  20.911  -91.385  -17.167 0.6999999881
3620  19.742  -88.926  -13.431 0.6999999881
3619  20.203  -88.175  -14.264 0.6999999881
3116  19.598  -89.860  -13.479 0.6000000238
132838  20.372  -90.046  -14.755 0.6999999881
3653  20.456  -87.895  -16.781 0.6999999881
128350  19.887  -87.794  -17.119 0.6999999881
3656  17.508  -88.830  -16.064 0.6999999881
2203  20.911  -90.988  -16.428 0.6999999881
128513  20.803  -89.539  -17.282 0.6999999881
2672  21.055  -90.524  -17.319 0.6999999881
4670  20.271  -86.483  -15.079 0.5000000000
4693  19.977  -86.245  -15.542 0.6000000238
3637  20.678  -88.083  -15.941 0.6999999881
4143  20.107  -86.775  -16.272 0.6000000238
4164  19.641  -87.346  -16.584 0.6999999881
4144  19.563  -86.613  -15.867 0.6999999881
132708  20.630  -89.214  -15.316 0.6999999881
3625  18.570  -87.590  -15.556 0.6999999881
3626  17.799  -87.787  -14.712 0.6000000238
4694  19.347  -85.970  -15.373 0.6000000238
4672  18.485  -86.961  -15.037 0.6000000238
4695  18.499  -86.107  -15.219 0.6000000238
4651  15.061  -86.227  -12.167 0.5000000000
4184  8.697  -87.521  -17.239 0.6000000238
4183  9.038  -86.852  -17.760 0.6000000238
141113  17.620  -87.254  -14.366 0.6000000238
118510  16.497  -87.351  -13.514 0.6000000238
4650  16.156  -86.475  -12.956 0.5000000000
4106  15.587  -86.666  -12.641 0.5000000000
3643  7.919  -88.259  -15.570 0.6000000238
4149  8.270  -87.463  -15.114 0.6000000238
3661  8.311  -88.369  -16.576 0.6000000238
131818  17.805  -86.775  -14.481 0.6000000238
4660  16.616  -86.721  -13.365 0.5000000000
137048  15.836  -87.566  -13.401 0.5000000000
4151  6.909  -87.674  -14.809 0.6000000238
4680  6.896  -86.860  -14.492 0.6000000238
4150  7.317  -87.868  -14.889 0.6000000238
3644  7.250  -88.655  -15.346 0.6000000238
133480  6.825  -86.193  -14.178 0.6000000238
4679  7.276  -86.620  -14.197 0.6000000238
5746  12.119  -83.908  -10.699 0.6000000238
4673  17.211  -86.551  -13.928 0.6000000238
4700  6.522  -87.124  -15.182 0.6000000238
6433  6.590  -84.402  -16.026 0.6000000238
6432  6.884  -83.861  -15.593 0.6000000238
5828  6.453  -84.802  -15.179 0.6000000238
6431  7.634  -83.299  -15.586 0.5000000000
6415  7.294  -83.918  -14.089 0.6000000238
6414  7.781  -83.096  -14.633 0.5000000000
3645  5.810  -88.771  -15.250 0.6999999881
4169  6.234  -88.014  -15.331 0.6000000238
121449  6.494  -86.011  -14.960 0.6000000238
6446  6.862  -83.853  -16.561 0.6000000238
6459  8.000  -83.054  -16.975 0.6000000238
4739  5.427  -86.981  -18.803 0.6000000238
5262  6.283  -86.302  -16.113 0.6000000238
128559  6.337  -85.220  -15.988 0.6000000238
6460  7.333  -83.456  -17.200 0.5000000000
121949  6.310  -85.462  -16.985 0.6000000238
5872  6.414  -84.768  -18.483 0.6000000238
5281  6.097  -85.540  -18.814 0.6000000238
4747  5.690  -86.311  -19.267 0.6000000238
4714  6.113  -87.192  -16.211 0.6000000238
6477  7.821  -83.026  -17.965 0.6000000238
5855  6.476  -84.634  -17.636 0.6000000238
123456  7.120  -83.516  -17.912 0.5000000000
5871  6.725  -84.243  -19.071 0.6000000238
129259  6.391  -84.945  -19.201 0.5000000000
5300  6.088  -85.577  -20.648 0.5000000000
140174  8.841  -82.552  -19.170 0.6000000238
6495  7.825  -83.330  -19.726 0.6000000238
5891  7.137  -83.873  -19.800 0.6000000238
5910  6.977  -84.161  -20.628 0.6000000238
5925  6.385  -84.621  -22.210 0.6999999881
5332  5.679  -85.014  -22.517 0.6999999881
5937  4.741  -84.540  -22.963 0.6999999881
6531  4.690  -83.672  -23.009 0.6999999881
6510  7.638  -83.645  -20.766 0.6000000238
6519  7.827  -83.637  -22.011 0.6999999881
7175  7.386  -82.906  -23.492 0.6999999881
5935  6.280  -84.215  -23.151 0.6999999881
6548  6.229  -83.502  -23.449 0.6999999881
7157  5.076  -82.679  -22.935 0.6000000238
7173  9.156  -82.228  -23.414 0.6000000238
5783  14.890  -84.646  -11.926 0.5000000000
4641  14.410  -85.857  -11.695 0.5000000000
6381  14.521  -83.320  -11.423 0.5000000000
5763  14.106  -84.742  -10.940 0.5000000000
5744  13.839  -84.157  -10.674 0.6000000238
6994  13.991  -82.207  -12.932 0.6000000238
6993  14.484  -82.637  -11.980 0.6000000238
6971  13.911  -82.710  -10.695 0.6000000238
6365  12.676  -83.323  -10.402 0.6000000238
6973  12.439  -82.479  -10.288 0.6000000238
8318  13.932  -80.563  -12.076 0.5000000000
7597  14.039  -81.104  -11.142 0.6000000238
6974  11.513  -82.327  -10.486 0.6000000238
9016  13.517  -79.021  -11.597 0.6000000238
9003  12.596  -79.102  -10.952 0.5000000000
8287  11.735  -80.749  -10.581 0.6000000238
7598  10.484  -81.533  -11.176 0.6000000238
9657  12.780  -78.576  -11.373 0.5000000000
8303  11.317  -80.203  -10.973 0.6000000238
9049  10.203  -79.725  -14.530 0.5000000000
9048  10.395  -78.901  -14.047 0.5000000000
8320  10.028  -80.888  -12.686 0.6000000238
9018  10.676  -79.464  -12.222 0.6000000238
1422  16.247  -93.211  -18.869 0.6000000238
133030  19.808  -92.446  -17.129 0.6999999881
5184  13.667  -85.443  -11.274 0.5000000000
119537  8.147  -82.926  -18.961 0.6000000238
6529  7.684  -83.510  -23.043 0.6999999881
118383  12.523  -84.646  -10.878 0.6000000238
7610  10.204  -81.146  -11.896 0.6000000238
9032  10.223  -79.798  -13.725 0.6000000238
2166  11.700  -90.965  -11.967 0.3000000119
1740  11.931  -93.097  -12.856 0.3000000119
1379  13.270  -93.358  -12.686 0.4000000060
1773  12.204  -93.486  -15.207 0.3000000119
2195  13.369  -92.275  -14.942 0.4000000060
2223  14.613  -92.222  -16.320 0.4000000060
2634  16.504  -90.089  -12.768 0.4000000060
2207  15.970  -91.178  -15.473 0.3000000119
137690  17.003  -90.689  -14.220 0.5000000000
2658  18.077  -90.919  -13.984 0.6000000238
2222  15.668  -91.757  -16.252 0.5000000000
2220  17.390  -91.887  -16.380 0.5000000000
1801  15.452  -93.040  -17.595 0.5000000000
2191  19.687  -91.228  -14.923 0.6000000238
4142  20.417  -87.146  -16.338 0.6999999881
5841  6.548  -84.526  -16.777 0.6000000238
7758  4.169  -82.137  -22.522 0.6000000238
7596  14.288  -81.981  -11.374 0.6000000238
122810  13.749  -79.527  -12.181 0.5000000000
140586  13.634  -82.130  -10.521 0.6000000238
7586  13.096  -81.173  -10.270 0.6000000238
8302  13.660  -79.849  -11.210 0.5000000000
8990  13.053  -79.724  -10.674 0.6000000238
9664  13.537  -78.606  -12.417 0.5000000000
123360  11.215  -79.089  -11.677 0.5000000000
9017  11.158  -78.546  -12.328 0.5000000000
122006  7.512  -95.149  4.108 0.4000000060
610  7.300  -96.271  4.414 0.4000000060
384  7.072  -97.185  4.005 0.5000000000
140394  7.077  -94.008  0.425 0.5000000000
1252  7.229  -93.810  -0.524 0.5000000000
943  6.412  -94.060  -2.670 0.5000000000
901  6.830  -94.628  1.108 0.5000000000
137117  7.204  -94.342  1.856 0.5000000000
377  8.092  -96.778  5.458 0.4000000060
376  8.649  -96.478  5.457 0.4000000060
383  8.310  -97.207  4.866 0.5000000000
301  14.124  -97.741  -10.521 0.3000000119
515  14.759  -97.079  -9.818 0.3000000119
314  13.143  -97.900  -10.775 0.3000000119
742  12.798  -95.807  -10.422 0.3000000119
1218  7.673  -93.704  2.063 0.4000000060
1244  7.556  -93.408  0.289 0.5000000000
1611  7.828  -92.968  -0.631 0.5000000000
139171  7.765  -93.894  2.838 0.4000000060
891  7.400  -94.524  2.840 0.4000000060
866  8.482  -95.535  5.980 0.3000000119
1193  8.815  -94.499  5.751 0.3000000119
389  9.201  -96.920  2.944 0.4000000060
609  9.427  -96.018  5.028 0.3000000119
616  9.637  -95.674  3.460 0.4000000060
382  9.092  -96.648  4.145 0.5000000000
608  10.262  -95.406  4.562 0.3000000119
741  16.140  -95.956  -9.333 0.3000000119
729  15.122  -95.778  -8.309 0.3000000119
312  14.676  -97.585  -11.223 0.3000000119
548  13.790  -97.234  -11.895 0.3000000119
1033  13.337  -94.489  -9.924 0.3000000119
1229  8.290  -92.919  1.913 0.3000000119
1586  8.335  -92.509  1.058 0.4000000060
116987  8.478  -93.427  3.548 0.3000000119
138710  10.995  -94.970  4.967 0.3000000119
624  9.524  -95.678  1.403 0.4000000060
396  9.409  -96.373  1.680 0.4000000060
623  9.807  -95.234  2.194 0.4000000060
136340  11.178  -94.889  3.927 0.3000000119
120634  17.049  -94.772  -8.334 0.4000000060
727  16.440  -95.417  -8.722 0.4000000060
705  16.800  -95.532  -6.894 0.4000000060
476  16.754  -96.111  -6.369 0.4000000060
265  16.884  -96.891  -4.876 0.4000000060
253  16.481  -97.187  -4.207 0.5000000000
753  16.911  -96.105  -10.413 0.3000000119
532  15.607  -97.072  -10.646 0.3000000119
311  15.637  -97.350  -11.519 0.3000000119
764  14.289  -96.418  -12.263 0.3000000119
1355  14.230  -94.461  -11.938 0.3000000119
1565  9.463  -92.470  3.480 0.3000000119
139723  10.988  -94.136  1.426 0.3000000119
898  10.465  -94.468  0.899 0.3000000119
421  9.943  -96.290  0.286 0.4000000060
420  10.705  -96.582  -0.034 0.4000000060
888  12.130  -94.553  3.757 0.3000000119
1216  11.514  -94.017  1.874 0.3000000119
889  11.365  -94.448  2.809 0.3000000119
890  10.399  -95.000  3.016 0.3000000119
76  14.952  -97.936  -0.197 0.5000000000
202  14.222  -97.491  1.017 0.5000000000
1659  18.650  -92.686  -4.497 0.3000000119
1297  18.042  -93.449  -4.576 0.3000000119
1670  18.286  -92.909  -5.986 0.3000000119
140368  17.476  -94.285  -5.596 0.3000000119
704  17.120  -95.853  -6.495 0.4000000060
132184  17.724  -97.256  -1.816 0.5000000000
83  15.889  -97.747  -1.883 0.5000000000
1315  17.494  -93.639  -6.942 0.3000000119
694  17.307  -96.276  -5.626 0.4000000060
444  17.710  -96.691  -4.233 0.4000000060
240  16.937  -97.269  -3.501 0.5000000000
234  16.461  -97.526  -2.708 0.5000000000
530  17.126  -96.475  -11.339 0.3000000119
338  15.319  -97.323  -12.996 0.3000000119
563  15.203  -96.688  -13.898 0.3000000119
777  15.357  -95.889  -14.255 0.3000000119
1065  15.252  -94.875  -13.496 0.4000000060
126968  10.718  -94.075  0.084 0.3000000119
930  10.749  -95.157  -1.268 0.4000000060
880  13.450  -94.545  4.582 0.3000000119
1215  12.391  -93.932  2.651 0.3000000119
1228  12.274  -93.525  1.495 0.3000000119
648  11.220  -96.007  -0.903 0.4000000060
1203  12.999  -94.297  3.702 0.3000000119
135061  13.010  -96.920  1.025 0.4000000060
126290  14.023  -96.920  0.963 0.5000000000
645  14.607  -95.630  -0.649 0.4000000060
417  14.661  -96.403  0.336 0.5000000000
1619  21.074  -92.058  -1.426 0.3000000119
200  15.921  -97.191  0.558 0.5000000000
416  15.439  -96.695  0.748 0.5000000000
1282  19.308  -93.398  -3.086 0.3000000119
403  17.215  -96.608  0.566 0.4000000060
404  16.409  -96.888  0.741 0.5000000000
1658  19.331  -92.469  -5.004 0.3000000119
949  18.370  -94.327  -4.049 0.4000000060
674  19.251  -95.531  -3.127 0.4000000060
129458  17.997  -96.605  0.088 0.5000000000
199  16.639  -97.163  0.373 0.5000000000
1334  17.936  -93.968  -8.794 0.3000000119
681  18.432  -95.590  -4.347 0.4000000060
443  18.358  -96.562  -3.636 0.5000000000
120890  18.488  -96.757  -3.006 0.5000000000
127056  17.816  -95.981  -11.909 0.3000000119
763  18.468  -95.942  -12.982 0.4000000060
775  18.405  -95.776  -14.075 0.3000000119
786  17.378  -96.409  -14.213 0.4000000060
1071  17.088  -95.375  -14.919 0.4000000060
3711  14.039  -87.920  -23.302 0.5000000000
1377  15.685  -93.820  -13.609 0.3000000119
1201  15.183  -93.616  4.019 0.3000000119
126443  13.258  -93.721  2.923 0.3000000119
929  11.254  -94.436  -1.829 0.3000000119
121535  13.878  -93.965  3.702 0.3000000119
942  11.931  -94.819  -2.032 0.3000000119
646  13.792  -95.853  -0.534 0.5000000000
658  15.052  -95.004  -1.186 0.4000000060
927  14.655  -94.410  -1.969 0.3000000119
2049  21.840  -91.666  -0.928 0.3000000119
918  15.864  -94.949  -0.834 0.5000000000
138096  19.837  -93.393  -2.394 0.3000000119
632  17.599  -95.884  0.900 0.4000000060
910  17.005  -95.516  0.635 0.4000000060
937  19.769  -94.698  -2.393 0.4000000060
657  19.858  -95.559  -1.712 0.4000000060
414  19.456  -95.943  -0.360 0.4000000060
401  18.742  -96.143  0.323 0.4000000060
1323  18.622  -93.493  -7.605 0.3000000119
1344  19.452  -94.067  -8.966 0.3000000119
434  19.315  -96.041  -2.224 0.4000000060
136829  18.609  -96.606  -1.459 0.5000000000
762  19.424  -95.559  -12.755 0.3000000119
1063  20.610  -94.462  -13.529 0.4000000060
1069  19.038  -94.859  -14.794 0.4000000060
4216  13.242  -87.751  -22.091 0.5000000000
1376  16.509  -94.189  -14.167 0.4000000060
1375  17.536  -93.937  -13.888 0.5000000000
3722  14.906  -88.541  -24.032 0.5000000000
1563  14.716  -93.334  3.279 0.3000000119
3146  7.177  -89.620  -16.154 0.5000000000
925  16.143  -94.152  -1.276 0.3000000119
938  15.074  -93.812  -2.408 0.3000000119
139851  8.080  -88.987  -16.996 0.5000000000
2682  6.149  -90.277  -17.117 0.6000000238
2033  23.051  -91.902  0.566 0.3000000119
130490  21.708  -92.738  0.788 0.3000000119
1630  21.873  -91.574  -1.989 0.3000000119
136793  20.708  -93.085  -0.824 0.3000000119
1248  20.949  -94.210  0.620 0.3000000119
909  17.289  -94.634  0.473 0.4000000060
1250  16.721  -93.904  -0.614 0.4000000060
4726  9.544  -86.286  -17.712 0.5000000000
3163  3.803  -89.789  -17.145 0.5000000000
916  20.723  -94.913  -0.015 0.3000000119
629  20.319  -95.150  0.417 0.3000000119
908  19.117  -95.050  1.404 0.3000000119
140319  18.639  -93.388  1.087 0.3000000119
119597  9.767  -86.154  -18.351 0.5000000000
997  21.081  -94.704  -7.972 0.3000000119
125711  20.412  -94.565  -9.421 0.3000000119
4192  11.820  -87.179  -18.644 0.5000000000
1045  21.332  -94.868  -11.708 0.3000000119
4209  12.428  -87.573  -20.060 0.5000000000
1053  21.788  -94.318  -12.173 0.4000000060
3695  13.097  -88.043  -20.460 0.6000000238
1719  21.441  -93.281  -12.808 0.4000000060
1364  19.290  -93.508  -13.121 0.5000000000
3694  13.897  -88.412  -20.852 0.5000000000
128080  18.276  -92.892  -11.801 0.4000000060
1365  17.702  -93.369  -12.666 0.3000000119
1366  16.566  -93.482  -13.297 0.4000000060
3210  15.327  -88.983  -22.136 0.6000000238
2124  16.739  -91.115  -8.690 0.3000000119
2139  15.530  -91.321  -9.549 0.4000000060
1708  16.466  -92.525  -10.859 0.4000000060
1723  15.372  -92.695  -12.566 0.3000000119
3209  16.193  -89.602  -22.542 0.6000000238
3223  15.627  -89.214  -23.380 0.5000000000
2584  15.509  -89.921  -7.932 0.3000000119
2602  15.129  -90.619  -9.228 0.5000000000
2613  14.683  -90.350  -10.480 0.4000000060
2622  14.583  -90.616  -11.477 0.4000000060
2719  15.820  -90.263  -23.295 0.6000000238
3038  15.126  -89.099  -7.954 0.3000000119
3060  14.783  -89.431  -9.429 0.5000000000
3078  14.749  -89.682  -10.136 0.4000000060
3110  14.583  -90.307  -11.921 0.4000000060
3583  15.227  -88.621  -9.278 0.4000000060
3076  15.490  -89.288  -10.692 0.5000000000
3109  15.288  -89.848  -12.147 0.4000000060
3094  15.973  -89.490  -11.309 0.5000000000
3147  6.475  -89.834  -15.938 0.6000000238
2676  5.913  -90.156  -16.343 0.6000000238
137743  24.594  -91.228  1.097 0.3000000119
1603  22.390  -92.335  1.272 0.3000000119
1580  22.261  -92.213  1.764 0.3000000119
1237  21.276  -93.457  1.204 0.3000000119
121464  5.730  -89.639  -15.641 0.6000000238
3148  5.203  -89.927  -16.170 0.6000000238
2047  23.817  -91.727  -0.310 0.3000000119
1582  20.976  -93.048  1.999 0.3000000119
1592  19.502  -92.486  1.400 0.3000000119
123728  4.957  -89.288  -15.242 0.6000000238
1628  24.015  -92.271  -2.528 0.3000000119
895  20.417  -94.347  1.389 0.3000000119
1240  19.204  -94.104  1.521 0.3000000119
3136  4.053  -89.243  -15.074 0.6000000238
1011  21.012  -94.759  -8.825 0.3000000119
4153  4.332  -88.329  -15.103 0.6000000238
3647  3.592  -88.653  -14.820 0.6000000238
4154  3.271  -87.903  -14.942 0.6000000238
136296  2.488  -87.709  -14.844 0.5000000000
1706  18.665  -92.271  -11.068 0.4000000060
1694  16.933  -92.111  -10.002 0.4000000060
3582  15.969  -88.234  -9.402 0.4000000060
133028  16.703  -89.074  -10.518 0.5000000000
2005  25.022  -90.780  1.300 0.3000000119
2921  24.302  -90.024  1.480 0.3000000119
2007  23.559  -91.324  1.678 0.3000000119
2468  23.153  -90.881  1.833 0.3000000119
2010  21.033  -92.059  1.983 0.3000000119
2482  20.534  -90.887  1.378 0.3000000119
2021  19.807  -91.584  1.310 0.3000000119
123467  6.628  -88.558  -15.234 0.5000000000
2031  24.444  -91.513  0.417 0.3000000119
1616  24.161  -91.860  -1.530 0.3000000119
3135  5.544  -89.127  -15.209 0.6000000238
2046  24.558  -91.565  -0.693 0.3000000119
1593  18.689  -92.648  0.875 0.3000000119
3646  5.086  -88.819  -15.061 0.6000000238
2062  25.368  -91.545  -2.266 0.3000000119
2149  20.746  -91.727  -10.893 0.3000000119
1693  21.780  -92.394  -11.159 0.3000000119
4172  3.583  -87.524  -15.848 0.6000000238
4730  2.473  -86.895  -17.504 0.6000000238
4152  5.377  -88.355  -15.438 0.6000000238
4170  5.687  -87.646  -16.173 0.5000000000
4185  5.211  -87.422  -17.344 0.6000000238
4171  4.792  -87.751  -16.062 0.6000000238
4186  4.117  -87.439  -17.224 0.6000000238
128914  2.690  -87.099  -16.654 0.6000000238
4198  2.739  -87.109  -18.288 0.6000000238
4197  3.494  -87.358  -18.262 0.6000000238
126238  2.289  -86.524  -18.265 0.5000000000
4728  6.038  -86.533  -17.268 0.5000000000
4195  5.183  -87.241  -18.332 0.5000000000
4206  3.898  -87.479  -19.092 0.6000000238
6497  2.715  -84.482  -20.235 0.5000000000
7139  2.593  -82.315  -21.888 0.6000000238
6512  2.647  -83.858  -21.210 0.6000000238
6511  2.893  -83.425  -20.247 0.5000000000
7122  2.437  -82.461  -20.631 0.6000000238
7107  3.490  -82.557  -19.655 0.6000000238
4729  5.600  -87.018  -17.903 0.5000000000
4757  4.881  -86.769  -20.648 0.5000000000
4774  3.513  -86.333  -21.125 0.5000000000
4750  3.178  -87.061  -19.794 0.6000000238
5320  4.526  -85.841  -22.035 0.6000000238
5322  3.004  -85.319  -21.519 0.5000000000
121465  2.560  -85.320  -20.279 0.5000000000
5926  3.421  -84.912  -22.244 0.6000000238
7770  7.013  -82.551  -23.402 0.6000000238
6520  3.291  -83.976  -22.292 0.6000000238
7728  2.595  -81.890  -20.240 0.5000000000
12595  5.308  -74.534  -11.953 0.5000000000
5273  6.183  -85.521  -17.938 0.5000000000
4748  5.185  -86.982  -19.684 0.5000000000
4772  4.923  -86.241  -21.411 0.6000000238
12584  4.519  -74.378  -10.208 0.5000000000
120279  5.386  -74.447  -9.602 0.6000000238
12596  4.173  -74.507  -11.659 0.6000000238
12609  3.299  -74.486  -12.113 0.6000000238
130845  5.715  -74.578  -11.161 0.5000000000
12608  4.289  -74.351  -12.708 0.5000000000
12618  5.637  -74.516  -14.008 0.5000000000
8409  2.251  -79.900  -19.372 0.5000000000
8419  2.297  -80.294  -20.072 0.5000000000
15561  0.164  -70.743  -10.922 0.6000000238
15562  -0.415  -70.938  -10.571 0.6999999881
14120  -0.520  -72.621  -11.518 0.6000000238
14105  -0.569  -72.671  -10.796 0.6999999881
13333  1.302  -73.233  -9.627 0.6000000238
13331  3.554  -73.876  -9.131 0.6000000238
132016  0.433  -73.740  -11.416 0.6000000238
13346  1.102  -73.519  -10.466 0.6000000238
14857  0.030  -71.629  -11.966 0.6000000238
13377  -0.240  -73.240  -12.266 0.6000000238
12599  1.546  -74.051  -11.333 0.6000000238
13344  2.938  -73.884  -9.895 0.5000000000
12567  4.793  -74.241  -8.393 0.6000000238
14872  0.222  -71.939  -12.656 0.6000000238
13359  0.513  -74.026  -12.177 0.6000000238
12585  3.562  -74.255  -10.478 0.5000000000
12575  3.808  -74.115  -9.774 0.6000000238
14137  0.211  -73.302  -12.946 0.6000000238
12598  2.461  -74.414  -11.742 0.6000000238
13392  0.771  -73.612  -13.168 0.6000000238
12610  2.408  -74.335  -12.578 0.6000000238
12621  2.500  -74.018  -13.389 0.6000000238
12620  3.658  -73.966  -13.630 0.5000000000
12628  5.712  -74.971  -14.623 0.5000000000
12642  4.325  -74.596  -15.762 0.5000000000
11881  3.465  -74.744  -16.459 0.5000000000
11149  2.665  -76.178  -16.512 0.5000000000
14084  0.100  -72.731  -9.205 0.6000000238
14067  0.812  -72.877  -8.535 0.6999999881
14882  0.565  -72.395  -13.202 0.5000000000
13391  1.748  -73.637  -13.738 0.6000000238
13406  3.059  -73.292  -15.120 0.6000000238
12629  4.989  -74.261  -14.942 0.5000000000
13405  3.787  -73.815  -15.528 0.6000000238
12643  3.351  -73.844  -16.312 0.5000000000
13439  3.190  -73.254  -16.699 0.6000000238
12659  2.948  -73.869  -16.971 0.6000000238
17922  5.395  -67.540  -9.213 0.4000000060
128282  -0.919  -69.909  -8.482 0.6999999881
14799  -0.903  -71.726  -6.952 0.5000000000
14055  -0.037  -72.472  -6.003 0.5000000000
17903  5.352  -68.455  -8.429 0.6000000238
131597  4.720  -68.537  -7.999 0.5000000000
14060  -0.427  -72.161  -6.869 0.6000000238
14058  0.718  -72.773  -7.205 0.5000000000
17113  5.793  -69.319  -8.354 0.5000000000
15529  -0.829  -70.024  -9.171 0.6000000238
14065  -1.055  -71.932  -8.448 0.8000000119
138202  -0.507  -70.573  -9.984 0.6999999881
14085  -0.619  -72.351  -9.138 0.8000000119
13318  1.587  -72.997  -7.726 0.6999999881
13423  2.729  -72.548  -15.397 0.6000000238
13422  3.103  -73.123  -16.000 0.6000000238
14056  -0.498  -72.247  -5.466 0.5000000000
17904  4.717  -67.772  -8.423 0.5000000000
16288  -0.687  -68.862  -8.328 0.6999999881
13299  0.890  -72.868  -5.429 0.5000000000
17129  6.952  -68.863  -9.687 0.4000000060
17921  6.625  -68.229  -9.945 0.4000000060
16331  7.475  -69.529  -9.289 0.4000000060
16310  7.028  -70.250  -8.771 0.5000000000
14811  7.002  -71.290  -8.886 0.4000000060
129121  -0.754  -69.968  -6.346 0.5000000000
14048  -0.115  -72.685  -4.997 0.5000000000
17935  5.721  -67.059  -10.189 0.3000000119
18745  4.875  -66.562  -9.864 0.3000000119
126258  -0.859  -69.909  -7.358 0.6000000238
16330  8.344  -69.435  -9.395 0.4000000060
16309  7.960  -70.244  -9.066 0.4000000060
14828  6.588  -71.601  -9.472 0.4000000060
16277  -0.607  -69.116  -6.817 0.6000000238
17100  -0.583  -68.157  -7.339 0.6000000238
14810  7.792  -71.473  -9.050 0.4000000060
16274  -0.639  -69.369  -5.629 0.5000000000
14795  -0.592  -71.607  -4.973 0.5000000000
18775  7.510  -66.202  -11.460 0.3000000119
18761  6.180  -66.574  -10.816 0.3000000119
18763  4.267  -65.828  -10.390 0.3000000119
18764  3.503  -65.665  -10.249 0.4000000060
132633  8.575  -71.808  -9.186 0.3000000119
14827  7.995  -72.143  -9.617 0.4000000060
14082  8.788  -72.403  -9.830 0.4000000060
19549  4.460  -65.271  -10.949 0.4000000060
17887  -0.689  -67.372  -5.610 0.6000000238
131062  -0.488  -69.647  -4.675 0.4000000060
130681  3.373  -64.401  -10.674 0.4000000060
136204  9.346  -65.329  -11.883 0.3000000119
19564  7.841  -65.543  -11.923 0.3000000119
16270  -0.537  -68.581  -4.881 0.5000000000
20344  2.766  -64.109  -10.228 0.4000000060
20309  1.762  -63.394  -8.496 0.4000000060
119675  2.738  -63.772  -7.725 0.5000000000
21148  2.933  -63.514  -9.926 0.4000000060
21114  2.765  -63.364  -8.628 0.4000000060
21144  7.077  -63.444  -11.142 0.3000000119
20324  6.416  -64.297  -9.851 0.3000000119
21126  5.834  -63.583  -10.565 0.3000000119
133357  5.648  -63.938  -9.816 0.3000000119
20304  6.906  -64.973  -9.259 0.3000000119
17830  4.166  -67.527  -0.944 0.4000000060
20341  7.696  -64.009  -10.467 0.3000000119
1606  18.124  -92.164  0.118 0.3000000119
120835  20.698  -92.689  -12.356 0.4000000060
21128  4.153  -63.474  -9.742 0.3000000119
14925  3.406  -71.978  -16.293 0.6000000238
19439  2.230  -66.065  -0.998 0.4000000060
16311  6.180  -70.062  -8.482 0.5000000000
20325  5.046  -63.963  -9.372 0.3000000119
2163  14.981  -91.906  -11.955 0.3000000119
123071  15.283  -91.423  -10.231 0.4000000060
4196  4.499  -87.415  -18.277 0.5000000000
883  8.077  -94.795  5.015 0.4000000060
625  6.878  -95.103  2.189 0.5000000000
1263  7.447  -93.229  -1.529 0.5000000000
390  8.664  -97.563  4.036 0.5000000000
728  16.112  -95.600  -8.378 0.4000000060
1205  8.540  -93.864  4.558 0.4000000060
617  9.352  -96.023  2.495 0.4000000060
192  9.440  -97.240  2.334 0.4000000060
740  16.609  -95.745  -9.591 0.4000000060
715  15.633  -95.499  -7.560 0.4000000060
136357  16.444  -96.342  -6.089 0.4000000060
1597  8.561  -91.870  0.329 0.3000000119
882  11.863  -94.799  4.768 0.3000000119
897  10.577  -94.515  1.915 0.3000000119
636  9.542  -96.032  0.737 0.4000000060
410  9.614  -96.680  1.215 0.4000000060
1013  17.457  -94.485  -9.059 0.3000000119
739  17.381  -95.056  -9.965 0.4000000060
911  10.185  -94.815  -0.024 0.4000000060
419  11.778  -96.757  0.213 0.4000000060
223  17.246  -97.422  -0.924 0.5000000000
4217  12.570  -87.531  -21.108 0.5000000000
546  17.288  -96.646  -12.597 0.4000000060
1227  13.123  -93.324  2.023 0.3000000119
662  11.376  -95.239  -1.576 0.4000000060
647  12.345  -96.297  -0.363 0.4000000060
418  13.403  -96.359  0.177 0.5000000000
644  15.472  -95.834  -0.125 0.5000000000
936  20.260  -93.847  -1.655 0.3000000119
1312  20.163  -93.626  -6.413 0.3000000119
1345  18.695  -94.161  -9.338 0.3000000119
1031  18.959  -94.592  -10.386 0.3000000119
3701  13.942  -88.246  -21.958 0.6000000238
928  12.976  -94.535  -2.048 0.3000000119
660  12.905  -95.253  -1.393 0.4000000060
130181  18.016  -95.190  1.140 0.3000000119
4201  12.454  -87.612  -19.211 0.5000000000
1373  20.259  -93.976  -14.098 0.4000000060
1269  15.395  -93.155  -2.745 0.3000000119
1249  17.358  -93.497  0.028 0.3000000119
2137  17.443  -91.509  -9.355 0.4000000060
1707  17.535  -92.484  -10.821 0.4000000060
1721  17.257  -92.893  -11.522 0.4000000060
3037  16.410  -89.373  -7.089 0.3000000119
2481  21.816  -90.250  1.376 0.3000000119
2152  17.935  -91.921  -10.188 0.3000000119
134993  21.048  -90.292  1.241 0.3000000119
2941  20.355  -90.006  0.564 0.3000000119
1640  25.685  -91.969  -3.473 0.3000000119
4751  2.416  -86.083  -19.883 0.5000000000
5927  2.917  -84.461  -21.761 0.6000000238
14831  -0.757  -72.137  -9.805 0.6999999881
14062  0.562  -72.780  -7.886 0.6999999881
14832  -0.961  -71.618  -9.204 0.6999999881
15503  -0.988  -70.846  -7.620 0.6000000238
18760  7.069  -66.853  -11.003 0.3000000119
18776  6.668  -66.025  -11.323 0.3000000119
3677  14.306  -88.440  -18.788 0.5000000000
3679  13.028  -88.031  -19.025 0.5000000000
4114  19.838  -87.942  -13.459 0.6000000238
5290  5.567  -86.282  -20.188 0.4000000060
5318  5.933  -85.436  -21.625 0.5000000000
7744  2.614  -81.631  -21.595 0.5000000000
7741  5.908  -81.828  -22.176 0.5000000000
7742  4.712  -81.498  -22.152 0.5000000000
7743  3.514  -81.313  -21.814 0.5000000000
127036  2.409  -80.850  -20.632 0.5000000000
8440  3.351  -80.512  -21.209 0.5000000000
8450  7.981  -81.160  -22.881 0.5000000000
9120  2.400  -80.045  -20.228 0.4000000060
8428  5.909  -80.642  -20.548 0.5000000000
9130  5.022  -80.210  -21.015 0.5000000000
9118  3.645  -79.362  -20.642 0.5000000000
9739  1.820  -78.921  -19.450 0.5000000000
128032  5.623  -80.043  -20.242 0.6000000238
9117  4.770  -79.362  -20.631 0.5000000000
9753  3.025  -78.937  -20.266 0.5000000000
11883  1.974  -75.439  -17.387 0.5000000000
139616  5.536  -78.542  -19.461 0.6000000238
11185  1.352  -76.856  -18.557 0.5000000000
11923  1.232  -76.059  -17.749 0.5000000000
9752  4.174  -78.591  -20.346 0.6000000238
10475  2.529  -77.682  -19.387 0.6000000238
10476  1.446  -77.706  -18.983 0.5000000000
132042  6.288  -78.346  -18.880 0.6000000238
136977  5.107  -77.604  -19.682 0.6000000238
119605  4.599  -76.984  -19.567 0.6000000238
11921  2.373  -75.245  -18.472 0.6000000238
129781  5.508  -76.027  -19.292 0.6000000238
12694  2.758  -74.570  -18.154 0.5000000000
12675  2.870  -74.087  -17.503 0.5000000000
11204  3.933  -76.365  -19.318 0.6000000238
11205  2.919  -76.691  -19.096 0.6000000238
13324  3.319  -73.619  -8.235 0.5000000000
13317  2.683  -73.263  -7.469 0.5000000000
13325  2.445  -73.282  -8.291 0.5000000000
14180  3.427  -72.696  -16.726 0.6000000238
134557  5.379  -74.754  -18.918 0.6000000238
13454  4.028  -73.363  -17.617 0.6000000238
12711  3.407  -74.993  -18.696 0.6000000238
12693  3.929  -74.358  -18.414 0.6000000238
12692  4.984  -74.300  -18.635 0.6000000238
20356  3.849  -64.008  -10.887 0.3000000119
17031  3.906  -68.273  -0.924 0.3000000119
131919  17.295  -89.455  -11.341 0.4000000060
3615  18.877  -88.994  -12.143 0.5000000000
2280  16.234  -90.708  -22.531 0.5000000000
2279  16.752  -90.368  -22.229 0.5000000000
3605  19.196  -88.104  -11.997 0.4000000060
3196  16.743  -89.900  -21.814 0.4000000060
5196  19.933  -85.858  -13.302 0.4000000060
3688  13.008  -88.042  -19.664 0.4000000060
3686  14.361  -88.532  -19.910 0.4000000060
129149  13.566  -88.291  -20.009 0.4000000060
3198  14.805  -88.816  -20.990 0.4000000060
3197  15.734  -89.294  -21.387 0.4000000060
125191  18.118  -83.530  -13.436 0.4000000060
5805  19.249  -84.853  -14.466 0.4000000060
5244  19.544  -85.585  -15.058 0.4000000060
132088  11.902  -87.334  -17.906 0.4000000060
5795  19.048  -84.437  -13.962 0.4000000060
5227  19.633  -85.308  -14.598 0.4000000060
5246  18.308  -85.347  -15.228 0.4000000060
5229  17.766  -86.128  -14.903 0.5000000000
12709  5.957  -74.803  -18.934 0.5000000000
132308  6.980  -75.055  -17.566 0.5000000000
14212  6.256  -73.315  -18.270 0.5000000000
13473  6.668  -73.527  -18.166 0.5000000000
14921  7.674  -71.462  -16.696 0.5000000000
14195  6.148  -72.573  -17.762 0.5000000000
15645  7.370  -70.687  -16.779 0.5000000000
117702  2.151  -73.009  -6.804 0.4000000060
119199  1.662  -72.892  -6.136 0.4000000060
119308  6.854  -72.158  -17.497 0.5000000000
14214  4.673  -73.107  -17.724 0.5000000000
4113  20.274  -87.168  -14.279 0.5000000000
5780  19.542  -85.111  -13.733 0.4000000060
5821  18.684  -84.888  -15.095 0.4000000060
139735  6.667  -94.412  -1.509 0.4000000060
931  6.357  -94.595  -2.096 0.4000000060
49  4.391  -98.676  -5.857 0.4000000060
912  6.740  -94.538  0.092 0.4000000060
663  6.144  -95.116  -1.182 0.4000000060
112  4.947  -99.058  -4.175 0.4000000060
664  5.508  -96.018  -1.172 0.4000000060
42  6.117  -99.084  -3.548 0.4000000060
39  5.178  -99.061  -3.313 0.4000000060
128199  4.774  -98.652  -3.306 0.4000000060
626  6.483  -95.708  1.464 0.5000000000
913  6.487  -95.181  0.600 0.5000000000
637  6.192  -95.926  0.601 0.4000000060
651  5.854  -95.824  -0.572 0.4000000060
101  4.994  -98.773  -2.650 0.4000000060
619  6.611  -96.100  2.599 0.5000000000
391  6.607  -97.226  3.015 0.5000000000
397  6.342  -96.754  2.010 0.5000000000
423  5.509  -96.784  -0.394 0.4000000060
429  5.094  -97.015  -1.228 0.4000000060
193  6.226  -98.099  1.792 0.4000000060
130148  6.093  -97.381  1.481 0.4000000060
130323  7.709  -98.894  -0.552 0.4000000060
29  6.561  -98.795  -1.366 0.4000000060
30  5.913  -98.780  -2.158 0.4000000060
89  5.095  -98.525  -2.001 0.4000000060
226  4.948  -97.919  -1.546 0.4000000060
37  6.275  -99.044  -2.828 0.4000000060
100  5.293  -98.815  -2.502 0.4000000060
7  6.929  -98.470  1.027 0.5000000000
72  6.345  -98.236  0.924 0.4000000060
208  5.637  -97.697  0.069 0.4000000060
218  5.251  -97.764  -0.737 0.4000000060
133004  8.008  -98.830  0.185 0.5000000000
13  7.290  -98.742  0.199 0.4000000060
21  6.348  -98.564  -0.559 0.4000000060
73  5.747  -98.214  -0.453 0.4000000060
117099  10.049  -98.901  -1.399 0.3000000119
25  10.942  -98.711  -1.666 0.3000000119
17  10.789  -99.061  -0.797 0.4000000060
117874  9.485  -98.987  0.373 0.3000000119
9  11.376  -98.914  1.296 0.4000000060
10  10.357  -99.061  0.804 0.4000000060
108  12.469  -98.087  -2.974 0.3000000119
33  11.823  -98.680  -1.771 0.4000000060
24  11.558  -98.896  -1.073 0.4000000060
16  11.519  -99.116  0.099 0.4000000060
87  12.540  -98.595  -1.806 0.4000000060
23  12.160  -98.783  -1.265 0.4000000060
119213  12.896  -98.579  0.644 0.4000000060
204  12.785  -97.713  1.661 0.3000000119
120546  8.720  -98.933  -0.376 0.3000000119
190  11.845  -98.090  2.288 0.3000000119
3  10.548  -98.736  1.773 0.4000000060
95  13.028  -98.320  -2.413 0.4000000060
65  12.144  -98.374  1.916 0.3000000119
78  12.831  -98.723  -0.679 0.4000000060
69  14.283  -97.909  0.572 0.4000000060
70  13.420  -98.012  1.110 0.4000000060
12  8.747  -98.880  0.721 0.4000000060
11  9.636  -98.917  1.350 0.4000000060
244  12.666  -97.890  -3.437 0.4000000060
205  11.915  -97.708  1.919 0.3000000119
106  14.260  -98.002  -2.952 0.4000000060
107  13.433  -98.099  -2.946 0.4000000060
93  15.033  -97.924  -2.504 0.4000000060
84  15.073  -98.045  -1.521 0.4000000060
86  13.488  -98.521  -1.331 0.4000000060
129912  7.890  -98.765  2.001 0.4000000060
5  8.740  -98.850  1.875 0.4000000060
191  10.167  -98.026  2.431 0.3000000119
4  9.656  -98.646  2.161 0.4000000060
137403  11.181  -97.884  2.192 0.3000000119
242  14.580  -97.638  -3.567 0.4000000060
254  15.109  -97.266  -4.308 0.4000000060
241  15.994  -97.470  -3.415 0.4000000060
225  15.725  -97.792  -0.676 0.4000000060
131936  14.165  -98.292  -0.374 0.4000000060
179  6.929  -97.844  3.542 0.4000000060
59  9.696  -98.101  2.663 0.3000000119
378  7.638  -97.039  4.809 0.4000000060
63  7.012  -98.388  2.858 0.4000000060
58  7.815  -98.128  3.690 0.4000000060
62  7.567  -98.515  3.129 0.4000000060
61  8.542  -98.432  3.201 0.4000000060
5230  17.172  -86.022  -14.467 0.4000000060
94  13.828  -98.299  -2.342 0.4000000060
0  8.958  -98.666  2.596 0.4000000060
1  8.188  -98.729  2.626 0.4000000060
2  11.373  -98.324  2.085 0.4000000060
6  7.292  -98.567  1.732 0.4000000060
8  12.230  -98.760  1.052 0.4000000060
14  6.673  -98.556  0.170 0.4000000060
15  12.224  -98.905  -0.230 0.4000000060
18  9.908  -99.091  -0.427 0.3000000119
20  6.970  -98.869  -0.572 0.4000000060
22  5.859  -98.528  -1.254 0.4000000060
28  7.413  -98.974  -1.454 0.4000000060
38  5.568  -99.037  -3.008 0.4000000060
43  5.378  -99.118  -3.649 0.4000000060
46  5.069  -99.087  -4.821 0.4000000060
60  9.388  -98.327  2.674 0.4000000060
64  12.964  -98.047  1.693 0.3000000119
66  10.343  -98.246  2.249 0.3000000119
67  7.367  -98.575  2.473 0.4000000060
68  6.693  -98.306  2.038 0.4000000060
71  12.735  -98.266  1.602 0.4000000060
77  13.577  -98.440  0.095 0.4000000060
85  14.345  -98.301  -1.390 0.4000000060
88  5.346  -98.312  -1.283 0.4000000060
96  12.282  -98.326  -2.510 0.3000000119
97  11.606  -98.415  -2.359 0.4000000060
105  15.101  -97.690  -3.202 0.4000000060
176  7.916  -97.371  4.880 0.4000000060
177  8.079  -97.695  4.318 0.4000000060
178  7.495  -97.662  4.140 0.4000000060
182  9.141  -97.948  3.299 0.3000000119
183  8.451  -97.979  3.729 0.5000000000
184  7.128  -98.210  3.399 0.4000000060
185  6.665  -98.113  2.754 0.4000000060
189  12.483  -98.113  2.024 0.3000000119
201  15.084  -97.339  0.694 0.5000000000
203  13.419  -97.575  1.277 0.4000000060
206  10.015  -97.583  1.957 0.3000000119
207  5.920  -97.874  0.902 0.4000000060
214  17.992  -96.941  -0.943 0.5000000000
215  17.324  -97.120  -0.054 0.4000000060
216  16.223  -97.507  0.001 0.5000000000
217  15.609  -97.556  0.211 0.5000000000
222  18.286  -96.931  -1.852 0.5000000000
224  16.490  -97.641  -0.894 0.5000000000
232  18.162  -97.007  -2.548 0.5000000000
233  17.401  -97.312  -2.674 0.5000000000
235  15.639  -97.690  -2.772 0.4000000060
239  17.819  -96.953  -3.457 0.5000000000
243  13.758  -97.881  -3.372 0.4000000060
252  17.234  -96.943  -4.249 0.5000000000
300  14.923  -97.312  -10.445 0.3000000119
313  13.739  -97.825  -11.008 0.3000000119
324  15.701  -97.398  -12.354 0.3000000119
325  15.004  -97.457  -12.181 0.3000000119
326  14.238  -97.402  -11.900 0.3000000119
327  13.568  -97.566  -11.303 0.3000000119
339  14.800  -97.269  -12.744 0.3000000119
346  15.605  -97.101  -13.688 0.3000000119
402  18.020  -96.215  0.668 0.4000000060
405  15.681  -97.009  0.882 0.5000000000
406  14.901  -97.047  0.932 0.5000000000
407  12.337  -97.267  1.285 0.4000000060
408  11.365  -97.152  0.818 0.4000000060
409  10.385  -97.182  1.030 0.3000000119
411  5.868  -96.918  0.574 0.4000000060
415  18.692  -96.404  -0.606 0.5000000000
422  5.929  -96.120  0.008 0.4000000060
428  19.282  -96.131  -1.402 0.4000000060
430  4.822  -97.249  -1.951 0.4000000060
435  18.778  -96.591  -2.260 0.4000000060
442  18.982  -96.247  -2.954 0.4000000060
452  18.136  -96.335  -4.320 0.5000000000
453  17.510  -96.524  -4.858 0.4000000060
465  17.118  -96.636  -5.274 0.4000000060
466  16.721  -96.606  -5.561 0.4000000060
475  17.028  -96.295  -6.013 0.4000000060
477  16.142  -95.749  -6.747 0.4000000060
484  16.507  -95.464  -7.253 0.4000000060
498  15.433  -96.224  -9.134 0.3000000119
499  14.580  -96.634  -9.035 0.3000000119
513  16.276  -96.407  -10.085 0.3000000119
514  15.570  -96.665  -9.875 0.3000000119
531  16.388  -96.792  -10.901 0.3000000119
533  13.115  -97.420  -11.254 0.3000000119
534  12.691  -97.870  -10.705 0.3000000119
547  16.416  -97.053  -11.909 0.3000000119
553  17.040  -96.863  -13.583 0.4000000060
554  16.251  -97.244  -13.107 0.4000000060
555  15.079  -97.078  -13.514 0.3000000119
556  14.624  -97.038  -12.856 0.3000000119
561  16.319  -96.835  -14.200 0.4000000060
562  15.513  -96.783  -14.192 0.3000000119
604  8.107  -96.227  5.765 0.3000000119
605  7.802  -96.488  5.311 0.4000000060
611  6.837  -96.480  3.519 0.5000000000
618  6.996  -95.570  3.299 0.4000000060
630  19.564  -95.581  0.559 0.3000000119
631  18.517  -95.723  0.959 0.4000000060
633  16.818  -96.326  0.768 0.5000000000
634  16.091  -96.518  0.650 0.5000000000
635  9.958  -95.565  0.008 0.4000000060
642  20.142  -95.441  -0.235 0.3000000119
643  16.294  -95.666  0.165 0.5000000000
649  10.413  -95.782  -0.551 0.4000000060
650  6.282  -95.281  -0.190 0.5000000000
656  20.275  -95.235  -0.853 0.3000000119
659  13.980  -94.998  -1.438 0.3000000119
661  12.013  -95.639  -1.324 0.4000000060
668  19.488  -95.721  -2.494 0.4000000060
682  17.790  -95.949  -5.013 0.4000000060
714  16.633  -95.246  -8.013 0.4000000060
726  16.807  -95.178  -8.990 0.4000000060
751  18.534  -95.546  -11.774 0.3000000119
752  17.692  -95.577  -10.982 0.4000000060
754  14.093  -95.468  -11.424 0.3000000119
755  13.239  -96.346  -11.102 0.3000000119
756  12.545  -97.239  -10.805 0.3000000119
765  13.601  -96.717  -11.653 0.3000000119
776  17.756  -96.404  -13.508 0.4000000060
778  14.840  -96.129  -13.323 0.3000000119
785  19.145  -95.148  -14.488 0.3000000119
787  16.854  -96.139  -14.808 0.4000000060
788  15.580  -96.422  -14.447 0.4000000060
791  18.442  -95.319  -14.684 0.3000000119
792  17.674  -95.519  -14.785 0.4000000060
875  7.779  -95.798  5.292 0.4000000060
896  19.812  -94.556  1.515 0.3000000119
899  9.811  -95.318  0.643 0.3000000119
900  7.315  -93.844  1.147 0.5000000000
906  20.648  -94.647  0.776 0.3000000119
907  20.090  -95.003  1.096 0.3000000119
917  16.531  -94.814  -0.323 0.4000000060
920  6.698  -94.506  -0.797 0.4000000060
923  20.580  -94.544  -0.759 0.3000000119
924  20.250  -94.942  -1.469 0.4000000060
926  15.459  -94.302  -1.678 0.3000000119
932  5.689  -95.359  -1.992 0.4000000060
948  18.985  -94.311  -3.322 0.4000000060
956  17.776  -94.594  -4.930 0.3000000119
970  17.424  -95.295  -5.894 0.3000000119
984  17.126  -94.653  -6.860 0.4000000060
998  17.243  -94.208  -7.691 0.3000000119
1010  21.764  -94.936  -8.667 0.3000000119
1012  20.220  -94.195  -8.514 0.3000000119
1029  21.502  -94.813  -9.677 0.3000000119
1030  19.686  -94.544  -9.921 0.3000000119
1032  18.304  -94.901  -10.716 0.3000000119
1046  20.160  -94.950  -11.083 0.3000000119
1047  19.482  -95.269  -11.667 0.3000000119
1054  21.148  -94.773  -12.658 0.4000000060
1055  20.352  -95.232  -12.917 0.3000000119
1056  14.689  -95.180  -12.458 0.4000000060
1062  21.438  -94.127  -13.005 0.4000000060
1064  15.840  -94.868  -14.315 0.4000000060
1068  19.701  -94.658  -14.339 0.4000000060
1070  18.114  -95.030  -14.947 0.4000000060
1204  9.047  -93.151  3.992 0.3000000119
1206  7.948  -94.105  3.667 0.4000000060
1214  13.909  -93.276  2.595 0.3000000119
1217  8.138  -93.434  2.804 0.4000000060
1224  21.195  -93.283  1.687 0.3000000119
1225  20.692  -93.689  1.693 0.3000000119
1226  20.025  -93.963  1.752 0.3000000119
1230  7.857  -93.169  1.117 0.4000000060
1238  20.897  -93.986  1.273 0.3000000119
1239  19.363  -93.294  1.482 0.3000000119
1241  18.174  -94.080  0.972 0.3000000119
1253  7.058  -93.979  -1.329 0.5000000000
1264  6.893  -93.848  -2.065 0.5000000000
1267  20.362  -92.661  -2.115 0.3000000119
1268  15.965  -92.999  -2.360 0.3000000119
1283  18.614  -93.344  -3.777 0.3000000119
1298  17.648  -93.610  -5.431 0.3000000119
1306  19.201  -92.791  -5.833 0.3000000119
1307  18.048  -92.944  -5.286 0.3000000119
1313  18.934  -93.217  -6.709 0.3000000119
1314  17.955  -93.213  -6.867 0.3000000119
1322  19.990  -93.860  -7.491 0.3000000119
1324  17.788  -93.657  -7.819 0.3000000119
1332  19.347  -93.768  -8.231 0.3000000119
1333  18.534  -93.763  -8.457 0.3000000119
1346  18.074  -94.379  -9.716 0.3000000119
1347  13.254  -93.664  -9.444 0.4000000060
1356  13.707  -94.003  -11.217 0.3000000119
1363  21.805  -93.766  -12.539 0.4000000060
1372  21.132  -93.773  -13.463 0.4000000060
1374  18.714  -93.917  -13.870 0.5000000000
1378  14.833  -93.885  -12.984 0.3000000119
1384  19.464  -94.357  -14.477 0.4000000060
1385  18.479  -94.506  -14.633 0.4000000060
1386  17.371  -94.653  -14.663 0.4000000060
1408  13.787  -93.249  -17.429 0.4000000060
1413  16.827  -93.066  -18.591 0.6000000238
1414  15.790  -93.259  -18.355 0.4000000060
1415  14.672  -93.334  -17.896 0.4000000060
1424  14.607  -93.323  -18.273 0.4000000060
1425  14.019  -93.205  -18.081 0.4000000060
1433  15.084  -93.313  -18.902 0.5000000000
1574  8.764  -92.727  2.859 0.3000000119
1581  21.582  -92.670  1.928 0.3000000119
1583  20.211  -93.229  1.820 0.3000000119
1591  21.682  -92.791  1.618 0.3000000119
1604  21.414  -92.378  -0.364 0.3000000119
1605  21.176  -93.316  0.321 0.3000000119
1617  23.552  -91.830  -1.462 0.3000000119
1618  22.541  -91.575  -1.469 0.3000000119
1627  24.701  -92.071  -2.713 0.3000000119
1646  19.223  -92.644  -3.694 0.3000000119
1663  18.639  -92.651  -5.296 0.3000000119
1695  15.973  -91.939  -10.036 0.4000000060
1703  22.503  -93.257  -11.090 0.3000000119
1704  21.250  -92.461  -11.889 0.3000000119
1705  19.984  -91.983  -11.337 0.4000000060
1709  15.708  -92.465  -11.608 0.3000000119
1710  13.281  -93.352  -10.504 0.4000000060
1718  22.045  -93.170  -12.011 0.3000000119
1720  19.577  -92.770  -12.119 0.4000000060
1722  16.434  -92.979  -12.164 0.3000000119
1725  13.099  -93.451  -11.769 0.4000000060
1735  20.638  -93.323  -13.204 0.4000000060
1736  15.799  -93.182  -13.047 0.3000000119
1738  13.759  -92.913  -13.300 0.5000000000
1739  12.460  -93.177  -12.717 0.4000000060
1753  11.833  -93.217  -13.515 0.3000000119
1754  11.603  -92.610  -13.648 0.3000000119
1765  11.933  -93.492  -14.684 0.3000000119
1782  20.332  -91.853  -16.518 0.6999999881
1784  17.700  -92.618  -17.247 0.5000000000
1786  15.297  -92.562  -16.853 0.5000000000
1797  19.638  -92.597  -17.691 0.6999999881
1799  17.990  -93.113  -18.116 0.6999999881
1803  12.983  -93.294  -16.955 0.4000000060
1811  19.188  -92.551  -18.764 0.6999999881
1812  18.387  -92.954  -18.663 0.6999999881
1824  18.693  -92.275  -19.528 0.6999999881
1825  17.703  -92.829  -19.292 0.6999999881
1826  17.175  -92.727  -19.975 0.6999999881
1827  16.174  -92.970  -19.981 0.6000000238
1828  14.772  -93.020  -19.598 0.5000000000
1836  18.418  -91.636  -20.426 0.6999999881
1837  17.644  -91.981  -20.633 0.6999999881
1840  14.531  -92.557  -20.297 0.4000000060
1849  15.564  -92.132  -21.138 0.6000000238
2006  24.317  -91.015  1.498 0.3000000119
2008  22.843  -91.688  1.927 0.3000000119
2009  22.028  -91.944  1.990 0.3000000119
2011  20.343  -92.521  1.835 0.3000000119
2018  25.161  -91.107  0.771 0.3000000119
2019  23.968  -91.464  1.193 0.3000000119
2020  23.145  -91.816  1.458 0.3000000119
2022  18.866  -91.830  0.640 0.3000000119
2032  23.737  -91.695  0.725 0.3000000119
2034  22.168  -92.096  0.167 0.3000000119
2045  25.258  -91.326  -1.184 0.3000000119
2048  22.743  -91.679  -0.549 0.3000000119
2063  24.717  -91.644  -1.663 0.3000000119
2125  15.831  -91.044  -8.833 0.4000000060
2138  16.402  -91.576  -9.358 0.4000000060
2140  14.918  -90.798  -9.998 0.4000000060
2151  18.966  -91.555  -10.424 0.3000000119
2153  15.440  -91.922  -10.850 0.4000000060
2154  14.783  -91.163  -10.972 0.4000000060
2155  12.561  -91.771  -10.016 0.4000000060
2165  12.177  -91.720  -11.197 0.4000000060
2177  11.931  -92.379  -12.228 0.3000000119
2184  12.685  -93.162  -13.827 0.3000000119
2194  16.717  -91.000  -14.912 0.4000000060
2204  20.320  -91.215  -15.577 0.6999999881
2205  18.314  -91.723  -15.695 0.6000000238
2208  14.996  -91.440  -15.797 0.4000000060
2209  13.984  -91.854  -15.613 0.4000000060
2221  16.513  -91.638  -16.105 0.4000000060
2224  13.489  -93.214  -16.308 0.3000000119
2233  20.994  -91.016  -18.096 0.8000000119
2234  20.440  -92.019  -17.665 0.6999999881
2241  20.563  -91.347  -18.795 0.6999999881
2248  19.716  -91.568  -19.390 0.6999999881
2259  17.272  -91.454  -21.308 0.6000000238
2270  15.914  -91.467  -21.949 0.6000000238
2281  15.442  -90.957  -22.624 0.5000000000
2465  25.543  -90.246  1.438 0.3000000119
2466  24.734  -90.415  1.502 0.3000000119
2467  23.929  -90.639  1.612 0.3000000119
2469  21.474  -91.065  1.786 0.3000000119
2583  16.322  -90.028  -7.584 0.3000000119
2591  16.130  -90.563  -8.206 0.3000000119
2592  15.352  -90.337  -8.533 0.5000000000
2593  14.845  -89.883  -8.973 0.5000000000
2603  14.752  -90.121  -9.706 0.5000000000
2614  12.087  -90.538  -10.059 0.4000000060
2635  14.623  -90.299  -12.788 0.4000000060
2646  19.269  -90.524  -13.606 0.6000000238
2647  18.448  -90.493  -13.227 0.6000000238
2648  17.381  -90.455  -13.373 0.5000000000
2649  16.225  -90.305  -13.597 0.4000000060
2650  15.112  -90.283  -13.605 0.4000000060
2652  13.398  -92.092  -14.281 0.3000000119
2656  20.146  -90.744  -14.801 0.6000000238
2657  19.489  -90.943  -14.252 0.6000000238
2665  20.668  -90.257  -15.660 0.6999999881
2667  13.995  -91.297  -14.699 0.4000000060
2683  5.465  -90.231  -17.044 0.6000000238
2686  20.279  -90.562  -19.450 0.6999999881
2695  18.652  -90.591  -20.572 0.6999999881
2704  18.080  -90.708  -21.069 0.6000000238
2705  17.442  -90.426  -21.525 0.4000000060
2718  16.427  -90.169  -22.819 0.5000000000
2731  15.272  -89.250  -24.309 0.5000000000
2920  25.204  -89.939  1.467 0.3000000119
2937  24.674  -89.629  1.192 0.3000000119
2940  21.296  -89.713  0.668 0.3000000119
3027  17.187  -89.149  -6.623 0.3000000119
3048  14.858  -89.210  -8.742 0.5000000000
3077  14.947  -89.448  -10.433 0.5000000000
3095  14.931  -89.690  -11.209 0.4000000060
3096  14.651  -89.940  -10.915 0.4000000060
3106  19.210  -89.461  -12.813 0.6000000238
3107  17.748  -89.764  -11.985 0.6000000238
3108  16.766  -89.807  -12.008 0.5000000000
3115  20.202  -89.344  -14.259 0.6999999881
3117  19.079  -90.142  -13.021 0.6000000238
3125  19.920  -90.328  -14.108 0.6000000238
3128  2.816  -88.835  -14.787 0.6000000238
3133  6.919  -89.243  -15.508 0.5000000000
3134  6.178  -89.216  -15.381 0.6000000238
3142  20.768  -89.070  -16.424 0.6999999881
3149  4.374  -89.726  -16.022 0.5000000000
3157  20.040  -89.306  -18.579 0.8000000119
3161  6.827  -89.963  -16.893 0.6000000238
3169  20.355  -90.023  -19.142 0.8000000119
3170  19.476  -89.677  -19.066 0.8000000119
3185  15.907  -89.266  -19.810 0.6000000238
3208  16.704  -90.016  -22.565 0.5000000000
3222  16.227  -89.855  -23.179 0.6000000238
3556  15.723  -88.769  -7.295 0.3000000119
3566  15.132  -88.529  -8.547 0.3000000119
3567  14.852  -88.943  -9.160 0.5000000000
3584  14.907  -89.113  -9.753 0.5000000000
3597  15.514  -88.859  -10.002 0.5000000000
3614  19.409  -88.530  -12.716 0.4000000060
3624  20.574  -88.417  -15.012 0.6999999881
3628  16.414  -88.332  -14.674 0.6999999881
3638  17.777  -88.366  -15.275 0.6999999881
3641  15.007  -88.375  -15.840 0.8000000119
3648  2.764  -88.246  -14.700 0.6000000238
3654  20.090  -88.059  -17.246 0.6999999881
3662  7.696  -89.072  -16.051 0.6000000238
3665  20.503  -88.614  -17.150 0.6999999881
3666  20.342  -88.943  -17.730 0.8000000119
3671  13.894  -88.174  -17.395 0.6000000238
3673  7.563  -89.483  -16.947 0.5000000000
3678  13.460  -88.161  -18.573 0.5000000000
3687  13.600  -88.286  -19.311 0.5000000000
3700  14.539  -88.593  -21.697 0.6000000238
3702  13.317  -88.045  -21.249 0.5000000000
3710  14.815  -88.519  -22.785 0.6000000238
4084  16.308  -87.511  -8.870 0.4000000060
4085  15.566  -88.063  -8.862 0.4000000060
4115  17.204  -87.017  -13.784 0.6000000238
4116  16.079  -87.041  -12.995 0.5000000000
4123  20.540  -87.314  -15.370 0.6999999881
4124  17.009  -87.728  -14.144 0.6000000238
4130  7.191  -87.221  -14.539 0.6000000238
4145  14.497  -88.131  -15.302 0.6999999881
4163  20.098  -87.368  -16.798 0.6000000238
4165  13.181  -87.809  -16.987 0.6000000238
4167  11.621  -86.775  -16.384 0.6999999881
4187  3.063  -87.250  -17.370 0.6000000238
4191  12.647  -87.731  -18.383 0.4000000060
4205  4.850  -87.342  -19.070 0.5000000000
4654  12.404  -86.095  -12.546 0.6999999881
4659  20.221  -86.295  -13.999 0.5000000000
4671  20.021  -85.850  -14.801 0.4000000060
4676  10.617  -85.655  -14.813 0.8000000119
4692  20.319  -86.665  -15.880 0.6999999881
4696  11.122  -85.910  -15.328 0.8000000119
4713  9.055  -86.648  -15.825 0.6999999881
4735  11.239  -86.603  -18.843 0.5000000000
4738  5.841  -86.361  -18.352 0.5000000000
4740  3.063  -87.269  -18.930 0.6000000238
4741  2.486  -86.766  -19.048 0.5000000000
4749  4.384  -87.267  -19.877 0.5000000000
4758  3.889  -86.885  -20.615 0.5000000000
4759  2.988  -86.380  -20.590 0.5000000000
4773  4.253  -86.416  -21.304 0.5000000000
5183  14.638  -84.990  -11.459 0.5000000000
5198  13.567  -86.116  -11.782 0.5000000000
5200  11.784  -85.515  -12.334 0.8000000119
5211  19.978  -85.667  -14.117 0.5000000000
5213  11.251  -85.525  -13.021 0.8000000119
5217  7.754  -85.170  -13.254 0.6999999881
5228  19.183  -85.006  -14.953 0.4000000060
5245  19.023  -85.325  -15.247 0.6000000238
5289  6.101  -85.578  -19.685 0.6000000238
5301  5.455  -86.094  -21.113 0.4000000060
5302  3.077  -85.919  -21.180 0.5000000000
5303  2.753  -85.659  -20.725 0.5000000000
5319  5.265  -85.724  -21.928 0.6999999881
5321  3.608  -85.790  -21.823 0.6000000238
5333  4.944  -85.251  -22.666 0.6999999881
5334  4.153  -85.205  -22.567 0.6000000238
5745  13.000  -84.124  -10.491 0.6000000238
5762  14.551  -84.137  -11.228 0.5000000000
5764  13.335  -84.792  -10.773 0.6000000238
5765  11.665  -84.422  -11.198 0.6000000238
5784  11.294  -84.850  -11.802 0.6999999881
5785  10.435  -84.593  -11.919 0.8999999762
5798  9.088  -84.759  -12.645 0.8000000119
5806  18.868  -84.585  -14.692 0.4000000060
5811  7.084  -84.862  -13.696 0.6999999881
5827  6.813  -84.360  -14.567 0.6000000238
5892  6.649  -84.772  -20.002 0.5000000000
5894  2.472  -85.262  -19.580 0.5000000000
5911  6.570  -84.806  -21.114 0.6000000238
5912  2.709  -84.882  -20.981 0.6000000238
5924  7.043  -84.025  -21.672 0.6999999881
5934  6.964  -84.008  -22.854 0.6999999881
5936  5.472  -84.506  -23.051 0.6999999881
5938  3.991  -84.318  -22.709 0.6000000238
5949  6.521  -83.784  -23.437 0.6999999881
5950  5.926  -83.959  -23.396 0.6999999881
5951  5.275  -84.039  -23.209 0.6999999881
6363  14.220  -83.425  -10.854 0.6000000238
6364  13.497  -83.433  -10.513 0.6000000238
6366  11.768  -83.137  -10.528 0.6000000238
6367  11.010  -82.933  -10.687 0.6999999881
6384  9.721  -83.092  -11.591 0.6999999881
6402  18.508  -84.113  -14.132 0.4000000060
6444  8.090  -83.103  -16.258 0.5000000000
6445  7.471  -83.439  -16.372 0.6000000238
6461  6.792  -83.911  -17.385 0.5000000000
6478  7.277  -83.488  -18.796 0.6000000238
6479  6.737  -84.005  -18.209 0.5000000000
6509  8.486  -83.280  -21.505 0.6999999881
6518  8.557  -83.240  -22.718 0.6999999881
6521  2.507  -82.996  -21.648 0.6000000238
6528  8.357  -83.069  -23.224 0.6000000238
6530  6.955  -83.709  -23.367 0.6999999881
6532  3.805  -83.419  -22.596 0.6000000238
6533  2.978  -83.135  -22.219 0.6000000238
6546  7.574  -83.213  -23.355 0.6999999881
6547  6.884  -83.455  -23.495 0.6999999881
6549  5.495  -83.528  -23.291 0.6999999881
6972  13.240  -82.667  -10.354 0.6000000238
6975  10.696  -82.309  -10.807 0.6999999881
6983  14.343  -82.673  -11.163 0.6000000238
6984  10.082  -82.362  -11.332 0.6999999881
6985  9.576  -82.378  -11.935 0.6999999881
7006  8.482  -83.060  -12.980 0.8000000119
7020  8.339  -82.688  -13.961 0.8000000119
7035  8.458  -82.777  -15.646 0.6000000238
7050  8.527  -82.650  -16.594 0.6999999881
7064  9.120  -82.035  -17.926 0.5000000000
7086  9.329  -82.049  -18.934 0.6000000238
7104  9.158  -82.331  -19.892 0.6999999881
7123  2.219  -82.312  -21.295 0.6000000238
7136  9.641  -82.437  -21.988 0.6000000238
7138  3.157  -81.964  -22.161 0.5000000000
7154  9.551  -82.159  -23.222 0.6000000238
7155  9.115  -82.770  -23.171 0.6000000238
7156  5.978  -82.595  -23.044 0.6000000238
7158  4.407  -82.907  -22.796 0.6000000238
7159  3.470  -82.620  -22.405 0.6000000238
7174  8.411  -82.614  -23.401 0.6000000238
7176  6.549  -83.055  -23.487 0.6000000238
7177  5.734  -83.069  -23.276 0.6999999881
7178  5.085  -83.117  -23.124 0.6999999881
7585  13.634  -81.456  -10.569 0.6000000238
7587  12.268  -81.517  -10.293 0.6000000238
7588  11.224  -81.553  -10.655 0.6000000238
7609  14.235  -81.591  -12.020 0.6000000238
7715  2.355  -81.114  -20.299 0.5000000000
7726  10.299  -80.869  -21.813 0.6000000238
7729  2.139  -81.641  -20.884 0.5000000000
7738  10.195  -81.216  -22.750 0.6000000238
7740  6.942  -81.631  -22.315 0.5000000000
7745  2.289  -81.404  -21.100 0.5000000000
7754  9.884  -81.484  -23.227 0.6000000238
7755  8.518  -81.498  -23.404 0.6000000238
7756  7.554  -81.907  -23.261 0.6000000238
7757  5.100  -82.179  -22.669 0.5000000000
7767  9.457  -81.661  -23.423 0.6000000238
7768  8.869  -81.888  -23.528 0.6000000238
8285  13.454  -80.591  -10.611 0.6000000238
8286  12.670  -80.559  -10.402 0.6000000238
8288  11.036  -80.929  -10.920 0.6000000238
8304  10.692  -80.653  -11.399 0.6000000238
8319  10.427  -80.325  -12.083 0.6000000238
8332  10.304  -80.050  -12.895 0.6000000238
8333  9.980  -80.613  -13.522 0.6999999881
8368  10.131  -80.666  -15.588 0.6000000238
8416  10.133  -80.388  -19.360 0.5000000000
8418  2.702  -80.695  -19.568 0.5000000000
8426  10.314  -80.411  -20.711 0.6000000238
8435  8.930  -80.605  -23.348 0.6000000238
8436  7.319  -80.978  -21.662 0.6000000238
8437  6.360  -81.231  -21.284 0.5000000000
8438  5.450  -81.091  -21.400 0.5000000000
8439  4.384  -80.701  -21.526 0.5000000000
8459  10.060  -80.322  -23.255 0.6000000238
8460  9.785  -81.012  -23.408 0.6000000238
8991  12.203  -79.876  -10.656 0.5000000000
9002  13.234  -79.047  -11.132 0.6000000238
9004  11.676  -79.377  -11.129 0.5000000000
9005  10.924  -79.820  -11.536 0.6000000238
9031  13.757  -79.327  -13.244 0.5000000000
9072  10.228  -79.137  -15.871 0.5000000000
9084  10.191  -79.275  -16.961 0.5000000000
9106  5.632  -79.462  -19.796 0.6000000238
9107  2.204  -79.531  -19.697 0.5000000000
9115  7.211  -79.881  -20.223 0.6999999881
9116  6.183  -80.024  -19.856 0.6999999881
9119  2.738  -79.685  -20.384 0.5000000000
9128  10.938  -79.543  -22.471 0.6000000238
9129  8.547  -79.475  -22.196 0.6000000238
9131  4.098  -79.968  -21.006 0.5000000000
9132  3.223  -79.960  -20.750 0.5000000000
9140  10.578  -79.639  -22.835 0.6000000238
9141  10.337  -79.485  -22.974 0.6000000238
9142  9.624  -80.023  -23.249 0.6000000238
9150  9.565  -80.644  -23.409 0.6000000238
9656  13.215  -78.474  -11.696 0.5000000000
9665  12.590  -77.971  -11.920 0.5000000000
9674  10.825  -78.331  -13.309 0.5000000000
9705  10.422  -78.424  -16.360 0.6000000238
9724  1.276  -78.349  -18.904 0.5000000000
9735  8.322  -78.040  -19.397 0.6999999881
9737  6.202  -79.226  -19.314 0.6000000238
9738  2.427  -78.611  -19.768 0.5000000000
9748  11.794  -78.221  -21.501 0.5000000000
9751  7.577  -79.256  -19.963 0.6999999881
9754  2.313  -79.317  -19.962 0.4000000060
9764  11.686  -78.239  -22.341 0.5000000000
9765  9.679  -78.236  -22.599 0.6999999881
9776  11.451  -78.317  -22.573 0.6000000238
9778  10.353  -78.743  -22.849 0.6000000238
10455  7.929  -77.545  -18.494 0.6999999881
10458  1.037  -77.524  -18.469 0.5000000000
10469  13.013  -77.159  -20.411 0.6000000238
10470  12.109  -77.554  -19.872 0.6000000238
10471  9.137  -77.359  -19.936 0.6000000238
10472  5.718  -77.583  -19.062 0.6999999881
10473  4.386  -77.810  -19.865 0.6000000238
10474  3.667  -77.277  -19.507 0.6000000238
10485  13.008  -77.127  -21.297 0.6000000238
10489  3.381  -78.130  -19.923 0.5000000000
10502  12.275  -77.653  -21.865 0.6000000238
10503  10.794  -77.404  -22.557 0.6999999881
10505  9.192  -77.899  -21.835 0.6000000238
10519  11.304  -77.931  -22.688 0.6000000238
10520  10.606  -78.127  -22.823 0.6000000238
11164  8.876  -76.531  -17.646 0.5000000000
11166  0.953  -76.472  -17.362 0.5000000000
11180  13.056  -75.796  -18.965 0.5000000000
11182  9.095  -76.849  -18.393 0.5000000000
11184  6.743  -76.938  -18.171 0.6999999881
11186  1.040  -76.696  -18.052 0.5000000000
11198  13.173  -76.262  -20.236 0.6000000238
11203  5.324  -76.780  -19.420 0.6000000238
11206  2.066  -77.027  -18.885 0.6000000238
11232  12.781  -76.500  -21.614 0.6000000238
11235  10.200  -76.935  -22.084 0.6999999881
11249  11.671  -77.395  -22.350 0.6000000238
11860  5.216  -75.129  -15.304 0.5000000000
11862  3.740  -75.727  -16.278 0.5000000000
11880  8.294  -75.363  -16.392 0.5000000000
11882  2.679  -75.366  -16.858 0.5000000000
11884  1.234  -76.056  -17.141 0.5000000000
11902  8.495  -75.977  -16.872 0.5000000000
11903  7.556  -75.511  -16.844 0.5000000000
11904  1.692  -75.554  -17.732 0.5000000000
11918  9.776  -76.309  -18.380 0.5000000000
11920  6.536  -76.054  -18.367 0.6000000238
11922  1.691  -75.625  -18.204 0.5000000000
11935  13.095  -75.269  -19.624 0.5000000000
11936  10.507  -75.402  -20.212 0.5000000000
11937  10.034  -76.112  -19.646 0.5000000000
11938  5.996  -75.536  -18.985 0.6000000238
11939  5.266  -75.344  -19.202 0.6000000238
11940  4.190  -75.526  -19.150 0.6000000238
11941  3.108  -75.748  -18.926 0.6000000238
11942  2.040  -76.122  -18.656 0.6000000238
11953  12.790  -75.751  -21.254 0.5000000000
11954  11.683  -75.468  -21.307 0.6999999881
11955  10.809  -75.652  -21.021 0.5000000000
11956  10.257  -75.998  -20.539 0.6000000238
11968  12.374  -75.841  -21.509 0.5000000000
11969  11.173  -76.124  -21.609 0.6999999881
12573  5.316  -74.380  -8.883 0.6000000238
12574  4.476  -74.230  -9.228 0.6000000238
12582  6.414  -74.721  -10.772 0.5000000000
12583  5.536  -74.533  -10.438 0.5000000000
12586  2.665  -74.204  -10.854 0.5000000000
12597  3.359  -74.446  -11.294 0.6000000238
12611  1.502  -74.252  -12.310 0.6000000238
12619  4.768  -74.127  -13.875 0.5000000000
12630  3.939  -73.736  -14.581 0.5000000000
12658  7.895  -74.811  -16.269 0.5000000000
12660  2.611  -74.611  -17.231 0.6000000238
12674  7.287  -74.589  -16.990 0.5000000000
12676  2.260  -74.873  -17.759 0.5000000000
12691  6.787  -74.213  -18.014 0.5000000000
12695  2.026  -75.106  -18.137 0.5000000000
12710  4.529  -74.869  -18.879 0.6000000238
12722  12.498  -73.888  -20.238 0.5000000000
12723  12.092  -74.263  -20.648 0.5000000000
13311  0.785  -72.762  -6.405 0.4000000060
13323  4.195  -73.954  -7.842 0.5000000000
13326  1.751  -73.153  -8.880 0.6000000238
13330  4.059  -73.997  -8.587 0.6000000238
13332  2.022  -73.519  -9.699 0.6000000238
13334  0.417  -73.075  -9.919 0.6000000238
13345  2.081  -73.838  -10.429 0.5000000000
13347  -0.221  -73.244  -10.952 0.6000000238
13348  -0.395  -73.134  -11.540 0.6000000238
13360  -0.141  -73.610  -11.945 0.6000000238
13374  1.509  -74.059  -13.092 0.6000000238
13375  0.720  -74.018  -12.791 0.6000000238
13376  0.100  -73.777  -12.689 0.6000000238
13390  2.814  -73.558  -14.197 0.6000000238
13407  2.239  -73.048  -14.473 0.6999999881
13408  1.451  -73.053  -13.772 0.6999999881
13453  7.198  -73.509  -17.430 0.5000000000
13455  3.356  -73.379  -17.211 0.6000000238
13474  6.255  -74.086  -18.572 0.5000000000
13475  5.629  -73.786  -18.520 0.6000000238
13476  4.588  -73.664  -18.176 0.5000000000
13477  3.481  -73.870  -17.863 0.6000000238
13493  10.946  -73.972  -19.671 0.5000000000
13509  11.693  -73.782  -20.309 0.5000000000
13510  11.235  -74.141  -20.233 0.5000000000
14059  0.189  -72.491  -6.815 0.5000000000
14063  -0.155  -72.444  -7.611 0.6999999881
14064  -0.853  -72.104  -7.694 0.6000000238
14068  -0.076  -72.587  -8.441 0.8000000119
14069  -0.770  -72.237  -8.388 0.8000000119
14083  0.931  -72.992  -9.231 0.6000000238
14086  -0.930  -72.087  -8.964 0.8000000119
14103  8.255  -72.462  -10.496 0.4000000060
14104  -0.444  -72.663  -10.025 0.6999999881
14118  8.629  -72.437  -11.419 0.4000000060
14136  0.778  -73.025  -13.336 0.5000000000
14166  3.065  -72.581  -16.216 0.6000000238
14177  8.080  -72.403  -16.180 0.5000000000
14178  7.333  -72.415  -17.187 0.5000000000
14179  3.976  -72.259  -16.765 0.6000000238
14194  6.826  -72.869  -17.902 0.5000000000
14196  5.115  -72.584  -17.553 0.5000000000
14197  4.127  -72.757  -17.247 0.6999999881
14213  5.460  -73.169  -18.051 0.5000000000
14225  12.582  -71.709  -19.637 0.5000000000
14240  12.734  -72.196  -19.901 0.5000000000
14797  -0.744  -71.591  -5.967 0.5000000000
14800  -1.031  -71.627  -7.847 0.8000000119
14812  6.228  -71.125  -8.922 0.6000000238
14842  7.458  -72.250  -10.270 0.5000000000
14843  6.316  -71.756  -10.324 0.5000000000
14845  -0.689  -71.890  -10.800 0.6999999881
14856  6.244  -71.677  -11.297 0.5000000000
14858  -0.485  -71.963  -11.551 0.6000000238
14873  -0.293  -72.407  -12.134 0.6000000238
14881  1.171  -71.609  -13.518 0.6999999881
14892  2.137  -71.649  -14.414 0.6999999881
14906  4.074  -71.127  -15.754 0.6999999881
14907  3.103  -71.526  -15.567 0.6999999881
14920  8.479  -71.581  -15.822 0.5000000000
14923  6.009  -71.383  -16.726 0.6000000238
14936  7.157  -71.593  -17.182 0.5000000000
15491  -0.549  -70.767  -4.364 0.4000000060
15495  -0.678  -70.542  -5.483 0.5000000000
15498  -0.896  -70.815  -6.594 0.5000000000
15501  3.735  -69.800  -7.692 0.6999999881
15502  2.858  -69.949  -7.748 0.6999999881
15504  -1.003  -70.962  -8.628 0.6999999881
15520  8.470  -71.073  -8.853 0.4000000060
15521  7.444  -70.937  -8.798 0.4000000060
15522  6.619  -70.704  -8.735 0.4000000060
15526  2.548  -70.279  -8.380 0.8000000119
15527  1.577  -70.232  -8.836 0.8000000119
15528  0.588  -70.001  -9.376 0.8000000119
15542  4.619  -70.842  -8.930 0.6000000238
15543  4.035  -70.756  -9.824 0.6999999881
15544  3.222  -70.644  -9.720 0.8000000119
15547  0.281  -70.348  -10.180 0.8000000119
15548  -0.773  -71.308  -9.993 0.6999999881
15549  -0.801  -70.673  -9.492 0.6999999881
15567  6.243  -71.266  -12.201 0.6000000238
15572  1.375  -70.611  -12.094 0.8000000119
15574  -0.239  -71.282  -11.288 0.6000000238
15588  5.562  -70.508  -12.482 0.6000000238
15589  4.783  -70.381  -12.041 0.6999999881
15590  1.390  -70.650  -12.907 0.6999999881
15591  0.735  -71.209  -12.423 0.6999999881
15632  5.009  -70.387  -15.509 0.8000000119
15634  2.767  -71.165  -14.822 0.6999999881
15646  6.752  -70.550  -16.722 0.6000000238
16252  5.729  -69.289  -3.038 0.4000000060
16253  4.617  -69.126  -1.975 0.5000000000
16287  1.497  -69.132  -7.990 0.6999999881
16317  -0.564  -69.257  -9.131 0.6000000238
16332  -0.105  -69.649  -9.714 0.6999999881
16333  -0.382  -69.843  -9.604 0.6999999881
16341  3.568  -69.945  -11.906 0.6999999881
16342  2.274  -70.153  -12.132 0.8000000119
16350  5.778  -69.783  -13.149 0.6000000238
16352  3.445  -69.569  -12.495 0.8000000119
16366  8.069  -69.341  -13.901 0.5000000000
16367  6.109  -69.006  -13.720 0.6000000238
16370  2.686  -69.746  -13.153 0.8000000119
16385  2.712  -70.042  -13.719 0.6999999881
16401  5.390  -68.656  -15.091 0.6000000238
17038  4.249  -68.727  -1.441 0.5000000000
17044  7.047  -68.413  -2.841 0.3000000119
17054  6.551  -68.956  -3.355 0.4000000060
17055  5.914  -69.203  -3.976 0.5000000000
17057  3.506  -69.376  -3.761 0.5000000000
17065  6.616  -68.864  -4.355 0.5000000000
17067  4.537  -68.626  -4.682 0.4000000060
17072  -0.308  -67.806  -4.503 0.6000000238
17078  5.034  -68.274  -5.167 0.4000000060
17079  -0.641  -67.765  -4.995 0.6000000238
17088  -0.675  -68.300  -5.911 0.6000000238
17097  3.519  -68.983  -7.488 0.6999999881
17098  2.684  -68.780  -7.504 0.6999999881
17099  1.757  -68.530  -7.795 0.6999999881
17112  6.587  -69.480  -8.811 0.5000000000
17114  4.290  -69.139  -7.701 0.6999999881
17115  3.997  -68.156  -7.833 0.6000000238
17130  6.158  -68.497  -9.069 0.4000000060
17131  -0.123  -68.945  -9.339 0.6000000238
17143  3.877  -69.229  -12.940 0.8000000119
17156  4.833  -68.464  -13.937 0.8000000119
17157  3.990  -69.082  -13.520 0.8000000119
17158  3.272  -69.524  -13.453 0.8000000119
17173  6.880  -67.545  -14.906 0.5000000000
17175  5.441  -68.322  -14.471 0.6000000238
17191  5.095  -68.482  -14.528 0.6000000238
17205  7.594  -67.763  -16.533 0.5000000000
17839  5.334  -67.934  -1.495 0.4000000060
17840  4.599  -68.108  -1.262 0.4000000060
17844  7.300  -67.831  -2.671 0.3000000119
17858  -0.144  -67.204  -4.348 0.6000000238
17870  6.300  -68.048  -5.814 0.3000000119
17871  4.229  -67.843  -5.183 0.5000000000
17872  3.377  -67.345  -5.191 0.5000000000
17895  -0.462  -67.280  -7.492 0.6999999881
17908  0.162  -67.204  -8.758 0.6999999881
17923  4.490  -66.908  -9.041 0.3000000119
18671  5.311  -67.172  -1.506 0.4000000060
18678  7.277  -67.042  -2.720 0.3000000119
18693  0.902  -66.791  -4.698 0.6999999881
18705  3.169  -66.618  -5.547 0.5000000000
18706  1.631  -66.370  -5.275 0.6000000238
18707  0.724  -66.183  -5.307 0.6999999881
18708  0.054  -66.030  -5.305 0.6999999881
18709  -0.221  -66.259  -5.203 0.6999999881
18717  5.040  -66.505  -6.543 0.4000000060
18718  4.295  -66.541  -6.221 0.4000000060
18724  8.872  -66.699  -7.710 0.3000000119
18728  -0.247  -66.429  -7.209 0.6000000238
18736  1.600  -66.136  -8.974 0.6000000238
18738  0.243  -66.479  -8.161 0.6999999881
18746  3.962  -66.231  -9.735 0.6000000238
18747  3.036  -65.970  -9.804 0.4000000060
18749  1.693  -65.233  -9.147 0.5000000000
18762  5.193  -66.092  -10.690 0.3000000119
18774  8.386  -66.212  -11.487 0.3000000119
19438  3.026  -66.177  -1.010 0.5000000000
19496  0.040  -65.728  -5.739 0.6999999881
19504  2.855  -65.216  -6.426 0.6000000238
19512  6.636  -65.788  -7.936 0.3000000119
19513  5.149  -65.261  -7.860 0.5000000000
19515  3.328  -64.751  -7.129 0.5000000000
19516  0.650  -65.084  -7.031 0.5000000000
19517  0.088  -65.659  -6.515 0.6000000238
19521  8.002  -65.725  -8.596 0.3000000119
19537  2.873  -65.111  -10.305 0.4000000060
19538  2.224  -64.654  -9.728 0.4000000060
19548  5.120  -65.365  -11.195 0.4000000060
19550  3.674  -65.145  -10.687 0.4000000060
19563  8.665  -65.508  -11.881 0.3000000119
20243  3.841  -65.145  -1.967 0.3000000119
20269  4.772  -64.227  -3.100 0.3000000119
20291  2.256  -64.214  -6.912 0.5000000000
20292  1.442  -64.051  -6.976 0.6000000238
20293  1.017  -64.282  -6.875 0.6000000238
20298  1.742  -63.423  -7.475 0.6000000238
20305  5.992  -64.619  -9.070 0.3000000119
20306  5.168  -64.610  -8.566 0.4000000060
20307  4.319  -63.952  -8.886 0.3000000119
20310  1.323  -63.591  -8.026 0.4000000060
20326  2.277  -63.654  -9.352 0.4000000060
20327  1.693  -64.160  -8.913 0.5000000000
20342  6.774  -63.885  -10.506 0.3000000119
20343  3.418  -63.826  -10.479 0.3000000119
21106  2.064  -63.147  -7.990 0.4000000060
21107  1.659  -63.190  -7.883 0.6000000238
21113  3.553  -63.516  -9.074 0.6000000238
21115  2.137  -63.239  -8.484 0.4000000060
21129  3.249  -63.422  -9.488 0.3000000119
21130  2.650  -63.399  -9.190 0.4000000060
118243  16.880  -95.282  -7.435 0.4000000060
118319  6.129  -74.530  -9.033 0.6000000238
118450  7.832  -98.705  1.094 0.4000000060
118962  15.347  -88.176  -7.751 0.3000000119
119016  11.990  -93.318  -13.359 0.3000000119
119371  10.207  -79.380  -17.989 0.5000000000
119475  11.989  -78.519  -11.498 0.5000000000
119542  9.984  -81.139  -15.056 0.6999999881
119836  9.708  -81.228  -19.148 0.5000000000
120125  15.774  -93.624  -2.068 0.3000000119
120229  4.852  -74.564  -11.051 0.6000000238
120339  5.226  -99.169  -4.092 0.4000000060
120407  10.536  -79.169  -13.085 0.6000000238
120635  5.420  -67.876  -5.707 0.4000000060
120806  16.072  -95.818  -14.816 0.4000000060
121012  -0.552  -66.700  -5.528 0.6999999881
121041  9.816  -81.088  -14.266 0.6999999881
121387  9.729  -76.601  -20.343 0.6999999881
121552  18.031  -93.016  0.428 0.3000000119
121610  4.129  -69.471  -2.304 0.6000000238
121880  10.683  -78.122  -14.003 0.5000000000
121915  8.936  -81.958  -17.021 0.6999999881
122002  6.799  -98.982  -2.232 0.4000000060
122056  8.673  -78.446  -21.166 0.6999999881
122333  5.098  -71.659  -16.766 0.6000000238
122668  4.024  -67.322  -8.442 0.5000000000
122720  9.242  -82.342  -12.711 0.6999999881
122779  20.949  -94.864  -10.521 0.3000000119
122870  11.037  -98.056  2.313 0.3000000119
122873  2.368  -83.001  -21.077 0.6000000238
122892  20.042  -87.115  -13.419 0.6000000238
122938  9.911  -80.232  -16.957 0.5000000000
122996  9.378  -81.741  -14.083 0.6999999881
123172  12.896  -95.849  -0.723 0.4000000060
123257  8.548  -82.566  -14.783 0.6000000238
123435  15.941  -96.451  -14.623 0.4000000060
123516  25.051  -92.450  -3.737 0.3000000119
123595  18.801  -83.949  -13.435 0.4000000060
123706  5.745  -74.355  -18.772 0.6000000238
123789  18.348  -92.287  -16.589 0.6000000238
123949  10.116  -85.666  -16.286 0.6999999881
123999  7.124  -69.337  -13.841 0.5000000000
124020  5.029  -69.251  -7.982 0.6000000238
124140  6.479  -74.979  -18.504 0.5000000000
124166  6.309  -97.652  2.250 0.4000000060
124509  14.327  -90.887  -12.451 0.4000000060
124575  20.899  -94.205  -0.072 0.3000000119
124579  7.064  -76.526  -17.788 0.6000000238
125271  18.331  -91.425  -9.739 0.3000000119
125342  17.760  -93.289  -6.110 0.3000000119
125379  13.584  -93.810  -10.149 0.4000000060
126006  -0.597  -66.901  -6.387 0.8000000119
126194  2.710  -73.515  -9.030 0.6000000238
126220  3.106  -69.927  -3.163 0.5000000000
126300  19.444  -92.440  -4.314 0.3000000119
126320  14.493  -98.175  -2.248 0.4000000060
126325  22.369  -91.039  1.902 0.3000000119
126507  13.085  -98.001  -3.243 0.4000000060
126534  4.840  -76.108  -19.469 0.6000000238
126538  7.370  -83.802  -22.396 0.6999999881
126545  14.196  -93.170  -12.959 0.5000000000
127059  19.882  -95.653  -0.943 0.4000000060
127150  6.182  -96.520  1.226 0.4000000060
127360  7.270  -71.843  -9.463 0.4000000060
127367  13.848  -94.374  -2.164 0.3000000119
127757  17.494  -94.109  -8.373 0.3000000119
128083  2.612  -80.997  -21.182 0.5000000000
128428  6.665  -82.204  -22.963 0.6000000238
128429  19.622  -93.912  -14.196 0.4000000060
128469  10.625  -80.163  -21.892 0.5000000000
128744  16.638  -88.551  -9.871 0.5000000000
128753  1.127  -70.772  -11.162 0.6999999881
128777  3.980  -68.973  -4.232 0.6000000238
129135  9.559  -82.531  -22.815 0.6000000238
129212  12.830  -98.116  -2.878 0.4000000060
129668  16.911  -97.556  -1.828 0.5000000000
130026  13.125  -81.882  -10.214 0.6000000238
130336  18.787  -96.036  -3.742 0.4000000060
130718  8.068  -65.773  -3.723 0.3000000119
130732  15.533  -97.381  -3.933 0.4000000060
130939  19.585  -95.266  -13.728 0.4000000060
131003  6.366  -71.947  -17.292 0.6000000238
131058  7.186  -83.627  -14.892 0.6000000238
131413  1.804  -78.337  -19.311 0.5000000000
132518  3.412  -70.472  -10.890 0.8000000119
132701  15.757  -89.477  -7.525 0.3000000119
132730  7.507  -77.047  -17.952 0.6000000238
133430  17.498  -95.363  0.879 0.4000000060
133453  10.854  -85.666  -14.321 0.8000000119
133460  10.821  -99.201  0.224 0.4000000060
133911  20.952  -90.126  -16.633 0.6999999881
133930  3.246  -68.391  -0.680 0.3000000119
133938  5.653  -75.571  -14.835 0.5000000000
134297  5.755  -87.175  -17.013 0.5000000000
134315  17.352  -93.946  -6.152 0.3000000119
134567  0.010  -72.737  -12.697 0.6000000238
134589  18.869  -95.310  -3.740 0.4000000060
134642  2.615  -80.357  -20.697 0.5000000000
134798  4.077  -74.448  -10.939 0.6000000238
134813  10.289  -98.617  -1.952 0.3000000119
134951  9.933  -94.960  1.385 0.4000000060
135227  2.251  -81.825  -21.337 0.5000000000
135364  8.335  -83.179  -20.493 0.6000000238
135478  13.594  -95.196  -10.669 0.3000000119
135479  5.989  -98.130  0.299 0.4000000060
135573  1.384  -76.229  -18.285 0.5000000000
135787  2.423  -73.039  -6.105 0.4000000060
135846  1.392  -72.904  -6.851 0.5000000000
136077  8.300  -80.350  -22.499 0.6000000238
136198  5.444  -98.585  -1.845 0.4000000060
136264  7.254  -78.026  -18.668 0.6999999881
136471  3.246  -74.249  -12.855 0.6000000238
136478  6.235  -98.322  0.068 0.4000000060
136665  -0.614  -72.109  -6.239 0.5000000000
136812  12.859  -85.252  -11.126 0.6000000238
136855  17.775  -95.858  -14.569 0.3000000119
137046  16.071  -89.499  -20.723 0.6000000238
137057  15.670  -89.721  -23.710 0.6000000238
137232  15.413  -93.162  -19.554 0.5000000000
137252  2.821  -83.648  -21.903 0.6000000238
137286  14.073  -81.984  -10.880 0.6000000238
137380  11.972  -98.246  -2.685 0.3000000119
137455  2.068  -70.620  -13.721 0.8000000119
137566  15.067  -89.678  -8.391 0.3000000119
137622  16.588  -95.266  -7.832 0.4000000060
137692  7.730  -80.137  -21.268 0.6000000238
137821  13.525  -75.194  -17.642 0.5000000000
137861  16.810  -97.430  -0.202 0.5000000000
138363  19.787  -90.672  0.774 0.3000000119
138457  5.025  -78.767  -20.199 0.6000000238
138729  14.012  -96.399  0.313 0.5000000000
138887  18.609  -89.631  -18.447 0.8000000119
139084  6.347  -90.136  -16.548 0.6000000238
139111  16.519  -94.959  -14.727 0.4000000060
139128  21.453  -93.769  -13.037 0.4000000060
139230  12.890  -74.754  -20.157 0.6000000238
139961  17.274  -96.751  -4.729 0.4000000060
140104  3.059  -73.650  -17.096 0.5000000000
140193  7.168  -69.846  -16.573 0.5000000000
140492  9.230  -72.151  -9.365 0.4000000060
140496  17.015  -90.280  -22.024 0.4000000060
140554  20.634  -95.123  -12.118 0.3000000119
140648  4.873  -78.207  -20.055 0.6000000238
140709  20.035  -89.750  -19.164 0.8000000119
140787  4.434  -88.899  -14.922 0.6000000238
141145  6.866  -72.013  -10.060 0.5000000000
141292  3.011  -83.938  -19.754 0.5000000000
