#!ascii label  , from subject sub-v1s22x0050525_ses-1 vox2ras=TkReg
1455
44580  31.705  -50.487  -2.212 0.8999999762
138527  31.435  -51.271  -2.474 0.8000000119
157148  31.679  -51.644  -2.871 0.8000000119
41158  31.233  -53.150  -3.453 0.6999999881
41179  31.540  -52.810  -4.109 0.8000000119
44581  30.884  -50.855  -2.019 0.8999999762
44594  32.059  -50.912  -2.807 1.0000000000
152657  32.523  -50.134  -3.131 1.0000000000
43368  32.015  -51.557  -3.477 0.8999999762
42260  31.886  -52.088  -4.001 0.8000000119
42273  31.508  -52.086  -4.676 0.8000000119
41191  30.905  -53.723  -5.428 0.8000000119
42287  30.467  -52.988  -5.928 0.6999999881
40000  30.551  -54.283  -6.123 0.6999999881
44569  30.356  -50.024  -1.750 0.8000000119
44568  31.282  -49.981  -1.790 0.8999999762
164084  31.480  -49.276  -1.599 0.8999999762
46934  30.281  -48.505  -1.332 0.8999999762
46935  29.306  -48.039  -1.674 0.8999999762
44579  32.205  -50.151  -2.464 0.8999999762
45792  32.639  -49.483  -2.571 1.0000000000
43376  31.968  -51.320  -4.463 0.8999999762
44604  32.185  -50.490  -4.597 1.0000000000
43383  31.443  -51.409  -5.189 0.8999999762
42274  31.066  -52.772  -5.155 0.8000000119
139700  29.908  -54.003  -6.672 0.6999999881
148967  31.883  -48.640  -1.379 0.8999999762
46933  31.073  -48.766  -1.309 0.8999999762
149072  30.001  -47.555  -1.173 0.8999999762
48006  29.293  -46.634  -1.475 0.8999999762
156838  32.061  -49.591  -1.922 0.8999999762
45801  32.925  -49.347  -3.476 1.0000000000
150298  30.845  -51.030  -5.720 0.8000000119
147899  30.234  -52.286  -6.020 0.8000000119
42288  29.535  -52.750  -6.443 0.8000000119
41201  28.752  -52.926  -6.844 0.8000000119
41214  28.479  -53.516  -7.426 0.8000000119
164902  27.614  -53.150  -7.921 0.8000000119
163060  28.583  -45.911  -1.566 0.8999999762
48005  32.042  -47.748  -0.898 0.8999999762
49071  29.063  -45.428  -1.153 0.8999999762
50201  28.714  -44.965  -0.607 0.8000000119
49072  28.179  -45.142  -1.158 0.8000000119
46932  32.517  -48.148  -1.434 0.8999999762
50191  28.759  -44.933  -0.236 0.6999999881
50202  27.820  -45.055  -0.731 0.6999999881
49059  26.699  -44.932  -0.978 0.6999999881
46944  32.708  -48.734  -1.983 0.8999999762
47993  27.167  -46.183  -0.389 0.6999999881
160972  26.640  -47.108  -0.422 0.6999999881
46956  33.173  -48.762  -2.850 1.0000000000
46920  27.517  -48.003  -0.314 0.6000000238
46969  33.070  -48.451  -3.809 1.0000000000
164706  32.781  -49.121  -4.186 1.0000000000
45812  32.055  -49.816  -5.016 1.0000000000
44616  31.644  -50.606  -5.290 0.8999999762
156245  32.322  -49.257  -4.654 1.0000000000
45827  31.283  -49.702  -5.568 0.8999999762
44617  30.889  -50.312  -5.776 0.8000000119
160116  29.351  -52.040  -6.346 0.8000000119
43398  28.764  -51.486  -6.468 0.8000000119
42289  28.518  -52.225  -6.634 0.8000000119
42290  27.571  -51.968  -7.125 0.8000000119
43399  27.981  -51.581  -6.689 0.8000000119
42308  27.147  -52.378  -7.987 0.8000000119
143807  30.979  -47.869  -0.906 0.8999999762
47991  30.132  -46.311  -0.891 0.8999999762
47990  31.390  -46.812  -0.558 0.8999999762
154662  29.192  -44.797  -0.169 0.8999999762
49049  28.240  -45.166  -0.218 0.6999999881
46931  32.934  -48.042  -1.724 0.8999999762
47992  28.050  -45.954  -0.126 0.6000000238
46919  28.287  -47.584  -0.060 0.6000000238
48015  33.361  -47.639  -2.428 1.0000000000
161490  27.938  -50.116  0.486 0.5000000000
46955  33.368  -47.992  -3.021 1.0000000000
44537  27.740  -50.739  0.932 0.5000000000
48029  33.116  -47.371  -3.687 1.0000000000
46970  32.387  -48.549  -4.571 1.0000000000
46981  31.648  -48.863  -5.197 1.0000000000
45828  30.640  -48.893  -5.774 0.8999999762
44618  30.100  -50.496  -6.102 0.8000000119
150944  29.396  -49.860  -6.272 0.8000000119
44629  29.076  -50.684  -6.373 0.8000000119
45829  29.687  -49.048  -6.163 0.8999999762
46995  29.024  -48.570  -6.288 0.8999999762
44630  27.933  -50.836  -6.617 0.8000000119
43401  26.374  -50.907  -7.274 0.8000000119
45842  26.470  -49.950  -6.655 0.8000000119
44646  26.059  -50.599  -7.500 0.8000000119
49057  29.536  -45.112  -0.536 0.8999999762
47989  32.302  -46.974  -0.665 0.8999999762
49055  31.853  -46.035  -0.200 0.8999999762
49048  29.040  -45.168  0.292 0.8000000119
48004  32.813  -47.446  -1.214 0.8999999762
46907  29.034  -47.659  0.566 0.6999999881
45756  28.651  -48.686  0.418 0.6000000238
44536  28.325  -49.491  0.429 0.6000000238
46896  29.422  -47.952  1.041 0.6999999881
45747  29.052  -48.725  0.884 0.6000000238
44528  28.400  -50.118  1.150 0.5000000000
48028  33.400  -47.347  -2.916 1.0000000000
44519  28.366  -50.184  1.917 0.5000000000
44529  27.887  -50.768  1.655 0.5000000000
144705  32.503  -47.700  -4.417 1.0000000000
48040  31.904  -47.005  -4.858 1.0000000000
153651  31.713  -47.871  -4.989 1.0000000000
46982  30.880  -48.009  -5.545 0.8999999762
48039  32.564  -46.923  -4.343 1.0000000000
48046  31.127  -47.129  -5.375 0.8999999762
46983  29.856  -48.115  -6.132 0.8999999762
46996  28.064  -48.648  -6.519 0.8999999762
45841  27.403  -49.445  -6.483 0.8999999762
48047  30.287  -47.248  -5.858 0.8999999762
48059  28.624  -47.870  -6.359 0.8999999762
46997  26.976  -48.779  -6.452 0.8999999762
157133  27.611  -47.486  -6.390 0.8999999762
49056  30.560  -45.494  -0.300 0.8999999762
50200  29.853  -44.717  0.040 0.8999999762
50190  29.562  -44.793  0.217 1.0000000000
47979  28.725  -45.984  0.318 0.6999999881
48003  33.243  -47.580  -1.824 0.8999999762
49054  32.936  -46.416  -0.693 0.8999999762
47978  29.590  -46.676  0.889 0.6999999881
46897  29.130  -48.694  1.555 0.6999999881
45748  28.760  -49.457  1.395 0.5000000000
49083  33.502  -47.005  -2.246 1.0000000000
45738  27.839  -49.908  2.727 0.5000000000
44496  27.223  -50.460  3.066 0.5000000000
49095  33.378  -46.697  -3.142 1.0000000000
50234  33.329  -45.850  -3.355 1.0000000000
49096  32.945  -46.414  -3.920 1.0000000000
49105  32.155  -46.142  -4.589 1.0000000000
50242  32.715  -45.529  -4.042 1.0000000000
49112  31.338  -46.313  -5.140 0.8999999762
49113  30.514  -46.407  -5.597 0.8999999762
47026  31.752  -48.438  -8.923 0.6999999881
47037  30.529  -48.239  -9.370 0.8000000119
47038  29.836  -48.042  -9.126 0.8000000119
137204  28.959  -47.902  -8.673 0.8000000119
50198  32.463  -45.422  0.015 0.8999999762
50199  31.013  -44.963  0.287 1.0000000000
50189  30.330  -44.679  0.641 1.0000000000
50179  30.104  -44.803  0.881 0.6999999881
49036  29.837  -45.320  0.899 0.6999999881
49070  33.319  -46.870  -1.447 0.8999999762
47965  29.722  -47.326  1.506 0.6999999881
45737  28.532  -49.227  2.368 0.6000000238
152097  33.608  -46.204  -2.504 1.0000000000
156086  33.609  -46.416  -1.806 0.8999999762
50215  33.543  -46.048  -1.246 0.8999999762
165918  26.712  -50.127  3.379 0.4000000060
50243  31.457  -45.641  -4.881 1.0000000000
148388  31.913  -45.221  -4.504 1.0000000000
48063  24.749  -47.816  -7.022 0.8999999762
47013  33.513  -48.428  -7.100 0.6000000238
47025  32.292  -48.504  -8.220 0.6000000238
48085  31.542  -47.713  -9.062 0.8000000119
48087  29.710  -47.172  -8.897 0.8000000119
48088  27.821  -47.811  -8.390 0.8999999762
47030  25.886  -48.501  -7.725 0.8999999762
49035  30.365  -45.749  1.679 0.8000000119
151496  29.998  -46.478  1.422 0.6999999881
47947  29.452  -47.585  2.447 0.6999999881
46866  28.331  -48.490  3.001 0.6000000238
46868  26.667  -48.757  3.530 0.4000000060
50224  33.825  -45.730  -1.874 1.0000000000
50233  33.676  -45.395  -2.679 1.0000000000
51401  33.228  -44.896  -3.477 1.0000000000
51408  32.422  -44.672  -4.083 1.0000000000
51409  31.623  -44.409  -4.451 1.0000000000
49129  24.604  -47.118  -6.268 0.8999999762
50273  24.444  -46.515  -5.783 0.8999999762
48073  26.176  -47.363  -7.753 0.8999999762
49143  25.047  -47.198  -7.346 0.8999999762
48056  35.820  -47.410  -6.542 0.6000000238
46992  35.264  -48.192  -6.765 0.6000000238
48072  32.718  -47.866  -7.704 0.6000000238
48084  32.084  -47.779  -8.524 0.8000000119
48086  30.635  -46.977  -9.068 0.8000000119
49156  27.392  -47.175  -8.093 0.8999999762
150292  31.058  -44.553  0.736 0.8999999762
50178  30.605  -44.750  1.392 0.6999999881
51361  30.961  -44.438  1.176 0.8999999762
47946  30.077  -46.843  2.139 0.6000000238
50197  33.370  -45.468  -0.558 1.0000000000
50187  33.036  -44.859  0.153 1.0000000000
49016  29.650  -46.891  2.965 0.6000000238
47948  28.797  -47.778  2.935 0.6000000238
47921  28.127  -47.764  3.314 0.5000000000
158238  33.928  -45.124  -1.198 1.0000000000
51371  33.735  -44.676  -0.427 1.0000000000
51391  34.041  -44.923  -2.050 1.0000000000
51400  33.690  -44.659  -2.762 1.0000000000
52473  33.354  -44.075  -3.153 1.0000000000
143055  32.771  -44.187  -3.665 1.0000000000
51410  30.855  -44.176  -4.810 1.0000000000
140689  30.373  -44.808  -5.289 1.0000000000
51420  29.458  -44.625  -5.568 1.0000000000
50256  28.562  -45.306  -5.861 0.8999999762
50255  29.748  -45.611  -5.765 0.8999999762
49128  25.803  -46.822  -5.861 0.8999999762
49130  24.211  -47.110  -6.785 0.8999999762
49142  26.738  -46.675  -7.778 0.8999999762
50282  37.107  -45.685  -7.534 0.6000000238
49138  36.790  -46.588  -7.158 0.6000000238
48057  34.870  -47.334  -6.517 0.6000000238
46994  33.461  -47.570  -6.994 0.6000000238
49153  31.268  -46.988  -8.954 0.8000000119
49154  29.256  -46.395  -8.513 0.8000000119
51360  31.653  -44.267  1.013 0.8999999762
51343  30.984  -44.545  2.083 0.6999999881
48998  30.216  -46.203  2.674 0.6000000238
51359  32.608  -44.287  0.761 0.8999999762
47920  28.814  -47.103  3.273 0.6000000238
51370  34.149  -44.381  -0.829 1.0000000000
51381  34.202  -44.334  -1.460 1.0000000000
52460  33.952  -44.009  -2.339 1.0000000000
52474  32.690  -43.476  -3.481 1.0000000000
52482  32.138  -43.851  -4.044 1.0000000000
51419  30.094  -43.933  -5.229 1.0000000000
153129  28.421  -44.454  -5.622 1.0000000000
50257  27.174  -45.202  -5.659 0.8999999762
157491  26.103  -46.078  -5.664 0.8999999762
139902  23.885  -46.644  -6.346 0.8999999762
163288  25.208  -45.729  -7.258 0.8999999762
50283  36.505  -45.875  -6.735 0.6000000238
49121  36.180  -46.672  -6.543 0.6000000238
49124  33.532  -46.795  -6.716 0.6000000238
49125  32.878  -46.295  -7.024 0.6999999881
50295  31.534  -46.366  -8.552 0.6999999881
151359  30.200  -46.334  -8.811 0.6999999881
49155  28.097  -46.455  -8.187 0.8000000119
49141  27.546  -45.833  -7.832 0.8999999762
151730  37.727  -44.494  -8.597 0.6000000238
164130  30.492  -45.829  -8.690 0.6999999881
50296  29.918  -45.603  -8.552 0.8000000119
50297  28.833  -45.720  -8.125 0.8999999762
50142  30.240  -45.600  3.138 0.6999999881
163860  29.841  -46.181  3.160 0.6000000238
51341  32.271  -43.883  1.425 0.8999999762
51342  31.533  -44.117  1.728 0.8000000119
51358  33.523  -44.231  0.324 0.8999999762
52429  33.967  -43.572  0.537 0.8000000119
157935  34.443  -43.168  -0.022 0.8999999762
52439  34.179  -43.979  -0.214 0.8000000119
160598  34.275  -43.635  -1.674 1.0000000000
146948  34.000  -43.092  -2.195 1.0000000000
52461  33.340  -43.288  -2.819 1.0000000000
53509  32.617  -42.643  -3.173 1.0000000000
52475  31.916  -42.904  -3.893 1.0000000000
52484  30.606  -43.323  -4.757 1.0000000000
52498  29.176  -43.746  -5.397 1.0000000000
161946  27.455  -44.344  -5.520 0.8999999762
155169  25.590  -45.687  -5.517 0.8999999762
51449  23.941  -45.919  -6.601 0.8999999762
49123  34.399  -46.518  -6.263 0.6000000238
50284  31.911  -45.950  -8.069 0.6999999881
52517  38.218  -44.003  -7.888 0.6000000238
51443  37.513  -44.779  -7.511 0.6000000238
165181  31.372  -45.446  -8.385 0.6999999881
51457  29.462  -44.974  -8.091 0.6999999881
50159  30.578  -45.291  2.382 0.6999999881
51324  30.725  -44.769  3.033 0.6999999881
52430  33.181  -43.770  1.048 0.6999999881
141364  34.495  -42.894  -0.750 0.8000000119
52449  34.354  -42.956  -1.479 0.8000000119
53494  34.382  -42.108  -1.213 0.8000000119
53495  33.990  -42.268  -1.971 0.8999999762
53508  33.323  -42.449  -2.549 0.8999999762
53521  31.106  -42.729  -4.343 1.0000000000
52485  29.792  -43.077  -5.032 1.0000000000
52499  28.162  -43.690  -5.427 1.0000000000
52500  26.986  -43.786  -5.304 1.0000000000
51421  25.933  -44.777  -5.374 0.8999999762
50258  24.147  -45.726  -5.451 0.8999999762
50259  23.367  -45.380  -5.465 0.8999999762
50266  36.906  -45.230  -6.773 0.6000000238
156247  35.806  -45.943  -6.227 0.6000000238
148571  33.524  -45.999  -6.396 0.6000000238
165671  32.803  -45.630  -6.667 0.6999999881
51435  24.248  -44.686  -6.580 0.8999999762
51447  26.868  -45.096  -7.569 0.8999999762
51454  31.444  -44.503  -8.148 0.6999999881
150827  30.213  -44.837  -8.449 0.6999999881
147837  28.402  -45.047  -7.755 0.8999999762
52520  26.916  -44.082  -7.409 0.8999999762
52398  32.009  -43.616  2.298 0.6999999881
51323  31.310  -44.140  2.634 0.6000000238
51303  31.078  -44.170  3.373 0.6000000238
50143  29.746  -45.608  3.512 0.6000000238
52414  32.837  -43.299  1.846 0.6999999881
52376  31.596  -43.658  3.238 0.6000000238
52413  33.687  -43.145  1.272 0.6999999881
53465  34.219  -42.949  0.754 0.6999999881
53464  34.435  -42.361  0.518 0.6999999881
154466  34.440  -41.624  -0.701 0.8000000119
54635  33.313  -41.611  -2.286 0.8000000119
54647  31.949  -42.046  -3.445 1.0000000000
54636  32.578  -41.811  -2.828 0.8000000119
53529  30.351  -42.508  -4.572 1.0000000000
162199  27.698  -43.143  -5.198 1.0000000000
53530  29.506  -42.248  -4.676 1.0000000000
53547  28.701  -42.850  -5.132 1.0000000000
53549  26.515  -43.056  -4.897 1.0000000000
52501  25.377  -43.901  -5.018 1.0000000000
51422  24.118  -44.893  -5.064 0.8999999762
50268  35.094  -45.877  -5.922 0.6000000238
157651  23.236  -45.381  -6.104 0.8999999762
51430  38.017  -44.209  -6.739 0.6000000238
50251  35.675  -45.253  -5.846 0.6000000238
50269  34.266  -45.590  -5.892 0.6999999881
51444  32.267  -44.932  -6.811 0.6999999881
51456  29.917  -44.089  -8.271 0.6999999881
155106  28.141  -44.271  -7.562 0.8999999762
51304  30.498  -44.380  3.906 0.5000000000
52375  32.191  -43.119  3.013 0.6000000238
53446  33.442  -42.745  1.897 0.6999999881
164051  32.481  -43.205  2.438 0.6999999881
53445  34.115  -42.369  1.449 0.6999999881
139203  34.530  -41.563  0.035 0.6999999881
54625  34.234  -41.313  -1.180 0.8000000119
54626  33.872  -41.465  -1.693 0.8000000119
55718  33.292  -40.911  -1.986 0.8000000119
55719  32.522  -40.884  -2.509 0.8000000119
54648  31.288  -41.516  -3.651 0.8999999762
53522  30.841  -41.993  -4.184 1.0000000000
54637  31.893  -41.285  -3.120 0.8000000119
54649  30.617  -41.367  -3.939 0.8999999762
54662  30.126  -41.725  -4.321 1.0000000000
53531  28.526  -41.934  -4.657 1.0000000000
53548  27.596  -42.447  -4.851 1.0000000000
53550  24.545  -42.922  -4.410 1.0000000000
52502  23.579  -44.010  -4.838 0.8999999762
156244  23.207  -44.763  -5.211 0.8999999762
52511  23.157  -44.409  -5.855 0.8999999762
51423  22.752  -44.000  -5.148 0.8999999762
52510  24.365  -43.574  -6.430 0.8999999762
51432  36.754  -44.890  -6.138 0.6000000238
50252  34.979  -45.087  -5.681 0.6000000238
51445  31.805  -44.447  -7.593 0.6999999881
51446  29.054  -43.693  -7.630 0.8000000119
156131  26.965  -43.216  -7.156 0.8999999762
51434  32.719  -44.241  -6.175 0.6999999881
52528  31.328  -43.624  -8.162 0.6999999881
52519  28.045  -43.410  -7.371 0.8000000119
156554  25.839  -42.939  -6.797 0.8999999762
52529  30.670  -43.435  -8.293 0.6999999881
165370  26.933  -42.535  -6.897 0.8999999762
53410  30.773  -43.125  4.670 0.5000000000
53432  32.884  -42.713  2.582 0.6999999881
53409  31.667  -42.965  3.999 0.5000000000
53431  33.614  -42.140  2.305 0.6999999881
54576  34.102  -41.427  1.997 0.6999999881
54575  34.446  -41.432  1.029 0.6999999881
54596  34.475  -40.692  0.264 0.6999999881
54615  34.312  -40.805  -0.674 0.6999999881
55705  33.760  -40.604  -1.419 0.8000000119
162981  31.432  -41.003  -3.335 0.8000000119
54650  29.942  -40.851  -4.001 0.8999999762
54663  29.307  -41.418  -4.399 1.0000000000
139525  32.128  -40.079  -2.464 0.8000000119
55730  30.888  -40.727  -3.530 0.8000000119
142760  27.396  -41.614  -4.536 1.0000000000
53532  26.255  -42.222  -4.568 1.0000000000
54664  28.354  -41.087  -4.388 0.8999999762
53533  24.813  -41.973  -4.167 1.0000000000
53551  22.950  -43.097  -4.443 1.0000000000
53535  22.842  -42.475  -4.480 1.0000000000
53561  24.439  -42.484  -6.278 0.8999999762
50253  34.217  -44.788  -5.642 0.6999999881
157546  22.769  -42.242  -4.830 0.8999999762
51416  35.654  -44.447  -5.513 0.6000000238
51417  34.856  -44.454  -5.497 0.6000000238
53560  26.104  -42.077  -6.641 0.8999999762
51433  33.605  -44.242  -5.677 0.6999999881
52518  31.683  -43.715  -7.782 0.6999999881
156602  28.951  -42.726  -7.451 0.6999999881
53572  27.848  -42.578  -7.128 0.8000000119
53578  30.558  -42.505  -8.137 0.6999999881
54684  24.992  -41.498  -6.132 0.8999999762
145535  29.325  -42.028  -7.474 0.6999999881
53408  32.403  -42.406  3.454 0.6000000238
54560  33.574  -41.387  2.674 0.6999999881
54561  33.051  -41.927  3.018 0.5000000000
146581  34.296  -40.784  1.560 0.6999999881
137415  34.447  -40.540  1.005 0.6999999881
55627  34.082  -40.568  2.179 0.6999999881
55671  34.428  -39.901  0.526 0.6999999881
55690  34.259  -39.967  -0.322 0.6999999881
55691  33.963  -40.057  -0.959 0.6999999881
55706  32.826  -40.093  -1.918 0.8000000119
56740  33.412  -39.692  -1.347 0.8000000119
145118  31.614  -39.756  -2.714 0.8000000119
57797  32.561  -38.726  -1.769 0.8000000119
56750  31.201  -39.149  -2.758 0.8000000119
55731  30.196  -39.993  -3.560 0.8000000119
55744  29.088  -40.697  -4.256 0.8999999762
55746  27.120  -40.622  -4.309 0.8999999762
54665  26.014  -41.355  -4.371 1.0000000000
56760  30.470  -39.184  -3.268 0.8000000119
53534  23.329  -42.074  -4.035 1.0000000000
141065  24.301  -41.258  -3.981 1.0000000000
52495  36.139  -43.564  -5.205 0.6000000238
159301  22.912  -41.753  -4.363 1.0000000000
52509  32.530  -43.514  -6.403 0.6999999881
53559  32.024  -42.976  -6.991 0.6999999881
54685  23.335  -41.879  -5.478 0.8999999762
54675  22.960  -41.298  -4.766 1.0000000000
141249  31.241  -42.787  -8.190 0.6999999881
53570  30.023  -41.853  -7.726 0.8000000119
54692  28.495  -41.780  -7.113 0.8000000119
55626  34.335  -39.849  1.513 0.6999999881
144440  33.976  -39.730  2.515 0.6999999881
56714  34.456  -39.266  0.783 0.6999999881
148354  34.308  -39.115  -0.029 0.6999999881
56725  33.856  -39.346  -0.802 0.6999999881
57784  33.861  -38.566  -0.657 0.6999999881
57796  33.240  -38.799  -1.303 0.8000000119
56741  32.803  -39.303  -1.708 0.8000000119
56749  32.064  -39.219  -2.223 0.8000000119
146118  32.729  -38.086  -1.592 0.8000000119
148194  31.390  -38.444  -2.446 0.8000000119
55732  29.309  -40.033  -3.996 0.8999999762
55745  28.366  -40.231  -4.216 0.8999999762
56761  29.572  -39.158  -3.671 0.8000000119
55733  28.567  -39.388  -3.982 0.8999999762
139310  25.480  -40.571  -4.149 0.8999999762
52496  35.030  -43.720  -5.293 0.6000000238
56778  27.455  -39.647  -4.127 0.8999999762
138066  26.114  -39.808  -4.120 0.8999999762
54666  23.262  -41.098  -3.891 1.0000000000
55749  22.975  -40.706  -4.269 0.8999999762
53568  31.983  -42.240  -7.602 0.6999999881
55756  23.196  -40.237  -4.628 0.8999999762
54691  29.378  -41.343  -7.387 0.8000000119
54683  26.548  -41.253  -6.480 0.8999999762
55764  25.494  -40.599  -6.029 0.8000000119
56675  34.241  -38.968  2.041 0.6999999881
56697  34.428  -38.979  1.333 0.6999999881
57770  34.421  -38.476  0.669 0.6999999881
58963  33.993  -37.815  -0.486 0.6999999881
58970  33.417  -37.974  -1.082 0.6999999881
159197  29.998  -38.495  -3.349 0.8000000119
57820  29.405  -38.040  -3.364 0.8000000119
52508  33.237  -43.528  -5.857 0.6000000238
57821  28.744  -38.540  -3.632 0.8000000119
145471  27.691  -38.833  -3.869 0.8999999762
55747  24.509  -39.852  -3.879 0.8999999762
55748  23.318  -40.176  -3.892 0.8999999762
53545  34.582  -42.872  -5.318 0.6000000238
53558  32.900  -42.763  -6.263 0.6999999881
56779  23.116  -39.555  -4.188 0.8999999762
161599  31.155  -42.099  -8.227 0.6999999881
55755  24.393  -39.915  -5.389 0.8000000119
55773  28.701  -40.831  -6.954 0.6999999881
55763  26.881  -40.414  -6.353 0.8000000119
57755  34.380  -38.290  1.551 0.6999999881
58952  34.467  -37.616  1.027 0.6999999881
58962  34.338  -37.698  0.215 0.6999999881
57807  30.677  -38.463  -2.891 0.8000000119
138228  30.922  -37.891  -2.609 0.8000000119
58978  30.220  -37.622  -3.052 0.8000000119
153380  28.498  -37.614  -3.428 0.8000000119
56762  26.470  -39.000  -3.900 0.8999999762
56763  24.957  -39.047  -3.794 0.8999999762
53546  33.728  -42.792  -5.684 0.6000000238
140119  23.518  -39.173  -4.014 0.8999999762
54681  32.578  -41.905  -6.856 0.6999999881
54689  32.228  -41.504  -7.791 0.6999999881
57855  23.267  -38.405  -4.503 0.8999999762
55772  29.562  -40.510  -7.279 0.6999999881
55762  27.995  -40.211  -6.598 0.8000000119
56791  24.762  -39.039  -5.439 0.8000000119
56812  28.926  -39.949  -6.854 0.6999999881
56801  27.160  -39.567  -6.270 0.8000000119
56802  25.882  -39.748  -5.916 0.8000000119
56800  28.234  -39.358  -6.505 0.8000000119
58939  34.357  -37.494  1.827 0.6999999881
151593  34.463  -36.846  1.334 0.6000000238
142833  34.932  -42.261  -5.175 0.6000000238
156316  27.833  -38.173  -3.604 0.8000000119
57823  25.362  -38.233  -3.690 0.8999999762
57836  24.018  -38.294  -4.103 0.8999999762
54674  33.462  -41.974  -6.070 0.6000000238
59003  23.459  -37.882  -4.846 0.8999999762
54699  31.416  -41.491  -8.211 0.8000000119
57854  23.671  -38.093  -4.892 0.8999999762
57872  26.223  -38.906  -5.824 0.8000000119
55771  30.418  -40.203  -7.622 0.6999999881
57871  27.434  -38.732  -6.166 0.8000000119
57852  26.537  -38.043  -5.719 0.8000000119
54688  32.863  -40.949  -7.423 0.6999999881
58992  27.231  -37.512  -3.571 0.8000000119
55769  32.348  -40.691  -8.135 0.6000000238
55778  31.801  -40.209  -8.299 0.6000000238
55779  31.110  -40.800  -8.143 0.6999999881
59014  24.034  -37.430  -4.922 0.8000000119
55770  31.192  -39.854  -8.053 0.6000000238
56810  30.638  -39.246  -7.566 0.6000000238
57870  28.469  -38.534  -6.387 0.6999999881
59026  27.708  -37.927  -6.022 0.8000000119
57853  25.086  -38.155  -5.342 0.8000000119
57886  29.976  -38.765  -6.915 0.6000000238
58993  25.743  -37.400  -3.686 0.8000000119
60140  25.240  -36.661  -3.922 0.8000000119
150029  24.391  -37.118  -4.759 0.8999999762
56808  33.065  -40.159  -7.797 0.6000000238
59012  26.842  -37.118  -5.632 0.8000000119
59013  25.385  -37.227  -5.261 0.8000000119
140169  24.854  -36.641  -4.886 0.8000000119
139194  28.666  -37.738  -6.307 0.6000000238
61187  25.752  -35.953  -3.995 0.8000000119
60150  24.848  -36.693  -4.668 0.8000000119
56818  32.569  -39.661  -8.258 0.6000000238
57884  31.310  -38.745  -8.002 0.6000000238
153227  25.660  -36.500  -5.206 0.8000000119
57885  30.666  -38.246  -7.343 0.6000000238
60160  27.701  -36.545  -5.776 0.6999999881
151731  25.421  -35.773  -5.006 0.8000000119
59024  29.641  -37.428  -6.506 0.6000000238
61208  27.348  -35.627  -5.643 0.6999999881
59035  31.520  -37.925  -8.065 0.6000000238
59023  30.377  -37.603  -6.898 0.6000000238
138892  27.466  -35.287  -3.838 0.8000000119
61199  25.554  -35.509  -4.670 0.8000000119
165840  33.151  -39.485  -7.910 0.6000000238
61198  26.271  -35.202  -4.314 0.8000000119
143037  33.733  -39.116  -6.747 0.5000000000
61209  26.092  -35.102  -5.221 0.8000000119
61210  25.672  -34.985  -4.899 0.8000000119
57882  33.348  -38.229  -7.945 0.6000000238
56819  32.481  -38.866  -8.379 0.6000000238
62233  27.024  -34.660  -5.642 0.6000000238
57867  33.608  -38.385  -7.071 0.5000000000
57895  32.853  -38.106  -8.379 0.6000000238
60183  31.809  -37.130  -8.122 0.6000000238
60172  29.553  -36.462  -6.324 0.6000000238
59046  32.945  -37.353  -8.363 0.6000000238
154092  31.302  -36.728  -7.598 0.6000000238
61218  30.330  -35.876  -6.619 0.6000000238
61219  29.379  -35.568  -6.155 0.6000000238
62216  26.907  -34.647  -4.329 0.8000000119
149031  25.803  -34.690  -4.875 0.8000000119
62223  27.425  -33.992  -4.454 0.8000000119
63254  26.712  -33.303  -4.904 0.6999999881
62224  26.250  -34.023  -4.842 0.6999999881
59045  33.232  -37.457  -8.144 0.6000000238
61220  28.247  -35.179  -5.903 0.6000000238
62243  27.070  -33.845  -6.018 0.6000000238
62234  26.167  -34.164  -5.254 0.6999999881
60181  33.369  -36.846  -7.844 0.5000000000
154373  29.127  -34.679  -6.175 0.6000000238
61229  33.015  -36.044  -8.292 0.5000000000
60184  31.163  -36.083  -7.357 0.6000000238
61231  31.068  -35.305  -7.101 0.6000000238
61228  33.334  -35.977  -8.013 0.5000000000
63253  27.906  -33.252  -4.565 0.6999999881
64388  26.476  -32.921  -5.338 0.6000000238
63275  26.567  -32.959  -6.165 0.6000000238
63262  26.335  -33.186  -5.468 0.6000000238
154375  27.494  -33.426  -6.325 0.6000000238
64398  26.393  -32.731  -5.764 0.6000000238
145057  33.207  -35.204  -8.231 0.5000000000
157218  30.905  -34.598  -6.948 0.6000000238
142204  30.210  -35.014  -6.425 0.6000000238
62242  27.876  -34.282  -6.099 0.6000000238
64410  26.768  -32.148  -6.369 0.6000000238
61230  32.710  -35.370  -8.297 0.6000000238
62254  31.983  -34.726  -7.946 0.6000000238
142940  33.422  -35.146  -7.914 0.5000000000
62252  33.191  -34.324  -8.156 0.5000000000
62240  33.319  -34.540  -7.187 0.4000000060
64387  27.231  -32.546  -5.064 0.6000000238
64397  26.673  -32.263  -5.686 0.6000000238
62241  30.045  -34.056  -6.500 0.6000000238
63274  28.243  -33.108  -6.534 0.6000000238
65504  26.632  -32.095  -6.123 0.6000000238
63288  31.223  -33.902  -7.321 0.6000000238
63272  30.327  -33.164  -7.022 0.6000000238
63286  33.003  -33.680  -8.249 0.5000000000
63287  32.398  -33.078  -8.117 0.6000000238
63296  32.920  -32.860  -8.121 0.5000000000
143414  33.221  -33.624  -7.379 0.4000000060
63285  33.113  -33.197  -7.970 0.4000000060
64420  28.731  -31.663  -7.290 0.6000000238
65512  27.007  -31.173  -6.720 0.5000000000
65503  27.026  -31.352  -6.206 0.5000000000
65492  27.803  -31.178  -5.527 0.5000000000
64407  29.486  -32.535  -6.930 0.6000000238
65524  28.665  -30.891  -7.541 0.5000000000
64418  31.732  -32.432  -8.011 0.6000000238
64430  32.460  -32.501  -8.219 0.5000000000
64429  33.138  -32.298  -7.962 0.4000000060
64419  30.422  -32.243  -7.422 0.6000000238
65523  29.927  -31.258  -7.557 0.5000000000
146899  32.235  -31.952  -8.335 0.4000000060
65522  31.244  -31.638  -7.803 0.6000000238
143228  30.916  -30.756  -7.729 0.6000000238
66522  29.515  -30.262  -7.615 0.4000000060
65534  32.830  -31.471  -8.361 0.4000000060
66532  32.816  -30.722  -8.429 0.4000000060
149775  28.637  -29.453  -7.375 0.4000000060
65535  32.059  -31.211  -8.240 0.4000000060
67587  30.717  -29.885  -7.714 0.4000000060
66521  33.990  -30.896  -8.020 0.4000000060
66533  31.807  -30.314  -8.056 0.4000000060
145479  29.046  -29.730  -5.131 0.4000000060
67577  28.020  -29.533  -6.666 0.4000000060
67588  29.835  -29.360  -7.620 0.4000000060
149017  33.644  -30.157  -8.500 0.4000000060
150202  32.704  -29.874  -8.400 0.4000000060
140681  32.502  -29.119  -8.403 0.4000000060
67603  31.457  -29.358  -7.995 0.4000000060
68592  28.884  -28.473  -6.108 0.4000000060
68603  29.145  -28.149  -6.795 0.4000000060
68615  28.742  -28.779  -7.137 0.4000000060
67602  33.742  -29.398  -8.732 0.3000000119
67604  31.667  -28.454  -8.130 0.4000000060
67589  29.349  -28.875  -7.468 0.4000000060
138250  29.345  -27.754  -5.949 0.4000000060
157639  29.446  -28.409  -7.350 0.4000000060
47027  29.264  -48.698  -8.889 0.8000000119
47029  27.040  -48.496  -8.222 0.8999999762
144054  25.166  -48.375  -7.174 0.8999999762
137746  26.302  -49.181  -8.094 0.8999999762
47015  25.730  -49.111  -7.476 0.8999999762
50244  31.147  -44.975  -4.849 1.0000000000
48060  27.251  -48.156  -6.466 0.8999999762
49114  29.591  -46.592  -6.055 0.8999999762
150112  26.207  -48.449  -6.490 0.8999999762
49126  28.618  -47.001  -6.274 0.8999999762
49127  27.357  -46.866  -6.127 0.8999999762
152699  25.352  -48.364  -6.741 0.8999999762
50272  27.369  -46.059  -5.854 0.8999999762
66505  27.238  -30.433  -6.796 0.4000000060
66523  28.063  -30.261  -7.380 0.4000000060
67567  27.574  -29.987  -6.612 0.4000000060
66503  28.453  -30.459  -5.371 0.4000000060
44603  32.322  -50.757  -3.750 1.0000000000
41199  30.196  -53.514  -6.308 0.8000000119
43384  29.895  -51.407  -6.173 0.8000000119
150311  30.362  -49.707  -5.971 0.8000000119
148147  28.323  -50.044  -6.447 0.8000000119
43400  27.196  -51.262  -6.977 0.8000000119
45840  28.683  -49.253  -6.378 0.8999999762
150309  27.342  -50.201  -6.540 0.8000000119
46998  26.105  -49.084  -6.682 0.8999999762
45843  25.882  -49.648  -6.968 0.8000000119
46889  28.944  -48.327  2.386 0.6000000238
45715  27.230  -49.511  3.303 0.4000000060
45714  27.955  -49.168  3.070 0.4000000060
50254  30.778  -45.612  -5.278 0.8999999762
45882  29.673  -49.512  -9.297 0.6999999881
149722  28.566  -47.113  -8.517 0.8000000119
50188  31.951  -44.699  0.555 0.8999999762
48062  24.769  -47.742  -6.804 0.8999999762
47014  32.798  -48.736  -7.643 0.6000000238
48089  26.598  -47.851  -7.957 0.8999999762
46867  27.535  -48.521  3.354 0.4000000060
48061  25.902  -47.723  -6.261 0.8999999762
50286  24.365  -46.557  -7.045 0.8999999762
50285  25.942  -46.165  -7.535 0.8999999762
49139  32.899  -47.010  -7.435 0.6999999881
159487  32.008  -46.581  -8.276 0.6999999881
52483  31.377  -43.556  -4.407 1.0000000000
50271  28.642  -46.176  -6.133 0.8999999762
50287  23.843  -46.557  -6.460 0.8999999762
48999  29.238  -46.277  3.408 0.5000000000
52438  34.379  -43.678  -0.864 1.0000000000
50274  23.368  -46.057  -5.975 0.8999999762
158961  31.848  -45.168  -7.806 0.6999999881
51448  25.429  -44.877  -7.203 0.8999999762
164205  29.052  -44.424  -7.744 0.8000000119
154390  30.222  -45.080  3.579 0.6000000238
53481  34.524  -42.331  -0.327 0.6999999881
149530  31.420  -42.223  -3.933 1.0000000000
52521  25.695  -43.871  -7.010 0.8999999762
52377  31.091  -43.739  4.019 0.6000000238
51305  29.555  -44.799  4.058 0.5000000000
163706  30.445  -43.714  4.448 0.5000000000
53562  23.019  -43.093  -5.517 0.8999999762
54539  31.892  -41.937  4.218 0.5000000000
55721  31.031  -39.873  -3.175 0.8000000119
55765  23.923  -40.863  -5.438 0.8999999762
158291  32.563  -41.578  3.739 0.5000000000
54690  30.230  -41.082  -7.661 0.8000000119
54682  27.746  -41.084  -6.653 0.8000000119
57783  34.247  -38.335  -0.086 0.6999999881
58977  31.495  -37.694  -2.306 0.8000000119
56792  23.803  -39.197  -4.668 0.8999999762
57822  26.784  -38.231  -3.669 0.8999999762
56799  29.165  -39.098  -6.679 0.6999999881
58994  24.551  -37.492  -3.955 0.8999999762
59025  27.970  -37.273  -5.966 0.6999999881
57868  30.053  -38.077  -6.725 0.6000000238
143222  28.686  -36.926  -6.180 0.6000000238
60161  26.481  -36.105  -5.405 0.8000000119
60173  28.544  -36.073  -5.929 0.6000000238
62225  26.112  -33.921  -5.109 0.6999999881
148462  32.148  -36.244  -8.112 0.6000000238
147421  28.736  -33.808  -6.336 0.6000000238
157802  31.839  -35.549  -7.866 0.6000000238
64409  27.450  -31.731  -6.921 0.6000000238
67566  28.237  -29.729  -5.972 0.4000000060
67578  27.473  -29.909  -6.957 0.4000000060
68578  29.316  -28.285  -5.307 0.4000000060
46999  25.420  -48.827  -7.010 0.8999999762
34782  26.613  -59.762  -5.240 0.4000000060
35934  26.407  -58.360  -4.584 0.4000000060
35935  25.545  -58.342  -4.640 0.4000000060
35946  27.939  -59.087  -4.915 0.4000000060
36994  26.778  -57.549  -4.401 0.4000000060
137582  26.154  -57.011  -4.640 0.4000000060
35931  29.310  -58.224  -4.843 0.3000000119
36993  27.745  -57.695  -4.344 0.4000000060
35944  29.706  -58.555  -5.486 0.4000000060
35943  30.167  -58.030  -5.835 0.4000000060
37014  30.126  -58.034  -6.787 0.4000000060
37023  29.733  -57.953  -7.765 0.4000000060
37872  27.349  -56.478  -3.866 0.5000000000
37873  26.494  -55.862  -3.957 0.4000000060
37883  29.039  -57.008  -3.989 0.4000000060
37884  28.052  -57.066  -4.065 0.4000000060
36990  30.215  -57.133  -4.774 0.5000000000
37001  30.331  -57.344  -5.395 0.4000000060
37013  30.306  -57.329  -6.236 0.4000000060
37912  29.836  -57.033  -7.304 0.5000000000
38849  29.580  -55.998  -7.381 0.5000000000
37913  29.067  -56.406  -8.092 0.6000000238
37929  28.506  -56.742  -8.864 0.5000000000
37947  27.621  -56.627  -9.734 0.6000000238
140273  27.230  -56.642  -10.471 0.4000000060
161636  27.535  -55.631  -3.395 0.5000000000
160707  26.673  -55.162  -3.418 0.5000000000
38814  25.901  -55.166  -3.590 0.5000000000
39984  24.857  -55.032  -3.880 0.5000000000
37870  29.343  -56.323  -3.621 0.6000000238
38813  28.680  -55.736  -3.181 0.6000000238
37869  30.136  -56.092  -3.878 0.5000000000
38812  29.637  -55.592  -3.331 0.6000000238
37881  30.402  -56.446  -4.532 0.5000000000
160124  30.761  -56.138  -4.892 0.5000000000
38838  30.678  -56.081  -5.669 0.4000000060
38839  30.139  -55.566  -6.653 0.6000000238
138288  29.236  -54.991  -7.451 0.6000000238
38850  28.746  -55.593  -8.116 0.6000000238
40028  28.279  -54.789  -8.250 0.6000000238
40029  27.370  -54.667  -8.951 0.6000000238
150498  28.425  -56.005  -8.659 0.6000000238
37930  27.768  -55.973  -9.302 0.6000000238
38866  27.280  -55.262  -9.531 0.6000000238
38881  27.064  -55.265  -10.008 0.6000000238
39961  27.285  -54.628  -3.015 0.5000000000
39962  26.230  -54.537  -3.175 0.5000000000
137633  24.923  -53.907  -2.988 0.5000000000
39971  29.024  -55.044  -2.810 0.6000000238
39972  28.170  -55.118  -2.932 0.6000000238
38811  30.367  -55.353  -3.684 0.6000000238
39958  30.159  -54.045  -2.868 0.6000000238
143863  30.830  -55.088  -4.226 0.5000000000
39969  30.658  -54.480  -3.536 0.6000000238
156721  30.920  -55.436  -4.981 0.6000000238
143241  30.702  -55.135  -5.947 0.6000000238
40012  29.289  -54.132  -7.176 0.6000000238
40030  26.989  -53.970  -9.086 0.6000000238
41255  27.117  -54.072  -9.473 0.6999999881
41142  26.620  -53.828  -2.823 0.6000000238
148667  26.035  -53.083  -2.629 0.5000000000
41143  25.059  -53.097  -2.760 0.5000000000
39959  29.284  -54.247  -2.666 0.6000000238
41140  28.612  -53.598  -2.528 0.6000000238
41141  27.600  -53.751  -2.679 0.6000000238
42240  25.528  -52.259  -2.598 0.5000000000
43361  24.986  -51.436  -2.645 0.5000000000
41139  29.585  -53.476  -2.548 0.6000000238
142115  31.083  -54.339  -4.459 0.6000000238
41215  27.084  -53.176  -8.654 0.6999999881
42239  27.922  -52.950  -2.480 0.6000000238
158952  27.322  -52.262  -2.404 0.6000000238
154818  26.422  -52.261  -2.529 0.6000000238
42238  28.961  -52.716  -2.378 0.6000000238
43359  27.760  -51.563  -2.247 0.6000000238
139435  26.848  -51.479  -2.430 0.6000000238
138951  26.439  -50.625  -2.516 0.6000000238
44585  25.545  -50.551  -2.641 0.6000000238
43357  29.628  -52.029  -2.352 0.6000000238
44586  24.667  -50.407  -2.723 0.5000000000
41138  30.362  -53.391  -2.732 0.6000000238
45795  24.381  -49.319  -2.820 0.6000000238
42338  26.799  -52.775  -9.052 0.6999999881
43358  28.699  -51.783  -2.272 0.6000000238
44584  27.332  -50.705  -2.316 0.6000000238
142655  29.317  -51.234  -2.208 0.6000000238
44583  28.334  -50.802  -2.168 0.6000000238
139155  26.079  -49.745  -2.558 0.6000000238
45794  25.232  -49.541  -2.670 0.6000000238
143120  25.797  -48.700  -2.586 0.6000000238
43356  30.490  -52.126  -2.487 0.6000000238
42248  31.561  -52.340  -3.278 0.6000000238
43434  26.316  -51.204  -8.207 0.6999999881
43448  26.765  -51.275  -8.647 0.6999999881
152520  30.198  -51.450  -2.254 0.6000000238
140100  27.746  -49.942  -2.240 0.6999999881
161950  27.439  -49.397  -2.352 0.6999999881
157559  30.865  -51.560  -2.387 0.6000000238
45870  26.599  -49.885  -8.380 0.6999999881
154646  28.558  -49.863  -2.108 0.6999999881
44582  29.902  -50.713  -1.989 0.6999999881
158279  29.093  -50.498  -2.093 0.6999999881
157825  27.971  -49.009  -2.285 0.6999999881
46945  27.658  -47.928  -2.491 0.6999999881
143815  26.473  -49.062  -2.507 0.6000000238
157603  26.993  -47.663  -2.557 0.6999999881
48017  27.305  -46.789  -2.404 0.6000000238
48019  25.572  -47.209  -2.502 0.5000000000
45869  28.589  -49.402  -8.775 0.8000000119
45782  29.801  -49.160  -1.688 0.6999999881
45783  28.899  -49.008  -2.037 0.6999999881
46936  28.408  -48.036  -2.250 0.6999999881
48016  27.990  -47.153  -2.392 0.6999999881
158684  25.438  -45.677  -2.096 0.5000000000
49084  27.788  -45.965  -1.842 0.6999999881
49085  26.803  -45.445  -1.928 0.6000000238
157714  26.101  -45.206  -1.922 0.6000000238
58979  29.407  -37.375  -3.291 0.6999999881
57798  32.054  -38.260  -2.025 0.6999999881
140385  33.648  -37.218  -0.903 0.6000000238
143148  30.905  -37.224  -2.581 0.6999999881
60126  30.398  -36.740  -2.886 0.6999999881
58991  27.759  -36.742  -3.496 0.6999999881
152926  34.174  -37.061  -0.261 0.6000000238
139917  33.017  -37.346  -1.454 0.6000000238
58976  32.236  -37.371  -1.960 0.6999999881
60125  31.550  -36.918  -2.326 0.6999999881
60111  34.377  -36.386  -0.069 0.6000000238
60127  29.822  -36.816  -3.184 0.6999999881
58990  28.947  -36.673  -3.350 0.6999999881
60139  26.962  -35.920  -3.744 0.6999999881
60112  33.901  -36.363  -0.741 0.6000000238
60118  32.743  -36.618  -1.768 0.6000000238
60124  32.146  -36.575  -2.171 0.6999999881
157162  30.965  -36.454  -2.585 0.6999999881
60137  29.621  -36.097  -3.243 0.6999999881
61185  28.978  -35.454  -3.514 0.6999999881
162063  28.260  -35.367  -3.659 0.6999999881
60117  33.349  -35.875  -1.469 0.5000000000
161505  32.473  -35.772  -2.169 0.6000000238
149417  31.646  -35.180  -2.589 0.5000000000
62202  30.720  -35.155  -2.932 0.6999999881
62214  30.245  -34.464  -3.381 0.6999999881
63243  28.633  -33.946  -4.109 0.6999999881
68591  34.257  -29.203  -6.156 0.3000000119
67576  34.582  -29.875  -7.300 0.3000000119
66531  33.554  -30.865  -8.335 0.3000000119
34783  25.849  -59.165  -4.693 0.4000000060
35947  24.869  -58.950  -4.600 0.3000000119
34785  24.116  -59.529  -4.566 0.4000000060
164419  27.450  -59.566  -5.230 0.3000000119
35948  24.778  -58.141  -4.832 0.4000000060
34780  29.567  -59.263  -5.839 0.4000000060
37003  25.457  -56.920  -5.016 0.4000000060
34795  29.555  -59.637  -6.602 0.4000000060
35965  29.907  -58.858  -7.270 0.4000000060
35981  29.433  -58.689  -8.191 0.4000000060
37928  29.272  -57.153  -8.153 0.5000000000
37054  27.555  -57.269  -10.205 0.4000000060
37887  25.093  -56.192  -4.917 0.4000000060
37066  27.115  -56.620  -10.878 0.5000000000
39974  24.343  -54.307  -3.469 0.5000000000
40055  27.090  -54.911  -10.107 0.6000000238
41161  24.405  -53.533  -3.025 0.5000000000
42241  24.795  -52.303  -2.633 0.5000000000
156126  24.284  -51.958  -2.630 0.5000000000
41239  27.120  -53.326  -9.470 0.6000000238
43362  24.030  -51.211  -2.677 0.5000000000
44587  23.767  -50.232  -2.910 0.4000000060
42337  27.086  -52.572  -9.285 0.6999999881
46947  24.941  -48.219  -2.686 0.5000000000
44675  27.806  -50.895  -8.844 0.6999999881
48020  24.534  -46.402  -2.408 0.5000000000
44674  28.817  -50.323  -9.107 0.8000000119
49075  24.092  -45.659  -1.618 0.5000000000
49062  24.895  -45.555  -1.514 0.6000000238
162876  33.861  -40.983  2.451 0.6000000238
60103  34.453  -36.851  0.526 0.6000000238
61158  34.346  -35.705  -0.268 0.5000000000
151403  33.788  -34.996  -1.240 0.5000000000
62195  32.818  -34.292  -2.155 0.5000000000
62201  32.062  -34.301  -2.624 0.5000000000
62213  31.172  -34.254  -3.068 0.5000000000
63241  30.542  -33.617  -3.510 0.5000000000
64376  29.966  -32.940  -3.879 0.5000000000
156810  34.066  -28.179  -5.966 0.3000000119
68602  34.841  -29.268  -7.586 0.3000000119
67600  34.829  -29.656  -8.429 0.3000000119
43355  31.190  -51.988  -2.695 0.6000000238
41159  30.756  -53.632  -3.162 0.6000000238
39968  31.112  -53.786  -3.764 0.6000000238
48007  28.573  -46.961  -1.973 0.8000000119
42309  26.569  -51.755  -8.226 0.6999999881
44663  25.903  -50.126  -7.888 0.6999999881
141664  26.435  -36.668  -3.703 0.6999999881
63252  29.038  -33.153  -4.270 0.6000000238
67586  34.631  -30.162  -8.046 0.3000000119
138098  27.425  -49.242  -8.480 0.8000000119
44672  30.288  -50.021  -9.473 0.6999999881
156660  26.945  -59.057  -4.825 0.4000000060
36992  28.734  -57.668  -4.399 0.4000000060
35945  28.972  -59.083  -5.215 0.3000000119
36991  29.590  -57.454  -4.555 0.5000000000
37886  25.875  -56.414  -4.546 0.5000000000
35982  28.645  -58.455  -9.159 0.3000000119
37065  27.045  -57.219  -10.932 0.4000000060
38822  24.663  -55.507  -4.630 0.5000000000
48018  26.359  -46.488  -2.354 0.6000000238
61173  30.394  -35.977  -2.911 0.6999999881
60138  28.248  -35.935  -3.540 0.6999999881
61172  31.638  -36.116  -2.414 0.6999999881
61159  33.969  -35.580  -0.873 0.6000000238
61165  33.092  -35.033  -1.882 0.5000000000
153642  32.445  -34.923  -2.339 0.6000000238
165031  31.044  -35.770  -2.639 0.6999999881
61184  29.901  -35.302  -3.270 0.6999999881
62215  29.299  -34.617  -3.621 0.6999999881
151855  34.292  -34.965  -0.567 0.5000000000
62194  33.495  -34.306  -1.545 0.5000000000
63242  29.658  -33.793  -3.770 0.6999999881
152146  34.487  -35.047  0.169 0.5000000000
64375  30.905  -32.764  -3.604 0.5000000000
162862  28.562  -50.923  -9.292 0.6000000238
43446  29.198  -51.064  -9.735 0.6000000238
44658  32.130  -50.121  -8.057 0.5000000000
44671  30.705  -50.608  -9.376 0.6000000238
153076  30.871  -49.746  -9.321 0.6000000238
45855  34.745  -49.867  -6.917 0.5000000000
45857  32.703  -49.506  -7.691 0.5000000000
45880  31.330  -49.124  -9.192 0.6000000238
46921  26.677  -48.374  -0.358 0.5000000000
45881  30.593  -49.085  -9.422 0.6000000238
47011  36.008  -48.907  -6.902 0.5000000000
148426  34.087  -49.190  -6.905 0.5000000000
47010  36.821  -48.620  -7.272 0.5000000000
45770  27.550  -49.323  -0.141 0.4000000060
44551  26.307  -50.612  -0.174 0.4000000060
43320  27.018  -51.226  0.499 0.4000000060
47012  35.052  -49.099  -6.828 0.5000000000
48070  37.567  -47.402  -8.173 0.5000000000
46991  36.282  -48.097  -6.833 0.5000000000
43317  27.387  -51.414  1.518 0.4000000060
49137  37.335  -46.611  -7.831 0.5000000000
48071  37.126  -47.362  -7.447 0.5000000000
165341  27.604  -51.236  1.987 0.4000000060
49000  28.369  -46.351  3.566 0.4000000060
145266  27.860  -46.985  3.513 0.4000000060
47922  27.325  -47.613  3.506 0.4000000060
163882  26.849  -48.082  3.546 0.3000000119
52353  29.997  -43.292  4.980 0.4000000060
50144  28.994  -45.493  3.752 0.4000000060
166077  28.669  -45.915  3.636 0.4000000060
53387  30.007  -42.470  5.137 0.4000000060
51306  28.482  -44.812  4.175 0.4000000060
50145  28.069  -45.566  3.813 0.4000000060
51284  27.899  -44.057  4.548 0.4000000060
150862  27.477  -46.211  3.654 0.4000000060
49001  26.965  -46.838  3.597 0.4000000060
52378  29.783  -43.961  4.545 0.4000000060
52354  29.260  -43.385  4.944 0.4000000060
51283  28.882  -44.084  4.640 0.4000000060
54540  31.046  -42.207  4.765 0.4000000060
162777  29.585  -42.946  5.113 0.4000000060
52355  28.367  -43.299  4.816 0.4000000060
50146  27.059  -45.479  3.844 0.4000000060
52356  27.351  -43.147  4.467 0.4000000060
51308  26.541  -44.764  4.000 0.4000000060
54517  30.249  -41.394  5.023 0.4000000060
54518  29.259  -41.570  4.901 0.4000000060
53388  28.950  -42.546  4.958 0.4000000060
54538  33.115  -41.126  3.357 0.5000000000
138581  32.646  -40.873  3.926 0.4000000060
151643  32.035  -41.022  4.298 0.4000000060
54516  31.209  -41.186  4.703 0.4000000060
54519  28.329  -41.666  4.655 0.4000000060
53389  27.967  -42.454  4.704 0.4000000060
53390  27.289  -42.297  4.414 0.4000000060
52357  26.526  -43.362  4.194 0.4000000060
55605  33.634  -40.542  2.931 0.5000000000
55606  33.045  -40.314  3.745 0.5000000000
55607  32.309  -40.230  4.277 0.5000000000
55589  30.377  -40.338  4.701 0.4000000060
142140  29.543  -40.757  4.781 0.4000000060
54520  27.641  -41.796  4.481 0.4000000060
55588  31.442  -40.303  4.531 0.4000000060
55590  29.359  -40.034  4.369 0.4000000060
55591  28.613  -40.685  4.438 0.4000000060
56656  32.692  -39.399  4.094 0.4000000060
56657  31.206  -38.991  4.240 0.4000000060
56645  30.895  -39.581  4.440 0.4000000060
143882  31.946  -38.713  4.136 0.4000000060
148567  30.982  -38.383  3.815 0.4000000060
57722  30.167  -38.503  3.499 0.4000000060
57723  29.490  -38.677  3.192 0.4000000060
57719  33.315  -38.109  3.191 0.5000000000
57720  32.526  -38.210  3.625 0.4000000060
58902  30.479  -37.875  3.368 0.4000000060
57741  29.081  -38.167  2.756 0.3000000119
56644  31.763  -39.514  4.379 0.4000000060
56658  30.486  -38.948  4.022 0.4000000060
56646  30.014  -39.492  4.201 0.4000000060
56659  29.217  -39.368  3.628 0.4000000060
137771  29.870  -39.002  3.663 0.4000000060
163467  31.681  -38.108  3.716 0.4000000060
57721  31.149  -37.696  3.537 0.4000000060
58903  29.796  -38.012  3.066 0.3000000119
58918  34.059  -37.389  2.383 0.5000000000
58900  32.771  -37.462  3.274 0.5000000000
58901  31.918  -37.546  3.490 0.4000000060
60056  31.311  -37.009  3.360 0.4000000060
60057  30.707  -37.284  3.331 0.4000000060
58920  30.111  -37.302  3.072 0.3000000119
58921  29.360  -37.378  2.826 0.3000000119
149184  28.623  -37.513  2.657 0.3000000119
147018  33.808  -36.671  2.535 0.5000000000
60069  34.283  -36.718  2.025 0.4000000060
60055  32.146  -36.804  3.269 0.3000000119
60073  30.588  -36.576  3.117 0.4000000060
138014  29.740  -36.596  2.855 0.3000000119
60074  28.791  -36.591  2.720 0.3000000119
154759  28.128  -36.975  2.648 0.3000000119
60054  33.043  -36.691  2.995 0.3000000119
60090  34.024  -35.973  2.161 0.4000000060
60089  34.382  -36.034  1.437 0.4000000060
61149  34.490  -35.926  0.537 0.4000000060
60072  31.468  -36.222  3.153 0.3000000119
61119  29.381  -35.692  2.671 0.3000000119
140180  27.819  -36.232  2.613 0.3000000119
58922  27.465  -37.050  2.628 0.3000000119
60071  32.414  -35.975  3.019 0.3000000119
156148  28.557  -35.731  2.599 0.3000000119
60075  26.824  -36.443  2.647 0.3000000119
60070  33.354  -35.900  2.658 0.3000000119
61138  34.116  -35.388  1.728 0.3000000119
61137  34.374  -35.104  1.045 0.4000000060
62186  34.395  -34.304  -0.167 0.4000000060
62187  34.108  -34.273  -0.884 0.4000000060
61116  32.699  -35.017  2.603 0.3000000119
61117  31.646  -35.377  2.856 0.3000000119
62160  33.984  -34.700  1.676 0.3000000119
62178  34.410  -34.373  0.560 0.3000000119
63206  34.361  -33.786  0.264 0.4000000060
63207  34.177  -33.471  -0.420 0.4000000060
63217  33.235  -33.599  -1.822 0.4000000060
63228  32.520  -33.570  -2.448 0.4000000060
64365  32.247  -32.765  -2.848 0.4000000060
63229  31.786  -33.561  -2.953 0.4000000060
63240  31.199  -33.442  -3.312 0.4000000060
61115  33.635  -35.203  2.201 0.3000000119
63216  33.746  -32.871  -1.223 0.3000000119
63227  33.013  -32.854  -2.130 0.4000000060
64364  32.858  -32.070  -2.449 0.4000000060
152714  31.565  -32.964  -3.261 0.4000000060
65480  31.438  -31.423  -3.660 0.4000000060
147617  31.035  -31.998  -3.797 0.4000000060
64384  30.302  -32.115  -4.003 0.4000000060
64385  29.249  -32.210  -4.419 0.5000000000
64339  34.017  -32.400  -0.209 0.3000000119
64352  33.863  -32.036  -0.991 0.3000000119
64363  33.499  -32.095  -1.714 0.3000000119
65466  32.637  -31.255  -2.758 0.4000000060
64373  32.306  -31.992  -3.010 0.4000000060
65479  32.019  -31.533  -3.278 0.3000000119
65490  29.846  -31.358  -4.381 0.3000000119
64386  28.095  -31.925  -4.996 0.4000000060
66491  29.411  -30.531  -4.710 0.3000000119
65491  28.811  -31.266  -4.826 0.3000000119
65439  33.775  -31.525  -0.535 0.3000000119
65450  33.705  -31.383  -1.292 0.3000000119
65465  33.358  -31.366  -2.080 0.3000000119
161077  33.172  -30.741  -2.270 0.3000000119
141766  31.999  -30.699  -3.345 0.3000000119
150168  31.178  -30.654  -3.955 0.3000000119
65481  30.745  -31.379  -4.099 0.3000000119
66477  30.363  -30.607  -4.362 0.3000000119
66490  30.799  -29.846  -4.216 0.3000000119
155150  33.591  -31.053  -0.201 0.3000000119
66459  33.522  -30.700  -1.654 0.3000000119
66460  32.708  -30.325  -2.655 0.3000000119
66475  32.323  -29.740  -3.124 0.3000000119
66476  31.568  -29.855  -3.666 0.3000000119
67552  31.244  -29.072  -4.002 0.3000000119
151412  29.914  -29.784  -4.585 0.3000000119
67553  30.374  -29.020  -4.427 0.3000000119
67554  29.507  -28.967  -4.827 0.3000000119
69647  29.759  -27.505  -5.173 0.3000000119
56655  33.451  -39.596  3.376 0.5000000000
162592  27.410  -51.432  -9.003 0.6000000238
43459  28.832  -51.876  -10.117 0.5000000000
146733  30.000  -50.855  -9.753 0.5000000000
146384  31.715  -50.697  -8.314 0.5000000000
43444  31.013  -51.506  -9.146 0.5000000000
45853  36.624  -49.469  -7.344 0.5000000000
164532  34.475  -50.475  -7.027 0.5000000000
44645  32.965  -50.456  -7.507 0.5000000000
50203  26.839  -44.861  -1.005 0.6000000238
49060  26.350  -44.943  -1.218 0.6000000238
47994  26.142  -45.766  -0.842 0.6000000238
47995  25.907  -47.216  -0.517 0.5000000000
159225  25.245  -47.494  -0.599 0.5000000000
45772  25.591  -49.606  -0.361 0.5000000000
163179  26.409  -51.237  0.120 0.4000000060
43321  26.384  -51.705  0.453 0.4000000060
43318  26.915  -52.194  1.780 0.4000000060
161487  27.229  -51.727  2.363 0.4000000060
148744  26.311  -49.487  3.499 0.3000000119
148929  26.138  -48.067  3.603 0.3000000119
49002  26.068  -46.723  3.568 0.4000000060
146761  25.691  -44.899  3.694 0.4000000060
147062  26.560  -46.090  3.645 0.4000000060
52379  25.953  -43.985  4.000 0.4000000060
152501  26.504  -42.475  4.159 0.4000000060
53411  25.461  -42.340  3.747 0.4000000060
55592  27.671  -41.072  4.278 0.4000000060
54521  27.007  -41.610  4.167 0.4000000060
55608  28.641  -39.911  3.939 0.4000000060
54541  26.909  -40.800  3.700 0.4000000060
57724  28.787  -38.901  2.877 0.4000000060
163570  27.991  -37.521  2.544 0.3000000119
154449  27.470  -37.840  2.467 0.3000000119
47024  37.844  -48.210  -8.534 0.5000000000
150736  25.914  -43.127  4.013 0.4000000060
55609  27.825  -40.216  3.655 0.4000000060
43293  27.075  -51.351  3.015 0.4000000060
45868  31.982  -49.226  -8.446 0.5000000000
165813  34.502  -36.405  0.968 0.5000000000
57739  34.140  -38.147  2.250 0.5000000000
145364  33.815  -33.688  -1.201 0.4000000060
64374  31.657  -32.219  -3.386 0.4000000060
44659  31.396  -50.025  -8.813 0.6000000238
45856  33.719  -49.920  -7.191 0.5000000000
45854  35.731  -49.807  -7.031 0.5000000000
51307  27.480  -44.785  4.144 0.4000000060
51285  26.946  -44.020  4.260 0.4000000060
164717  26.276  -45.426  3.748 0.4000000060
56676  33.755  -38.773  2.835 0.5000000000
163850  32.614  -38.772  3.936 0.5000000000
146664  33.142  -38.806  3.603 0.5000000000
58919  33.530  -37.392  2.835 0.5000000000
57740  33.784  -37.969  2.675 0.5000000000
62135  33.410  -34.325  2.149 0.3000000119
66443  33.647  -30.690  -0.844 0.3000000119
67520  33.268  -30.103  -2.032 0.3000000119
68577  29.967  -28.214  -4.711 0.3000000119
45796  23.541  -49.151  -3.069 0.4000000060
46948  24.069  -47.997  -2.839 0.4000000060
48030  22.770  -46.839  -3.088 0.4000000060
49088  23.001  -46.077  -2.261 0.3000000119
49087  23.848  -45.729  -2.003 0.4000000060
48009  23.523  -45.923  -1.405 0.3000000119
40054  27.523  -54.791  -10.612 0.5000000000
48008  24.235  -45.927  -1.228 0.5000000000
47996  23.732  -46.691  -1.009 0.3000000119
146786  27.758  -53.398  -10.155 0.5000000000
41253  28.588  -53.424  -10.548 0.5000000000
40065  28.254  -54.701  -11.026 0.5000000000
141392  25.179  -46.139  -1.015 0.5000000000
46923  24.520  -47.036  -0.786 0.4000000060
41238  27.625  -52.847  -9.790 0.5000000000
40053  28.825  -54.114  -10.797 0.5000000000
42350  29.844  -52.969  -10.260 0.3000000119
42351  29.330  -52.536  -10.349 0.4000000060
156976  30.055  -52.294  -10.063 0.4000000060
153005  30.968  -53.032  -9.076 0.3000000119
145062  30.367  -52.968  -9.797 0.3000000119
41224  31.534  -53.188  -8.249 0.3000000119
42322  31.282  -52.346  -8.643 0.3000000119
43416  33.227  -51.431  -7.282 0.3000000119
43417  32.418  -51.906  -7.530 0.3000000119
43433  31.634  -51.542  -8.203 0.4000000060
43445  30.330  -51.515  -9.740 0.4000000060
43322  25.717  -52.005  0.202 0.3000000119
162813  35.862  -50.370  -7.236 0.4000000060
44643  34.687  -51.137  -7.115 0.4000000060
43432  32.295  -51.010  -7.770 0.4000000060
42198  26.421  -52.436  1.028 0.3000000119
44497  26.575  -50.831  3.419 0.3000000119
146879  25.562  -45.875  3.545 0.3000000119
50147  24.817  -45.140  3.374 0.3000000119
51309  25.064  -44.278  3.574 0.3000000119
54542  26.160  -41.464  3.751 0.3000000119
54543  25.362  -41.347  3.212 0.3000000119
53412  24.766  -41.920  3.313 0.3000000119
53433  24.085  -42.115  2.998 0.3000000119
56660  28.384  -39.522  3.235 0.3000000119
55610  26.066  -40.647  2.967 0.3000000119
56661  27.733  -39.639  2.877 0.3000000119
55628  26.996  -40.085  2.805 0.3000000119
56678  27.342  -39.367  2.339 0.3000000119
56679  26.694  -39.711  2.008 0.3000000119
55629  26.351  -40.172  2.138 0.3000000119
56677  28.067  -39.118  2.597 0.3000000119
157040  26.914  -39.063  1.921 0.3000000119
38893  27.144  -56.394  -11.036 0.5000000000
44644  33.855  -50.818  -7.141 0.4000000060
46924  24.083  -48.088  -0.875 0.3000000119
142178  24.805  -49.570  -0.431 0.3000000119
44552  25.088  -50.503  -0.312 0.3000000119
37895  24.613  -56.619  -5.367 0.4000000060
37896  23.776  -56.408  -5.786 0.4000000060
156727  23.949  -55.335  -4.978 0.4000000060
149759  22.518  -54.017  -5.357 0.4000000060
41181  22.412  -53.393  -4.751 0.3000000119
39975  23.430  -54.254  -3.952 0.4000000060
163340  22.865  -54.042  -4.470 0.4000000060
152327  23.206  -52.788  -3.311 0.4000000060
153686  28.132  -57.974  -9.960 0.3000000119
146898  23.701  -53.569  -3.349 0.4000000060
43370  22.319  -51.031  -3.655 0.3000000119
44595  22.810  -50.034  -3.348 0.3000000119
42249  22.696  -51.946  -3.371 0.4000000060
46958  21.819  -48.521  -3.967 0.3000000119
45803  22.252  -49.220  -3.746 0.3000000119
48031  22.144  -47.044  -3.372 0.3000000119
43369  23.100  -51.116  -2.954 0.4000000060
45802  22.855  -48.953  -3.348 0.3000000119
46949  23.255  -47.959  -3.154 0.3000000119
38840  23.075  -56.214  -6.452 0.4000000060
38823  23.254  -54.698  -4.928 0.4000000060
49097  22.124  -46.504  -2.698 0.3000000119
48041  21.104  -46.665  -3.608 0.3000000119
33520  27.404  -60.182  -5.696 0.3000000119
34781  29.095  -59.848  -5.860 0.4000000060
35932  28.407  -58.410  -4.653 0.4000000060
35933  27.366  -58.373  -4.570 0.4000000060
35936  25.331  -57.642  -4.869 0.4000000060
35956  29.954  -58.781  -6.302 0.4000000060
35996  27.412  -57.995  -10.686 0.4000000060
36995  25.958  -57.614  -4.631 0.4000000060
37002  29.948  -57.821  -5.105 0.4000000060
37037  28.997  -57.730  -8.588 0.5000000000
37053  28.298  -57.435  -9.432 0.3000000119
37871  28.331  -56.420  -3.605 0.4000000060
37882  29.834  -56.751  -4.218 0.5000000000
37885  26.647  -56.716  -4.290 0.4000000060
37894  30.608  -56.723  -5.106 0.5000000000
37903  30.506  -56.820  -5.760 0.4000000060
37904  30.244  -56.476  -6.515 0.5000000000
37948  27.163  -55.947  -10.126 0.6000000238
38820  30.629  -55.789  -4.328 0.5000000000
38821  25.484  -55.623  -4.230 0.4000000060
38831  24.300  -55.931  -5.295 0.5000000000
38832  23.366  -55.538  -5.685 0.4000000060
38865  27.931  -55.373  -8.819 0.6000000238
38882  27.210  -55.807  -10.430 0.5000000000
38892  27.302  -55.586  -10.759 0.5000000000
39960  28.315  -54.415  -2.706 0.6000000238
39970  29.916  -54.830  -3.051 0.6000000238
39973  25.316  -54.570  -3.352 0.5000000000
39985  24.073  -54.889  -4.275 0.5000000000
39993  30.954  -54.647  -5.286 0.6000000238
39994  22.619  -54.720  -5.899 0.4000000060
40001  30.000  -54.685  -6.716 0.6999999881
40013  28.595  -54.272  -7.718 0.8000000119
40014  27.724  -53.927  -8.315 0.6000000238
40041  27.131  -54.660  -9.588 0.6000000238
40066  27.787  -55.344  -11.201 0.5000000000
41144  24.106  -52.772  -2.815 0.5000000000
41160  25.679  -53.873  -2.870 0.5000000000
41162  22.926  -53.562  -3.883 0.4000000060
41180  31.245  -53.502  -4.447 0.6000000238
41200  29.342  -53.464  -6.796 0.6000000238
41225  26.885  -53.285  -9.119 0.6999999881
41237  30.610  -53.607  -9.394 0.3000000119
41252  29.336  -53.423  -10.540 0.5000000000
41254  27.286  -54.093  -10.060 0.6000000238
42236  30.875  -52.825  -2.805 0.6000000238
42237  30.033  -52.793  -2.478 0.6000000238
42242  23.523  -51.997  -2.822 0.5000000000
42306  31.892  -52.513  -7.821 0.3000000119
42307  27.989  -52.712  -7.263 0.8000000119
42323  26.832  -52.494  -8.772 0.6999999881
42334  30.698  -52.267  -9.508 0.3000000119
42335  29.619  -51.677  -10.028 0.5000000000
42336  27.917  -52.234  -9.664 0.5000000000
42352  28.483  -52.730  -10.248 0.5000000000
43328  25.826  -51.289  -0.078 0.3000000119
43360  25.939  -51.429  -2.605 0.5000000000
43418  26.701  -51.555  -7.602 0.8000000119
43419  26.154  -51.109  -7.820 0.8000000119
43420  26.007  -50.585  -7.867 0.6999999881
43447  28.175  -51.481  -9.367 0.6000000238
43449  26.798  -52.037  -8.705 0.6999999881
44520  27.635  -50.829  2.390 0.4000000060
44550  27.269  -50.367  0.106 0.5000000000
44596  21.989  -50.114  -4.100 0.3000000119
44631  26.818  -50.605  -6.767 0.8000000119
44632  26.161  -50.322  -7.003 0.8000000119
44633  25.861  -50.066  -7.432 0.8000000119
44642  35.994  -50.844  -7.415 0.4000000060
44660  27.704  -50.046  -8.671 0.8000000119
44661  26.869  -50.526  -8.596 0.6999999881
44662  26.180  -50.497  -8.220 0.6999999881
44673  29.669  -50.364  -9.503 0.6999999881
45769  28.166  -48.730  -0.082 0.6000000238
45771  26.566  -49.553  -0.305 0.4000000060
45773  24.281  -49.077  -0.580 0.3000000119
45781  30.729  -49.325  -1.535 0.8000000119
45793  29.415  -49.891  -1.895 0.6999999881
45811  32.530  -49.872  -4.152 1.0000000000
45844  25.717  -49.462  -7.241 0.8000000119
45858  25.854  -49.685  -7.649 0.8999999762
45871  25.940  -49.777  -8.000 0.8999999762
46888  29.420  -48.050  1.777 0.6999999881
46922  25.815  -48.531  -0.407 0.5000000000
46943  33.185  -48.159  -2.276 1.0000000000
46946  26.398  -48.043  -2.575 0.6999999881
46957  22.430  -48.025  -3.561 0.3000000119
46993  34.233  -47.920  -6.715 0.6000000238
47028  28.219  -48.572  -8.599 0.8999999762
47036  31.165  -48.363  -9.329 0.6999999881
47923  26.503  -47.441  3.568 0.3000000119
48021  23.579  -46.660  -2.691 0.4000000060
48048  29.461  -47.341  -6.173 0.8999999762
48055  36.547  -47.371  -6.890 0.5000000000
48058  34.071  -47.254  -6.558 0.6000000238
48074  25.382  -47.903  -7.487 0.8999999762
48099  30.975  -47.639  -9.293 0.8000000119
48100  30.368  -47.605  -9.226 0.8000000119
49058  27.420  -45.136  -0.644 0.6999999881
49061  25.650  -45.336  -1.329 0.6000000238
49073  27.204  -44.982  -1.229 0.6000000238
49074  26.431  -44.897  -1.232 0.6000000238
49076  23.385  -45.850  -1.750 0.3000000119
49086  24.705  -45.589  -1.727 0.5000000000
49098  21.378  -46.421  -3.029 0.3000000119
49099  20.852  -46.407  -3.182 0.3000000119
49122  35.393  -46.638  -6.288 0.6000000238
49140  32.376  -46.454  -7.731 0.6999999881
49152  31.809  -47.085  -8.632 0.8000000119
50204  26.538  -44.784  -1.091 0.6000000238
50267  36.303  -45.363  -6.192 0.6000000238
50270  32.334  -45.736  -7.360 0.6999999881
51418  34.345  -44.163  -5.479 0.6000000238
51431  37.314  -44.642  -6.450 0.6000000238
51436  23.040  -45.076  -5.629 0.8999999762
51455  30.841  -44.362  -8.431 0.6999999881
52494  36.435  -44.202  -5.484 0.6000000238
52497  34.067  -43.563  -5.477 0.6000000238
52530  29.869  -43.160  -8.013 0.6999999881
53552  22.677  -42.988  -4.791 1.0000000000
53569  31.632  -42.909  -7.915 0.6999999881
53571  29.758  -42.457  -7.753 0.6999999881
53577  31.664  -42.057  -8.017 0.6999999881
54673  34.278  -42.098  -5.548 0.6000000238
54693  27.374  -41.889  -6.791 0.8000000119
54698  31.739  -40.928  -8.250 0.6000000238
54700  30.786  -41.658  -8.117 0.6999999881
55720  31.653  -40.503  -2.991 0.8000000119
56807  33.408  -38.980  -7.592 0.6000000238
56809  31.828  -39.291  -8.345 0.6000000238
56811  29.780  -39.631  -7.149 0.6999999881
57869  29.363  -38.279  -6.567 0.6000000238
57883  33.044  -38.880  -8.156 0.6000000238
57896  32.051  -38.425  -8.418 0.6000000238
59002  23.855  -37.660  -4.687 0.8999999762
59034  33.470  -37.620  -7.505 0.6000000238
59036  31.000  -37.400  -7.498 0.6000000238
59047  32.321  -37.629  -8.379 0.6000000238
60141  24.595  -36.984  -4.290 0.8000000119
60149  25.150  -36.298  -4.399 0.8000000119
60162  25.315  -36.019  -4.794 0.8000000119
60171  30.491  -36.806  -6.890 0.6000000238
60182  32.654  -36.859  -8.319 0.6000000238
60193  33.155  -36.747  -8.199 0.5000000000
61186  28.155  -34.755  -3.886 0.8000000119
62159  34.248  -34.343  1.176 0.3000000119
62253  32.998  -34.515  -8.376 0.5000000000
63255  26.304  -33.421  -5.039 0.6999999881
63273  29.279  -33.192  -6.595 0.6000000238
63276  26.330  -33.373  -5.551 0.6000000238
64396  27.242  -31.824  -5.498 0.5000000000
64408  28.397  -32.462  -6.809 0.6000000238
64411  26.290  -32.961  -5.825 0.6000000238
64417  33.322  -32.347  -7.563 0.4000000060
65525  27.613  -30.930  -7.295 0.5000000000
65526  27.256  -30.311  -7.063 0.4000000060
65533  33.329  -31.547  -8.127 0.4000000060
66504  27.546  -30.440  -6.219 0.4000000060
66530  34.305  -30.243  -8.340 0.3000000119
67565  28.911  -29.032  -5.553 0.4000000060
67590  28.042  -29.367  -7.019 0.4000000060
67601  34.438  -29.743  -8.599 0.4000000060
68593  28.524  -29.128  -6.229 0.4000000060
68604  28.526  -28.889  -6.762 0.4000000060
68614  30.338  -28.625  -7.762 0.4000000060
69666  29.958  -27.855  -7.404 0.4000000060
138837  30.961  -46.152  -8.801 0.6999999881
139568  31.449  -33.094  -7.697 0.6000000238
139794  26.941  -49.773  -2.394 0.6000000238
140314  35.301  -50.570  -7.136 0.4000000060
140636  27.276  -57.095  -4.168 0.4000000060
140772  33.336  -49.154  -7.314 0.5000000000
142329  25.737  -45.293  -1.512 0.6000000238
142646  26.857  -51.817  1.101 0.4000000060
142946  34.110  -51.516  -7.079 0.4000000060
143087  32.319  -47.123  -8.087 0.8000000119
143363  28.277  -59.736  -5.463 0.3000000119
143777  31.272  -50.853  -8.797 0.5000000000
143809  36.317  -44.764  -5.774 0.6000000238
143812  32.352  -33.834  -8.082 0.6000000238
144212  24.903  -48.533  -0.545 0.5000000000
144562  37.335  -48.127  -7.709 0.5000000000
146111  30.874  -51.859  -5.532 0.8000000119
146717  28.139  -52.269  -2.316 0.6000000238
148321  27.966  -54.044  -10.614 0.5000000000
148830  27.344  -32.614  -6.570 0.6000000238
148872  36.869  -47.933  -7.170 0.5000000000
149007  32.856  -32.145  -8.233 0.5000000000
149673  27.124  -48.747  -2.464 0.6000000238
150372  32.065  -43.984  -6.891 0.6999999881
150837  30.747  -45.269  -8.569 0.6999999881
151278  33.132  -52.217  -7.193 0.3000000119
152029  34.427  -28.639  -6.841 0.3000000119
152655  26.972  -53.025  -2.619 0.6000000238
153038  37.471  -45.201  -8.368 0.6000000238
154060  33.253  -45.097  -6.048 0.6999999881
154454  27.213  -51.893  -9.143 0.6000000238
154951  28.723  -49.378  0.855 0.6000000238
155117  28.570  -46.843  0.217 0.6999999881
155870  27.713  -29.810  -7.115 0.4000000060
156177  30.021  -48.702  -9.363 0.8000000119
156615  24.954  -48.176  -6.974 0.8999999762
157068  37.726  -44.182  -6.012 0.6000000238
157941  33.454  -36.386  -7.367 0.5000000000
160214  21.593  -46.678  -3.303 0.3000000119
160358  31.356  -53.348  -3.911 0.8000000119
160669  31.922  -41.343  -8.146 0.6999999881
160928  33.335  -36.695  -1.293 0.6000000238
161756  26.399  -32.605  -6.047 0.6000000238
162668  29.459  -38.554  -3.523 0.8000000119
162738  32.410  -48.989  -7.979 0.5000000000
162771  37.455  -45.925  -8.289 0.5000000000
163368  28.984  -52.988  -10.543 0.4000000060
163449  30.088  -36.404  -3.081 0.6999999881
163525  24.874  -37.077  -3.888 0.8999999762
163623  30.966  -54.897  -4.698 0.6000000238
163626  23.908  -40.559  -3.868 0.8999999762
163687  25.377  -55.102  -3.727 0.5000000000
163965  28.313  -32.603  -4.640 0.4000000060
164141  34.401  -48.577  -6.795 0.6000000238
164295  31.225  -39.287  -8.013 0.6000000238
164790  26.173  -34.616  -4.657 0.8000000119
165617  29.198  -47.367  2.962 0.6000000238
165629  30.577  -29.285  -7.775 0.4000000060
165642  31.154  -44.869  -8.418 0.6999999881
165659  29.000  -36.051  -3.412 0.6999999881
