#!ascii label  , from subject sub-v1s22x0050442_ses-1 vox2ras=TkReg
1295
96146  -54.135  20.810  31.410 0.0000000000
127712  -46.998  45.463  29.755 0.0000000000
102372  -45.243  31.027  35.241 0.0000000000
103545  -50.673  33.123  32.838 0.0000000000
108443  -49.175  41.911  23.605 0.0000000000
124820  -49.592  40.479  32.328 0.0000000000
106301  -51.634  37.956  28.808 0.0000000000
104124  -47.439  33.182  27.270 0.0000000000
92666  -51.339  15.046  39.969 0.0000000000
94664  -52.910  18.444  33.790 0.0000000000
112840  -42.354  51.310  30.685 0.0000000000
111994  -47.496  48.687  22.601 0.0000000000
107437  -51.733  39.332  17.687 0.0000000000
99266  -51.306  25.382  35.475 0.0000000000
106832  -44.946  38.761  32.585 0.0000000000
104072  -49.840  33.610  37.091 0.0000000000
100466  -51.933  27.403  31.653 0.0000000000
100506  -50.873  27.691  26.197 0.0000000000
99871  -45.208  26.178  29.409 0.0000000000
134032  -53.536  21.568  28.733 0.0000000000
107417  -53.141  39.945  22.703 0.0000000000
107937  -52.223  40.576  26.459 0.0000000000
106317  -52.769  37.656  25.575 0.0000000000
106852  -48.346  38.519  27.444 0.0000000000
93351  -52.035  16.446  36.859 0.0000000000
94000  -49.249  17.409  34.111 0.0000000000
111507  -39.048  47.811  27.675 0.0000000000
110001  -49.448  45.066  19.405 0.0000000000
98034  -49.143  24.248  35.381 0.0000000000
101101  -48.605  28.470  34.454 0.0000000000
109370  -43.612  43.967  28.731 0.0000000000
108856  -44.477  43.571  32.937 0.0000000000
106266  -51.128  37.480  33.454 0.0000000000
106249  -49.632  37.856  36.091 0.0000000000
104089  -52.233  33.564  35.020 0.0000000000
131073  -52.200  30.220  34.874 0.0000000000
102395  -52.348  30.785  31.509 0.0000000000
141113  -52.427  27.951  27.826 0.0000000000
103002  -51.133  31.303  29.620 0.0000000000
101153  -46.558  29.126  27.243 0.0000000000
109406  -45.979  43.307  25.280 0.0000000000
107913  -45.777  40.851  29.982 0.0000000000
108416  -49.028  41.399  27.315 0.0000000000
129681  -51.506  39.918  30.626 0.0000000000
129305  -50.281  36.648  31.634 0.0000000000
103556  -48.226  33.173  30.786 0.0000000000
105763  -47.742  36.102  30.017 0.0000000000
105223  -46.176  36.053  27.208 0.0000000000
128566  -53.734  14.871  37.127 0.0000000000
93988  -54.386  17.353  35.214 0.0000000000
122480  -54.764  20.045  33.945 0.0000000000
140216  -38.412  43.060  27.231 0.0000000000
110496  -41.641  45.828  27.670 0.0000000000
129521  -45.570  48.710  29.522 0.0000000000
111522  -47.611  47.745  25.885 0.0000000000
110548  -48.566  45.825  22.552 0.0000000000
108915  -51.742  42.786  20.649 0.0000000000
143405  -52.954  37.059  20.417 0.0000000000
104212  -52.346  33.412  18.403 0.0000000000
96829  -49.265  21.124  32.766 0.0000000000
97449  -52.671  22.057  34.369 0.0000000000
128483  -53.956  22.795  34.091 0.0000000000
104638  -45.195  34.828  33.572 0.0000000000
107837  -46.870  41.770  35.224 0.0000000000
105187  -47.813  35.888  35.085 0.0000000000
103520  -47.136  32.455  35.930 0.0000000000
101736  -51.133  29.638  36.057 0.0000000000
99838  -52.826  26.644  34.363 0.0000000000
135054  -53.454  24.142  31.157 0.0000000000
98726  -53.346  24.355  27.887 0.0000000000
98739  -52.660  24.946  26.186 0.0000000000
98724  -49.512  24.360  28.228 0.0000000000
102453  -49.709  30.404  26.502 0.0000000000
141293  -48.109  26.627  28.359 0.0000000000
98088  -46.410  23.158  28.606 0.0000000000
95346  -54.471  19.670  32.205 0.0000000000
95352  -53.746  19.714  30.552 0.0000000000
123417  -53.612  21.166  29.708 0.0000000000
106350  -53.315  37.544  22.614 0.0000000000
106893  -53.371  38.197  23.967 0.0000000000
106336  -52.458  36.978  23.868 0.0000000000
106892  -50.482  37.974  24.218 0.0000000000
102382  -46.597  30.099  34.551 0.0000000000
109900  -45.513  45.067  30.142 0.0000000000
105195  -51.088  35.720  33.586 0.0000000000
105188  -51.390  35.898  34.299 0.0000000000
145701  -51.332  33.443  33.447 0.0000000000
124831  -52.362  32.477  33.802 0.0000000000
103546  -51.470  32.329  32.420 0.0000000000
121220  -52.035  30.688  29.859 0.0000000000
103558  -50.485  31.895  30.946 0.0000000000
108902  -47.469  42.391  24.202 0.0000000000
108423  -47.156  41.552  26.392 0.0000000000
108431  -48.600  41.512  25.415 0.0000000000
107400  -52.487  39.446  28.053 0.0000000000
107927  -51.811  40.335  28.765 0.0000000000
106840  -52.025  38.915  29.665 0.0000000000
106282  -51.234  37.830  31.123 0.0000000000
106286  -50.308  37.414  30.259 0.0000000000
105764  -48.681  36.281  30.653 0.0000000000
106292  -49.883  37.494  29.524 0.0000000000
106305  -46.626  37.481  27.436 0.0000000000
93985  -52.050  16.929  35.264 0.0000000000
144835  -53.797  17.006  35.907 0.0000000000
94003  -53.675  17.765  34.942 0.0000000000
94648  -54.712  18.945  34.146 0.0000000000
94665  -53.855  19.217  34.189 0.0000000000
111929  -40.200  50.099  30.012 0.0000000000
111508  -40.573  47.408  28.180 0.0000000000
111942  -42.258  49.089  29.795 0.0000000000
111499  -43.173  47.797  28.849 0.0000000000
112382  -44.285  50.966  30.639 0.0000000000
112440  -46.351  49.883  24.375 0.0000000000
112418  -46.640  50.046  26.846 0.0000000000
111980  -47.699  48.782  24.351 0.0000000000
111048  -48.141  46.992  24.505 0.0000000000
111527  -48.313  47.883  21.913 0.0000000000
108937  -50.937  42.942  18.556 0.0000000000
130586  -51.179  44.450  19.301 0.0000000000
108475  -52.139  41.560  18.578 0.0000000000
107951  -52.515  40.646  20.205 0.0000000000
106933  -52.537  37.953  18.684 0.0000000000
105303  -52.670  35.322  18.997 0.0000000000
132971  -52.102  37.028  17.778 0.0000000000
98041  -45.735  23.478  34.766 0.0000000000
97442  -45.634  22.293  33.640 0.0000000000
97443  -46.638  22.283  33.577 0.0000000000
96134  -48.607  20.377  32.561 0.0000000000
97445  -48.555  22.475  33.756 0.0000000000
99265  -50.502  25.262  35.494 0.0000000000
98046  -50.643  23.468  35.228 0.0000000000
98047  -52.014  23.412  35.377 0.0000000000
97437  -53.376  22.859  34.887 0.0000000000
98038  -53.056  24.047  35.358 0.0000000000
106275  -43.602  37.992  31.960 0.0000000000
105205  -44.276  35.762  32.603 0.0000000000
105752  -45.216  36.799  32.623 0.0000000000
107901  -47.339  40.529  31.021 0.0000000000
107874  -46.285  41.752  33.446 0.0000000000
107858  -48.442  41.066  34.484 0.0000000000
105176  -49.788  35.619  37.174 0.0000000000
105732  -48.539  37.308  35.491 0.0000000000
104624  -48.488  35.158  36.569 0.0000000000
104079  -47.464  33.875  36.267 0.0000000000
136105  -48.748  32.755  36.427 0.0000000000
126021  -48.929  30.614  35.278 0.0000000000
102964  -50.473  31.230  36.286 0.0000000000
101110  -51.684  29.002  32.759 0.0000000000
101108  -52.486  28.005  34.746 0.0000000000
100457  -52.137  27.387  32.800 0.0000000000
99288  -53.263  25.138  32.240 0.0000000000
99287  -52.785  25.798  31.522 0.0000000000
138797  -53.225  24.684  30.346 0.0000000000
136357  -52.526  25.958  29.841 0.0000000000
100507  -52.241  27.966  26.272 0.0000000000
99894  -52.750  26.370  26.021 0.0000000000
99333  -52.109  26.414  25.815 0.0000000000
98725  -50.600  24.240  27.466 0.0000000000
99327  -50.389  26.048  27.224 0.0000000000
140797  -47.764  32.764  29.168 0.0000000000
103000  -49.153  31.732  28.777 0.0000000000
103593  -48.403  32.255  27.384 0.0000000000
101146  -46.549  28.247  27.984 0.0000000000
122992  -47.338  28.520  27.361 0.0000000000
99877  -46.710  26.512  28.955 0.0000000000
99311  -47.272  25.213  28.930 0.0000000000
98710  -46.157  24.487  29.137 0.0000000000
98087  -45.381  23.150  28.372 0.0000000000
142467  -54.009  16.591  32.244 0.0000000000
96870  -53.540  21.849  26.715 0.0000000000
108445  -52.034  41.581  23.032 0.0000000000
121796  -51.281  41.261  25.259 0.0000000000
107939  -52.673  40.270  24.898 0.0000000000
107406  -53.124  38.825  26.341 0.0000000000
132925  -52.000  37.677  26.831 0.0000000000
106845  -49.935  37.978  28.202 0.0000000000
106870  -50.858  38.054  25.760 0.0000000000
123508  -51.536  15.822  38.173 0.0000000000
92706  -50.624  16.159  36.978 0.0000000000
94014  -50.627  17.705  33.640 0.0000000000
135384  -39.790  50.638  29.659 0.0000000000
111078  -48.246  46.935  21.269 0.0000000000
107958  -49.738  40.538  18.359 0.0000000000
135727  -51.012  37.904  17.638 0.0000000000
98033  -48.068  24.139  35.323 0.0000000000
99833  -48.441  26.835  34.653 0.0000000000
99822  -50.276  26.678  35.142 0.0000000000
126933  -44.810  42.551  34.558 0.0000000000
107368  -50.190  39.525  33.680 0.0000000000
107352  -49.480  39.877  35.127 0.0000000000
128448  -50.380  38.039  35.384 0.0000000000
105182  -50.882  35.745  36.045 0.0000000000
104074  -51.359  33.540  36.467 0.0000000000
102949  -51.589  31.379  36.224 0.0000000000
102966  -52.306  32.175  35.340 0.0000000000
102392  -52.365  30.741  32.594 0.0000000000
101114  -51.707  29.140  31.601 0.0000000000
100493  -52.173  27.445  29.561 0.0000000000
124193  -52.151  29.483  29.692 0.0000000000
101787  -52.066  29.524  27.968 0.0000000000
101795  -51.629  29.621  27.248 0.0000000000
103032  -47.834  31.704  25.769 0.0000000000
103517  -43.919  32.155  35.569 0.0000000000
109935  -45.704  44.337  26.963 0.0000000000
123284  -45.382  42.331  28.542 0.0000000000
108421  -45.710  42.144  26.965 0.0000000000
108401  -47.171  40.995  28.039 0.0000000000
107916  -49.111  40.918  29.822 0.0000000000
108425  -50.380  41.391  26.974 0.0000000000
108389  -50.820  41.210  29.161 0.0000000000
107386  -50.473  40.062  31.962 0.0000000000
106836  -51.206  38.853  31.952 0.0000000000
105754  -51.107  37.176  32.643 0.0000000000
128182  -49.878  34.915  32.644 0.0000000000
103551  -49.130  33.048  31.787 0.0000000000
104654  -48.603  34.360  31.611 0.0000000000
139952  -47.680  34.336  30.516 0.0000000000
104660  -47.102  34.963  29.289 0.0000000000
106299  -48.345  37.688  28.753 0.0000000000
105773  -46.915  36.472  28.596 0.0000000000
93344  -53.452  16.190  37.187 0.0000000000
93354  -54.278  16.396  35.996 0.0000000000
92729  -54.318  16.225  34.048 0.0000000000
94016  -54.543  17.857  33.456 0.0000000000
125361  -54.785  19.200  33.560 0.0000000000
96139  -54.649  20.425  33.485 0.0000000000
138820  -39.971  42.207  27.498 0.0000000000
130779  -40.470  44.991  27.304 0.0000000000
126722  -41.631  43.669  27.562 0.0000000000
136482  -42.684  44.515  27.724 0.0000000000
111021  -44.909  46.176  28.689 0.0000000000
111023  -47.138  46.534  29.546 0.0000000000
112850  -44.330  51.121  29.129 0.0000000000
112392  -46.310  50.158  29.260 0.0000000000
111509  -47.321  48.186  28.916 0.0000000000
111042  -47.279  46.550  27.803 0.0000000000
110518  -46.989  46.004  25.725 0.0000000000
109952  -47.204  45.011  23.931 0.0000000000
109423  -48.400  43.752  22.466 0.0000000000
110567  -49.504  45.996  20.681 0.0000000000
109427  -50.318  44.403  21.209 0.0000000000
108911  -51.025  43.009  21.892 0.0000000000
108452  -52.609  41.428  21.706 0.0000000000
107420  -52.927  39.158  21.358 0.0000000000
105284  -52.946  35.031  20.529 0.0000000000
138513  -52.267  32.986  19.461 0.0000000000
104757  -51.500  34.911  17.020 0.0000000000
94671  -49.682  18.856  32.681 0.0000000000
95335  -50.754  19.689  32.638 0.0000000000
97433  -49.078  23.035  34.438 0.0000000000
96816  -50.904  21.666  33.490 0.0000000000
96124  -52.251  20.725  33.366 0.0000000000
96818  -53.383  21.458  34.154 0.0000000000
96820  -54.320  21.123  34.024 0.0000000000
96831  -54.332  21.862  32.985 0.0000000000
104077  -45.037  32.945  35.423 0.0000000000
108375  -45.425  41.414  31.301 0.0000000000
108348  -45.520  42.684  33.847 0.0000000000
131114  -45.727  40.947  34.467 0.0000000000
106808  -48.677  39.492  35.402 0.0000000000
107366  -47.426  39.617  34.475 0.0000000000
106265  -46.627  37.987  33.415 0.0000000000
104639  -46.367  35.592  33.704 0.0000000000
104088  -46.213  33.680  35.329 0.0000000000
102960  -46.647  31.665  35.435 0.0000000000
102375  -48.083  30.770  34.955 0.0000000000
101745  -49.199  29.203  34.757 0.0000000000
100438  -51.154  27.544  35.657 0.0000000000
142833  -51.952  30.040  35.995 0.0000000000
101091  -52.212  27.812  35.799 0.0000000000
99824  -52.556  26.509  35.375 0.0000000000
99273  -53.240  25.023  34.442 0.0000000000
98065  -53.557  23.551  32.241 0.0000000000
97463  -53.702  22.542  32.022 0.0000000000
126809  -53.489  23.007  29.989 0.0000000000
144343  -53.496  22.765  28.188 0.0000000000
125872  -53.449  23.256  26.920 0.0000000000
99880  -52.618  26.546  27.995 0.0000000000
98740  -52.974  25.103  26.257 0.0000000000
98115  -53.046  23.274  26.423 0.0000000000
98104  -51.544  23.600  26.890 0.0000000000
98103  -49.611  22.886  28.119 0.0000000000
103570  -49.302  31.902  29.840 0.0000000000
103014  -50.294  31.013  27.765 0.0000000000
101802  -50.573  29.290  26.376 0.0000000000
101799  -47.798  29.947  26.090 0.0000000000
101155  -48.834  28.445  26.801 0.0000000000
133021  -49.846  27.377  26.933 0.0000000000
134716  -49.028  25.196  28.323 0.0000000000
134331  -48.139  23.775  28.725 0.0000000000
95345  -54.219  20.013  31.403 0.0000000000
140300  -53.908  20.350  30.732 0.0000000000
96153  -53.791  20.816  30.457 0.0000000000
105810  -53.045  36.321  22.476 0.0000000000
106337  -53.067  36.954  23.607 0.0000000000
122090  -51.815  36.828  23.027 0.0000000000
101743  -46.088  29.284  34.402 0.0000000000
102381  -45.665  30.182  34.651 0.0000000000
110475  -46.251  44.937  30.425 0.0000000000
109888  -45.817  44.617  30.443 0.0000000000
109901  -46.087  44.558  30.320 0.0000000000
104640  -50.710  34.687  33.309 0.0000000000
129101  -51.456  34.113  33.792 0.0000000000
104098  -50.757  33.816  33.236 0.0000000000
103541  -51.684  32.823  33.318 0.0000000000
103552  -50.902  32.145  31.647 0.0000000000
138631  -50.417  32.629  32.213 0.0000000000
108442  -48.224  42.308  23.651 0.0000000000
108436  -48.366  41.799  24.353 0.0000000000
108437  -49.374  41.573  24.557 0.0000000000
106847  -52.306  38.410  28.528 0.0000000000
106841  -52.340  38.985  28.980 0.0000000000
106846  -52.079  38.446  29.111 0.0000000000
106294  -51.601  38.221  29.653 0.0000000000
106293  -50.890  37.765  29.575 0.0000000000
121324  -50.544  37.746  28.825 0.0000000000
92667  -52.332  15.179  39.756 0.0000000000
94015  -52.712  17.844  34.136 0.0000000000
123118  -52.623  17.394  34.719 0.0000000000
94646  -53.847  18.432  34.514 0.0000000000
112378  -40.719  50.851  30.348 0.0000000000
111941  -41.121  48.963  29.518 0.0000000000
111931  -41.995  50.455  30.715 0.0000000000
111932  -43.239  49.992  30.525 0.0000000000
112373  -42.889  51.257  31.073 0.0000000000
111993  -46.622  48.927  22.639 0.0000000000
141698  -45.815  50.055  23.425 0.0000000000
111981  -47.201  49.349  23.048 0.0000000000
112441  -47.186  49.474  23.891 0.0000000000
139767  -47.674  49.027  23.485 0.0000000000
120624  -48.060  48.405  23.648 0.0000000000
111538  -48.053  48.254  22.057 0.0000000000
107959  -50.864  41.047  18.105 0.0000000000
108938  -51.291  42.683  18.594 0.0000000000
107960  -52.193  40.780  18.115 0.0000000000
126115  -52.383  40.116  18.504 0.0000000000
107438  -52.137  39.187  17.809 0.0000000000
106405  -52.246  37.863  17.920 0.0000000000
106942  -52.013  38.583  17.681 0.0000000000
98665  -45.722  24.604  35.640 0.0000000000
98042  -46.649  23.527  34.806 0.0000000000
97430  -46.163  22.910  34.180 0.0000000000
97431  -47.139  22.945  34.277 0.0000000000
97444  -47.636  22.439  33.696 0.0000000000
98670  -50.837  24.615  35.558 0.0000000000
98671  -51.777  24.649  35.447 0.0000000000
98037  -52.418  23.978  35.581 0.0000000000
98672  -52.546  24.774  35.211 0.0000000000
107379  -44.517  39.771  32.958 0.0000000000
106831  -44.044  38.801  32.380 0.0000000000
134740  -44.526  37.087  32.325 0.0000000000
106277  -45.158  37.740  32.551 0.0000000000
120742  -48.421  40.589  31.736 0.0000000000
121546  -48.198  40.728  32.685 0.0000000000
107877  -49.222  40.643  33.436 0.0000000000
104610  -49.741  34.900  37.399 0.0000000000
105175  -49.117  35.549  37.078 0.0000000000
104065  -49.375  34.335  37.353 0.0000000000
104071  -48.829  33.585  36.960 0.0000000000
103511  -49.578  32.829  36.670 0.0000000000
102946  -49.262  31.969  36.160 0.0000000000
102947  -50.266  32.044  36.513 0.0000000000
100456  -51.677  28.220  32.195 0.0000000000
99851  -52.473  26.552  32.314 0.0000000000
99859  -52.294  26.643  31.139 0.0000000000
140978  -52.529  26.094  30.649 0.0000000000
99874  -52.258  26.683  30.176 0.0000000000
100512  -51.827  27.726  25.960 0.0000000000
99893  -52.368  26.964  25.900 0.0000000000
99892  -51.642  27.031  25.927 0.0000000000
99328  -51.336  26.225  26.255 0.0000000000
99886  -50.647  26.865  26.559 0.0000000000
103585  -47.728  32.842  28.073 0.0000000000
103592  -47.815  32.640  26.918 0.0000000000
100491  -45.740  26.930  29.118 0.0000000000
100498  -46.578  27.382  28.561 0.0000000000
99872  -46.116  26.000  29.302 0.0000000000
99873  -46.846  25.815  29.120 0.0000000000
99309  -45.556  25.202  29.343 0.0000000000
98709  -45.466  24.375  29.175 0.0000000000
94018  -54.169  17.336  32.296 0.0000000000
96858  -53.544  21.201  27.773 0.0000000000
121605  -53.559  21.911  27.775 0.0000000000
107943  -52.864  40.614  23.055 0.0000000000
108440  -52.238  40.817  24.292 0.0000000000
107941  -52.704  40.414  23.938 0.0000000000
106325  -53.026  37.553  24.843 0.0000000000
106873  -53.284  38.346  25.552 0.0000000000
106872  -53.105  38.074  26.040 0.0000000000
106863  -52.835  38.334  26.826 0.0000000000
106311  -52.007  37.631  26.095 0.0000000000
145686  -51.333  37.827  26.494 0.0000000000
125609  -49.829  38.456  24.983 0.0000000000
92705  -49.751  16.009  36.845 0.0000000000
94001  -50.484  17.265  34.411 0.0000000000
94013  -49.915  17.480  33.943 0.0000000000
120625  -39.339  50.391  29.384 0.0000000000
108471  -48.927  41.661  18.672 0.0000000000
107431  -49.495  39.464  18.365 0.0000000000
127950  -48.711  40.144  18.564 0.0000000000
100448  -47.900  27.711  34.398 0.0000000000
100449  -49.011  27.665  34.539 0.0000000000
99834  -49.378  27.010  34.715 0.0000000000
108884  -43.019  43.113  28.814 0.0000000000
108847  -44.324  43.422  33.991 0.0000000000
106821  -50.892  38.276  33.421 0.0000000000
106820  -50.527  38.823  34.125 0.0000000000
106259  -50.788  37.973  34.450 0.0000000000
104631  -51.612  35.027  34.798 0.0000000000
105183  -51.333  35.796  35.188 0.0000000000
104626  -51.333  35.033  35.601 0.0000000000
104625  -50.794  35.027  36.412 0.0000000000
104080  -51.973  33.594  35.855 0.0000000000
103522  -51.855  32.914  36.301 0.0000000000
103533  -52.374  32.769  34.686 0.0000000000
102393  -52.439  31.509  32.664 0.0000000000
102976  -52.535  31.784  33.504 0.0000000000
126469  -51.967  29.941  32.097 0.0000000000
101753  -52.078  30.098  31.021 0.0000000000
101128  -51.932  29.306  30.548 0.0000000000
102422  -51.728  30.794  29.276 0.0000000000
101779  -52.123  30.133  29.106 0.0000000000
102430  -51.651  30.322  28.190 0.0000000000
126977  -45.635  43.793  25.977 0.0000000000
109398  -45.448  43.419  26.825 0.0000000000
108898  -45.619  42.910  26.032 0.0000000000
121805  -48.024  41.505  26.879 0.0000000000
108415  -47.130  41.368  27.223 0.0000000000
127445  -48.169  41.282  27.661 0.0000000000
139328  -48.302  40.803  29.204 0.0000000000
108387  -49.336  41.184  29.057 0.0000000000
120463  -51.626  41.110  26.259 0.0000000000
120741  -50.639  41.407  26.022 0.0000000000
108427  -51.857  40.852  27.192 0.0000000000
107918  -51.763  40.246  29.305 0.0000000000
108405  -51.378  40.744  28.916 0.0000000000
107917  -51.251  40.884  29.541 0.0000000000
107903  -51.045  41.056  30.247 0.0000000000
107893  -51.040  40.609  31.016 0.0000000000
107387  -51.100  39.711  31.508 0.0000000000
106838  -51.442  39.107  31.030 0.0000000000
105766  -50.688  37.319  30.995 0.0000000000
105761  -51.194  37.727  31.870 0.0000000000
137762  -50.702  36.672  32.286 0.0000000000
105207  -50.067  35.881  32.328 0.0000000000
104655  -49.228  35.166  31.994 0.0000000000
105210  -49.415  36.009  31.491 0.0000000000
105770  -48.274  36.848  29.893 0.0000000000
105213  -48.082  35.526  30.600 0.0000000000
105212  -47.531  35.098  30.166 0.0000000000
120501  -47.404  34.276  29.897 0.0000000000
106853  -49.275  38.343  27.650 0.0000000000
106844  -48.814  38.120  28.217 0.0000000000
106843  -47.949  38.150  28.135 0.0000000000
105775  -46.195  36.858  27.270 0.0000000000
106297  -47.017  37.200  28.246 0.0000000000
93342  -51.605  16.214  37.385 0.0000000000
92693  -52.359  16.050  38.032 0.0000000000
93343  -52.669  16.295  37.465 0.0000000000
93987  -54.137  17.381  35.411 0.0000000000
93353  -53.971  16.302  36.459 0.0000000000
93369  -54.415  16.709  35.468 0.0000000000
92720  -54.400  15.872  35.559 0.0000000000
93383  -54.599  16.979  34.852 0.0000000000
93387  -54.528  17.223  34.024 0.0000000000
94004  -54.498  17.663  34.735 0.0000000000
95317  -54.650  19.467  34.119 0.0000000000
94666  -54.838  18.826  33.916 0.0000000000
95326  -54.845  19.521  33.979 0.0000000000
95338  -54.766  19.779  33.368 0.0000000000
125065  -54.789  20.028  33.907 0.0000000000
109383  -37.477  43.160  27.304 0.0000000000
108889  -37.764  42.331  27.495 0.0000000000
108890  -38.583  42.031  27.483 0.0000000000
145272  -38.646  41.314  27.755 0.0000000000
108891  -39.305  42.554  27.347 0.0000000000
111041  -38.317  47.067  26.930 0.0000000000
111027  -39.086  46.496  27.167 0.0000000000
111029  -41.401  46.689  28.000 0.0000000000
110495  -40.723  46.076  27.609 0.0000000000
109917  -41.058  44.269  27.406 0.0000000000
130493  -41.367  45.118  27.506 0.0000000000
109918  -41.937  44.430  27.551 0.0000000000
139493  -42.436  45.223  27.672 0.0000000000
111500  -44.615  47.887  28.912 0.0000000000
129277  -44.000  46.835  28.405 0.0000000000
132768  -45.196  46.952  28.695 0.0000000000
111022  -46.350  46.211  29.592 0.0000000000
111501  -46.328  47.642  29.167 0.0000000000
112851  -45.177  51.162  28.875 0.0000000000
112404  -45.929  51.055  28.230 0.0000000000
111969  -47.404  48.240  26.680 0.0000000000
111953  -47.216  48.992  27.716 0.0000000000
111510  -47.478  47.990  27.860 0.0000000000
111031  -47.436  47.303  28.460 0.0000000000
111043  -47.440  47.297  26.970 0.0000000000
110512  -46.859  45.924  26.957 0.0000000000
111045  -47.262  46.541  26.590 0.0000000000
110530  -48.404  46.410  22.981 0.0000000000
110524  -47.898  46.060  24.015 0.0000000000
130442  -47.946  45.388  23.229 0.0000000000
109422  -47.722  43.809  22.880 0.0000000000
109969  -48.309  44.711  22.597 0.0000000000
110573  -48.719  45.846  20.245 0.0000000000
111090  -48.816  46.521  20.730 0.0000000000
110574  -49.349  45.992  20.313 0.0000000000
145025  -51.444  43.908  19.341 0.0000000000
109439  -50.886  44.558  20.211 0.0000000000
109428  -50.933  43.755  21.155 0.0000000000
109425  -50.282  43.490  21.884 0.0000000000
108914  -51.405  43.176  21.160 0.0000000000
122630  -52.210  41.936  22.168 0.0000000000
108451  -52.276  42.127  21.187 0.0000000000
139347  -52.788  38.194  19.840 0.0000000000
142413  -52.708  40.031  21.044 0.0000000000
134380  -52.883  38.458  20.859 0.0000000000
106367  -53.032  37.470  21.044 0.0000000000
120617  -53.244  36.352  21.296 0.0000000000
122768  -53.066  36.216  20.317 0.0000000000
104750  -52.675  34.388  19.139 0.0000000000
104743  -52.550  33.912  19.674 0.0000000000
104205  -52.512  33.057  19.161 0.0000000000
103658  -52.208  32.435  19.362 0.0000000000
103667  -52.478  32.553  18.917 0.0000000000
105865  -51.400  36.282  17.342 0.0000000000
128700  -47.555  19.429  32.603 0.0000000000
95333  -49.162  19.566  32.573 0.0000000000
96135  -49.620  20.385  32.614 0.0000000000
95334  -50.013  19.623  32.590 0.0000000000
96136  -50.518  20.327  32.692 0.0000000000
98668  -48.408  24.833  35.401 0.0000000000
98044  -48.608  23.602  34.959 0.0000000000
98045  -49.630  23.554  35.070 0.0000000000
97435  -51.258  22.932  34.869 0.0000000000
97447  -50.547  22.373  34.003 0.0000000000
97448  -51.658  22.240  34.171 0.0000000000
96123  -51.197  20.914  33.104 0.0000000000
96817  -51.993  21.523  33.681 0.0000000000
96125  -53.423  20.485  33.786 0.0000000000
140447  -53.678  22.948  34.564 0.0000000000
97450  -53.831  22.425  34.396 0.0000000000
97451  -54.242  21.941  33.965 0.0000000000
97456  -53.972  22.682  33.257 0.0000000000
105193  -44.736  35.230  33.094 0.0000000000
104086  -44.584  33.573  34.525 0.0000000000
120973  -45.314  41.904  29.434 0.0000000000
107899  -45.583  40.975  30.871 0.0000000000
108349  -46.799  42.182  34.805 0.0000000000
108335  -46.283  42.278  35.105 0.0000000000
107855  -45.900  42.161  35.024 0.0000000000
107856  -46.506  41.359  34.953 0.0000000000
106809  -49.678  39.172  35.332 0.0000000000
107828  -48.974  40.148  35.331 0.0000000000
106793  -49.169  38.834  35.729 0.0000000000
138362  -48.416  36.363  35.599 0.0000000000
106258  -47.885  37.705  34.556 0.0000000000
106819  -47.362  38.455  33.974 0.0000000000
105740  -47.223  36.804  34.070 0.0000000000
105739  -46.690  36.272  33.663 0.0000000000
105186  -47.186  35.862  34.330 0.0000000000
103509  -47.275  33.208  36.244 0.0000000000
133608  -46.686  33.401  35.854 0.0000000000
103519  -46.378  32.831  35.920 0.0000000000
145951  -46.233  32.287  35.729 0.0000000000
102374  -47.117  30.894  34.857 0.0000000000
102961  -47.612  31.550  35.478 0.0000000000
102376  -49.790  29.986  35.442 0.0000000000
101088  -50.380  29.045  35.478 0.0000000000
101103  -50.885  28.241  35.677 0.0000000000
129602  -51.821  28.105  36.037 0.0000000000
102385  -52.114  30.471  35.545 0.0000000000
102378  -51.918  30.804  36.020 0.0000000000
101746  -52.129  29.534  35.757 0.0000000000
100454  -52.482  27.371  34.010 0.0000000000
101105  -52.453  27.900  35.507 0.0000000000
100451  -52.797  27.286  35.039 0.0000000000
100440  -52.552  27.255  35.402 0.0000000000
99835  -52.951  26.463  35.089 0.0000000000
136104  -53.050  25.635  34.875 0.0000000000
99272  -53.060  25.861  34.398 0.0000000000
98693  -53.420  24.453  31.935 0.0000000000
98685  -53.461  24.390  32.858 0.0000000000
133836  -53.494  23.228  31.080 0.0000000000
97469  -53.496  22.310  30.881 0.0000000000
98712  -53.284  24.482  29.275 0.0000000000
98080  -53.417  23.643  29.062 0.0000000000
98093  -53.453  23.345  27.868 0.0000000000
98105  -53.400  23.966  26.935 0.0000000000
135596  -52.402  27.332  28.479 0.0000000000
136407  -52.386  26.605  29.193 0.0000000000
122974  -52.790  25.562  25.989 0.0000000000
98734  -53.010  25.615  26.399 0.0000000000
131557  -53.027  24.306  26.440 0.0000000000
98114  -52.481  24.025  26.455 0.0000000000
136598  -52.369  23.206  26.527 0.0000000000
137043  -49.834  23.602  28.086 0.0000000000
98092  -50.528  23.129  27.646 0.0000000000
97487  -48.875  22.763  28.371 0.0000000000
98091  -48.949  23.510  28.490 0.0000000000
103550  -48.877  32.742  31.219 0.0000000000
103557  -49.507  32.161  30.737 0.0000000000
134700  -48.644  32.489  30.397 0.0000000000
103023  -49.711  30.990  27.034 0.0000000000
103013  -49.525  31.440  27.759 0.0000000000
102454  -50.280  29.935  26.513 0.0000000000
101801  -49.572  29.655  26.295 0.0000000000
142681  -47.065  30.221  26.123 0.0000000000
101793  -47.486  29.220  26.693 0.0000000000
100499  -48.127  27.335  27.967 0.0000000000
100504  -48.097  28.086  27.392 0.0000000000
100505  -48.926  27.728  27.284 0.0000000000
99884  -48.940  26.802  27.783 0.0000000000
99878  -48.536  25.986  28.386 0.0000000000
98711  -46.932  24.501  28.939 0.0000000000
98722  -47.713  24.465  28.775 0.0000000000
98089  -47.391  23.702  28.780 0.0000000000
135896  -47.254  22.999  28.682 0.0000000000
136116  -54.560  19.075  32.561 0.0000000000
94682  -54.032  19.104  31.384 0.0000000000
95358  -53.488  19.484  29.626 0.0000000000
106907  -53.371  38.152  23.132 0.0000000000
107415  -53.303  39.160  23.997 0.0000000000
106338  -53.275  37.355  23.413 0.0000000000
106326  -53.148  37.404  24.184 0.0000000000
106324  -52.545  37.341  24.730 0.0000000000
106871  -51.835  37.539  25.287 0.0000000000
106880  -51.627  37.428  24.479 0.0000000000
132340  -47.066  29.122  34.327 0.0000000000
109887  -45.506  44.699  30.437 0.0000000000
143162  -45.010  43.714  31.330 0.0000000000
129420  -51.200  36.610  33.623 0.0000000000
105741  -51.283  36.524  34.202 0.0000000000
104641  -51.476  34.974  34.058 0.0000000000
123490  -51.832  34.215  34.510 0.0000000000
104099  -52.023  33.350  34.102 0.0000000000
103547  -52.304  32.165  32.905 0.0000000000
102979  -52.141  31.706  32.100 0.0000000000
102405  -52.209  30.830  30.595 0.0000000000
103553  -51.710  31.806  31.645 0.0000000000
102981  -51.476  31.639  30.991 0.0000000000
102985  -51.144  31.528  30.374 0.0000000000
108901  -46.587  42.867  24.596 0.0000000000
108899  -46.180  42.506  25.509 0.0000000000
108435  -46.899  42.046  25.074 0.0000000000
138630  -47.946  41.498  26.125 0.0000000000
108424  -48.810  41.474  26.474 0.0000000000
107933  -52.428  39.971  27.638 0.0000000000
107932  -51.915  40.571  27.934 0.0000000000
107928  -52.129  40.164  28.312 0.0000000000
131016  -52.113  39.517  29.299 0.0000000000
107393  -51.860  39.758  29.868 0.0000000000
145932  -51.729  39.247  30.304 0.0000000000
106288  -51.548  38.482  30.473 0.0000000000
106287  -51.137  37.804  30.335 0.0000000000
105765  -49.806  36.800  30.890 0.0000000000
106285  -49.263  37.102  30.198 0.0000000000
135186  -47.598  38.338  27.505 0.0000000000
92680  -53.400  15.386  38.304 0.0000000000
93366  -51.996  16.630  36.163 0.0000000000
93352  -52.831  16.528  36.723 0.0000000000
93367  -52.929  16.777  35.973 0.0000000000
93986  -53.268  17.183  35.394 0.0000000000
139024  -54.408  18.087  34.634 0.0000000000
94647  -54.426  18.874  34.309 0.0000000000
109396  -37.825  43.783  26.936 0.0000000000
111495  -39.727  48.357  28.429 0.0000000000
111028  -39.862  46.965  27.653 0.0000000000
111496  -40.332  48.762  29.074 0.0000000000
111497  -41.239  47.768  28.591 0.0000000000
111498  -42.055  47.879  28.828 0.0000000000
111020  -42.791  46.868  28.306 0.0000000000
140614  -43.529  48.700  29.613 0.0000000000
129683  -45.565  49.687  30.071 0.0000000000
125563  -45.730  50.303  23.869 0.0000000000
112417  -45.931  50.606  26.421 0.0000000000
112430  -46.206  49.921  25.548 0.0000000000
111968  -46.950  49.082  26.180 0.0000000000
111977  -47.514  48.469  25.452 0.0000000000
111046  -47.671  46.958  25.638 0.0000000000
111524  -48.036  47.850  24.783 0.0000000000
111050  -48.382  47.131  23.440 0.0000000000
110531  -48.693  46.634  22.041 0.0000000000
108927  -50.245  44.105  18.708 0.0000000000
110002  -50.232  45.219  19.301 0.0000000000
109456  -50.924  43.806  18.644 0.0000000000
108928  -51.512  42.931  18.857 0.0000000000
108462  -52.017  42.321  19.038 0.0000000000
108463  -52.364  41.594  19.495 0.0000000000
107961  -52.460  40.911  18.884 0.0000000000
107424  -52.528  39.329  19.184 0.0000000000
106373  -52.748  37.131  19.497 0.0000000000
106389  -52.466  37.090  18.460 0.0000000000
105849  -52.368  36.281  18.217 0.0000000000
132885  -52.244  35.610  17.881 0.0000000000
99260  -45.218  25.069  35.907 0.0000000000
98030  -45.356  23.956  35.444 0.0000000000
96133  -47.719  20.668  32.585 0.0000000000
96827  -47.497  21.342  32.831 0.0000000000
96813  -48.059  21.865  33.221 0.0000000000
96814  -48.940  21.818  33.248 0.0000000000
98669  -49.922  24.774  35.518 0.0000000000
98035  -50.251  24.048  35.514 0.0000000000
144342  -51.314  23.426  35.316 0.0000000000
97436  -52.562  22.748  34.945 0.0000000000
98048  -52.920  23.462  35.359 0.0000000000
98049  -53.390  23.457  34.997 0.0000000000
105751  -43.853  36.508  32.243 0.0000000000
138618  -44.583  36.420  32.490 0.0000000000
105206  -45.079  35.981  32.759 0.0000000000
107914  -46.664  40.608  29.992 0.0000000000
107900  -46.038  40.669  30.946 0.0000000000
107888  -46.494  40.778  32.033 0.0000000000
107875  -47.378  41.264  33.390 0.0000000000
107857  -47.547  41.545  34.632 0.0000000000
106241  -49.930  37.165  36.446 0.0000000000
139554  -49.125  37.819  36.047 0.0000000000
105715  -49.528  36.478  36.712 0.0000000000
105181  -48.819  36.045  36.458 0.0000000000
105180  -48.163  35.530  35.741 0.0000000000
104630  -47.412  35.188  35.136 0.0000000000
104623  -47.747  34.711  36.000 0.0000000000
104070  -48.046  33.734  36.777 0.0000000000
103510  -47.932  33.036  36.524 0.0000000000
102962  -48.611  31.353  35.575 0.0000000000
103521  -48.160  32.193  36.072 0.0000000000
102963  -49.661  31.024  35.826 0.0000000000
125133  -50.682  30.446  36.106 0.0000000000
101749  -52.170  29.609  34.630 0.0000000000
101107  -52.032  28.870  34.064 0.0000000000
99842  -52.529  26.804  33.353 0.0000000000
99278  -52.789  26.125  33.391 0.0000000000
129759  -52.881  25.775  32.561 0.0000000000
99296  -53.225  24.964  31.285 0.0000000000
99295  -52.845  25.444  30.544 0.0000000000
99313  -52.954  25.252  29.564 0.0000000000
99324  -53.161  25.140  28.378 0.0000000000
101158  -52.385  28.038  26.879 0.0000000000
100500  -52.596  27.315  27.214 0.0000000000
100508  -52.521  27.284  26.183 0.0000000000
99334  -52.612  26.129  25.901 0.0000000000
99329  -52.109  25.611  25.981 0.0000000000
98733  -51.758  24.634  26.482 0.0000000000
99322  -51.033  25.306  26.737 0.0000000000
99321  -50.009  25.196  27.757 0.0000000000
103555  -47.896  32.878  30.038 0.0000000000
103569  -48.452  32.316  29.483 0.0000000000
103586  -48.351  32.287  28.497 0.0000000000
103012  -48.877  31.847  27.880 0.0000000000
103034  -49.206  30.920  26.413 0.0000000000
101147  -47.341  27.757  28.006 0.0000000000
128188  -47.411  26.955  28.510 0.0000000000
129996  -47.573  26.057  28.775 0.0000000000
99310  -46.490  25.218  29.181 0.0000000000
98079  -46.611  23.847  28.869 0.0000000000
98078  -45.830  23.776  28.913 0.0000000000
98077  -44.989  23.838  28.938 0.0000000000
93389  -53.905  15.949  32.362 0.0000000000
108444  -51.244  41.556  23.599 0.0000000000
121001  -50.187  41.549  23.960 0.0000000000
108439  -51.666  41.159  24.443 0.0000000000
108433  -52.079  40.819  25.370 0.0000000000
107938  -52.645  40.106  25.848 0.0000000000
107411  -53.095  39.694  24.435 0.0000000000
130955  -53.150  39.355  25.458 0.0000000000
107936  -52.661  39.788  26.729 0.0000000000
107403  -52.770  39.115  27.265 0.0000000000
106855  -52.578  38.535  27.784 0.0000000000
106302  -52.117  37.925  27.981 0.0000000000
121650  -51.184  37.768  28.008 0.0000000000
106306  -51.204  37.813  27.157 0.0000000000
106862  -50.387  38.268  26.611 0.0000000000
106861  -49.218  38.639  26.856 0.0000000000
142262  -50.941  37.853  24.955 0.0000000000
106869  -49.586  38.609  25.942 0.0000000000
92678  -51.425  15.458  39.014 0.0000000000
122334  -50.494  15.580  38.187 0.0000000000
92692  -50.885  15.915  37.611 0.0000000000
93350  -51.220  16.430  36.533 0.0000000000
132757  -50.201  16.429  36.141 0.0000000000
93382  -51.076  16.694  35.710 0.0000000000
137114  -51.038  16.975  34.959 0.0000000000
94002  -51.582  17.421  34.282 0.0000000000
94663  -51.728  18.160  33.465 0.0000000000
111950  -38.522  48.765  28.069 0.0000000000
111940  -39.422  49.880  29.479 0.0000000000
112388  -39.945  50.667  29.860 0.0000000000
112389  -40.498  50.886  30.202 0.0000000000
111543  -47.902  47.805  21.610 0.0000000000
109450  -49.175  44.078  19.113 0.0000000000
108926  -49.383  43.226  18.818 0.0000000000
108472  -49.964  41.605  18.399 0.0000000000
132258  -50.510  40.143  18.053 0.0000000000
106941  -51.363  38.554  17.643 0.0000000000
137950  -50.789  39.273  17.799 0.0000000000
106931  -49.844  38.494  18.183 0.0000000000
99820  -48.403  26.064  34.921 0.0000000000
99264  -48.774  25.522  35.218 0.0000000000
140798  -49.772  25.605  35.347 0.0000000000
127806  -50.827  26.017  35.496 0.0000000000
107854  -43.970  41.813  34.129 0.0000000000
107363  -44.888  41.206  34.153 0.0000000000
107878  -49.818  40.243  32.584 0.0000000000
107860  -49.712  40.212  33.616 0.0000000000
107353  -50.038  39.424  34.680 0.0000000000
106810  -50.285  38.689  35.005 0.0000000000
106250  -50.150  37.671  36.023 0.0000000000
105734  -51.182  36.509  34.803 0.0000000000
105728  -50.848  36.454  35.700 0.0000000000
105727  -50.340  36.957  36.256 0.0000000000
105177  -50.354  35.764  36.815 0.0000000000
104618  -50.232  35.033  37.137 0.0000000000
104073  -50.613  33.572  36.864 0.0000000000
130737  -50.971  32.320  36.656 0.0000000000
103513  -51.229  32.882  36.710 0.0000000000
142220  -52.004  31.677  35.949 0.0000000000
102965  -52.227  31.346  35.315 0.0000000000
102974  -52.502  31.968  34.457 0.0000000000
102386  -52.351  31.044  34.381 0.0000000000
102388  -52.241  30.436  33.813 0.0000000000
101751  -51.967  29.776  33.305 0.0000000000
100465  -51.716  28.330  31.068 0.0000000000
100480  -51.967  27.473  30.579 0.0000000000
100479  -52.046  28.477  29.894 0.0000000000
100492  -52.272  28.184  28.780 0.0000000000
101766  -52.147  30.172  30.101 0.0000000000
101140  -52.212  29.133  28.867 0.0000000000
101148  -52.281  28.685  27.789 0.0000000000
101157  -52.074  28.749  26.845 0.0000000000
101803  -51.479  29.044  26.476 0.0000000000
103602  -47.641  32.364  26.083 0.0000000000
143083  -47.291  32.065  25.753 0.0000000000
102451  -46.678  30.749  25.909 0.0000000000
102440  -46.265  29.991  26.584 0.0000000000
101145  -45.731  28.735  27.953 0.0000000000
100497  -45.739  27.880  28.521 0.0000000000
129780  -44.840  26.885  29.328 0.0000000000
110498  -46.344  44.811  28.607 0.0000000000
109920  -46.007  44.108  29.377 0.0000000000
137335  -45.657  43.926  27.852 0.0000000000
108894  -45.483  42.379  27.505 0.0000000000
108399  -45.727  41.546  28.580 0.0000000000
108422  -46.246  41.747  26.832 0.0000000000
108414  -46.323  41.414  27.749 0.0000000000
108400  -46.422  41.069  28.442 0.0000000000
107915  -47.871  40.660  29.902 0.0000000000
124170  -48.753  40.705  30.731 0.0000000000
107891  -49.603  40.745  31.477 0.0000000000
121079  -50.356  41.438  24.922 0.0000000000
120876  -49.631  41.475  26.197 0.0000000000
108417  -50.025  41.412  27.680 0.0000000000
108419  -51.428  40.839  28.365 0.0000000000
108404  -51.060  41.077  28.661 0.0000000000
132755  -50.183  41.403  28.990 0.0000000000
108388  -50.189  41.344  29.650 0.0000000000
108362  -50.515  41.082  30.868 0.0000000000
107892  -50.239  40.625  31.693 0.0000000000
106834  -50.914  38.637  32.735 0.0000000000
106278  -51.206  38.016  32.475 0.0000000000
106283  -51.341  38.314  31.442 0.0000000000
105753  -50.818  36.280  32.933 0.0000000000
140736  -50.494  35.502  32.984 0.0000000000
104651  -49.952  33.892  32.662 0.0000000000
103544  -49.742  33.100  32.245 0.0000000000
104105  -49.127  33.649  32.052 0.0000000000
104109  -48.597  33.465  31.458 0.0000000000
104108  -47.994  33.930  31.040 0.0000000000
105209  -48.601  35.375  31.243 0.0000000000
104658  -48.002  34.751  30.895 0.0000000000
104111  -47.719  33.652  30.375 0.0000000000
127627  -47.518  33.451  29.612 0.0000000000
144092  -47.451  33.321  28.834 0.0000000000
104123  -47.258  33.750  28.056 0.0000000000
106300  -49.376  37.665  28.835 0.0000000000
106290  -47.935  37.258  29.254 0.0000000000
106851  -47.282  37.846  27.858 0.0000000000
105774  -47.389  36.930  28.932 0.0000000000
105769  -47.285  36.277  29.290 0.0000000000
132549  -52.471  15.595  38.808 0.0000000000
92694  -53.109  15.893  38.122 0.0000000000
92695  -53.564  15.605  37.671 0.0000000000
132994  -53.650  16.573  36.386 0.0000000000
92707  -53.885  15.675  36.902 0.0000000000
92041  -54.317  15.288  35.009 0.0000000000
92731  -54.178  16.333  33.267 0.0000000000
93390  -54.188  16.873  32.920 0.0000000000
120340  -54.616  18.276  34.286 0.0000000000
94674  -54.553  18.426  32.962 0.0000000000
96147  -54.513  20.311  32.412 0.0000000000
109934  -38.746  44.593  26.729 0.0000000000
110494  -39.739  45.689  27.227 0.0000000000
110510  -39.218  45.030  26.815 0.0000000000
109915  -39.318  44.311  26.905 0.0000000000
109916  -40.146  44.036  27.153 0.0000000000
145234  -40.760  42.861  27.454 0.0000000000
108412  -41.084  41.974  27.911 0.0000000000
145519  -42.077  43.329  27.812 0.0000000000
109387  -42.732  43.553  28.154 0.0000000000
109919  -43.429  44.936  28.056 0.0000000000
110497  -43.529  45.843  28.021 0.0000000000
110483  -44.517  45.458  28.745 0.0000000000
110484  -45.933  45.484  30.063 0.0000000000
130789  -46.815  45.469  29.975 0.0000000000
110486  -47.190  45.928  29.689 0.0000000000
112391  -42.943  50.968  29.619 0.0000000000
112842  -44.648  51.208  29.822 0.0000000000
112836  -44.980  50.946  30.211 0.0000000000
111934  -46.051  49.830  29.861 0.0000000000
112405  -46.689  50.184  28.073 0.0000000000
122368  -46.969  49.277  28.802 0.0000000000
111945  -46.714  48.991  29.350 0.0000000000
111502  -47.092  47.864  29.269 0.0000000000
141363  -47.322  46.555  29.179 0.0000000000
136256  -47.080  45.774  28.649 0.0000000000
110511  -46.240  45.180  27.126 0.0000000000
110517  -46.414  45.390  26.182 0.0000000000
109944  -46.397  45.088  25.363 0.0000000000
110519  -47.573  46.347  24.912 0.0000000000
110523  -47.032  45.530  24.724 0.0000000000
109951  -46.542  44.646  24.566 0.0000000000
109419  -47.229  43.630  23.484 0.0000000000
109420  -47.790  42.999  23.088 0.0000000000
126490  -49.429  42.470  22.832 0.0000000000
111544  -48.228  47.515  21.626 0.0000000000
111063  -48.441  47.171  21.627 0.0000000000
134948  -49.126  45.796  21.748 0.0000000000
109993  -50.002  45.644  19.894 0.0000000000
109980  -50.219  45.252  20.359 0.0000000000
109971  -49.698  45.069  21.316 0.0000000000
109424  -49.411  43.903  22.009 0.0000000000
108910  -49.621  43.095  22.321 0.0000000000
130454  -50.348  42.672  22.462 0.0000000000
108448  -51.329  42.206  22.600 0.0000000000
108449  -52.585  41.267  22.595 0.0000000000
107945  -52.912  40.741  22.203 0.0000000000
108456  -52.489  41.516  20.693 0.0000000000
134467  -53.024  39.999  21.850 0.0000000000
106906  -53.195  38.862  22.365 0.0000000000
106917  -53.079  38.052  21.710 0.0000000000
106360  -53.349  36.909  21.992 0.0000000000
104729  -52.870  34.617  19.874 0.0000000000
104742  -52.256  33.591  19.760 0.0000000000
133786  -51.667  36.858  17.549 0.0000000000
105866  -51.956  36.300  17.558 0.0000000000
104758  -51.971  34.298  17.529 0.0000000000
94012  -48.661  17.671  33.708 0.0000000000
95332  -48.330  19.480  32.563 0.0000000000
94670  -48.842  18.769  32.727 0.0000000000
94661  -49.552  18.050  33.256 0.0000000000
140204  -50.085  18.525  32.872 0.0000000000
94673  -51.337  18.745  32.947 0.0000000000
95336  -51.461  19.397  32.794 0.0000000000
97432  -48.114  23.015  34.358 0.0000000000
97446  -49.501  22.444  33.857 0.0000000000
97434  -50.090  22.961  34.626 0.0000000000
96830  -50.227  21.059  32.906 0.0000000000
96137  -51.408  20.158  32.815 0.0000000000
95337  -52.425  19.050  33.278 0.0000000000
139095  -53.287  19.761  33.665 0.0000000000
95325  -54.318  20.011  34.079 0.0000000000
96126  -54.379  20.813  34.042 0.0000000000
96806  -53.458  22.305  34.538 0.0000000000
96819  -54.056  21.736  34.258 0.0000000000
96127  -54.572  20.482  33.920 0.0000000000
96832  -54.478  21.121  33.608 0.0000000000
96840  -54.446  21.050  32.636 0.0000000000
104085  -43.698  33.255  34.474 0.0000000000
103531  -44.222  32.778  35.150 0.0000000000
136363  -44.932  31.735  35.635 0.0000000000
108876  -45.374  42.884  29.918 0.0000000000
137501  -44.994  42.871  32.413 0.0000000000
107887  -45.655  41.231  31.929 0.0000000000
108361  -45.254  42.058  32.288 0.0000000000
108360  -44.876  43.188  33.458 0.0000000000
107380  -45.375  39.820  33.439 0.0000000000
107859  -49.184  40.598  34.453 0.0000000000
107839  -48.504  40.712  35.039 0.0000000000
107838  -47.587  41.150  35.116 0.0000000000
137238  -48.682  38.403  35.460 0.0000000000
106807  -48.103  38.995  34.796 0.0000000000
107350  -47.234  40.892  35.024 0.0000000000
107365  -46.828  40.149  34.414 0.0000000000
107364  -46.203  39.959  33.920 0.0000000000
106817  -45.929  38.656  33.027 0.0000000000
106264  -45.951  37.386  32.933 0.0000000000
105738  -45.972  36.326  33.107 0.0000000000
141947  -45.890  34.857  33.891 0.0000000000
125383  -46.659  34.980  34.465 0.0000000000
104629  -46.091  34.255  34.677 0.0000000000
104087  -45.511  33.599  34.965 0.0000000000
103518  -45.519  32.421  35.695 0.0000000000
102959  -45.763  31.709  35.523 0.0000000000
102373  -46.164  30.975  34.944 0.0000000000
102383  -47.593  30.038  34.564 0.0000000000
101744  -48.131  29.234  34.452 0.0000000000
102384  -48.622  29.988  34.786 0.0000000000
101102  -49.682  28.378  34.839 0.0000000000
139896  -51.412  26.924  35.597 0.0000000000
102948  -51.037  31.622  36.476 0.0000000000
125278  -51.568  30.174  36.132 0.0000000000
101104  -52.327  28.674  35.358 0.0000000000
101090  -52.128  28.565  35.927 0.0000000000
101089  -51.612  28.823  36.033 0.0000000000
100439  -52.183  27.139  35.684 0.0000000000
99267  -52.187  25.555  35.351 0.0000000000
99271  -52.845  25.705  35.091 0.0000000000
98675  -52.997  24.857  34.946 0.0000000000
98679  -53.523  24.323  33.914 0.0000000000
99279  -53.243  25.249  33.408 0.0000000000
98057  -53.684  23.526  33.468 0.0000000000
96839  -53.927  21.660  31.768 0.0000000000
96846  -53.652  21.463  30.644 0.0000000000
97476  -53.503  22.096  29.659 0.0000000000
136560  -53.433  23.861  30.168 0.0000000000
126855  -53.485  22.860  28.930 0.0000000000
121924  -53.519  22.296  28.471 0.0000000000
97499  -53.524  22.592  27.396 0.0000000000
122737  -53.298  22.691  26.555 0.0000000000
99312  -52.682  25.857  28.785 0.0000000000
99323  -52.925  25.776  27.488 0.0000000000
99887  -52.804  26.491  26.649 0.0000000000
141307  -53.203  25.125  27.278 0.0000000000
98741  -53.128  24.389  26.543 0.0000000000
98116  -53.202  23.664  26.599 0.0000000000
97507  -52.752  22.504  26.306 0.0000000000
97498  -51.459  22.496  27.000 0.0000000000
129131  -49.764  32.496  31.619 0.0000000000
102984  -50.239  31.642  30.164 0.0000000000
138454  -50.021  31.359  28.420 0.0000000000
102429  -50.940  31.048  28.593 0.0000000000
102442  -51.211  30.199  27.388 0.0000000000
101794  -50.998  29.793  26.768 0.0000000000
100511  -51.015  28.477  26.151 0.0000000000
103603  -48.322  32.037  26.344 0.0000000000
101161  -48.239  29.415  26.350 0.0000000000
101162  -49.053  29.087  26.345 0.0000000000
101163  -50.037  28.952  26.297 0.0000000000
101156  -49.853  28.318  26.483 0.0000000000
99885  -49.855  26.634  27.344 0.0000000000
99879  -49.465  25.983  27.914 0.0000000000
99320  -48.086  25.215  28.628 0.0000000000
98723  -48.551  24.416  28.556 0.0000000000
92015  -53.474  14.881  38.746 0.0000000000
92023  -53.589  14.858  37.946 0.0000000000
92708  -54.276  15.728  36.221 0.0000000000
92727  -54.421  16.053  34.853 0.0000000000
93368  -54.143  16.888  35.858 0.0000000000
94662  -50.620  18.337  33.104 0.0000000000
94672  -50.540  18.980  32.689 0.0000000000
96138  -52.333  19.931  33.159 0.0000000000
96815  -49.893  21.750  33.344 0.0000000000
96828  -48.348  21.219  32.744 0.0000000000
98031  -46.204  24.070  35.300 0.0000000000
98036  -51.358  23.903  35.627 0.0000000000
98052  -53.645  23.496  34.345 0.0000000000
98676  -53.357  24.179  34.816 0.0000000000
98735  -53.203  24.754  26.714 0.0000000000
99335  -52.868  25.760  26.031 0.0000000000
99821  -49.158  26.264  34.921 0.0000000000
99823  -51.790  26.282  35.565 0.0000000000
100450  -50.063  27.573  34.933 0.0000000000
100453  -51.955  28.137  33.426 0.0000000000
100513  -52.233  27.656  26.013 0.0000000000
101100  -47.729  28.538  34.335 0.0000000000
101154  -48.147  28.784  26.756 0.0000000000
101164  -51.918  28.235  26.186 0.0000000000
101737  -51.912  29.450  36.054 0.0000000000
101792  -47.005  29.671  26.515 0.0000000000
102377  -51.243  30.892  36.293 0.0000000000
102389  -52.452  31.117  33.329 0.0000000000
102441  -50.487  30.459  27.065 0.0000000000
102986  -51.830  31.170  30.253 0.0000000000
103001  -50.114  31.497  29.255 0.0000000000
103022  -48.983  31.549  26.879 0.0000000000
103081  -52.064  31.657  19.300 0.0000000000
103082  -52.317  31.999  19.129 0.0000000000
103512  -50.497  32.887  36.854 0.0000000000
103532  -52.260  32.917  35.583 0.0000000000
103659  -52.358  32.717  19.277 0.0000000000
104066  -50.074  34.320  37.210 0.0000000000
104078  -45.854  33.111  35.689 0.0000000000
104114  -47.261  34.069  29.076 0.0000000000
104198  -51.990  32.889  19.661 0.0000000000
104199  -52.397  33.274  19.456 0.0000000000
104609  -49.229  34.952  37.378 0.0000000000
104616  -48.211  34.378  36.759 0.0000000000
104617  -48.707  34.328  37.200 0.0000000000
104619  -50.692  34.284  36.684 0.0000000000
104622  -46.900  34.261  35.388 0.0000000000
104628  -45.290  34.258  34.206 0.0000000000
104728  -52.594  34.370  20.136 0.0000000000
104759  -52.420  34.285  18.317 0.0000000000
105194  -45.551  35.478  33.317 0.0000000000
105316  -51.761  35.643  17.297 0.0000000000
105317  -52.452  34.932  18.333 0.0000000000
105716  -50.091  36.443  36.742 0.0000000000
105726  -49.024  36.959  36.283 0.0000000000
105731  -47.852  36.622  34.814 0.0000000000
105733  -50.716  37.266  35.313 0.0000000000
105760  -50.940  37.268  31.766 0.0000000000
105776  -46.537  36.699  27.857 0.0000000000
105837  -52.710  36.229  19.274 0.0000000000
106240  -49.499  37.281  36.365 0.0000000000
106260  -51.154  37.064  34.276 0.0000000000
106276  -44.381  37.906  32.258 0.0000000000
106291  -48.770  37.350  29.456 0.0000000000
106298  -47.614  37.555  28.560 0.0000000000
106307  -51.864  37.754  27.446 0.0000000000
106308  -52.422  37.933  27.225 0.0000000000
106312  -52.636  37.859  26.442 0.0000000000
106348  -52.828  36.625  23.027 0.0000000000
106349  -53.188  36.759  22.737 0.0000000000
106388  -50.258  37.725  17.872 0.0000000000
106404  -51.658  37.702  17.636 0.0000000000
106794  -49.868  38.382  35.661 0.0000000000
106818  -46.788  39.084  33.681 0.0000000000
106833  -50.587  38.878  33.292 0.0000000000
106854  -50.175  38.197  27.420 0.0000000000
106881  -53.155  37.862  25.431 0.0000000000
106882  -53.285  37.920  24.850 0.0000000000
106932  -50.681  38.393  17.793 0.0000000000
106943  -52.326  38.631  18.033 0.0000000000
107340  -48.927  39.719  35.502 0.0000000000
107341  -49.208  39.599  35.463 0.0000000000
107351  -48.470  40.271  35.255 0.0000000000
107367  -49.689  40.088  34.495 0.0000000000
107381  -50.623  39.316  32.542 0.0000000000
107399  -52.213  39.681  28.741 0.0000000000
107412  -53.355  38.754  24.746 0.0000000000
107414  -53.109  39.885  23.554 0.0000000000
107418  -53.309  39.071  23.276 0.0000000000
107422  -52.657  39.436  20.295 0.0000000000
107432  -52.122  39.899  17.877 0.0000000000
107433  -52.348  39.342  18.220 0.0000000000
107836  -46.512  42.092  35.236 0.0000000000
107840  -49.188  40.348  34.989 0.0000000000
107873  -44.061  40.660  33.428 0.0000000000
107876  -48.409  41.047  33.659 0.0000000000
107889  -47.503  40.667  32.106 0.0000000000
107890  -48.976  40.603  32.559 0.0000000000
107902  -49.932  41.190  30.502 0.0000000000
107904  -51.451  40.499  30.081 0.0000000000
107925  -46.054  40.944  29.088 0.0000000000
107926  -47.059  40.704  28.989 0.0000000000
107935  -52.256  40.398  27.230 0.0000000000
107948  -52.745  40.797  21.332 0.0000000000
108321  -46.864  41.918  35.223 0.0000000000
108322  -47.676  41.334  34.984 0.0000000000
108334  -45.467  42.615  34.683 0.0000000000
108374  -45.158  42.169  31.524 0.0000000000
108376  -50.566  41.249  30.192 0.0000000000
108386  -45.356  41.568  30.420 0.0000000000
108402  -49.425  41.318  28.267 0.0000000000
108403  -50.503  41.315  28.544 0.0000000000
108408  -37.238  41.753  27.840 0.0000000000
108410  -39.400  41.644  27.671 0.0000000000
108413  -45.710  41.886  27.624 0.0000000000
108418  -50.966  41.220  27.920 0.0000000000
108426  -51.265  41.218  27.071 0.0000000000
108429  -46.544  41.874  25.898 0.0000000000
108430  -47.414  41.651  25.594 0.0000000000
108432  -49.727  41.486  25.416 0.0000000000
108438  -50.959  41.387  24.424 0.0000000000
108446  -52.426  41.030  23.427 0.0000000000
108455  -52.091  42.220  20.074 0.0000000000
108473  -51.092  42.087  18.296 0.0000000000
108474  -51.650  42.160  18.557 0.0000000000
108838  -44.590  43.009  34.439 0.0000000000
108892  -40.629  42.372  27.580 0.0000000000
108896  -45.499  42.652  26.840 0.0000000000
108897  -45.869  42.265  26.294 0.0000000000
108904  -46.776  43.487  24.061 0.0000000000
108905  -47.119  43.053  23.858 0.0000000000
108906  -48.607  42.523  23.100 0.0000000000
108907  -50.255  41.981  23.176 0.0000000000
108909  -48.763  43.059  22.522 0.0000000000
108912  -51.725  42.576  21.675 0.0000000000
108918  -51.639  43.105  19.536 0.0000000000
108936  -50.292  43.199  18.578 0.0000000000
109371  -45.566  43.419  29.552 0.0000000000
109384  -39.322  43.478  27.098 0.0000000000
109385  -40.143  42.973  27.319 0.0000000000
109386  -41.392  42.795  27.691 0.0000000000
109388  -43.209  44.213  28.094 0.0000000000
109397  -38.612  43.946  26.857 0.0000000000
109413  -46.020  44.223  25.239 0.0000000000
109414  -46.350  43.771  24.547 0.0000000000
109429  -51.388  43.720  20.162 0.0000000000
109451  -50.779  44.647  18.884 0.0000000000
109452  -51.325  43.899  18.911 0.0000000000
109457  -51.228  43.296  18.732 0.0000000000
109899  -44.368  44.700  28.977 0.0000000000
109943  -45.950  44.690  26.070 0.0000000000
109960  -46.803  44.164  23.901 0.0000000000
109961  -47.468  44.413  23.314 0.0000000000
109970  -49.028  44.618  22.077 0.0000000000
109994  -50.591  45.080  19.492 0.0000000000
110485  -46.625  44.956  30.151 0.0000000000
110566  -48.986  46.645  21.224 0.0000000000
110582  -49.222  45.622  19.843 0.0000000000
110583  -49.735  45.576  19.747 0.0000000000
111019  -41.937  47.027  28.302 0.0000000000
111030  -42.316  46.168  27.858 0.0000000000
111051  -48.474  47.383  22.363 0.0000000000
111079  -48.641  46.819  21.231 0.0000000000
111080  -49.098  46.537  20.779 0.0000000000
111526  -48.255  48.119  22.713 0.0000000000
111930  -41.119  50.264  30.364 0.0000000000
111933  -44.499  50.359  30.477 0.0000000000
111939  -39.004  49.259  28.744 0.0000000000
111943  -44.542  49.186  29.890 0.0000000000
111944  -46.389  48.941  29.510 0.0000000000
111976  -47.009  49.246  24.944 0.0000000000
111982  -47.833  48.692  22.850 0.0000000000
112374  -43.455  51.207  30.955 0.0000000000
112379  -41.559  51.036  30.874 0.0000000000
112380  -42.473  51.090  31.127 0.0000000000
112381  -43.481  51.030  31.056 0.0000000000
112383  -45.684  50.504  29.942 0.0000000000
112387  -38.959  50.108  29.306 0.0000000000
112390  -41.461  51.113  30.116 0.0000000000
112439  -45.565  50.351  24.654 0.0000000000
112451  -45.306  50.313  23.553 0.0000000000
112452  -46.439  49.811  23.580 0.0000000000
112461  -46.227  49.663  23.055 0.0000000000
112833  -42.263  51.208  31.045 0.0000000000
112834  -43.028  51.351  30.969 0.0000000000
112835  -43.974  51.184  30.605 0.0000000000
112841  -43.548  51.280  30.324 0.0000000000
112843  -45.514  50.965  29.466 0.0000000000
121295  -46.595  37.023  33.467 0.0000000000
121417  -46.069  42.489  34.814 0.0000000000
121507  -49.586  41.440  26.915 0.0000000000
122215  -47.677  41.735  24.888 0.0000000000
123522  -50.973  30.646  27.784 0.0000000000
123660  -52.114  34.998  17.552 0.0000000000
124383  -47.091  31.484  25.707 0.0000000000
124532  -48.748  34.856  37.150 0.0000000000
124665  -51.547  40.314  17.826 0.0000000000
125298  -49.602  42.435  18.600 0.0000000000
125506  -47.968  40.205  35.190 0.0000000000
125969  -52.502  38.701  18.772 0.0000000000
126304  -45.994  21.787  33.227 0.0000000000
126403  -52.946  37.174  24.252 0.0000000000
126821  -45.611  41.328  29.449 0.0000000000
127372  -40.860  43.414  27.397 0.0000000000
128277  -50.851  41.228  29.710 0.0000000000
129734  -53.170  36.285  22.051 0.0000000000
129844  -41.407  51.040  30.688 0.0000000000
130322  -45.279  50.480  30.218 0.0000000000
130491  -51.973  41.237  23.742 0.0000000000
130968  -48.268  47.738  23.832 0.0000000000
131020  -42.409  43.914  27.715 0.0000000000
131428  -51.829  34.273  35.307 0.0000000000
131991  -45.382  43.114  27.954 0.0000000000
132072  -50.145  44.796  18.920 0.0000000000
132319  -43.920  37.305  32.085 0.0000000000
132718  -44.822  43.498  31.887 0.0000000000
132948  -52.466  40.099  19.446 0.0000000000
133140  -51.370  34.293  36.048 0.0000000000
133802  -48.226  40.987  28.494 0.0000000000
134485  -52.590  33.640  19.159 0.0000000000
134693  -44.650  32.279  35.635 0.0000000000
134759  -50.428  42.476  18.451 0.0000000000
134785  -47.689  36.707  29.509 0.0000000000
134833  -51.566  32.157  36.363 0.0000000000
135330  -53.048  35.378  20.106 0.0000000000
135606  -51.722  41.353  18.137 0.0000000000
135882  -39.787  44.801  27.052 0.0000000000
136026  -46.229  50.772  27.325 0.0000000000
136318  -51.674  40.550  28.503 0.0000000000
136452  -52.121  31.330  31.241 0.0000000000
136469  -52.396  31.263  31.953 0.0000000000
136641  -47.370  48.219  22.248 0.0000000000
137601  -47.147  37.561  33.820 0.0000000000
137798  -45.741  50.978  27.143 0.0000000000
138378  -44.879  43.110  34.406 0.0000000000
138573  -46.917  23.423  28.739 0.0000000000
139971  -49.277  34.356  32.231 0.0000000000
140755  -47.302  21.883  33.268 0.0000000000
140861  -50.222  15.828  37.426 0.0000000000
141230  -50.485  36.318  36.401 0.0000000000
141454  -47.867  26.268  34.829 0.0000000000
141544  -49.175  24.984  35.446 0.0000000000
141591  -52.494  39.019  28.446 0.0000000000
141863  -47.292  47.257  29.267 0.0000000000
142567  -38.466  47.881  27.429 0.0000000000
142821  -50.075  39.816  32.834 0.0000000000
143813  -46.331  40.743  29.450 0.0000000000
143848  -52.941  39.493  26.121 0.0000000000
144071  -47.869  20.015  32.510 0.0000000000
144089  -49.790  17.179  34.521 0.0000000000
144710  -51.549  40.927  27.782 0.0000000000
144787  -49.898  31.537  36.245 0.0000000000
145141  -52.070  32.371  35.987 0.0000000000
145755  -51.868  27.574  35.872 0.0000000000
