#!ascii label  , from subject sub-v1s22x0050442_ses-1 vox2ras=TkReg
404
69783  -32.785  -13.796  -7.796 0.0000000000
71546  -31.709  -11.098  -13.235 0.0000000000
84435  -33.420  3.592  -20.433 0.0000000000
80856  -33.757  -0.577  -17.950 0.0000000000
77635  -34.246  -4.366  -13.852 0.0000000000
74964  -34.717  -7.440  -9.434 0.0000000000
138192  -32.203  4.954  -21.862 0.0000000000
80020  -34.333  -2.026  -15.943 0.0000000000
124376  -33.189  -6.361  -16.411 0.0000000000
70656  -32.062  -12.204  -10.155 0.0000000000
73296  -32.998  -9.485  -11.276 0.0000000000
72352  -33.774  -10.758  -8.804 0.0000000000
125672  -29.346  -18.956  -6.578 0.0000000000
68943  -30.494  -14.879  -10.020 0.0000000000
90290  -29.445  11.432  -22.361 0.0000000000
89670  -30.848  9.943  -23.200 0.0000000000
133477  -32.527  8.752  -21.535 0.0000000000
87629  -33.892  7.409  -20.500 0.0000000000
139187  -34.725  5.229  -18.446 0.0000000000
82685  -34.358  1.547  -19.641 0.0000000000
84408  -34.352  3.985  -16.447 0.0000000000
128140  -34.481  1.111  -15.315 0.0000000000
80821  -34.572  -0.421  -13.503 0.0000000000
79193  -35.506  -2.883  -11.277 0.0000000000
121731  -33.199  -8.122  -14.291 0.0000000000
75877  -34.192  -6.081  -11.989 0.0000000000
76820  -32.937  -5.566  -17.512 0.0000000000
75909  -31.700  -6.610  -16.942 0.0000000000
69820  -32.178  -13.072  -9.205 0.0000000000
71482  -32.564  -11.703  -9.667 0.0000000000
70622  -33.273  -12.395  -8.435 0.0000000000
60420  -29.691  -22.905  -4.142 0.0000000000
126032  -30.067  -22.224  -4.491 0.0000000000
62211  -29.702  -20.870  -5.221 0.0000000000
68959  -30.139  -14.700  -10.936 0.0000000000
68068  -28.930  -15.666  -11.049 0.0000000000
89664  -31.786  9.882  -22.383 0.0000000000
85217  -32.726  4.214  -21.313 0.0000000000
86807  -33.790  5.944  -21.327 0.0000000000
86034  -33.984  5.167  -20.804 0.0000000000
86800  -34.915  6.481  -19.254 0.0000000000
138487  -34.004  4.134  -19.998 0.0000000000
81736  -34.004  0.110  -18.612 0.0000000000
126875  -35.078  1.928  -18.274 0.0000000000
82666  -34.820  1.176  -17.826 0.0000000000
131645  -34.344  2.535  -15.688 0.0000000000
133709  -34.456  -0.021  -16.767 0.0000000000
132329  -34.354  -3.037  -15.029 0.0000000000
80009  -34.413  -1.640  -14.853 0.0000000000
79219  -34.497  -2.583  -13.493 0.0000000000
79979  -35.162  -1.245  -12.411 0.0000000000
78461  -34.600  -3.517  -12.599 0.0000000000
72432  -31.491  -10.346  -14.619 0.0000000000
74180  -32.573  -9.184  -15.148 0.0000000000
73341  -32.520  -10.020  -14.071 0.0000000000
74119  -33.930  -8.674  -10.041 0.0000000000
74984  -33.795  -7.446  -11.474 0.0000000000
75854  -34.614  -6.517  -10.472 0.0000000000
76756  -34.983  -5.359  -10.510 0.0000000000
75841  -35.474  -6.045  -9.326 0.0000000000
65087  -30.857  -18.928  -5.816 0.0000000000
66062  -29.573  -17.658  -7.609 0.0000000000
125026  -30.806  -17.678  -6.586 0.0000000000
67061  -30.727  -16.613  -7.457 0.0000000000
80040  -33.225  -1.962  -17.939 0.0000000000
80029  -34.113  -1.711  -16.811 0.0000000000
78501  -33.995  -3.775  -17.473 0.0000000000
77648  -34.194  -4.477  -16.555 0.0000000000
77641  -33.863  -5.162  -15.229 0.0000000000
71512  -31.614  -12.008  -11.940 0.0000000000
73313  -32.644  -10.110  -12.027 0.0000000000
72379  -32.311  -10.707  -10.750 0.0000000000
73284  -33.574  -9.538  -9.744 0.0000000000
73277  -34.202  -9.132  -9.194 0.0000000000
64089  -30.756  -19.763  -5.563 0.0000000000
70705  -31.013  -12.213  -12.942 0.0000000000
69856  -30.921  -13.171  -11.991 0.0000000000
69819  -31.522  -13.448  -9.861 0.0000000000
68932  -31.415  -14.509  -8.662 0.0000000000
91701  -28.480  13.105  -22.399 0.0000000000
89059  -29.861  10.227  -20.809 0.0000000000
89661  -29.815  10.691  -22.927 0.0000000000
90291  -31.229  11.261  -22.688 0.0000000000
90284  -31.943  11.293  -21.367 0.0000000000
89658  -32.839  10.175  -20.347 0.0000000000
86812  -32.465  6.693  -21.807 0.0000000000
88388  -33.426  8.054  -20.668 0.0000000000
89055  -33.334  9.535  -19.692 0.0000000000
145544  -34.270  8.557  -18.711 0.0000000000
87619  -34.631  7.617  -17.835 0.0000000000
86788  -34.681  7.024  -17.177 0.0000000000
127243  -33.877  2.043  -20.152 0.0000000000
84424  -34.571  3.626  -18.831 0.0000000000
145511  -34.427  4.280  -17.449 0.0000000000
138443  -34.571  5.651  -16.427 0.0000000000
133411  -34.380  4.176  -15.563 0.0000000000
83518  -34.346  2.613  -14.014 0.0000000000
130283  -34.412  -0.285  -15.340 0.0000000000
81694  -34.508  0.329  -13.889 0.0000000000
74193  -31.963  -7.979  -16.041 0.0000000000
75019  -32.911  -7.464  -15.621 0.0000000000
76793  -33.806  -5.801  -13.892 0.0000000000
74153  -33.270  -8.781  -12.541 0.0000000000
75876  -33.717  -6.695  -12.608 0.0000000000
139020  -34.454  -4.620  -12.425 0.0000000000
77614  -35.088  -3.797  -11.303 0.0000000000
143129  -35.474  -3.429  -10.866 0.0000000000
68041  -30.515  -15.828  -8.963 0.0000000000
68027  -31.342  -15.450  -7.689 0.0000000000
68897  -32.905  -14.894  -7.033 0.0000000000
69799  -32.483  -13.396  -8.483 0.0000000000
70621  -32.769  -12.714  -8.747 0.0000000000
69800  -33.167  -13.030  -8.046 0.0000000000
124747  -33.720  -12.899  -7.620 0.0000000000
69784  -33.541  -13.646  -7.368 0.0000000000
61290  -29.288  -22.374  -4.520 0.0000000000
60421  -30.568  -22.807  -4.177 0.0000000000
84443  -32.552  3.302  -20.745 0.0000000000
85218  -33.615  4.456  -20.730 0.0000000000
126059  -34.517  4.839  -19.835 0.0000000000
141681  -33.290  -1.174  -18.131 0.0000000000
80873  -33.120  -0.539  -18.745 0.0000000000
81737  -34.357  0.215  -17.662 0.0000000000
81726  -34.497  0.665  -16.861 0.0000000000
136299  -34.260  -3.800  -14.611 0.0000000000
78480  -34.380  -3.050  -14.175 0.0000000000
78473  -34.427  -3.470  -13.455 0.0000000000
79204  -34.713  -2.849  -12.673 0.0000000000
72423  -31.562  -10.675  -14.036 0.0000000000
72433  -31.921  -10.298  -14.578 0.0000000000
72424  -32.112  -10.544  -13.707 0.0000000000
74127  -34.286  -7.892  -9.919 0.0000000000
74972  -34.415  -7.219  -10.184 0.0000000000
75840  -34.904  -6.668  -9.737 0.0000000000
74965  -35.283  -6.905  -9.014 0.0000000000
74949  -35.077  -7.765  -8.629 0.0000000000
65105  -31.010  -18.292  -6.138 0.0000000000
78508  -32.944  -3.724  -18.065 0.0000000000
132657  -33.873  -3.248  -17.637 0.0000000000
78500  -33.482  -3.730  -17.794 0.0000000000
76812  -33.442  -5.799  -16.819 0.0000000000
77655  -33.770  -5.129  -17.183 0.0000000000
77647  -33.939  -5.198  -16.246 0.0000000000
77642  -34.122  -4.479  -15.489 0.0000000000
76806  -33.623  -5.872  -15.896 0.0000000000
70677  -31.756  -12.076  -10.995 0.0000000000
71513  -31.942  -11.362  -11.325 0.0000000000
71498  -32.148  -11.450  -10.438 0.0000000000
135254  -33.192  -11.256  -9.207 0.0000000000
72365  -33.286  -10.360  -9.482 0.0000000000
73276  -33.916  -9.928  -9.035 0.0000000000
135099  -34.395  -9.578  -8.617 0.0000000000
72353  -34.272  -10.275  -8.434 0.0000000000
60418  -27.661  -23.424  -4.118 0.0000000000
63123  -30.600  -20.569  -5.245 0.0000000000
63124  -31.503  -20.222  -5.158 0.0000000000
70697  -31.179  -12.501  -12.377 0.0000000000
68960  -30.825  -14.088  -10.369 0.0000000000
68944  -31.151  -14.279  -9.506 0.0000000000
90283  -29.485  11.580  -20.926 0.0000000000
91692  -28.699  12.879  -21.140 0.0000000000
90972  -29.118  12.142  -21.632 0.0000000000
90978  -29.244  12.098  -22.875 0.0000000000
89066  -30.547  9.279  -22.559 0.0000000000
89662  -30.085  10.062  -22.139 0.0000000000
89669  -30.440  10.067  -23.121 0.0000000000
90299  -30.224  11.340  -23.426 0.0000000000
90300  -30.735  10.963  -23.356 0.0000000000
90984  -30.535  11.479  -23.358 0.0000000000
89663  -31.162  10.342  -23.090 0.0000000000
89068  -31.857  9.101  -22.278 0.0000000000
89061  -32.392  9.591  -21.466 0.0000000000
89657  -32.240  10.457  -21.325 0.0000000000
86806  -32.831  5.809  -21.875 0.0000000000
130412  -33.782  6.804  -21.198 0.0000000000
136250  -33.446  8.743  -20.109 0.0000000000
88381  -33.959  8.130  -19.837 0.0000000000
88375  -33.929  8.856  -19.175 0.0000000000
87630  -34.430  7.397  -19.627 0.0000000000
86025  -35.010  5.534  -19.059 0.0000000000
87623  -34.681  7.436  -18.736 0.0000000000
86793  -34.822  6.656  -18.153 0.0000000000
86015  -34.748  5.691  -18.093 0.0000000000
81766  -33.306  0.176  -19.448 0.0000000000
130797  -33.488  0.772  -20.028 0.0000000000
137779  -33.529  1.296  -20.274 0.0000000000
137142  -34.843  2.876  -19.360 0.0000000000
141751  -34.691  2.349  -19.589 0.0000000000
83548  -34.528  2.508  -17.388 0.0000000000
137895  -34.470  3.690  -18.028 0.0000000000
84416  -34.398  3.389  -17.330 0.0000000000
85194  -34.481  4.812  -16.820 0.0000000000
85183  -34.486  4.814  -15.971 0.0000000000
82639  -34.409  1.703  -15.879 0.0000000000
82623  -34.439  1.975  -14.824 0.0000000000
132463  -34.278  3.329  -14.162 0.0000000000
130816  -34.299  -2.474  -16.791 0.0000000000
80845  -34.310  -1.066  -15.846 0.0000000000
79997  -34.506  -1.029  -14.063 0.0000000000
80830  -34.490  -0.301  -14.421 0.0000000000
123188  -34.517  0.978  -13.341 0.0000000000
81683  -34.615  0.188  -12.994 0.0000000000
141276  -35.397  -1.804  -12.079 0.0000000000
79184  -35.811  -2.221  -10.704 0.0000000000
74192  -31.621  -7.897  -16.089 0.0000000000
140133  -33.054  -8.783  -14.587 0.0000000000
74181  -32.852  -8.272  -15.212 0.0000000000
131487  -33.231  -7.291  -14.596 0.0000000000
75896  -33.514  -6.426  -14.495 0.0000000000
75888  -33.562  -6.580  -13.618 0.0000000000
73314  -32.994  -9.458  -12.314 0.0000000000
141161  -33.253  -8.914  -11.751 0.0000000000
75866  -33.989  -6.819  -11.732 0.0000000000
74995  -33.574  -7.427  -12.226 0.0000000000
76784  -34.037  -5.911  -12.927 0.0000000000
76785  -34.336  -5.286  -12.237 0.0000000000
76776  -34.542  -5.441  -11.283 0.0000000000
76757  -35.283  -4.778  -10.261 0.0000000000
77591  -35.442  -3.997  -10.458 0.0000000000
124050  -35.686  -3.733  -9.808 0.0000000000
68009  -31.406  -16.112  -7.180 0.0000000000
68028  -32.111  -15.319  -7.239 0.0000000000
68010  -32.756  -15.529  -6.730 0.0000000000
121599  -32.626  -4.965  -17.961 0.0000000000
143602  -32.411  -5.902  -17.395 0.0000000000
140433  -32.687  -6.243  -17.004 0.0000000000
70635  -31.929  -12.765  -9.821 0.0000000000
70636  -32.444  -12.417  -9.423 0.0000000000
70637  -33.013  -12.038  -8.972 0.0000000000
145313  -33.700  -11.700  -8.385 0.0000000000
71452  -34.338  -11.409  -7.774 0.0000000000
70608  -34.146  -12.279  -7.586 0.0000000000
60404  -29.293  -23.570  -3.686 0.0000000000
62198  -30.431  -21.398  -4.774 0.0000000000
143671  -31.065  -21.519  -4.650 0.0000000000
68973  -29.774  -14.386  -11.633 0.0000000000
68972  -29.039  -14.698  -11.794 0.0000000000
68958  -29.429  -15.125  -11.321 0.0000000000
68069  -29.737  -15.490  -10.430 0.0000000000
127417  -29.774  10.998  -20.279 0.0000000000
89071  -30.858  9.381  -22.946 0.0000000000
89067  -31.240  9.560  -22.879 0.0000000000
88394  -31.353  8.822  -22.511 0.0000000000
88395  -32.082  8.154  -22.031 0.0000000000
86033  -33.151  5.012  -21.644 0.0000000000
86799  -34.376  6.656  -20.419 0.0000000000
86024  -34.639  5.746  -20.171 0.0000000000
85219  -34.707  4.801  -18.814 0.0000000000
81752  -34.177  0.780  -19.161 0.0000000000
82686  -35.166  2.179  -19.041 0.0000000000
82677  -34.961  1.507  -18.687 0.0000000000
83539  -34.329  2.997  -16.488 0.0000000000
132196  -34.396  2.152  -16.580 0.0000000000
129283  -34.421  1.053  -16.141 0.0000000000
137719  -34.373  -2.392  -15.246 0.0000000000
79228  -34.410  -2.404  -14.401 0.0000000000
132384  -34.506  -1.798  -13.735 0.0000000000
79978  -34.619  -1.177  -13.122 0.0000000000
128103  -34.805  -1.980  -12.732 0.0000000000
79192  -35.252  -2.433  -12.028 0.0000000000
78444  -34.915  -3.215  -11.969 0.0000000000
73354  -32.022  -9.451  -15.398 0.0000000000
73351  -32.276  -9.845  -14.928 0.0000000000
74167  -32.885  -9.392  -14.349 0.0000000000
74168  -33.261  -8.612  -13.579 0.0000000000
130813  -33.470  -8.717  -10.993 0.0000000000
74142  -33.464  -8.147  -11.731 0.0000000000
74971  -33.911  -7.862  -10.740 0.0000000000
74985  -34.238  -7.039  -10.977 0.0000000000
75867  -34.396  -6.312  -11.190 0.0000000000
128300  -34.709  -5.926  -10.706 0.0000000000
76743  -35.354  -5.339  -9.848 0.0000000000
121327  -35.677  -5.273  -9.247 0.0000000000
77572  -35.964  -4.782  -8.788 0.0000000000
76733  -35.893  -5.609  -8.607 0.0000000000
65103  -29.447  -18.274  -7.022 0.0000000000
65104  -30.186  -18.448  -6.422 0.0000000000
66063  -30.042  -17.837  -6.943 0.0000000000
66076  -30.391  -17.249  -7.233 0.0000000000
145543  -30.106  -16.896  -8.079 0.0000000000
67046  -31.079  -16.897  -6.881 0.0000000000
67047  -31.806  -16.712  -6.605 0.0000000000
80041  -33.646  -1.438  -17.524 0.0000000000
80857  -34.050  -0.701  -16.963 0.0000000000
79254  -33.916  -2.465  -17.492 0.0000000000
79244  -34.281  -3.143  -17.192 0.0000000000
77666  -33.588  -4.223  -17.661 0.0000000000
78493  -34.331  -3.764  -16.846 0.0000000000
79236  -34.403  -2.938  -16.149 0.0000000000
78486  -34.327  -3.739  -15.782 0.0000000000
134197  -34.074  -4.570  -14.675 0.0000000000
71531  -31.872  -11.308  -12.306 0.0000000000
72411  -32.233  -10.668  -12.682 0.0000000000
72396  -32.272  -10.732  -11.709 0.0000000000
73295  -32.525  -10.149  -11.159 0.0000000000
72364  -32.590  -10.837  -9.907 0.0000000000
72380  -32.839  -9.986  -10.329 0.0000000000
126811  -33.387  -9.268  -10.465 0.0000000000
74120  -34.504  -8.289  -9.275 0.0000000000
74104  -34.787  -8.826  -8.483 0.0000000000
71453  -34.834  -11.063  -7.298 0.0000000000
59505  -27.543  -24.263  -3.493 0.0000000000
64111  -28.598  -19.374  -6.750 0.0000000000
63122  -29.029  -20.418  -5.724 0.0000000000
63138  -29.207  -19.709  -6.181 0.0000000000
64112  -30.032  -19.316  -6.008 0.0000000000
64090  -31.623  -19.356  -5.446 0.0000000000
71530  -31.408  -11.796  -12.765 0.0000000000
70676  -31.403  -12.696  -11.590 0.0000000000
69855  -30.575  -13.821  -11.309 0.0000000000
69840  -31.164  -13.500  -10.682 0.0000000000
70655  -31.587  -12.853  -10.626 0.0000000000
69798  -31.788  -13.753  -8.952 0.0000000000
68933  -32.080  -14.083  -8.179 0.0000000000
91684  -28.588  13.593  -20.378 0.0000000000
89656  -29.691  10.809  -21.598 0.0000000000
90298  -29.752  11.417  -23.252 0.0000000000
130469  -29.589  12.268  -23.359 0.0000000000
90292  -31.678  10.642  -22.166 0.0000000000
90973  -31.556  12.109  -21.564 0.0000000000
121458  -32.216  12.039  -20.483 0.0000000000
89652  -32.526  11.149  -20.227 0.0000000000
144579  -32.858  10.762  -19.697 0.0000000000
87634  -32.651  7.326  -21.716 0.0000000000
130926  -33.174  6.649  -21.652 0.0000000000
87635  -33.337  7.351  -21.332 0.0000000000
140295  -33.026  8.563  -20.859 0.0000000000
89062  -32.939  9.236  -20.650 0.0000000000
89653  -33.173  10.395  -19.269 0.0000000000
89049  -34.164  9.030  -18.194 0.0000000000
88382  -34.424  8.142  -19.102 0.0000000000
88376  -34.477  8.217  -18.372 0.0000000000
135642  -33.076  1.675  -20.466 0.0000000000
83570  -33.278  2.618  -20.425 0.0000000000
84436  -34.286  3.598  -19.718 0.0000000000
128894  -34.443  4.207  -19.240 0.0000000000
85207  -34.474  4.262  -18.357 0.0000000000
83559  -34.719  2.896  -18.318 0.0000000000
125471  -34.509  4.925  -17.955 0.0000000000
86007  -34.562  5.339  -17.318 0.0000000000
132464  -34.678  6.148  -17.282 0.0000000000
84397  -34.312  3.419  -15.614 0.0000000000
84385  -34.328  3.879  -14.765 0.0000000000
84374  -34.319  3.999  -13.802 0.0000000000
141506  -34.337  3.201  -13.439 0.0000000000
128720  -34.343  -0.347  -16.152 0.0000000000
81708  -34.470  0.399  -14.860 0.0000000000
80838  -34.461  -0.854  -14.895 0.0000000000
82607  -34.461  1.104  -14.322 0.0000000000
80809  -35.274  -0.587  -12.085 0.0000000000
75023  -31.804  -7.240  -16.502 0.0000000000
75911  -32.673  -6.987  -16.327 0.0000000000
74189  -32.228  -8.676  -15.641 0.0000000000
74190  -32.415  -7.848  -15.963 0.0000000000
76800  -33.697  -5.844  -14.886 0.0000000000
77634  -33.994  -5.125  -14.284 0.0000000000
73328  -32.657  -10.075  -13.035 0.0000000000
73342  -33.032  -9.425  -13.321 0.0000000000
127530  -33.377  -8.078  -12.642 0.0000000000
75005  -33.387  -7.515  -13.327 0.0000000000
76794  -34.293  -5.067  -13.231 0.0000000000
77627  -34.449  -4.174  -12.935 0.0000000000
126011  -34.615  -3.963  -12.114 0.0000000000
77590  -34.942  -4.645  -10.885 0.0000000000
67098  -29.132  -16.037  -10.326 0.0000000000
68053  -30.266  -15.527  -9.635 0.0000000000
68026  -30.729  -16.058  -8.040 0.0000000000
68054  -30.800  -15.055  -9.193 0.0000000000
68913  -32.433  -14.509  -7.563 0.0000000000
68914  -33.087  -14.283  -7.346 0.0000000000
62197  -29.470  -21.649  -4.796 0.0000000000
64088  -29.869  -20.109  -5.676 0.0000000000
65102  -28.766  -18.713  -7.197 0.0000000000
65122  -29.004  -18.214  -7.588 0.0000000000
68042  -31.044  -15.247  -8.363 0.0000000000
68912  -31.668  -14.779  -7.868 0.0000000000
70607  -33.590  -12.450  -7.990 0.0000000000
71466  -34.164  -10.976  -8.287 0.0000000000
72337  -34.541  -10.630  -7.851 0.0000000000
73350  -31.753  -9.963  -15.069 0.0000000000
74191  -31.203  -7.839  -16.112 0.0000000000
75024  -32.129  -7.356  -16.389 0.0000000000
75910  -32.136  -6.749  -16.792 0.0000000000
76742  -35.062  -5.992  -10.122 0.0000000000
77613  -34.593  -4.603  -11.672 0.0000000000
77656  -33.958  -4.399  -17.323 0.0000000000
77665  -33.110  -4.318  -17.915 0.0000000000
79253  -33.301  -2.968  -17.946 0.0000000000
81718  -34.388  0.373  -15.911 0.0000000000
81753  -34.557  0.789  -18.394 0.0000000000
81765  -32.577  0.302  -20.077 0.0000000000
82655  -34.461  1.417  -16.766 0.0000000000
83571  -34.166  2.842  -19.971 0.0000000000
88387  -32.858  8.002  -21.480 0.0000000000
89668  -30.134  10.774  -23.344 0.0000000000
90977  -28.789  12.560  -22.308 0.0000000000
122260  -31.173  -13.238  -11.276 0.0000000000
123399  -30.588  10.551  -23.323 0.0000000000
131678  -33.373  -4.820  -17.674 0.0000000000
138539  -34.610  1.816  -17.355 0.0000000000
138657  -32.094  -6.200  -17.231 0.0000000000
144068  -33.310  -6.658  -15.536 0.0000000000
144354  -35.012  6.079  -18.671 0.0000000000
144423  -34.480  4.841  -17.370 0.0000000000
