#!ascii label  , from subject sub-v1s22x0050442_ses-1 vox2ras=TkReg
2005
34663  49.550  -45.791  -5.925 0.6000000238
32958  49.184  -47.306  -4.188 0.5000000000
35418  47.108  -43.805  -5.144 0.6999999881
36183  47.682  -43.356  -5.640 0.6000000238
36974  48.261  -42.861  -6.157 0.6000000238
37908  46.997  -42.001  -5.247 0.6000000238
34654  48.227  -45.856  -5.003 0.6999999881
34665  47.923  -45.095  -5.358 0.6000000238
35417  48.509  -44.695  -5.920 0.5000000000
36182  48.385  -43.819  -6.107 0.5000000000
36192  49.059  -43.265  -6.631 0.5000000000
36962  48.251  -41.902  -6.144 0.6000000238
37907  47.659  -41.291  -5.620 0.6000000238
33853  48.664  -46.567  -4.588 0.5000000000
33866  49.052  -46.211  -5.307 0.5000000000
34675  49.174  -45.146  -6.197 0.6000000238
32057  50.449  -48.927  -3.386 0.5000000000
32052  49.957  -49.252  -2.613 0.5000000000
37876  44.477  -41.845  -3.282 0.6000000238
37884  45.018  -41.621  -3.685 0.6999999881
35394  46.173  -44.648  -3.890 0.6000000238
35408  45.940  -43.842  -4.164 0.6999999881
36172  45.793  -42.892  -4.295 0.6000000238
127453  45.975  -42.000  -4.471 0.6000000238
137082  46.497  -41.772  -4.844 0.6000000238
34656  46.811  -45.014  -4.275 0.6000000238
35406  47.268  -44.643  -4.941 0.6999999881
38907  46.830  -41.130  -5.119 0.6000000238
33845  48.326  -46.920  -3.848 0.5000000000
34646  47.070  -45.777  -3.792 0.5000000000
38906  47.371  -40.348  -5.259 0.6000000238
32948  49.807  -48.063  -3.774 0.5000000000
144293  47.771  -39.725  -5.433 0.6000000238
32939  49.454  -48.357  -3.003 0.5000000000
39859  47.738  -39.141  -5.442 0.6000000238
40788  46.815  -38.498  -5.345 0.6999999881
40786  48.267  -38.953  -6.061 0.6000000238
40796  46.951  -38.300  -6.356 0.6999999881
40795  47.895  -38.491  -6.588 0.6000000238
41550  47.215  -37.945  -7.359 0.6000000238
41570  46.877  -36.814  -9.135 0.6000000238
41558  47.447  -37.528  -8.489 0.6000000238
39909  40.556  -39.966  -9.457 0.5000000000
135425  38.711  -40.475  -8.810 0.6999999881
39897  39.804  -40.308  -9.222 0.6000000238
39898  37.526  -40.042  -8.294 0.8000000119
38956  37.872  -40.921  -8.843 0.6999999881
133735  43.919  -41.542  -2.858 0.6000000238
38882  43.947  -40.523  -2.865 0.6999999881
36163  45.325  -43.496  -3.723 0.6999999881
138632  45.215  -42.822  -3.778 0.6999999881
139462  44.071  -42.663  -2.805 0.6000000238
137814  45.184  -40.848  -3.813 0.6999999881
144298  44.922  -40.445  -3.555 0.6999999881
140352  46.452  -45.266  -3.651 0.6000000238
35396  44.875  -43.950  -3.097 0.6000000238
123758  44.659  -39.946  -3.273 0.8000000119
34637  45.959  -45.754  -2.431 0.5000000000
34647  46.456  -45.745  -3.106 0.5000000000
39843  45.527  -39.134  -3.594 0.8000000119
39851  46.019  -39.607  -4.106 0.6000000238
33838  47.338  -46.726  -2.586 0.5000000000
33847  46.979  -46.220  -3.096 0.5000000000
40769  45.414  -38.540  -3.627 0.8000000119
39850  46.688  -39.197  -4.449 0.6000000238
32053  49.085  -48.649  -2.223 0.5000000000
40778  45.926  -38.438  -4.316 0.8000000119
40789  46.031  -38.230  -5.160 0.8000000119
40776  47.118  -38.853  -4.882 0.6999999881
41552  45.727  -37.170  -6.676 0.6999999881
41542  46.161  -38.022  -6.088 0.6999999881
42319  45.507  -36.379  -7.995 0.6999999881
41560  45.979  -36.784  -7.561 0.6999999881
41551  46.424  -37.607  -7.006 0.6999999881
42330  44.897  -36.403  -8.342 0.6000000238
42318  46.202  -36.672  -8.510 0.6000000238
41559  46.686  -37.166  -8.012 0.6000000238
41572  43.352  -37.180  -8.850 0.6999999881
42337  45.205  -36.937  -9.392 0.6999999881
42329  45.770  -36.628  -8.899 0.6000000238
40814  41.385  -38.604  -9.033 0.6999999881
125023  42.554  -38.835  -9.630 0.6000000238
40816  39.885  -39.318  -8.566 0.8000000119
40815  40.642  -38.976  -8.829 0.8000000119
40823  41.929  -39.170  -9.592 0.6000000238
40805  38.355  -38.621  -7.637 0.8999999762
38967  35.421  -40.974  -9.336 0.6999999881
140698  37.242  -39.011  -7.898 0.8000000119
126330  36.294  -41.449  -9.230 0.6999999881
38869  42.817  -40.613  -1.778 0.6000000238
38883  43.428  -40.100  -2.298 0.6999999881
39820  42.465  -39.295  -1.259 0.6999999881
132427  43.307  -42.070  -2.206 0.6000000238
40747  43.085  -38.748  -1.736 0.6000000238
36124  43.055  -43.658  -0.667 0.4000000060
36153  43.840  -43.634  -2.201 0.6000000238
36918  42.808  -42.473  -1.449 0.6000000238
39834  44.118  -39.529  -2.695 0.6999999881
36137  43.855  -44.332  -1.576 0.6000000238
39835  43.582  -39.174  -2.208 0.8000000119
34626  45.465  -45.725  -1.662 0.4000000060
34638  44.882  -45.145  -1.964 0.5000000000
35385  45.157  -44.705  -2.721 0.6000000238
134689  44.170  -38.743  -2.542 0.8000000119
33828  46.169  -46.213  -1.784 0.5000000000
40770  44.909  -38.065  -3.132 0.8000000119
128618  47.395  -47.035  -1.910 0.4000000060
41524  44.576  -37.712  -3.490 0.8000000119
32928  48.398  -48.070  -1.770 0.5000000000
41544  44.769  -37.312  -5.496 0.8000000119
43155  43.999  -35.568  -6.531 0.8000000119
42304  44.360  -36.456  -6.082 0.6999999881
41533  44.655  -37.605  -4.462 0.8000000119
42331  43.956  -36.396  -8.200 0.8000000119
42312  44.695  -35.908  -6.860 0.6999999881
143821  42.860  -35.808  -7.625 0.8999999762
42332  43.043  -36.525  -8.043 0.8999999762
130083  44.257  -35.787  -7.493 0.6999999881
41574  41.594  -37.578  -8.401 0.8999999762
41571  44.267  -37.019  -9.131 0.6999999881
41585  42.123  -38.284  -9.183 0.6000000238
40804  39.259  -38.738  -7.837 0.8999999762
40803  39.927  -38.382  -7.888 0.8999999762
39912  34.930  -39.763  -9.456 0.8000000119
39900  34.485  -39.911  -8.918 0.8000000119
39911  35.596  -39.750  -9.211 0.8000000119
38968  34.908  -40.436  -9.352 0.8000000119
40817  36.208  -39.000  -8.672 0.8000000119
39899  36.593  -39.838  -8.498 0.6999999881
38870  42.408  -40.179  -1.264 0.6999999881
130180  41.944  -38.956  -0.695 0.6000000238
139381  42.746  -41.563  -1.653 0.6000000238
38856  42.049  -40.576  -0.746 0.5000000000
40734  41.840  -37.967  -0.722 0.6999999881
36906  42.412  -42.589  0.018 0.4000000060
37847  42.128  -41.850  0.048 0.5000000000
37863  42.385  -41.971  -0.754 0.6000000238
35370  43.501  -44.233  -0.982 0.5000000000
41497  43.121  -37.931  -1.827 0.6999999881
35343  44.266  -44.643  0.469 0.5000000000
123457  44.365  -44.871  -1.555 0.6000000238
34610  45.572  -45.789  -0.302 0.4000000060
34611  44.590  -45.238  -0.426 0.4000000060
42290  42.503  -36.657  -3.573 0.8000000119
41525  43.854  -37.458  -3.241 0.8000000119
33817  46.333  -46.316  -0.620 0.4000000060
42289  43.137  -37.080  -3.916 0.8000000119
41534  43.869  -37.369  -4.218 0.8000000119
41523  45.217  -37.998  -3.826 0.8000000119
32929  47.767  -47.527  -1.460 0.3000000119
43156  42.931  -34.911  -5.903 0.8000000119
43147  42.215  -35.555  -4.966 0.8000000119
42296  43.309  -36.757  -4.864 0.8000000119
141847  42.900  -34.667  -6.360 0.8000000119
42305  43.676  -36.170  -5.720 0.8000000119
42322  42.313  -35.369  -7.458 0.8999999762
42321  43.573  -35.692  -7.575 0.8999999762
42323  41.300  -35.838  -7.508 0.8999999762
42333  42.058  -36.495  -7.866 0.8999999762
42324  40.248  -36.203  -7.439 0.8999999762
41561  40.961  -36.902  -7.701 0.8999999762
41562  39.883  -37.275  -7.478 0.8999999762
40827  34.423  -39.186  -9.044 0.8000000119
130539  34.415  -39.206  -8.601 0.8000000119
133571  39.092  -37.979  -7.432 0.8999999762
144026  38.304  -37.753  -7.402 0.8999999762
40825  35.286  -38.856  -9.486 0.8000000119
41564  37.096  -37.449  -7.841 0.8000000119
39795  41.234  -39.406  0.849 0.6000000238
39806  41.505  -39.641  -0.094 0.6000000238
41470  41.134  -37.894  0.053 0.6000000238
128413  41.419  -40.095  1.412 0.6000000238
37824  42.496  -41.773  1.649 0.4000000060
36893  42.292  -42.120  0.814 0.4000000060
132545  41.985  -41.223  -0.378 0.5000000000
36104  42.804  -43.100  0.630 0.4000000060
41498  42.404  -37.548  -1.497 0.6999999881
142291  43.713  -43.643  1.088 0.5000000000
129376  43.344  -43.237  1.177 0.4000000060
42263  42.112  -36.839  -1.889 0.6999999881
35329  44.095  -44.128  0.970 0.5000000000
43131  40.669  -35.587  -2.725 0.8000000119
42279  42.328  -36.745  -2.702 0.8000000119
44014  41.550  -34.949  -4.944 0.8000000119
42291  41.824  -36.236  -3.369 0.8000000119
44024  41.776  -34.091  -5.619 0.8000000119
44915  41.903  -33.796  -6.818 0.8999999762
44030  43.162  -34.794  -7.030 0.8999999762
125022  41.568  -33.556  -7.218 0.8999999762
136691  39.416  -36.408  -7.320 0.8999999762
128435  38.772  -36.016  -7.347 1.0000000000
41587  34.812  -38.257  -9.783 0.8000000119
124941  38.013  -36.419  -7.487 1.0000000000
40826  34.688  -39.094  -9.360 0.8000000119
42326  37.215  -36.753  -7.959 1.0000000000
125921  36.587  -37.287  -8.778 0.8000000119
137742  36.164  -37.488  -9.848 0.8000000119
40724  40.928  -38.522  0.810 0.6000000238
41471  40.494  -37.618  0.864 0.6000000238
39785  41.290  -39.542  1.823 0.6000000238
42242  40.184  -36.689  0.437 0.6999999881
37801  42.680  -41.313  2.235 0.4000000060
38833  42.055  -41.100  1.941 0.4000000060
38834  41.631  -40.819  1.394 0.4000000060
37823  43.101  -42.017  1.969 0.4000000060
42253  41.090  -36.748  -0.854 0.6999999881
36875  44.538  -42.534  1.780 0.5000000000
37800  43.447  -41.350  2.354 0.4000000060
42264  41.389  -36.459  -1.599 0.8000000119
43141  41.245  -35.793  -3.249 0.8000000119
43118  40.342  -35.671  -2.001 0.8000000119
44015  41.025  -34.330  -4.790 0.8000000119
139571  41.474  -35.604  -4.108 0.8000000119
44025  41.048  -33.511  -5.302 0.8000000119
43157  42.191  -34.778  -5.586 0.8000000119
44909  42.034  -33.819  -6.350 0.8999999762
43175  40.557  -35.177  -7.451 0.8999999762
44921  41.647  -33.019  -7.104 0.8999999762
44040  39.671  -34.584  -7.525 1.0000000000
43177  38.820  -35.155  -7.448 1.0000000000
44042  38.133  -34.772  -7.980 1.0000000000
41593  35.910  -37.244  -10.261 0.8000000119
40818  34.054  -38.326  -8.775 0.8000000119
43178  37.595  -35.325  -8.246 1.0000000000
42338  36.442  -36.778  -9.914 0.8000000119
136992  36.852  -36.398  -8.878 0.8000000119
140967  41.120  -38.856  2.187 0.6000000238
40709  41.029  -38.946  1.455 0.6000000238
41456  40.361  -37.545  1.854 0.6000000238
42254  40.397  -36.447  -0.454 0.6999999881
43108  39.080  -35.603  0.280 0.6999999881
138168  42.667  -40.133  2.806 0.4000000060
39769  42.114  -39.889  2.783 0.5000000000
39770  41.598  -39.438  2.576 0.5000000000
122948  39.335  -35.517  -0.592 0.8000000119
42265  40.560  -36.108  -1.324 0.8000000119
38816  44.836  -40.325  2.370 0.4000000060
38817  43.883  -40.561  2.572 0.4000000060
43997  40.141  -34.864  -3.211 0.8000000119
43132  39.889  -35.184  -2.390 0.8000000119
44007  40.449  -34.589  -4.048 0.8000000119
44916  41.753  -33.127  -6.655 0.8999999762
45764  41.181  -32.061  -6.312 0.8000000119
122925  40.067  -33.690  -7.666 1.0000000000
44923  39.272  -33.853  -7.918 1.0000000000
44926  40.715  -32.529  -7.991 1.0000000000
138392  38.906  -33.294  -8.538 1.0000000000
44051  37.736  -34.837  -10.616 1.0000000000
42341  36.093  -36.652  -10.342 0.8999999762
41588  34.271  -37.472  -9.598 0.8000000119
42339  33.909  -36.567  -9.576 0.8999999762
43187  36.522  -35.978  -10.292 1.0000000000
121597  36.356  -35.466  -10.504 1.0000000000
43189  34.871  -36.337  -10.173 1.0000000000
140961  38.725  -33.707  -11.256 1.0000000000
44933  38.246  -34.207  -11.412 1.0000000000
44934  37.757  -34.110  -11.455 1.0000000000
46806  40.180  -32.470  -12.309 1.0000000000
45793  38.602  -33.671  -11.500 1.0000000000
42231  40.030  -36.794  2.118 0.6999999881
42232  39.522  -36.214  1.585 0.6999999881
43087  39.153  -35.594  1.803 0.6999999881
41443  41.174  -37.736  3.169 0.6000000238
41444  40.535  -37.323  2.676 0.6000000238
42243  39.516  -36.196  0.820 0.6999999881
40678  41.495  -38.618  3.004 0.6000000238
39746  42.697  -39.402  3.208 0.5000000000
43109  38.598  -35.074  -0.271 0.8000000119
39767  44.290  -39.735  2.735 0.4000000060
43120  38.909  -34.974  -1.151 0.8000000119
43999  38.832  -34.094  -2.324 0.8000000119
43998  39.469  -34.439  -2.768 0.8000000119
44902  39.706  -33.388  -4.321 0.8000000119
44894  39.704  -34.020  -3.681 0.8000000119
45756  41.015  -32.591  -5.731 0.6999999881
45746  40.205  -33.087  -4.991 0.8000000119
46773  41.465  -31.969  -6.910 0.8999999762
46775  40.258  -31.055  -6.112 0.8000000119
45771  41.321  -32.455  -7.509 0.8999999762
46774  41.012  -31.457  -6.544 1.0000000000
46786  41.324  -31.287  -7.341 1.0000000000
45776  40.267  -32.329  -8.658 1.0000000000
46789  41.357  -31.424  -8.130 1.0000000000
47810  41.435  -30.902  -8.720 1.0000000000
45777  39.101  -32.691  -9.080 1.0000000000
46790  41.335  -31.335  -9.128 1.0000000000
45781  39.909  -32.151  -9.553 1.0000000000
46800  40.722  -31.795  -11.160 1.0000000000
140206  39.453  -33.006  -11.488 1.0000000000
44060  35.180  -35.510  -10.209 1.0000000000
45791  40.127  -32.639  -11.823 1.0000000000
141527  37.423  -34.486  -11.282 1.0000000000
44935  36.871  -34.001  -11.111 1.0000000000
45789  37.027  -32.939  -11.025 1.0000000000
46807  39.314  -32.394  -12.214 1.0000000000
46808  38.681  -32.954  -11.792 1.0000000000
42217  39.694  -36.095  2.315 0.6999999881
43097  38.957  -35.681  1.093 0.6999999881
42204  41.511  -36.419  3.812 0.5000000000
42216  40.270  -36.562  2.863 0.6999999881
43098  38.474  -35.130  0.595 0.6999999881
41434  41.678  -37.273  3.710 0.6000000238
40676  43.170  -38.490  3.529 0.5000000000
41433  42.572  -37.660  3.773 0.5000000000
135804  38.230  -34.458  -0.809 0.8000000119
43985  38.563  -34.331  -1.609 0.8000000119
127048  38.338  -33.762  -1.941 0.6999999881
44895  38.574  -33.152  -3.108 0.8000000119
45748  38.757  -32.307  -4.142 0.8000000119
45739  39.042  -33.150  -3.777 0.8000000119
46763  39.739  -31.466  -5.472 0.6999999881
46747  39.238  -31.895  -4.802 0.6999999881
47791  39.854  -30.349  -6.418 0.8999999762
48656  39.106  -29.897  -5.982 0.8000000119
48674  38.737  -29.082  -6.294 0.8000000119
49561  38.570  -28.359  -6.806 0.8000000119
47804  40.237  -30.100  -7.164 0.8999999762
48673  39.455  -29.629  -6.747 0.8000000119
48683  39.094  -28.935  -7.152 0.8000000119
133891  41.182  -30.556  -8.155 1.0000000000
136970  39.739  -29.458  -7.543 0.8999999762
49560  39.357  -28.808  -7.938 0.8999999762
49567  38.807  -28.236  -7.590 0.8000000119
48682  40.566  -29.962  -8.007 0.8999999762
47817  41.387  -30.276  -9.327 1.0000000000
46799  41.391  -31.169  -10.428 1.0000000000
45782  39.232  -32.786  -10.356 1.0000000000
46804  41.527  -31.356  -11.634 1.0000000000
46805  40.880  -32.036  -12.190 1.0000000000
45790  36.072  -33.058  -10.403 1.0000000000
47831  42.125  -30.678  -12.122 1.0000000000
46809  40.846  -31.862  -12.786 1.0000000000
46801  37.651  -32.311  -11.427 1.0000000000
47836  42.106  -30.742  -12.906 1.0000000000
48714  41.915  -30.526  -13.226 1.0000000000
48710  39.725  -30.560  -12.698 1.0000000000
132374  41.214  -34.730  3.543 0.6999999881
138120  40.538  -34.623  3.310 0.6999999881
43075  39.495  -35.329  2.482 0.6999999881
43076  38.975  -34.990  2.074 0.6999999881
43955  38.212  -34.230  1.398 0.6999999881
43934  42.004  -34.963  3.723 0.6000000238
43967  37.823  -34.016  0.836 0.6999999881
42203  42.377  -36.660  3.956 0.5000000000
135101  37.667  -33.743  0.247 0.6999999881
42202  43.310  -36.827  3.842 0.5000000000
44865  37.737  -33.818  -0.488 0.8000000119
44876  37.598  -33.125  -0.995 0.6999999881
46725  37.908  -31.997  -2.933 0.6999999881
45725  37.868  -33.126  -1.890 0.6999999881
46735  38.235  -31.791  -3.675 0.6999999881
46748  38.599  -31.471  -4.336 0.6999999881
47778  39.454  -30.671  -5.698 0.6999999881
46764  39.031  -31.045  -4.988 0.6999999881
48657  38.413  -29.406  -5.478 0.8000000119
49525  37.675  -28.437  -4.321 0.8000000119
49540  37.708  -27.799  -4.981 0.8000000119
49539  37.972  -28.582  -5.324 0.8000000119
50546  37.761  -27.151  -6.133 0.8000000119
51518  37.818  -27.026  -7.144 0.8000000119
49566  39.632  -28.720  -8.813 1.0000000000
143111  39.038  -28.194  -8.310 0.8999999762
50558  38.376  -27.422  -8.172 0.8000000119
49573  39.711  -28.248  -9.461 1.0000000000
50564  38.589  -27.084  -9.045 0.8000000119
48693  41.710  -30.241  -10.256 1.0000000000
49572  40.326  -28.855  -9.590 1.0000000000
47824  41.777  -30.734  -10.928 1.0000000000
48699  42.026  -30.126  -11.234 1.0000000000
49587  42.580  -28.929  -12.308 1.0000000000
47825  37.325  -31.098  -11.082 1.0000000000
123889  36.055  -32.115  -10.299 1.0000000000
49586  42.813  -29.246  -12.808 1.0000000000
48718  42.352  -29.718  -13.258 1.0000000000
123074  41.164  -30.675  -13.258 1.0000000000
47834  38.900  -31.219  -12.169 1.0000000000
49598  41.943  -29.073  -13.525 1.0000000000
43935  40.102  -34.170  3.081 0.6999999881
44834  39.663  -33.562  2.740 0.6999999881
45668  38.383  -32.944  1.925 0.6000000238
45692  37.782  -32.697  1.307 0.6000000238
137531  37.491  -33.006  -0.027 0.6000000238
45714  37.440  -32.287  -0.646 0.6999999881
46726  37.494  -31.350  -2.365 0.6999999881
144262  37.542  -32.485  -1.417 0.6999999881
46736  37.750  -31.212  -3.250 0.6999999881
47750  38.115  -31.121  -3.895 0.6999999881
48628  37.676  -29.209  -4.005 0.8000000119
47764  38.337  -30.585  -4.457 0.6999999881
48641  37.912  -29.241  -4.726 0.8000000119
51508  37.623  -26.654  -5.526 0.8000000119
51519  37.585  -26.267  -6.368 0.8000000119
51532  38.243  -26.639  -8.682 0.8000000119
129803  39.158  -27.021  -9.744 0.8000000119
51539  38.581  -26.373  -9.329 0.8000000119
50568  40.682  -27.993  -10.730 1.0000000000
50569  40.059  -27.341  -10.398 1.0000000000
51538  39.075  -26.160  -10.015 0.6999999881
128921  41.000  -27.528  -11.223 1.0000000000
51543  40.480  -26.589  -10.932 0.8999999762
50576  42.139  -27.991  -12.114 1.0000000000
50575  43.148  -28.385  -12.844 1.0000000000
51549  43.228  -27.479  -12.646 1.0000000000
46803  36.050  -31.302  -9.997 1.0000000000
49592  43.130  -28.557  -12.998 1.0000000000
49597  42.845  -28.737  -13.296 1.0000000000
122710  38.777  -29.915  -11.965 1.0000000000
47835  38.008  -30.517  -11.464 1.0000000000
48716  40.411  -30.143  -13.055 1.0000000000
44835  38.897  -33.645  2.306 0.6999999881
46694  37.356  -31.439  -0.310 0.6000000238
47720  37.308  -30.602  -1.676 0.6999999881
47736  37.439  -30.368  -2.733 0.6999999881
131390  37.574  -29.698  -3.443 0.6999999881
49508  37.475  -28.753  -3.264 0.8000000119
126076  37.592  -27.629  -4.305 0.6999999881
50522  37.586  -27.003  -4.743 0.6999999881
52418  37.481  -25.439  -6.867 0.6999999881
52417  37.668  -25.392  -7.858 0.6999999881
52422  38.110  -25.841  -8.741 0.6999999881
136857  39.129  -25.534  -10.237 0.8000000119
52429  38.556  -25.466  -9.608 0.6999999881
51550  41.667  -27.037  -11.695 1.0000000000
122067  42.375  -26.353  -11.796 1.0000000000
47826  36.452  -30.607  -10.271 1.0000000000
50581  43.516  -27.932  -13.186 1.0000000000
49593  41.038  -28.684  -13.370 1.0000000000
45691  38.876  -32.208  2.011 0.6000000238
129138  38.118  -32.056  1.560 0.6000000238
46657  37.607  -31.950  1.007 0.6000000238
47674  37.932  -31.143  1.172 0.6000000238
46675  37.511  -31.292  0.486 0.6000000238
124279  37.369  -30.762  0.006 0.6000000238
48602  37.290  -29.907  -0.997 0.6000000238
120493  37.264  -29.670  -1.874 0.6000000238
49501  37.238  -28.670  -2.111 0.6999999881
50503  37.517  -27.079  -3.866 0.6999999881
51500  37.546  -26.176  -4.923 0.6999999881
135432  37.555  -25.989  -5.599 0.6999999881
53294  37.457  -24.687  -6.419 0.6999999881
53304  37.538  -24.747  -7.196 0.6999999881
53303  37.688  -24.347  -7.848 0.6999999881
58913  40.550  -18.044  -4.196 0.3000000119
53319  38.439  -24.659  -9.647 0.6999999881
53312  38.024  -24.781  -8.827 0.6999999881
59917  40.897  -17.363  -4.596 0.3000000119
121655  39.615  -25.204  -10.641 0.8000000119
45773  31.155  -33.080  -8.434 0.8999999762
136621  41.208  -26.179  -11.371 1.0000000000
140867  32.626  -32.183  -9.433 1.0000000000
47827  35.583  -30.681  -9.681 1.0000000000
46795  34.255  -31.451  -9.396 1.0000000000
51555  43.893  -27.206  -13.476 1.0000000000
50586  40.738  -27.827  -13.457 1.0000000000
127129  41.986  -28.224  -13.827 1.0000000000
48717  39.512  -29.416  -12.572 1.0000000000
48711  37.683  -29.505  -11.415 1.0000000000
141668  40.158  -28.247  -13.119 1.0000000000
46656  38.735  -31.421  1.635 0.6000000238
141677  38.637  -30.715  1.379 0.6000000238
47673  38.229  -30.234  0.999 0.6000000238
48575  37.874  -29.673  0.449 0.6000000238
131472  38.264  -28.886  0.438 0.6000000238
49475  37.625  -28.267  -0.621 0.6999999881
50462  37.558  -27.589  -1.028 0.6999999881
120517  37.300  -29.033  -1.071 0.6000000238
50475  37.338  -27.615  -1.914 0.6999999881
137942  42.189  -26.118  -0.893 0.3000000119
53203  41.296  -24.735  -0.653 0.3000000119
50489  37.439  -27.126  -2.898 0.6999999881
51485  37.525  -26.361  -4.147 0.6999999881
53284  37.485  -24.686  -5.542 0.6999999881
58899  40.367  -18.831  -3.692 0.3000000119
58914  39.591  -18.494  -4.398 0.4000000060
59918  39.974  -17.633  -4.751 0.4000000060
59935  39.590  -17.347  -5.503 0.4000000060
45765  32.909  -32.743  -6.880 0.6999999881
130734  32.436  -32.137  -7.202 0.6999999881
62821  39.700  -14.864  -8.525 0.3000000119
59934  40.393  -16.984  -5.163 0.3000000119
53326  38.697  -24.140  -10.099 0.6999999881
45779  30.605  -32.378  -9.149 0.8999999762
62805  39.970  -14.928  -7.740 0.3000000119
60950  39.977  -16.658  -5.818 0.3000000119
53324  40.281  -24.806  -11.078 0.8000000119
46797  31.928  -31.638  -9.564 0.8999999762
61942  39.804  -15.525  -7.203 0.3000000119
60969  39.675  -16.267  -6.624 0.3000000119
52444  41.400  -25.352  -11.398 0.8000000119
52449  43.799  -25.522  -12.525 1.0000000000
131793  35.822  -29.822  -9.970 1.0000000000
51560  44.154  -26.753  -13.820 1.0000000000
137410  38.061  -28.944  -11.841 1.0000000000
48712  36.878  -29.191  -11.127 1.0000000000
119774  42.417  -27.383  -13.979 1.0000000000
49595  38.669  -28.749  -12.282 1.0000000000
50587  40.418  -26.952  -13.393 1.0000000000
50582  39.763  -27.517  -13.066 1.0000000000
51556  39.401  -26.576  -12.954 1.0000000000
50446  38.494  -27.430  0.133 0.6999999881
50461  37.912  -27.513  -0.366 0.6999999881
51433  41.327  -26.395  -0.415 0.3000000119
119713  40.682  -25.825  -0.280 0.4000000060
138590  37.553  -27.034  -1.372 0.6999999881
51454  37.486  -26.689  -1.998 0.6999999881
51470  37.517  -26.210  -2.736 0.6999999881
53204  40.555  -24.595  -0.559 0.4000000060
53273  37.561  -24.723  -4.634 0.6999999881
54091  41.007  -23.860  -0.765 0.3000000119
54092  40.104  -23.955  -0.752 0.5000000000
54170  37.579  -23.913  -5.038 0.6999999881
54184  37.440  -23.922  -5.964 0.6999999881
54108  40.385  -23.182  -1.037 0.5000000000
53293  37.522  -23.937  -6.937 0.6999999881
56916  39.856  -20.703  -2.623 0.4000000060
56931  38.691  -20.729  -3.674 0.6000000238
56940  38.991  -19.862  -3.965 0.5000000000
54194  37.654  -23.490  -7.675 0.6999999881
56929  40.208  -20.031  -2.977 0.3000000119
54200  37.853  -23.769  -8.543 0.6999999881
61023  39.559  -16.463  -10.615 0.4000000060
57911  38.846  -18.881  -5.034 0.4000000060
131676  38.198  -23.985  -9.398 0.6999999881
46777  33.064  -31.213  -6.730 0.6999999881
135947  39.755  -15.579  -10.788 0.4000000060
58930  39.192  -18.073  -5.184 0.4000000060
58947  38.951  -17.838  -6.000 0.4000000060
46776  33.464  -31.088  -5.733 0.6000000238
62840  39.628  -14.835  -9.386 0.3000000119
61970  39.382  -15.680  -8.938 0.3000000119
61981  39.521  -15.655  -9.920 0.4000000060
121043  39.280  -17.083  -6.289 0.4000000060
59953  38.809  -17.727  -6.881 0.4000000060
53325  39.437  -24.386  -10.624 0.6999999881
125125  39.166  -23.398  -10.523 0.6999999881
130113  31.353  -32.392  -7.987 0.6999999881
61000  39.254  -16.519  -8.870 0.4000000060
59966  39.044  -16.938  -7.199 0.4000000060
59967  38.786  -17.706  -7.823 0.4000000060
54213  40.081  -23.885  -11.113 0.8000000119
61954  39.497  -15.506  -8.018 0.3000000119
60985  39.310  -16.182  -7.568 0.3000000119
59985  39.070  -16.937  -8.237 0.4000000060
53338  40.993  -24.354  -11.439 0.8000000119
48695  34.713  -30.088  -9.613 1.0000000000
54225  42.719  -24.134  -11.945 0.8999999762
51554  44.283  -26.243  -13.471 1.0000000000
49596  38.504  -27.954  -12.497 1.0000000000
51562  41.330  -26.524  -13.884 1.0000000000
51561  42.504  -26.557  -14.169 1.0000000000
50583  38.900  -27.339  -12.716 1.0000000000
50584  38.005  -27.254  -12.363 1.0000000000
141640  38.942  -26.104  -12.774 1.0000000000
51557  38.605  -26.531  -12.621 1.0000000000
49458  38.881  -28.166  0.492 0.6000000238
51423  39.010  -26.691  0.096 0.6000000238
51436  38.715  -25.970  -0.401 0.6000000238
139589  38.052  -26.310  -0.714 0.6999999881
51434  40.498  -26.592  -0.010 0.5000000000
51435  39.737  -26.027  -0.072 0.6000000238
52343  37.690  -25.848  -1.907 0.6999999881
52326  40.178  -25.263  -0.365 0.5000000000
53205  39.773  -24.690  -0.608 0.4000000060
52360  37.624  -25.331  -2.665 0.6999999881
53243  37.616  -24.802  -3.565 0.6999999881
53224  39.304  -24.245  -0.938 0.6000000238
53242  37.838  -24.453  -2.560 0.6999999881
54109  39.460  -23.433  -1.250 0.6000000238
54160  37.655  -23.914  -4.088 0.6999999881
55077  39.388  -22.076  -1.926 0.6000000238
56019  38.916  -21.776  -2.561 0.6000000238
54169  37.569  -23.132  -5.462 0.6999999881
137959  37.509  -23.201  -6.351 0.6999999881
56033  39.083  -21.035  -2.897 0.5000000000
56941  38.487  -20.482  -4.427 0.6000000238
56045  38.111  -21.341  -4.424 0.6000000238
141092  37.542  -23.199  -7.036 0.6000000238
60009  40.191  -17.371  -11.864 0.4000000060
140518  39.077  -19.227  -4.433 0.4000000060
57912  38.559  -19.807  -4.945 0.4000000060
56954  38.168  -20.738  -5.251 0.5000000000
56055  37.826  -21.598  -5.543 0.6000000238
131451  37.780  -22.920  -8.227 0.6999999881
61029  40.092  -16.407  -11.630 0.4000000060
57926  38.478  -19.368  -5.775 0.5000000000
54206  38.067  -23.058  -9.194 0.6999999881
134975  39.368  -16.513  -9.650 0.4000000060
61030  39.667  -17.259  -11.205 0.5000000000
138762  38.461  -19.054  -6.378 0.4000000060
57943  38.395  -19.149  -7.107 0.4000000060
54214  38.464  -23.462  -9.877 0.6999999881
46791  30.173  -31.765  -8.990 0.8999999762
46788  30.864  -31.750  -8.375 0.6999999881
135621  39.265  -16.143  -8.305 0.4000000060
58982  38.894  -17.745  -8.642 0.4000000060
54226  40.872  -23.480  -11.526 0.6999999881
54227  39.962  -22.851  -11.214 0.6999999881
59994  39.172  -17.332  -9.268 0.4000000060
47820  32.622  -30.834  -9.633 0.8999999762
53341  43.829  -24.610  -12.544 0.8999999762
48696  33.401  -30.054  -9.735 0.8999999762
125391  37.203  -28.550  -11.606 1.0000000000
137748  35.016  -29.350  -10.001 1.0000000000
141734  43.873  -25.884  -14.068 1.0000000000
48702  36.360  -29.392  -10.569 1.0000000000
52454  41.476  -25.638  -14.173 1.0000000000
131825  36.587  -27.934  -11.497 1.0000000000
48703  35.604  -28.975  -10.411 1.0000000000
132195  40.695  -25.540  -13.698 1.0000000000
53348  39.105  -23.833  -13.031 0.8999999762
53347  39.705  -24.130  -13.357 1.0000000000
52450  39.301  -25.681  -12.950 1.0000000000
125615  37.211  -26.787  -12.006 1.0000000000
53342  39.030  -24.741  -12.894 1.0000000000
52452  37.909  -25.564  -12.257 1.0000000000
51551  37.304  -25.908  -11.939 0.8999999762
53343  38.509  -24.050  -12.636 1.0000000000
52445  37.502  -25.072  -11.960 0.8999999762
52328  38.746  -25.265  -0.744 0.6000000238
53225  38.578  -24.704  -1.181 0.6999999881
52359  37.918  -24.980  -1.819 0.6999999881
124127  38.856  -23.998  -1.378 0.6999999881
53260  37.822  -23.857  -3.180 0.6999999881
54128  38.539  -22.981  -2.327 0.6000000238
55094  38.323  -22.439  -2.959 0.6000000238
54159  37.680  -23.093  -4.511 0.6999999881
55106  37.933  -22.271  -3.943 0.6999999881
55117  37.744  -22.291  -4.968 0.6000000238
129253  37.613  -22.433  -5.924 0.6000000238
55131  37.688  -21.863  -6.472 0.6000000238
129997  41.668  -17.320  -12.615 0.3000000119
56034  38.458  -21.561  -3.371 0.6000000238
143729  37.633  -22.147  -7.142 0.6000000238
59022  40.875  -18.093  -12.280 0.4000000060
60012  42.093  -18.093  -12.674 0.4000000060
56071  37.928  -21.041  -6.242 0.6000000238
56077  37.833  -21.418  -7.235 0.6000000238
56986  38.117  -20.490  -6.980 0.5000000000
55154  37.954  -22.245  -8.660 0.6000000238
132085  38.298  -19.881  -7.409 0.4000000060
55162  38.248  -22.272  -9.394 0.6000000238
59011  39.954  -18.051  -11.569 0.5000000000
58995  38.614  -19.179  -9.110 0.4000000060
57962  38.414  -19.336  -8.085 0.4000000060
55169  38.541  -22.717  -9.983 0.6000000238
125247  39.513  -17.917  -10.926 0.5000000000
58994  38.935  -18.279  -9.376 0.4000000060
59008  39.275  -18.317  -10.313 0.4000000060
57972  38.964  -19.095  -9.981 0.4000000060
46798  30.662  -31.773  -9.545 0.8999999762
54230  41.980  -23.153  -12.065 0.8999999762
135946  41.665  -23.949  -11.709 0.8000000119
48697  31.840  -30.166  -10.021 0.8999999762
140823  33.716  -28.714  -10.238 0.8999999762
48704  34.112  -29.326  -9.938 0.8999999762
133508  43.196  -25.490  -14.149 1.0000000000
52455  39.887  -25.087  -13.338 1.0000000000
49591  35.922  -27.696  -11.199 1.0000000000
50578  36.492  -27.223  -11.621 0.8999999762
143100  37.488  -23.729  -11.892 1.0000000000
123615  36.945  -24.380  -11.460 1.0000000000
52446  36.762  -25.368  -11.474 0.8999999762
54228  36.916  -23.414  -11.413 1.0000000000
137826  36.341  -23.854  -10.870 0.8999999762
121537  38.193  -23.685  -2.417 0.6999999881
62004  42.157  -16.031  -13.277 0.3000000119
61033  42.426  -16.810  -12.997 0.3000000119
60011  43.282  -18.152  -13.151 0.3000000119
59021  41.681  -18.706  -12.474 0.5000000000
59020  42.611  -18.881  -12.851 0.4000000060
124031  38.299  -20.212  -8.047 0.5000000000
56995  38.274  -20.827  -8.574 0.5000000000
56100  38.245  -21.566  -9.059 0.5000000000
133268  38.459  -20.054  -8.860 0.5000000000
57006  38.572  -20.853  -9.541 0.5000000000
132823  40.301  -19.028  -11.680 0.5000000000
57973  38.683  -19.922  -9.765 0.5000000000
55168  39.159  -22.358  -10.626 0.6000000238
140533  39.735  -19.099  -11.213 0.5000000000
131990  39.401  -19.100  -10.740 0.5000000000
141753  40.850  -22.738  -11.622 0.6999999881
57983  41.086  -19.858  -12.042 0.5000000000
141223  40.362  -19.759  -11.643 0.5000000000
55178  41.316  -22.178  -11.833 0.6000000238
54229  43.460  -23.610  -12.416 0.8999999762
53345  43.997  -24.627  -13.537 0.8999999762
53340  44.222  -24.830  -13.116 0.8999999762
54237  42.691  -24.024  -14.370 0.8999999762
54235  39.452  -23.257  -13.372 0.8999999762
54234  40.133  -23.549  -13.681 0.8999999762
53346  40.608  -24.601  -13.821 0.8999999762
53351  41.489  -24.774  -14.447 1.0000000000
50570  35.165  -27.425  -10.923 0.8999999762
49580  35.412  -28.165  -10.679 0.8999999762
51553  35.549  -26.283  -11.301 0.8999999762
54232  38.076  -23.500  -12.376 0.8000000119
130461  37.600  -23.007  -11.976 0.6999999881
124080  34.865  -26.646  -11.016 0.8999999762
53339  36.213  -24.867  -11.042 0.8999999762
52438  35.054  -25.862  -10.964 0.8999999762
61045  43.057  -16.360  -13.400 0.3000000119
128427  43.596  -17.140  -13.322 0.3000000119
61043  44.341  -16.767  -13.740 0.4000000060
60032  44.439  -17.058  -14.195 0.3000000119
138305  43.920  -17.848  -13.272 0.3000000119
139681  44.567  -17.867  -14.111 0.4000000060
56089  37.971  -21.491  -8.189 0.6000000238
57997  41.963  -19.432  -12.420 0.5000000000
57996  43.136  -19.765  -12.873 0.4000000060
57014  38.930  -20.628  -10.337 0.5000000000
142392  38.814  -21.169  -10.164 0.5000000000
57038  42.330  -20.334  -12.397 0.5000000000
57981  39.144  -19.825  -10.552 0.5000000000
56106  39.195  -21.406  -10.710 0.5000000000
57024  40.375  -20.480  -11.600 0.5000000000
56119  39.915  -21.324  -11.356 0.5000000000
57023  41.490  -20.825  -12.006 0.5000000000
56118  40.826  -21.395  -11.713 0.5000000000
56129  42.766  -21.362  -12.407 0.5000000000
55185  43.596  -22.234  -12.623 0.6000000238
140488  43.185  -22.851  -12.420 0.6000000238
120271  44.196  -21.842  -13.309 0.6999999881
132809  43.939  -22.893  -13.107 0.6999999881
126466  44.059  -23.902  -12.985 0.6999999881
55189  43.686  -22.913  -13.550 0.6999999881
134152  43.122  -23.373  -14.092 0.8000000119
54236  43.594  -23.916  -13.834 0.8000000119
142639  34.720  -27.876  -10.598 0.8999999762
54239  40.831  -23.885  -14.267 0.8999999762
54238  41.672  -24.044  -14.729 0.8999999762
54231  38.779  -23.099  -12.900 0.6999999881
127527  33.918  -26.607  -10.683 0.8999999762
52439  34.522  -25.473  -10.596 0.8999999762
55170  36.189  -22.944  -10.669 1.0000000000
133349  43.392  -17.707  -15.211 0.3000000119
140585  44.212  -17.803  -14.613 0.4000000060
60034  42.421  -17.441  -15.495 0.3000000119
59033  44.469  -18.464  -13.294 0.4000000060
59042  42.627  -18.269  -15.347 0.3000000119
125722  44.935  -19.269  -13.094 0.4000000060
59037  44.631  -18.636  -14.170 0.4000000060
59041  43.768  -18.502  -14.989 0.4000000060
58008  45.232  -19.858  -13.438 0.4000000060
58017  44.132  -19.350  -14.595 0.4000000060
57995  44.652  -20.020  -13.028 0.4000000060
57041  45.092  -20.508  -13.405 0.4000000060
57036  44.660  -20.954  -13.201 0.5000000000
57037  43.697  -20.715  -12.813 0.5000000000
55193  43.218  -22.632  -14.084 0.6000000238
55194  42.174  -23.266  -14.557 0.8000000119
55190  40.318  -23.078  -13.901 0.6999999881
55188  38.217  -22.735  -12.501 0.6999999881
125199  35.126  -24.322  -10.312 0.8999999762
53329  34.320  -24.724  -10.334 0.8999999762
55171  35.528  -22.264  -10.380 0.8999999762
132286  35.245  -22.983  -10.130 0.8000000119
54216  34.598  -23.694  -10.022 0.8000000119
56110  34.846  -21.687  -10.271 0.6999999881
56111  33.898  -21.511  -10.154 0.8000000119
135112  41.336  -16.881  -14.925 0.3000000119
59043  41.672  -17.820  -15.332 0.3000000119
58019  41.926  -18.803  -15.263 0.3000000119
59038  41.142  -18.419  -14.811 0.4000000060
58018  42.987  -19.156  -15.142 0.4000000060
134933  41.342  -19.142  -14.832 0.4000000060
58014  42.149  -19.734  -14.872 0.5000000000
57044  45.057  -20.533  -13.846 0.5000000000
57046  42.876  -20.703  -14.521 0.5000000000
57047  41.514  -20.571  -14.322 0.5000000000
57045  44.137  -20.750  -14.318 0.5000000000
56136  42.030  -21.416  -14.284 0.5000000000
134600  43.511  -21.649  -14.204 0.5000000000
133064  42.276  -22.317  -14.298 0.6000000238
55196  40.393  -22.568  -14.275 0.6999999881
142289  39.765  -22.560  -13.899 0.6999999881
55192  39.139  -22.440  -13.455 0.6999999881
55187  38.619  -22.027  -12.953 0.6999999881
55181  37.744  -22.051  -12.216 0.6999999881
56131  38.198  -21.380  -12.730 0.6999999881
56108  36.259  -22.013  -10.859 0.8000000119
56109  36.041  -21.239  -11.114 0.6999999881
60035  41.833  -17.058  -15.470 0.3000000119
132080  40.654  -16.681  -14.519 0.3000000119
60031  40.158  -17.361  -14.235 0.4000000060
59044  40.897  -17.520  -14.636 0.3000000119
59039  40.372  -18.188  -14.314 0.4000000060
122333  40.633  -19.009  -14.329 0.4000000060
58015  40.980  -19.774  -14.363 0.4000000060
59040  39.866  -18.911  -13.833 0.3000000119
58016  40.034  -19.784  -13.945 0.5000000000
57048  40.320  -20.530  -14.249 0.6000000238
58009  39.189  -19.877  -13.656 0.3000000119
57049  39.271  -20.656  -14.159 0.5000000000
57042  38.730  -20.855  -14.055 0.4000000060
144286  40.184  -21.872  -14.461 0.6999999881
56138  39.692  -21.310  -14.389 0.6999999881
56134  38.887  -21.405  -14.142 0.6000000238
55191  39.229  -22.148  -13.826 0.6999999881
136537  39.681  -22.805  -13.671 0.6999999881
128622  38.798  -21.645  -13.701 0.6999999881
56130  38.514  -21.189  -13.410 0.6000000238
139012  39.559  -17.322  -13.942 0.3000000119
128591  39.662  -18.022  -13.940 0.3000000119
59034  39.160  -18.733  -13.574 0.3000000119
60025  39.045  -17.802  -13.691 0.3000000119
59035  38.434  -18.461  -13.342 0.3000000119
130230  37.888  -17.817  -13.142 0.3000000119
58010  38.734  -19.438  -13.392 0.3000000119
123807  38.557  -21.054  -13.891 0.5000000000
130420  38.643  -20.378  -13.545 0.5000000000
58011  38.219  -19.602  -13.056 0.5000000000
141240  38.163  -20.142  -12.910 0.6000000238
143346  38.087  -20.647  -12.777 0.6000000238
62016  39.117  -15.216  -14.222 0.4000000060
62005  39.214  -16.087  -13.929 0.3000000119
61046  39.132  -16.950  -13.758 0.3000000119
61047  38.547  -16.555  -13.491 0.3000000119
60026  38.469  -17.432  -13.443 0.3000000119
60027  37.739  -16.992  -13.002 0.3000000119
60013  37.183  -17.707  -12.700 0.3000000119
59023  37.644  -18.502  -12.865 0.4000000060
135906  36.371  -17.573  -12.533 0.4000000060
57999  37.647  -19.881  -12.634 0.6000000238
136706  37.371  -19.148  -12.616 0.4000000060
59024  36.593  -18.389  -12.530 0.4000000060
58000  36.538  -19.360  -12.310 0.5000000000
57039  37.127  -20.278  -12.236 0.6000000238
57028  34.149  -20.080  -11.035 0.6999999881
134178  33.295  -22.230  -9.911 0.8000000119
62883  38.489  -14.866  -13.776 0.4000000060
62006  38.573  -15.704  -13.632 0.3000000119
62007  37.917  -16.104  -13.136 0.3000000119
129443  37.135  -16.275  -12.654 0.3000000119
61035  36.735  -16.971  -12.572 0.4000000060
61036  35.787  -17.011  -12.468 0.4000000060
60014  35.593  -17.795  -12.559 0.4000000060
130101  35.430  -18.581  -12.422 0.4000000060
58001  35.502  -19.373  -11.957 0.5000000000
60015  34.823  -17.894  -12.668 0.4000000060
57985  36.140  -20.007  -11.839 0.6000000238
135025  34.993  -20.275  -11.015 0.6999999881
58002  34.659  -18.963  -12.083 0.4000000060
59012  33.961  -18.691  -12.247 0.4000000060
57987  33.859  -19.313  -11.646 0.6000000238
59013  33.243  -18.708  -12.111 0.5000000000
57029  33.348  -19.870  -11.110 0.6000000238
57017  33.412  -20.668  -10.580 0.6999999881
132356  32.448  -20.103  -10.964 0.6999999881
124345  38.471  -13.977  -13.777 0.3000000119
61995  37.907  -15.307  -13.177 0.3000000119
138358  37.388  -15.656  -12.749 0.3000000119
61996  36.679  -15.575  -12.465 0.3000000119
133529  36.192  -16.281  -12.437 0.3000000119
130845  35.218  -16.311  -12.497 0.3000000119
137709  34.216  -16.264  -12.865 0.3000000119
130619  34.734  -17.123  -12.682 0.3000000119
61037  33.752  -16.819  -13.052 0.3000000119
125707  34.421  -18.310  -12.539 0.4000000060
60016  34.075  -17.605  -12.834 0.3000000119
59025  33.614  -18.140  -12.629 0.3000000119
60017  33.176  -17.322  -13.028 0.3000000119
60018  32.336  -17.393  -12.898 0.4000000060
59014  32.389  -18.723  -12.045 0.5000000000
57988  32.864  -19.320  -11.530 0.5000000000
57989  31.936  -19.358  -11.531 0.5000000000
63858  37.169  -14.051  -12.436 0.3000000119
62873  36.327  -14.719  -12.384 0.3000000119
61997  35.729  -15.573  -12.445 0.3000000119
61998  33.825  -15.555  -13.127 0.3000000119
131943  33.363  -16.038  -13.152 0.3000000119
61038  33.091  -16.532  -13.206 0.3000000119
61039  32.569  -16.645  -13.165 0.3000000119
59027  31.975  -18.135  -12.520 0.4000000060
134010  31.259  -18.268  -12.467 0.5000000000
57990  31.020  -19.421  -11.737 0.5000000000
124349  36.922  -13.116  -12.377 0.3000000119
63859  36.273  -13.756  -12.333 0.3000000119
131636  35.537  -14.259  -12.521 0.3000000119
62874  35.208  -14.945  -12.630 0.3000000119
138994  34.342  -15.088  -12.952 0.3000000119
62008  33.075  -15.292  -13.505 0.3000000119
138993  32.018  -16.820  -13.066 0.4000000060
132993  31.490  -17.469  -12.744 0.4000000060
59028  30.511  -18.044  -12.526 0.4000000060
60019  30.699  -17.109  -12.761 0.4000000060
59016  30.749  -18.813  -12.252 0.5000000000
64835  37.495  -12.275  -12.637 0.3000000119
63860  35.262  -13.475  -12.617 0.3000000119
62875  34.534  -14.373  -12.975 0.3000000119
62876  33.703  -14.872  -13.357 0.3000000119
63872  32.810  -14.140  -14.184 0.3000000119
62009  32.486  -15.379  -13.523 0.3000000119
61048  32.147  -16.062  -13.160 0.3000000119
61040  31.474  -16.603  -12.969 0.4000000060
64836  36.451  -12.313  -12.322 0.3000000119
133640  36.109  -13.015  -12.316 0.3000000119
64837  35.554  -12.525  -12.472 0.3000000119
64838  34.597  -12.806  -12.951 0.3000000119
63861  34.132  -13.645  -13.300 0.3000000119
64846  33.772  -12.936  -13.692 0.3000000119
62885  33.690  -14.262  -13.524 0.3000000119
62886  33.134  -14.523  -13.800 0.3000000119
63871  33.284  -13.737  -14.018 0.3000000119
62887  32.659  -14.703  -13.866 0.3000000119
65768  35.875  -11.708  -12.368 0.3000000119
65769  34.995  -12.000  -12.781 0.3000000119
130044  34.269  -12.282  -13.403 0.3000000119
62895  32.316  -14.128  -14.361 0.3000000119
65783  35.353  -11.325  -12.802 0.3000000119
65784  34.503  -11.487  -13.486 0.3000000119
65785  33.701  -12.166  -14.244 0.3000000119
64847  33.227  -12.956  -14.534 0.3000000119
64854  32.813  -12.754  -15.047 0.3000000119
65794  33.429  -11.710  -15.117 0.4000000060
65793  33.931  -11.326  -14.387 0.4000000060
66698  34.362  -10.779  -13.863 0.3000000119
66711  33.442  -11.016  -15.405 0.4000000060
44928  37.907  -34.148  -9.330 1.0000000000
44929  38.316  -34.153  -10.493 1.0000000000
43183  36.738  -36.062  -9.730 0.8999999762
55182  36.929  -22.509  -11.457 0.6999999881
138124  35.606  -21.623  -10.636 0.8000000119
57015  35.280  -21.001  -10.768 0.8000000119
57027  35.723  -20.511  -11.291 0.6999999881
36171  46.494  -43.363  -4.705 0.6000000238
36950  46.476  -42.492  -4.795 0.6000000238
38897  45.775  -40.540  -4.223 0.6000000238
32950  48.071  -47.191  -3.041 0.5000000000
32940  48.646  -47.833  -2.597 0.5000000000
36164  44.744  -43.169  -3.308 0.6000000238
41575  40.744  -37.965  -8.074 0.8999999762
134051  42.953  -43.170  -1.266 0.5000000000
33818  45.831  -46.161  -1.084 0.4000000060
34627  44.809  -45.444  -1.106 0.5000000000
135706  46.577  -46.510  -1.190 0.4000000060
127588  43.688  -37.692  -2.514 0.6999999881
43163  43.427  -34.922  -6.704 0.8999999762
35344  43.705  -44.273  0.321 0.5000000000
35342  44.840  -44.737  0.892 0.5000000000
42281  40.954  -35.952  -1.996 0.8000000119
33827  47.247  -46.930  -1.288 0.4000000060
140861  42.074  -36.142  -4.121 0.8000000119
132907  41.352  -37.372  -0.558 0.6999999881
36876  43.603  -42.673  1.652 0.4000000060
44910  41.723  -33.175  -6.005 0.8000000119
42343  34.745  -36.974  -10.111 0.8000000119
40693  40.852  -38.093  2.450 0.6000000238
39768  43.358  -39.965  2.882 0.4000000060
37799  44.420  -41.151  2.247 0.4000000060
43984  39.227  -34.762  -1.969 0.8000000119
143800  37.908  -34.361  -8.602 1.0000000000
39745  43.729  -39.167  3.200 0.5000000000
40677  42.227  -38.605  3.444 0.5000000000
43186  37.150  -35.269  -10.812 1.0000000000
42205  40.730  -36.135  3.464 0.6999999881
45780  40.851  -31.813  -9.040 1.0000000000
123991  38.407  -33.375  -9.171 1.0000000000
47833  39.870  -31.650  -12.664 1.0000000000
47838  40.589  -31.150  -13.078 1.0000000000
47779  38.745  -30.252  -5.255 0.8000000119
49588  41.505  -28.379  -11.386 1.0000000000
135893  37.574  -26.142  -7.293 0.8000000119
49579  40.157  -28.160  -10.095 1.0000000000
48700  41.657  -29.619  -10.567 1.0000000000
129794  37.494  -27.835  -3.578 0.6999999881
52435  40.400  -25.673  -11.031 0.8000000119
51548  43.572  -26.443  -12.582 1.0000000000
50585  42.971  -27.891  -13.571 1.0000000000
52443  42.774  -25.533  -11.815 1.0000000000
48591  37.630  -29.061  -0.163 0.6000000238
49488  37.387  -28.240  -1.348 0.6999999881
56017  40.418  -21.193  -2.186 0.4000000060
45778  30.890  -32.984  -8.935 1.0000000000
46796  33.210  -31.437  -9.431 1.0000000000
57898  39.519  -19.156  -3.929 0.4000000060
51563  40.156  -26.034  -13.319 1.0000000000
56000  40.125  -21.851  -1.741 0.4000000060
56930  39.394  -20.317  -3.253 0.5000000000
56018  39.595  -21.408  -2.274 0.5000000000
60004  39.389  -17.388  -10.268 0.4000000060
52451  38.558  -25.676  -12.594 1.0000000000
133592  38.315  -19.699  -6.610 0.5000000000
54215  35.579  -23.691  -10.372 0.8000000119
57998  41.099  -19.036  -12.261 0.5000000000
57013  39.478  -20.561  -11.053 0.5000000000
56117  41.717  -21.579  -12.024 0.5000000000
120594  43.880  -22.954  -12.832 0.6999999881
55184  44.199  -22.165  -13.031 0.6000000238
56133  44.719  -21.044  -13.478 0.5000000000
129791  43.888  -22.003  -13.764 0.5000000000
58013  43.502  -20.008  -14.792 0.5000000000
56120  36.834  -21.603  -11.580 0.6999999881
57026  36.552  -20.766  -11.703 0.6999999881
140828  35.428  -19.924  -11.468 0.6000000238
127041  34.734  -15.633  -12.672 0.3000000119
130556  46.395  -37.148  -10.128 0.5000000000
41581  45.536  -37.390  -10.010 0.5000000000
41583  43.670  -37.847  -9.662 0.5000000000
40832  47.443  -38.544  -10.841 0.5000000000
41591  45.970  -37.817  -10.296 0.5000000000
40820  48.834  -38.453  -10.479 0.5000000000
41579  47.570  -37.567  -10.447 0.5000000000
41590  47.006  -37.555  -10.488 0.5000000000
40811  49.605  -38.938  -9.011 0.5000000000
39877  50.213  -39.856  -7.910 0.4000000060
40794  48.679  -38.792  -7.040 0.5000000000
39866  49.534  -39.914  -7.012 0.4000000060
39867  48.836  -39.426  -6.583 0.5000000000
37920  48.846  -41.538  -6.564 0.5000000000
39858  48.303  -39.542  -5.853 0.5000000000
43159  34.104  -34.897  -6.070 0.6999999881
44016  34.347  -34.762  -4.319 0.6999999881
42314  33.772  -36.133  -7.331 0.8000000119
42334  33.032  -36.554  -8.927 0.8000000119
135477  34.355  -36.523  -6.530 0.8000000119
42340  33.068  -36.427  -9.182 0.8999999762
44031  33.948  -34.013  -6.020 0.6999999881
141647  32.783  -36.216  -8.693 0.8999999762
127505  32.345  -35.215  -8.369 0.8999999762
42335  32.625  -36.082  -9.143 0.8999999762
44053  34.230  -35.098  -9.812 0.8999999762
44917  33.422  -33.336  -6.484 0.6000000238
138203  33.618  -34.651  -6.740 0.8000000119
122275  32.250  -35.439  -9.222 0.8999999762
44931  33.855  -34.315  -9.589 0.8999999762
44930  34.914  -33.881  -9.812 0.8999999762
44936  35.888  -33.985  -10.362 0.8999999762
46653  41.039  -31.577  1.886 0.5000000000
46632  40.289  -31.957  2.209 0.5000000000
46655  39.532  -31.646  1.954 0.5000000000
44832  41.283  -33.229  2.884 0.6000000238
45666  40.210  -32.788  2.645 0.5000000000
45667  39.217  -32.897  2.395 0.5000000000
44812  40.890  -34.028  3.296 0.6000000238
124488  33.615  -32.538  -5.849 0.6000000238
44032  33.129  -34.144  -7.049 0.8999999762
44048  31.831  -34.876  -8.859 0.8999999762
44043  32.934  -34.948  -7.533 0.8999999762
124102  32.419  -34.619  -9.419 0.8999999762
133144  34.162  -33.290  -9.576 0.8999999762
130246  35.155  -33.107  -9.882 0.8999999762
48556  39.988  -30.018  1.436 0.5000000000
48573  39.572  -29.217  1.120 0.5000000000
48555  40.791  -30.244  1.317 0.5000000000
47671  40.307  -30.637  1.572 0.5000000000
47672  39.497  -30.809  1.611 0.5000000000
144628  41.377  -30.579  1.193 0.5000000000
47670  40.932  -30.912  1.535 0.5000000000
44924  31.543  -33.725  -8.110 0.8999999762
44918  32.442  -33.574  -7.373 0.6999999881
44045  31.521  -34.229  -8.623 0.8999999762
44932  31.759  -33.890  -9.302 0.8999999762
129109  32.914  -33.659  -9.494 0.8999999762
45783  35.411  -32.398  -9.894 0.8999999762
49457  40.248  -28.601  0.829 0.5000000000
143603  38.963  -28.846  0.749 0.5000000000
48572  40.673  -29.405  1.064 0.5000000000
48571  41.382  -30.010  0.867 0.5000000000
44056  31.262  -33.819  -9.018 0.8999999762
45785  33.362  -32.722  -9.484 0.8999999762
45784  34.487  -32.315  -9.544 0.8999999762
144063  39.500  -28.552  0.761 0.5000000000
50443  40.702  -27.982  0.429 0.5000000000
50444  40.234  -27.309  0.317 0.5000000000
49456  41.080  -28.716  0.576 0.5000000000
47806  31.631  -30.710  -7.838 0.6000000238
48685  31.231  -29.887  -8.240 0.6000000238
47812  30.282  -31.085  -8.687 0.6999999881
48691  29.786  -30.350  -9.142 0.6999999881
49568  30.680  -28.970  -8.711 0.6999999881
49569  29.727  -28.414  -9.345 0.6999999881
47823  29.617  -30.770  -9.871 0.8000000119
47822  30.042  -31.211  -9.983 0.8000000119
48692  29.320  -30.334  -9.830 0.6999999881
133184  29.200  -29.589  -9.680 0.6999999881
49574  28.569  -28.840  -10.202 0.6999999881
49585  29.092  -29.185  -10.319 0.6999999881
50574  28.676  -28.546  -10.390 0.6999999881
129766  31.726  -29.205  -10.367 0.8000000119
128221  31.644  -28.261  -10.625 0.8000000119
48705  32.976  -29.297  -10.093 0.8000000119
51546  29.951  -27.595  -10.655 0.6999999881
50573  30.068  -28.398  -10.591 0.6999999881
127334  32.328  -27.354  -10.751 0.8000000119
49583  32.819  -28.517  -10.404 0.8000000119
135710  31.154  -27.536  -10.810 0.6999999881
51545  32.976  -26.567  -10.674 0.8000000119
132587  32.299  -25.185  -10.789 0.6000000238
50571  34.324  -27.306  -10.758 0.8000000119
50572  33.382  -27.300  -10.704 0.8000000119
132619  32.954  -25.207  -10.488 0.6000000238
54218  32.096  -23.753  -10.445 0.6000000238
130839  33.637  -25.657  -10.516 0.8000000119
135904  32.928  -23.684  -10.108 0.6000000238
132618  32.611  -22.966  -9.935 0.6000000238
132585  31.560  -22.908  -10.299 0.6000000238
131566  33.612  -24.088  -10.128 0.6999999881
57018  32.432  -21.003  -10.426 0.6999999881
57019  31.599  -21.367  -10.491 0.6000000238
56112  32.262  -21.988  -10.090 0.6000000238
140000  31.764  -20.649  -10.740 0.6000000238
54217  33.686  -23.126  -9.848 0.6999999881
135280  34.205  -22.307  -9.885 0.6999999881
139591  48.873  -42.328  -6.629 0.4000000060
38918  49.346  -40.775  -6.836 0.5000000000
38905  48.120  -40.304  -5.709 0.5000000000
40802  48.088  -38.261  -7.768 0.5000000000
40813  48.236  -37.973  -8.980 0.5000000000
144577  35.379  -34.290  -10.131 0.8999999762
50460  41.185  -27.296  -0.089 0.3000000119
47828  30.478  -30.728  -10.157 0.8000000119
41578  48.219  -38.026  -10.899 0.5000000000
40801  49.903  -39.333  -8.410 0.5000000000
43166  33.668  -35.334  -7.032 0.8000000119
45665  41.118  -32.324  2.359 0.5000000000
48706  30.498  -30.021  -10.362 0.8000000119
49584  30.293  -29.192  -10.507 0.6999999881
131804  32.822  -27.866  -10.619 0.8000000119
142989  30.929  -27.081  -10.881 0.6999999881
130846  32.586  -25.849  -10.665 0.6999999881
40675  44.166  -38.316  3.367 0.4000000060
41430  45.404  -37.302  3.197 0.4000000060
126112  44.221  -36.852  3.641 0.4000000060
41431  44.592  -37.506  3.423 0.4000000060
122006  43.058  -36.001  3.815 0.5000000000
42200  45.625  -36.421  3.306 0.4000000060
42215  46.170  -37.051  2.907 0.4000000060
135438  42.594  -34.561  3.449 0.5000000000
44811  41.890  -34.100  3.350 0.5000000000
43061  44.556  -35.462  3.515 0.5000000000
43931  45.076  -34.952  3.355 0.4000000060
123078  43.954  -36.116  3.703 0.4000000060
42214  46.375  -36.327  3.010 0.4000000060
43059  46.137  -35.663  3.154 0.4000000060
42201  44.798  -36.209  3.562 0.4000000060
120240  46.887  -35.835  2.847 0.4000000060
44831  42.396  -33.360  2.808 0.5000000000
43933  43.368  -34.602  3.381 0.5000000000
43930  45.787  -34.932  3.171 0.4000000060
43073  46.680  -34.950  2.878 0.4000000060
44843  49.186  -33.830  1.970 0.4000000060
43942  48.209  -34.947  2.484 0.4000000060
43072  47.490  -35.317  2.651 0.4000000060
43941  49.000  -34.706  2.172 0.4000000060
44810  42.902  -33.981  3.186 0.5000000000
44809  43.791  -33.976  3.117 0.5000000000
44829  44.517  -33.955  3.018 0.4000000060
46721  49.735  -31.701  -2.744 0.3000000119
43944  45.235  -34.259  3.063 0.4000000060
47702  50.059  -31.086  -0.940 0.3000000119
135753  46.819  -34.209  2.703 0.4000000060
47701  50.831  -30.939  -0.716 0.3000000119
46687  50.536  -31.216  -0.165 0.3000000119
46667  50.126  -31.585  0.449 0.3000000119
45704  49.530  -31.942  1.031 0.3000000119
44844  48.672  -33.082  1.922 0.4000000060
44826  48.264  -33.971  2.329 0.4000000060
135344  47.471  -34.516  2.606 0.4000000060
45703  50.480  -32.266  1.000 0.3000000119
45682  49.870  -32.751  1.426 0.3000000119
142769  49.365  -33.125  1.737 0.4000000060
45663  42.917  -32.764  2.350 0.4000000060
44830  43.326  -33.410  2.714 0.4000000060
126874  44.951  -33.537  2.673 0.4000000060
131887  44.168  -33.435  2.653 0.4000000060
131697  49.078  -32.030  -2.893 0.3000000119
46708  47.817  -31.750  -1.640 0.3000000119
46706  49.294  -31.487  -1.498 0.3000000119
46689  48.878  -31.225  -0.340 0.3000000119
46668  48.471  -31.313  0.248 0.3000000119
46646  48.245  -31.640  0.882 0.4000000060
45684  48.185  -32.275  1.511 0.4000000060
44845  47.764  -33.035  2.080 0.4000000060
46688  49.701  -31.215  -0.231 0.3000000119
121272  49.281  -31.421  0.349 0.3000000119
137231  48.809  -31.943  1.185 0.3000000119
45664  42.037  -32.621  2.366 0.4000000060
46709  46.095  -31.462  -0.984 0.3000000119
137943  45.572  -31.376  -0.006 0.3000000119
46671  45.796  -31.653  0.502 0.4000000060
123569  44.931  -31.747  0.735 0.4000000060
129786  44.788  -32.247  1.444 0.4000000060
135142  44.648  -32.825  2.198 0.4000000060
46724  47.205  -31.620  -2.038 0.3000000119
122784  47.002  -31.669  -1.226 0.3000000119
123832  46.062  -31.436  -0.110 0.3000000119
46648  46.524  -31.964  1.147 0.4000000060
46649  45.636  -32.125  1.259 0.4000000060
45687  45.472  -32.625  1.936 0.4000000060
46690  47.894  -31.311  -0.539 0.3000000119
46691  46.864  -31.523  -0.346 0.3000000119
46647  47.426  -31.776  1.044 0.4000000060
45686  46.293  -32.521  1.775 0.4000000060
45660  46.044  -33.055  2.314 0.4000000060
46707  48.604  -31.431  -1.132 0.3000000119
46669  47.616  -31.405  0.321 0.3000000119
45685  47.182  -32.402  1.643 0.4000000060
45659  46.857  -33.021  2.208 0.4000000060
47689  41.969  -30.567  0.798 0.4000000060
47688  42.723  -30.519  0.435 0.4000000060
46674  42.605  -31.102  1.003 0.4000000060
127182  41.839  -31.922  1.859 0.4000000060
46693  44.442  -30.879  -0.476 0.3000000119
46673  43.421  -31.139  0.562 0.4000000060
46651  43.226  -31.738  1.369 0.4000000060
45690  42.632  -32.167  1.864 0.4000000060
134826  45.043  -31.367  0.057 0.4000000060
46672  44.265  -31.318  0.264 0.4000000060
46650  44.093  -31.763  0.988 0.4000000060
45688  43.966  -32.303  1.678 0.4000000060
142252  29.545  -27.229  -10.605 0.6000000238
134125  28.594  -27.820  -10.243 0.6000000238
53332  31.581  -24.716  -11.054 0.5000000000
136699  30.502  -26.679  -10.924 0.5000000000
54219  31.146  -23.823  -10.845 0.5000000000
132718  30.725  -23.141  -10.699 0.5000000000
56113  31.396  -22.079  -10.349 0.5000000000
57020  30.995  -20.849  -10.912 0.5000000000
57030  31.427  -20.101  -11.236 0.4000000060
63880  31.765  -13.368  -14.809 0.3000000119
64856  30.958  -12.383  -14.886 0.3000000119
64857  29.810  -12.573  -14.525 0.3000000119
64860  32.648  -12.113  -15.514 0.3000000119
64855  32.129  -12.731  -15.251 0.3000000119
64861  31.594  -11.893  -15.520 0.3000000119
65787  30.120  -11.914  -14.672 0.3000000119
65786  30.505  -11.499  -14.257 0.3000000119
65799  32.869  -11.448  -15.718 0.3000000119
65801  31.196  -11.101  -15.582 0.3000000119
128115  30.798  -11.590  -15.102 0.3000000119
65795  30.624  -11.217  -14.897 0.3000000119
65771  31.097  -11.237  -13.379 0.3000000119
65770  31.835  -11.147  -12.642 0.3000000119
65800  32.066  -11.419  -15.990 0.3000000119
66712  30.805  -10.606  -15.081 0.3000000119
128483  31.007  -9.990  -14.704 0.3000000119
66699  30.881  -10.695  -14.220 0.3000000119
66682  31.509  -10.690  -13.294 0.3000000119
66720  31.752  -10.757  -16.090 0.3000000119
66721  31.223  -10.239  -15.706 0.3000000119
67589  31.611  -9.981  -13.647 0.3000000119
66719  32.652  -10.752  -16.068 0.3000000119
67615  31.541  -9.568  -16.071 0.3000000119
128964  31.262  -9.584  -15.265 0.3000000119
67588  32.239  -9.358  -13.534 0.3000000119
67614  31.955  -10.050  -16.397 0.3000000119
68543  31.518  -9.048  -15.407 0.3000000119
68525  31.664  -9.279  -14.402 0.3000000119
140964  31.597  -8.487  -15.637 0.3000000119
68558  31.573  -8.863  -16.301 0.3000000119
142348  48.075  -35.626  2.434 0.4000000060
40674  45.065  -38.107  3.071 0.4000000060
41442  45.875  -37.876  2.718 0.4000000060
42213  47.591  -36.098  2.514 0.4000000060
123641  46.970  -36.740  2.583 0.4000000060
43954  49.763  -34.468  1.816 0.4000000060
43086  49.613  -35.412  1.771 0.4000000060
42229  48.294  -36.235  2.181 0.4000000060
47717  50.787  -30.817  -1.473 0.3000000119
46686  51.315  -31.234  -0.264 0.3000000119
45702  51.122  -31.752  0.438 0.3000000119
44842  50.722  -33.288  1.314 0.3000000119
129477  49.916  -33.617  1.661 0.3000000119
47731  50.456  -31.130  -2.399 0.3000000119
123414  48.506  -32.027  -2.849 0.3000000119
46723  47.904  -31.994  -2.443 0.3000000119
48589  42.522  -29.311  -0.292 0.4000000060
47705  42.894  -30.006  -0.125 0.4000000060
47704  43.638  -30.237  -0.503 0.4000000060
47703  44.983  -30.658  -1.207 0.3000000119
141215  45.516  -31.130  -1.103 0.3000000119
48590  41.811  -28.982  0.130 0.4000000060
50565  28.684  -27.889  -9.609 0.6000000238
67603  33.603  -10.278  -15.552 0.3000000119
67613  32.958  -9.940  -16.305 0.3000000119
67622  31.874  -9.110  -16.760 0.3000000119
67621  32.404  -9.438  -16.683 0.3000000119
46733  49.672  -32.117  -3.612 0.3000000119
43062  42.812  -35.221  3.607 0.5000000000
44828  45.711  -33.637  2.662 0.4000000060
46722  48.593  -31.937  -2.139 0.3000000119
39766  45.213  -39.512  2.487 0.3000000119
40691  45.556  -38.697  2.593 0.3000000119
37954  35.022  -41.265  -8.873 0.6000000238
38942  35.117  -41.162  -8.109 0.6999999881
38926  35.257  -40.765  -7.021 0.6999999881
139102  46.648  -37.630  2.376 0.3000000119
137881  47.145  -46.780  -0.491 0.3000000119
34593  45.566  -45.330  0.716 0.3000000119
40790  35.360  -38.763  -5.108 0.6999999881
37821  45.356  -40.889  2.001 0.3000000119
39869  35.283  -39.992  -6.391 0.6999999881
39784  46.495  -39.881  1.692 0.3000000119
39765  46.053  -39.297  2.156 0.3000000119
39870  35.045  -39.854  -7.287 0.6999999881
40708  46.809  -39.075  1.739 0.3000000119
40706  48.455  -38.143  1.067 0.3000000119
40707  47.527  -38.936  1.333 0.3000000119
41455  47.176  -38.191  1.749 0.3000000119
41454  48.898  -37.378  1.238 0.3000000119
140077  48.390  -36.884  1.757 0.3000000119
126700  47.951  -37.592  1.583 0.3000000119
129255  45.127  -43.134  1.699 0.4000000060
41545  35.053  -37.374  -5.499 0.6999999881
38831  46.183  -40.672  1.670 0.3000000119
125831  44.961  -41.701  1.931 0.3000000119
129370  35.147  -38.124  -5.985 0.6999999881
39861  35.147  -39.104  -6.435 0.6999999881
38830  46.967  -40.495  1.328 0.3000000119
39783  47.249  -39.703  1.337 0.3000000119
39794  47.939  -39.523  0.922 0.3000000119
41441  47.310  -37.414  2.107 0.3000000119
40721  49.562  -38.532  0.437 0.3000000119
124377  45.034  -44.029  1.412 0.4000000060
125904  34.972  -36.702  -4.973 0.6999999881
36873  46.364  -42.088  1.664 0.3000000119
36874  45.485  -42.268  1.781 0.3000000119
37820  46.671  -41.279  1.430 0.3000000119
41553  34.611  -37.425  -6.614 0.6999999881
38843  47.726  -40.324  0.957 0.3000000119
130319  34.310  -38.605  -8.043 0.6999999881
42228  49.065  -36.374  1.663 0.3000000119
41468  49.760  -37.618  0.686 0.3000000119
136126  49.570  -36.888  1.143 0.3000000119
123990  47.226  -41.907  1.466 0.3000000119
42313  33.958  -36.972  -7.559 0.6999999881
37818  48.187  -41.720  1.227 0.3000000119
37819  47.481  -41.122  1.115 0.3000000119
41565  34.142  -37.858  -7.820 0.6999999881
42227  49.927  -36.219  1.344 0.3000000119
36872  47.799  -42.623  1.592 0.3000000119
41577  33.659  -37.289  -8.589 0.6999999881
49472  42.946  -28.907  -0.895 0.3000000119
37961  37.011  -42.290  -9.157 0.5000000000
119557  35.350  -41.595  -6.439 0.6999999881
37940  35.409  -42.294  -8.274 0.6000000238
126846  35.325  -42.875  -6.669 0.6000000238
37962  35.883  -42.011  -9.245 0.6000000238
40771  35.411  -38.650  -3.280 0.6999999881
137041  35.241  -37.338  -4.522 0.6999999881
34575  46.241  -45.300  1.155 0.3000000119
126443  35.017  -36.686  -4.013 0.6999999881
130595  46.015  -44.167  1.562 0.4000000060
42298  34.686  -36.047  -4.500 0.6999999881
36100  46.496  -43.529  1.729 0.4000000060
129558  46.021  -42.892  1.780 0.4000000060
43165  34.200  -35.716  -6.277 0.6999999881
131144  46.894  -42.777  1.722 0.3000000119
131658  48.344  -43.269  1.859 0.3000000119
42307  34.569  -36.179  -5.517 0.6999999881
37926  35.340  -41.932  -7.358 0.6000000238
36871  48.690  -42.475  1.597 0.3000000119
36099  47.461  -43.555  1.785 0.3000000119
39905  44.908  -38.934  -9.942 0.5000000000
121708  40.993  -40.323  -9.545 0.5000000000
38953  41.563  -40.631  -9.189 0.5000000000
40821  44.245  -38.634  -9.928 0.4000000060
35358  33.353  -44.435  -0.752 0.4000000060
35346  31.058  -44.536  0.516 0.5000000000
121896  42.455  -39.403  -9.542 0.4000000060
40822  43.333  -38.840  -9.742 0.5000000000
37957  39.998  -41.270  -9.469 0.5000000000
33821  29.009  -45.980  -0.364 0.4000000060
32932  29.031  -47.342  -1.548 0.4000000060
35359  32.638  -44.446  -0.111 0.5000000000
37960  38.145  -42.311  -9.372 0.4000000060
32933  28.693  -46.869  -1.977 0.4000000060
32055  29.278  -48.476  -2.452 0.4000000060
34616  29.171  -45.282  0.070 0.4000000060
35360  31.830  -44.068  0.293 0.5000000000
35347  30.236  -44.727  0.495 0.4000000060
36141  33.765  -43.976  -2.109 0.5000000000
36946  34.257  -43.585  -3.836 0.4000000060
37005  36.300  -43.329  -8.729 0.5000000000
36981  35.420  -43.917  -7.251 0.4000000060
36956  35.151  -43.175  -5.692 0.4000000060
36995  35.647  -43.457  -7.964 0.4000000060
32944  28.812  -47.922  -3.093 0.4000000060
33880  30.652  -46.685  -7.896 0.4000000060
34617  28.767  -45.264  -0.635 0.4000000060
119962  29.912  -44.755  -6.884 0.4000000060
36115  31.109  -43.573  0.431 0.5000000000
132479  29.390  -43.795  -0.063 0.4000000060
35414  29.331  -44.465  -4.889 0.4000000060
36127  32.557  -42.998  0.044 0.5000000000
36947  29.483  -42.402  -3.259 0.4000000060
136429  29.406  -43.189  -4.520 0.4000000060
36921  33.692  -43.020  -1.202 0.5000000000
37877  34.538  -42.053  -1.977 0.5000000000
37890  29.619  -41.806  -3.726 0.4000000060
134093  29.682  -41.066  -3.748 0.4000000060
36935  34.154  -43.221  -2.670 0.5000000000
37889  34.772  -42.119  -3.099 0.6000000238
37901  34.855  -42.485  -4.104 0.6000000238
32993  30.443  -47.068  -7.232 0.4000000060
33881  30.275  -46.134  -7.378 0.4000000060
32945  28.586  -47.111  -2.812 0.4000000060
34668  29.610  -45.721  -6.160 0.4000000060
36116  29.870  -43.065  0.133 0.5000000000
36130  28.893  -43.832  -0.824 0.4000000060
34659  29.157  -45.306  -4.923 0.4000000060
119820  32.052  -42.208  0.278 0.5000000000
36159  29.190  -43.108  -2.726 0.4000000060
36168  29.115  -43.937  -4.034 0.4000000060
36908  32.917  -42.224  -0.167 0.5000000000
144604  34.844  -41.273  -2.298 0.5000000000
38893  29.793  -40.262  -3.405 0.4000000060
37888  35.223  -41.502  -3.935 0.6000000238
38901  35.386  -41.144  -4.788 0.6000000238
33858  29.198  -46.721  -5.425 0.4000000060
35392  28.545  -44.654  -2.120 0.4000000060
128821  28.966  -46.046  -4.999 0.4000000060
34660  28.664  -45.863  -4.119 0.4000000060
36160  28.786  -43.817  -2.387 0.4000000060
37849  32.651  -41.410  -0.101 0.5000000000
36936  29.409  -42.373  -2.205 0.4000000060
128682  29.670  -41.574  -2.814 0.4000000060
37848  33.413  -41.613  -0.500 0.5000000000
38886  29.848  -40.716  -2.830 0.4000000060
38913  35.368  -40.733  -5.775 0.6000000238
38891  35.453  -40.400  -3.923 0.6000000238
38892  35.182  -40.927  -3.016 0.6000000238
32953  28.608  -47.331  -3.718 0.4000000060
33859  28.686  -46.668  -4.378 0.4000000060
120952  28.521  -45.030  -2.918 0.4000000060
36169  29.014  -43.681  -3.181 0.4000000060
123822  31.136  -41.944  0.180 0.5000000000
36910  29.833  -42.383  -0.339 0.5000000000
36922  29.446  -42.340  -1.162 0.5000000000
125697  30.392  -41.917  -0.222 0.5000000000
37865  30.141  -41.014  -1.332 0.5000000000
124203  33.287  -40.798  -0.424 0.5000000000
37850  31.803  -41.288  0.046 0.5000000000
38859  31.499  -40.610  -0.404 0.5000000000
37879  29.815  -41.037  -2.133 0.4000000060
38871  34.460  -40.978  -1.441 0.6000000238
138254  30.515  -39.854  -1.817 0.5000000000
39838  30.424  -39.374  -2.201 0.4000000060
122207  35.427  -40.294  -4.895 0.6000000238
39836  35.341  -39.981  -2.861 0.6000000238
38858  34.006  -40.244  -0.729 0.6000000238
134118  33.252  -40.082  -0.432 0.5000000000
128723  30.807  -40.295  -1.068 0.5000000000
39837  35.123  -39.593  -2.051 0.6000000238
39807  33.666  -39.458  -0.619 0.6000000238
39808  32.665  -39.451  -0.499 0.5000000000
137417  35.348  -39.167  -2.649 0.6000000238
40779  35.453  -38.894  -4.101 0.6000000238
43133  34.002  -35.458  -2.421 0.5000000000
42282  34.359  -36.142  -2.518 0.6000000238
139470  33.061  -36.608  -1.345 0.5000000000
41516  34.509  -37.036  -2.262 0.6000000238
41501  33.336  -37.298  -1.253 0.6000000238
40751  32.231  -37.871  -0.908 0.5000000000
137784  34.841  -39.056  -1.497 0.6000000238
40736  33.282  -38.698  -0.688 0.5000000000
39823  31.909  -39.111  -0.787 0.5000000000
40752  31.627  -38.425  -1.165 0.5000000000
40753  30.824  -38.668  -1.811 0.5000000000
43143  34.368  -35.390  -3.056 0.5000000000
43144  33.933  -34.806  -2.694 0.5000000000
43149  34.500  -35.369  -3.971 0.6000000238
134144  34.650  -36.062  -3.515 0.6000000238
40750  33.718  -38.074  -1.116 0.6000000238
40737  32.443  -38.564  -0.740 0.5000000000
128154  35.057  -37.537  -2.701 0.6000000238
131648  34.763  -37.721  -2.032 0.6000000238
37950  39.490  -42.020  -9.098 0.4000000060
37013  37.596  -42.948  -9.174 0.4000000060
37951  38.732  -41.581  -9.388 0.5000000000
38965  39.442  -41.613  -9.404 0.4000000060
40763  35.183  -38.398  -2.293 0.6000000238
136359  43.013  -39.634  -9.282 0.5000000000
37937  40.089  -41.441  -8.726 0.5000000000
38951  42.259  -40.030  -9.353 0.5000000000
37949  40.098  -41.382  -9.258 0.5000000000
36126  32.886  -43.824  -0.427 0.5000000000
136348  28.689  -45.881  -1.027 0.4000000060
33832  28.545  -46.116  -1.716 0.4000000060
35424  29.636  -44.100  -6.097 0.4000000060
36958  29.510  -42.404  -4.327 0.4000000060
34652  28.506  -45.694  -3.189 0.4000000060
36144  28.674  -43.994  -1.586 0.4000000060
32961  28.928  -47.521  -4.735 0.4000000060
39822  34.150  -38.823  -0.930 0.6000000238
137568  30.141  -45.396  -7.435 0.3000000119
128769  29.388  -42.792  -5.370 0.3000000119
35432  29.751  -43.852  -7.323 0.3000000119
120756  29.355  -41.897  -5.285 0.3000000119
36189  29.475  -43.227  -6.642 0.3000000119
36971  29.253  -42.481  -6.257 0.3000000119
36982  29.296  -42.573  -7.416 0.3000000119
32059  28.826  -48.186  -4.007 0.4000000060
32941  47.899  -47.395  -2.234 0.4000000060
32949  48.891  -47.594  -3.415 0.5000000000
33802  46.755  -46.354  0.078 0.3000000119
33831  28.892  -46.650  -1.077 0.4000000060
33839  46.598  -46.232  -2.484 0.5000000000
33842  28.499  -46.317  -2.546 0.4000000060
33846  47.562  -46.530  -3.463 0.5000000000
33850  28.520  -46.496  -3.434 0.4000000060
33852  49.585  -46.922  -4.872 0.5000000000
33854  47.811  -46.239  -4.279 0.5000000000
33869  29.746  -46.667  -6.445 0.4000000060
34594  44.762  -45.140  0.231 0.5000000000
34633  28.550  -45.344  -1.470 0.4000000060
34643  28.472  -45.534  -2.317 0.4000000060
34648  45.824  -45.148  -3.134 0.6000000238
34655  47.495  -45.446  -4.637 0.6000000238
34664  48.699  -45.464  -5.629 0.6000000238
34678  30.397  -45.862  -8.002 0.3000000119
35328  45.658  -44.771  1.257 0.3000000119
35348  29.553  -44.583  0.256 0.4000000060
35354  44.079  -44.813  -0.097 0.5000000000
35355  43.539  -44.305  -0.357 0.5000000000
35361  28.986  -44.545  -0.313 0.4000000060
35369  43.999  -44.862  -0.864 0.6000000238
35375  28.636  -44.587  -1.114 0.4000000060
35386  44.436  -44.347  -2.300 0.6000000238
35395  45.510  -44.319  -3.491 0.6000000238
35402  28.729  -44.346  -3.084 0.4000000060
35407  46.603  -44.234  -4.549 0.6999999881
35415  28.787  -44.947  -3.858 0.4000000060
36101  45.714  -43.558  1.647 0.4000000060
36102  44.152  -43.388  1.439 0.5000000000
36103  43.442  -43.696  0.712 0.4000000060
36114  43.142  -43.757  0.114 0.5000000000
36125  42.708  -43.268  -0.086 0.4000000060
36128  31.859  -43.179  0.335 0.5000000000
36129  29.328  -43.061  -0.578 0.5000000000
36138  43.392  -43.681  -1.453 0.4000000060
36142  33.421  -43.917  -1.156 0.5000000000
36143  29.045  -43.199  -1.623 0.4000000060
36152  44.369  -43.565  -2.764 0.6000000238
36178  29.460  -43.606  -5.224 0.4000000060
36199  29.489  -43.235  -7.979 0.3000000119
36216  35.981  -43.607  -8.251 0.4000000060
36877  42.865  -42.567  1.385 0.4000000060
36894  31.212  -42.732  0.371 0.5000000000
36907  33.505  -42.349  -0.682 0.5000000000
36909  30.466  -42.500  0.156 0.5000000000
36919  42.633  -42.899  -0.702 0.4000000060
36920  34.101  -42.823  -1.764 0.5000000000
36931  43.356  -42.958  -1.933 0.5000000000
36939  45.394  -42.191  -3.999 0.6000000238
36940  44.822  -42.391  -3.490 0.6000000238
36957  34.733  -43.403  -4.844 0.4000000060
36963  47.637  -42.393  -5.666 0.6000000238
36964  47.041  -42.912  -5.230 0.6000000238
36973  49.689  -42.596  -7.163 0.4000000060
37004  37.085  -43.426  -8.869 0.4000000060
37006  35.773  -43.018  -8.599 0.6000000238
37014  36.608  -42.928  -9.115 0.5000000000
37015  35.986  -42.730  -9.027 0.5000000000
37822  43.979  -41.952  2.028 0.4000000060
37825  41.964  -41.457  1.307 0.4000000060
37835  41.721  -41.245  0.508 0.4000000060
37851  30.769  -41.206  -0.452 0.5000000000
37852  29.944  -41.695  -0.814 0.5000000000
37862  43.307  -41.082  -2.320 0.6000000238
37864  34.049  -41.975  -1.138 0.5000000000
37866  29.672  -41.638  -1.723 0.4000000060
37878  30.158  -40.430  -1.950 0.4000000060
37883  45.557  -41.408  -4.181 0.6000000238
37894  46.193  -41.181  -4.604 0.6000000238
37900  35.191  -42.197  -4.809 0.6000000238
37906  48.498  -40.972  -6.165 0.5000000000
37915  35.330  -41.912  -5.637 0.6999999881
37952  37.518  -41.649  -9.149 0.6999999881
37953  35.525  -42.081  -8.956 0.6000000238
37958  39.469  -41.792  -9.313 0.4000000060
37959  38.962  -42.114  -9.405 0.4000000060
37963  35.143  -41.179  -9.209 0.6000000238
38818  43.002  -40.726  2.646 0.4000000060
38819  41.692  -40.294  2.160 0.4000000060
38832  45.712  -40.094  2.064 0.3000000119
38844  41.444  -40.303  0.625 0.6000000238
38857  41.650  -40.513  -0.187 0.5000000000
38872  33.874  -41.094  -0.791 0.5000000000
38884  34.973  -40.431  -2.144 0.6000000238
38885  30.149  -40.031  -2.600 0.4000000060
38889  45.311  -39.986  -3.715 0.6000000238
38890  44.551  -40.960  -3.390 0.6999999881
38895  47.268  -39.484  -4.965 0.6000000238
38896  46.620  -40.191  -4.654 0.6000000238
38919  48.791  -40.124  -6.309 0.5000000000
38927  34.863  -40.430  -7.954 0.6999999881
38934  50.011  -40.370  -7.480 0.4000000060
38943  34.689  -40.519  -8.678 0.8000000119
38954  41.105  -40.884  -8.860 0.5000000000
38955  39.665  -41.097  -9.517 0.6000000238
38957  36.920  -40.726  -8.706 0.6999999881
38958  34.702  -40.532  -9.110 0.8000000119
38963  41.522  -40.423  -9.380 0.5000000000
38964  40.811  -40.829  -9.401 0.5000000000
38966  35.933  -40.529  -9.226 0.6999999881
39747  41.965  -39.254  3.125 0.5000000000
39805  41.937  -39.875  -0.746 0.6999999881
39819  42.960  -39.679  -1.764 0.6999999881
39821  34.659  -39.946  -1.389 0.6000000238
39824  31.153  -39.357  -1.348 0.5000000000
39842  46.112  -38.909  -4.012 0.8000000119
39844  44.878  -38.831  -3.028 0.8000000119
39845  35.456  -39.432  -3.543 0.6000000238
39852  35.453  -39.575  -4.520 0.6000000238
39860  35.364  -39.719  -5.515 0.6999999881
39878  49.434  -39.295  -7.497 0.5000000000
39883  39.022  -39.482  -8.255 0.6999999881
39884  38.133  -39.482  -8.045 0.8999999762
39885  34.576  -39.884  -8.295 0.8000000119
39906  43.894  -39.276  -9.530 0.5000000000
39907  42.950  -39.466  -9.455 0.5000000000
39908  41.729  -39.883  -9.526 0.4000000060
39910  40.385  -40.762  -9.544 0.5000000000
39913  34.656  -39.861  -9.205 0.8000000119
40690  46.370  -38.471  2.231 0.3000000119
40692  44.684  -38.924  2.932 0.4000000060
40710  40.711  -38.309  1.608 0.6000000238
40723  48.173  -38.815  0.962 0.3000000119
40735  41.391  -38.723  0.004 0.6000000238
40748  42.496  -38.376  -1.285 0.6999999881
40749  34.539  -38.244  -1.527 0.6000000238
40761  44.379  -38.143  -2.688 0.8000000119
40762  43.698  -38.349  -2.236 0.8000000119
40772  35.330  -37.996  -3.148 0.6999999881
40777  46.535  -38.802  -4.434 0.6999999881
40780  35.387  -38.119  -4.096 0.6999999881
40787  47.548  -38.733  -5.668 0.6000000238
40806  37.550  -38.009  -7.614 0.8999999762
40807  36.724  -38.141  -8.163 0.8000000119
40808  34.666  -39.166  -7.639 0.8000000119
40812  48.989  -38.406  -9.472 0.5000000000
40824  41.253  -39.570  -9.484 0.5000000000
40828  33.710  -37.508  -9.023 0.6999999881
40831  48.208  -38.471  -11.195 0.5000000000
40833  45.560  -38.602  -10.227 0.5000000000
41432  43.677  -37.619  3.655 0.4000000060
41435  40.893  -36.969  3.396 0.6000000238
41469  49.077  -38.056  0.766 0.3000000119
41485  40.779  -37.137  -0.087 0.6999999881
41486  32.902  -37.925  -0.877 0.5000000000
41499  41.749  -37.125  -1.177 0.6999999881
41500  34.143  -37.480  -1.615 0.6000000238
41502  32.489  -37.127  -1.090 0.5000000000
41514  44.383  -37.786  -2.919 0.8000000119
41515  42.825  -37.323  -2.192 0.6999999881
41526  43.078  -37.160  -2.982 0.8000000119
41532  45.340  -37.917  -4.800 0.6999999881
41535  35.226  -37.384  -3.568 0.6000000238
41543  45.465  -37.633  -5.788 0.6999999881
41563  37.802  -37.217  -7.491 1.0000000000
41568  48.260  -37.819  -10.130 0.5000000000
41569  47.509  -37.276  -9.692 0.5000000000
41573  42.474  -37.356  -8.604 0.6000000238
41576  36.083  -38.133  -9.349 0.8000000119
41580  46.895  -36.887  -9.997 0.6000000238
41582  44.507  -37.732  -9.925 0.4000000060
41584  42.885  -38.073  -9.411 0.6000000238
41586  35.579  -37.896  -9.953 0.8000000119
41589  47.766  -37.906  -10.900 0.5000000000
41592  45.059  -38.219  -10.222 0.5000000000
41594  35.153  -37.501  -10.181 0.8000000119
42230  47.763  -36.833  2.156 0.4000000060
42255  39.760  -36.036  -0.044 0.6999999881
42266  33.800  -36.602  -1.730 0.6000000238
42267  33.248  -35.942  -1.600 0.5000000000
42280  41.521  -36.224  -2.481 0.8000000119
42283  33.817  -35.833  -1.981 0.5000000000
42295  44.010  -37.072  -5.212 0.8000000119
42297  42.646  -36.390  -4.493 0.8000000119
42303  45.058  -36.765  -6.386 0.8000000119
42306  43.004  -35.867  -5.373 0.8000000119
42311  45.334  -36.340  -7.168 0.6999999881
42320  44.830  -35.970  -7.468 0.6999999881
42325  38.748  -37.009  -7.276 1.0000000000
42327  33.233  -36.538  -8.339 0.8000000119
42328  46.425  -36.732  -9.321 0.5000000000
42336  46.106  -36.838  -9.701 0.5000000000
42342  35.475  -36.852  -10.337 0.8999999762
43060  45.354  -35.595  3.395 0.4000000060
43063  42.181  -35.789  3.935 0.5000000000
43064  41.369  -35.547  3.736 0.6999999881
43065  40.619  -35.291  3.405 0.6999999881
43066  39.991  -34.930  3.042 0.6999999881
43071  48.734  -35.553  2.179 0.4000000060
43074  40.073  -35.761  2.989 0.6999999881
43088  38.573  -35.010  1.399 0.6999999881
43119  39.715  -35.489  -1.496 0.8000000119
43142  40.789  -35.269  -3.625 0.8000000119
43148  41.024  -34.971  -4.303 0.8000000119
43158  34.397  -35.348  -5.095 0.6000000238
43164  42.585  -34.525  -6.656 0.8999999762
43171  44.178  -35.430  -7.077 0.6999999881
43172  43.662  -35.150  -7.141 0.8999999762
43173  43.149  -35.039  -7.291 0.8999999762
43174  41.647  -34.791  -7.352 0.8999999762
43176  39.527  -35.580  -7.362 0.8999999762
43179  32.884  -35.831  -8.092 0.8999999762
43180  37.127  -35.667  -9.008 1.0000000000
43181  32.421  -35.801  -8.900 0.8999999762
43182  37.086  -35.508  -10.112 0.8999999762
43184  34.019  -35.828  -9.790 0.8999999762
43185  32.967  -36.036  -9.414 0.8999999762
43188  35.799  -36.194  -10.382 1.0000000000
43932  44.342  -34.625  3.330 0.4000000060
43943  46.130  -34.257  2.877 0.4000000060
43945  39.354  -34.437  2.573 0.6999999881
43946  38.659  -34.368  1.979 0.6999999881
43956  37.956  -33.486  1.408 0.6000000238
43966  38.000  -34.468  0.136 0.8000000119
43986  33.443  -35.177  -2.005 0.5000000000
44008  34.254  -34.697  -3.501 0.6999999881
44023  42.475  -34.390  -6.111 0.8000000119
44026  34.220  -34.456  -5.091 0.6999999881
44037  42.464  -34.568  -7.052 0.8999999762
44038  41.778  -34.111  -7.159 0.8999999762
44039  40.953  -34.111  -7.464 0.8999999762
44041  38.868  -34.495  -7.734 1.0000000000
44044  32.090  -34.446  -7.979 0.8999999762
44046  38.440  -34.000  -8.379 1.0000000000
44047  37.475  -34.820  -9.064 1.0000000000
44049  31.408  -34.269  -8.947 0.8999999762
44050  38.212  -34.438  -11.205 1.0000000000
44052  34.918  -34.615  -9.948 0.8999999762
44054  33.152  -35.310  -9.553 0.8999999762
44055  31.661  -34.541  -9.093 0.8999999762
44057  37.747  -34.693  -11.261 1.0000000000
44058  36.877  -34.821  -11.049 1.0000000000
44059  35.805  -34.834  -10.428 0.8999999762
44827  46.482  -33.638  2.556 0.4000000060
44833  40.418  -33.530  2.997 0.6999999881
44846  38.384  -33.734  1.842 0.6000000238
44854  37.623  -33.266  0.784 0.6000000238
44875  37.982  -33.808  -1.319 0.8000000119
44883  39.012  -33.721  -3.030 0.8000000119
44884  38.443  -33.449  -2.510 0.8000000119
44901  40.322  -33.848  -4.538 0.8000000119
44922  40.936  -33.115  -7.551 1.0000000000
44925  31.227  -33.728  -8.793 0.8999999762
44927  39.778  -32.972  -8.173 1.0000000000
45661  45.374  -33.118  2.377 0.4000000060
45662  43.732  -32.824  2.275 0.4000000060
45683  49.089  -32.477  1.504 0.4000000060
45689  43.304  -32.349  1.908 0.4000000060
45731  38.109  -32.769  -2.682 0.6999999881
45732  37.629  -32.246  -2.135 0.6999999881
45740  38.417  -32.547  -3.404 0.8000000119
45747  39.448  -32.713  -4.563 0.8000000119
45757  39.984  -32.291  -5.279 0.6999999881
45763  41.533  -32.562  -6.482 0.8000000119
45770  41.572  -32.495  -7.016 0.8999999762
45772  31.829  -33.000  -7.634 0.8999999762
45774  41.407  -31.928  -7.498 0.8999999762
45775  41.178  -31.960  -8.229 1.0000000000
45786  31.180  -33.149  -9.126 1.0000000000
45787  39.964  -32.305  -10.755 1.0000000000
45788  38.077  -33.453  -11.573 1.0000000000
45792  39.421  -33.120  -11.811 1.0000000000
46633  39.598  -32.297  2.281 0.5000000000
46645  48.885  -31.629  0.764 0.3000000119
46652  42.427  -31.608  1.471 0.4000000060
46654  40.269  -31.245  1.820 0.5000000000
46670  46.727  -31.598  0.455 0.4000000060
46692  45.352  -31.214  -0.567 0.3000000119
46710  37.373  -31.591  -1.333 0.6999999881
46762  40.564  -31.800  -5.891 0.8000000119
46787  32.071  -31.435  -7.520 0.6999999881
46792  30.143  -31.519  -9.360 0.8000000119
46793  40.647  -31.628  -9.969 1.0000000000
46794  35.263  -31.565  -9.663 1.0000000000
46802  36.726  -31.680  -10.676 1.0000000000
47669  41.748  -31.188  1.364 0.4000000060
47687  43.804  -30.853  -0.048 0.4000000060
47690  37.667  -30.502  0.519 0.6000000238
47706  37.412  -29.994  -0.161 0.6000000238
47719  45.681  -30.899  -1.569 0.3000000119
47732  49.936  -31.317  -1.860 0.3000000119
47751  37.794  -30.492  -3.688 0.6999999881
47765  37.860  -29.867  -4.221 0.8000000119
47790  40.719  -30.745  -6.808 0.8999999762
47802  41.364  -30.983  -7.968 1.0000000000
47803  40.994  -30.585  -7.552 1.0000000000
47811  41.132  -30.279  -8.605 1.0000000000
47813  29.735  -31.034  -9.367 0.8000000119
47816  41.575  -30.796  -9.806 1.0000000000
47818  34.785  -30.875  -9.457 1.0000000000
47819  33.871  -30.750  -9.440 1.0000000000
47821  31.161  -31.110  -9.852 0.8999999762
47829  29.716  -30.597  -10.173 0.8000000119
47830  29.309  -30.275  -10.044 0.6999999881
47832  41.550  -31.405  -12.567 1.0000000000
47837  41.441  -31.216  -13.098 1.0000000000
48557  39.053  -30.037  1.325 0.5000000000
48570  42.085  -29.840  0.304 0.4000000060
48574  38.628  -29.464  0.871 0.5000000000
48616  37.378  -29.434  -2.681 0.8000000119
48689  40.569  -29.568  -8.905 1.0000000000
48690  39.931  -29.298  -8.242 0.8999999762
48694  41.205  -29.570  -9.803 1.0000000000
48698  28.999  -29.608  -10.096 0.6999999881
48701  37.061  -30.007  -10.794 1.0000000000
48707  29.440  -29.926  -10.263 0.6999999881
48708  42.536  -30.023  -12.799 1.0000000000
48709  42.450  -29.792  -12.169 1.0000000000
48713  42.782  -29.430  -12.989 1.0000000000
48715  41.330  -29.765  -13.326 1.0000000000
49459  38.037  -28.193  0.059 0.6000000238
49474  41.522  -28.176  0.052 0.5000000000
49552  38.257  -28.421  -6.085 0.8000000119
49575  28.397  -28.993  -10.097 0.6999999881
49577  41.846  -29.287  -11.395 1.0000000000
49578  41.080  -28.794  -10.464 1.0000000000
49581  34.661  -28.613  -10.314 0.8999999762
49582  33.802  -28.013  -10.550 0.8000000119
49589  37.882  -28.183  -12.180 1.0000000000
49590  36.273  -28.540  -10.983 1.0000000000
49594  40.266  -29.059  -12.975 1.0000000000
50445  39.354  -27.378  0.358 0.6000000238
50532  37.877  -27.841  -5.751 0.8000000119
50533  37.692  -27.296  -5.424 0.8000000119
50545  38.099  -27.756  -6.525 0.8000000119
50554  38.344  -27.756  -7.237 0.8000000119
50563  39.077  -27.795  -9.075 0.8000000119
50566  28.408  -28.127  -10.088 0.6000000238
50577  37.198  -27.664  -11.950 1.0000000000
50579  35.698  -26.928  -11.369 0.8999999762
50580  43.515  -27.879  -13.227 1.0000000000
51422  39.756  -26.781  0.197 0.5000000000
51437  37.777  -26.916  -0.778 0.6999999881
51453  37.728  -26.383  -1.266 0.6999999881
51528  37.817  -26.446  -8.026 0.8000000119
51544  39.651  -26.599  -10.348 0.6999999881
51552  36.417  -26.310  -11.575 0.8999999762
51558  37.938  -26.283  -12.298 1.0000000000
51559  44.181  -26.137  -13.877 1.0000000000
51564  43.506  -26.330  -14.108 1.0000000000
52325  41.419  -25.548  -0.574 0.3000000119
52327  39.378  -25.335  -0.478 0.6000000238
52342  38.098  -25.589  -1.071 0.6999999881
52377  37.529  -25.795  -3.491 0.6999999881
52392  37.537  -25.557  -4.332 0.6999999881
52403  37.523  -25.430  -5.177 0.6999999881
52408  37.499  -25.416  -5.994 0.6999999881
52436  39.694  -25.949  -10.552 0.8000000119
52437  38.907  -24.902  -10.199 0.6999999881
52447  35.846  -25.634  -11.235 0.8999999762
52448  44.272  -25.361  -13.052 1.0000000000
52453  44.240  -25.496  -13.533 1.0000000000
52456  44.008  -25.450  -13.954 1.0000000000
52457  42.320  -25.656  -14.322 1.0000000000
53206  39.136  -24.831  -0.762 0.6000000238
53327  35.834  -24.360  -10.663 0.8999999762
53328  35.281  -25.057  -10.666 0.8999999762
53330  33.450  -24.830  -10.353 0.6999999881
53331  32.706  -24.485  -10.456 0.6000000238
53336  43.076  -24.883  -11.947 1.0000000000
53337  42.079  -24.687  -11.618 0.8999999762
53344  37.779  -24.276  -12.173 1.0000000000
53349  43.368  -24.722  -14.092 0.8999999762
53350  42.300  -24.804  -14.470 0.8999999762
54110  38.710  -23.484  -1.785 0.6000000238
54146  37.860  -23.117  -3.587 0.6999999881
54183  37.567  -22.604  -6.732 0.6000000238
54233  43.847  -23.692  -13.346 0.8000000119
55061  39.840  -22.582  -1.452 0.5000000000
55062  39.109  -22.781  -1.771 0.6000000238
55078  38.840  -22.377  -2.265 0.6000000238
55143  37.736  -22.152  -7.819 0.6000000238
55179  40.366  -22.075  -11.494 0.5000000000
55180  39.660  -22.007  -11.163 0.6000000238
55186  42.406  -22.222  -12.223 0.5000000000
55195  41.363  -22.760  -14.470 0.6000000238
55197  39.533  -22.042  -14.222 0.6999999881
56107  38.624  -21.763  -9.971 0.5000000000
56127  44.530  -21.527  -13.192 0.5000000000
56128  44.122  -21.577  -12.915 0.6000000238
56132  37.459  -21.123  -12.242 0.6999999881
56135  44.489  -21.312  -13.870 0.5000000000
56137  40.799  -21.261  -14.312 0.6000000238
56974  38.227  -20.195  -5.968 0.5000000000
57016  34.442  -20.848  -10.587 0.8000000119
57025  39.761  -19.688  -11.256 0.5000000000
57043  38.485  -20.570  -13.350 0.5000000000
57984  39.628  -18.587  -11.103 0.5000000000
57986  34.786  -19.626  -11.481 0.6999999881
58007  45.082  -19.662  -13.999 0.4000000060
58012  44.522  -20.087  -14.339 0.4000000060
58931  38.704  -18.592  -5.800 0.4000000060
58948  38.606  -18.465  -6.605 0.4000000060
58966  38.565  -18.469  -7.500 0.4000000060
58983  38.652  -18.449  -8.442 0.4000000060
59015  31.542  -18.778  -12.094 0.5000000000
59019  43.935  -19.056  -12.998 0.4000000060
59026  32.790  -18.095  -12.603 0.4000000060
59032  45.090  -19.028  -13.521 0.4000000060
59933  41.292  -16.819  -5.084 0.3000000119
60023  44.585  -17.531  -13.763 0.4000000060
60024  44.339  -17.691  -13.493 0.3000000119
60033  44.063  -17.052  -15.033 0.3000000119
60949  40.746  -16.395  -5.544 0.3000000119
61058  41.649  -16.353  -15.382 0.3000000119
61999  32.752  -15.941  -13.262 0.3000000119
62872  37.252  -14.955  -12.567 0.3000000119
120045  29.328  -43.137  -3.675 0.4000000060
120660  47.775  -44.255  -5.544 0.6999999881
120788  31.363  -32.403  -9.375 0.8999999762
120871  43.529  -27.185  -13.711 1.0000000000
121324  49.315  -31.250  -0.801 0.3000000119
121644  39.352  -28.296  -12.732 1.0000000000
121758  43.693  -35.337  3.558 0.5000000000
122055  38.267  -26.784  -0.278 0.6000000238
122334  38.212  -24.893  -12.430 1.0000000000
122474  35.415  -43.015  -7.579 0.6000000238
123417  34.886  -36.776  -3.075 0.6000000238
123459  41.406  -29.378  0.597 0.5000000000
123489  32.110  -33.035  -9.422 0.8999999762
123516  43.139  -29.592  -0.620 0.3000000119
123688  43.485  -35.322  -6.082 0.8000000119
124310  35.324  -37.918  -5.041 0.6999999881
125141  33.189  -43.042  -0.559 0.5000000000
125274  38.111  -20.802  -7.767 0.5000000000
126273  46.551  -38.600  -4.738 0.6999999881
126517  49.113  -38.624  -8.282 0.5000000000
126716  40.016  -36.842  1.304 0.6999999881
126801  38.277  -31.775  -11.819 1.0000000000
127145  41.097  -23.309  -14.501 0.8999999762
127174  34.286  -38.368  -9.267 0.8000000119
127268  31.771  -26.675  -10.894 0.6999999881
127583  34.701  -36.840  -5.818 0.6999999881
128037  31.123  -38.008  -1.606 0.5000000000
128945  38.307  -24.195  -1.826 0.6999999881
128994  34.710  -38.360  -7.086 0.6999999881
129343  45.860  -41.456  1.745 0.3000000119
129463  37.436  -32.081  0.231 0.6000000238
129807  34.079  -33.743  -4.966 0.6999999881
130129  30.655  -32.444  -8.727 0.6999999881
130309  30.209  -43.887  0.390 0.5000000000
130645  37.623  -22.759  -7.440 0.6000000238
130887  31.566  -25.784  -11.031 0.6000000238
130913  37.303  -30.703  -0.725 0.6000000238
131185  46.869  -46.609  -1.882 0.5000000000
131194  38.132  -34.625  0.881 0.6999999881
131305  33.213  -12.394  -14.992 0.4000000060
131433  37.332  -27.991  -2.743 0.6999999881
131564  40.853  -25.171  -0.425 0.5000000000
132070  41.781  -38.007  3.504 0.6000000238
132081  34.528  -22.903  -9.882 0.8000000119
132121  30.426  -32.242  -9.034 0.8999999762
132584  41.129  -22.029  -14.406 0.6999999881
133033  44.780  -18.191  -13.654 0.4000000060
133215  34.386  -26.067  -10.713 0.8999999762
133319  30.882  -27.858  -8.586 0.6999999881
133794  33.076  -21.459  -10.181 0.8000000119
134731  28.953  -47.628  -2.242 0.4000000060
134736  39.824  -27.973  0.593 0.5000000000
135069  42.361  -41.034  -1.118 0.6000000238
135168  42.325  -40.607  2.453 0.4000000060
135181  47.292  -33.718  2.464 0.4000000060
135403  40.147  -14.447  -8.219 0.3000000119
135912  37.450  -36.003  -8.098 1.0000000000
135968  39.578  -27.716  -9.765 0.8000000119
136096  45.431  -45.318  -2.386 0.5000000000
136657  30.537  -43.122  0.353 0.5000000000
136717  32.439  -40.487  -0.249 0.5000000000
136729  35.230  -40.303  -9.398 0.8000000119
136811  32.346  -43.706  0.076 0.5000000000
136886  42.423  -30.159  -13.040 1.0000000000
136948  34.879  -22.420  -10.023 0.8000000119
137015  39.794  -19.594  -3.475 0.3000000119
137244  38.148  -35.595  -7.623 1.0000000000
137760  33.730  -11.182  -14.929 0.4000000060
138396  29.550  -41.639  -4.359 0.4000000060
139062  37.503  -26.516  -3.443 0.6999999881
139352  39.962  -35.921  -0.797 0.8000000119
139364  33.517  -36.920  -9.146 0.6999999881
139802  38.220  -29.878  -4.849 0.8000000119
140492  44.944  -36.851  3.457 0.4000000060
140703  38.112  -23.208  -2.888 0.6000000238
140818  31.720  -39.858  -0.629 0.5000000000
140935  37.891  -43.155  -8.995 0.4000000060
140946  47.840  -38.329  1.313 0.3000000119
140988  49.300  -31.758  -2.230 0.3000000119
141267  36.464  -29.932  -10.310 1.0000000000
141403  43.922  -38.306  -9.916 0.4000000060
141429  37.530  -32.590  0.707 0.6000000238
141569  39.213  -17.841  -9.801 0.4000000060
141831  38.224  -20.356  -7.558 0.5000000000
142200  37.416  -29.494  -0.583 0.6000000238
142248  38.244  -34.001  -11.517 1.0000000000
142324  41.821  -40.434  -9.265 0.5000000000
142500  45.120  -39.432  -3.385 0.8000000119
142602  29.590  -44.846  -5.723 0.4000000060
142770  34.329  -39.486  -0.931 0.6000000238
143008  36.354  -24.367  -10.994 0.8999999762
143070  42.604  -17.491  -12.961 0.3000000119
143195  41.386  -27.403  -13.792 1.0000000000
143638  38.688  -33.296  -10.060 1.0000000000
143838  42.980  -28.768  -12.851 1.0000000000
143861  35.218  -39.033  -2.058 0.6000000238
143866  43.301  -30.539  0.072 0.4000000060
144050  45.358  -45.853  -1.032 0.4000000060
144541  39.284  -30.847  -12.421 1.0000000000
144575  43.166  -17.038  -15.381 0.3000000119
144591  38.342  -28.876  -5.802 0.8000000119
144612  33.637  -31.980  -9.391 1.0000000000
