#!ascii label  , from subject sub-v1s22x0050457_ses-1 vox2ras=TkReg
917
30435  -40.075  -62.060  -6.646 0.5000000000
29494  -38.704  -63.912  -7.460 0.8000000119
28484  -37.183  -64.533  -5.785 0.8000000119
28489  -37.499  -64.176  -6.764 0.8000000119
156558  -38.131  -63.567  -7.472 0.8000000119
30436  -41.126  -62.314  -6.550 0.5000000000
29495  -39.429  -63.503  -7.297 0.5000000000
141236  -38.609  -63.200  -7.448 0.6000000238
29470  -36.405  -63.780  -4.498 0.6999999881
29478  -36.721  -63.779  -5.410 0.6999999881
29493  -37.640  -63.500  -7.283 0.8000000119
30444  -38.383  -62.397  -7.388 0.6999999881
31460  -41.956  -61.482  -6.494 0.6000000238
31459  -40.839  -61.306  -6.593 0.5000000000
137348  -35.602  -63.907  -3.012 0.6999999881
31458  -39.862  -61.067  -6.837 0.6000000238
32447  -40.627  -60.380  -6.857 0.6000000238
29461  -35.740  -63.292  -3.295 0.6999999881
29462  -36.055  -63.831  -3.679 0.6999999881
141913  -36.913  -62.631  -6.901 0.6999999881
31472  -39.094  -61.744  -7.095 0.6000000238
32446  -39.779  -60.147  -7.252 0.6000000238
30434  -37.283  -62.752  -7.278 0.8000000119
31471  -38.127  -61.532  -7.461 0.8000000119
132343  -38.849  -60.752  -7.347 0.6999999881
32449  -42.799  -60.669  -6.716 0.4000000060
32448  -41.596  -60.555  -6.692 0.6000000238
29453  -35.376  -63.203  -2.708 0.6999999881
33417  -41.108  -58.907  -7.431 0.6000000238
30411  -35.721  -62.644  -3.128 0.6999999881
30412  -36.142  -62.961  -3.917 0.6999999881
30419  -36.466  -62.976  -4.973 0.6999999881
131486  -36.699  -62.120  -6.547 0.6999999881
32456  -36.905  -61.073  -7.286 0.6000000238
32458  -38.259  -60.141  -7.587 0.6999999881
143201  -38.228  -58.833  -7.417 0.5000000000
31450  -36.685  -61.372  -6.078 0.6000000238
132077  -36.746  -60.935  -6.914 0.6000000238
32457  -37.413  -60.427  -7.477 0.6000000238
146602  -37.774  -59.131  -7.226 0.6000000238
33408  -37.227  -59.678  -6.689 0.6000000238
147094  -37.575  -59.011  -6.905 0.5000000000
33419  -44.584  -58.941  -7.546 0.4000000060
33409  -42.329  -59.861  -7.023 0.5000000000
29445  -34.517  -62.952  -1.402 0.6999999881
143968  -41.961  -59.220  -7.311 0.6000000238
142658  -42.371  -58.468  -7.542 0.6000000238
140673  -36.130  -62.178  -3.571 0.6999999881
33416  -39.811  -59.237  -7.449 0.6000000238
31439  -36.546  -61.239  -4.498 0.6999999881
141061  -40.390  -58.233  -7.470 0.5000000000
35294  -39.722  -57.537  -7.408 0.6000000238
132475  -36.708  -60.836  -5.195 0.6999999881
143139  -36.949  -60.411  -6.128 0.6000000238
34321  -37.850  -58.297  -7.148 0.5000000000
35293  -38.843  -57.691  -7.424 0.5000000000
33399  -37.467  -58.904  -6.066 0.5000000000
143422  -31.957  -63.188  0.883 0.6000000238
31393  -32.799  -61.988  1.187 0.6000000238
33420  -46.242  -58.688  -7.455 0.5000000000
34326  -45.269  -58.007  -7.796 0.5000000000
30385  -33.722  -62.363  -0.105 0.6999999881
29433  -33.984  -63.014  -0.643 0.6999999881
34325  -43.802  -58.199  -7.735 0.5000000000
147213  -44.290  -56.722  -7.695 0.4000000060
30398  -34.906  -62.308  -1.646 0.6999999881
35297  -43.102  -57.467  -7.728 0.5000000000
157532  -35.359  -62.337  -2.330 0.6999999881
31432  -35.901  -61.830  -2.866 0.6999999881
35296  -42.187  -56.951  -7.680 0.5000000000
31433  -36.394  -61.312  -3.571 0.6999999881
32426  -36.642  -60.409  -4.216 0.6000000238
136988  -36.958  -59.986  -5.127 0.6000000238
36392  -40.190  -56.664  -7.316 0.5000000000
33385  -36.783  -59.426  -4.382 0.5000000000
157152  -37.375  -58.587  -5.509 0.5000000000
34311  -37.480  -58.127  -5.858 0.5000000000
36390  -37.944  -56.760  -7.178 0.5000000000
35289  -37.707  -57.381  -6.960 0.5000000000
36387  -37.772  -56.080  -7.016 0.3000000119
37491  -45.243  -55.548  -7.019 0.3000000119
30372  -30.564  -62.455  0.548 0.6000000238
30373  -31.337  -62.795  0.957 0.6000000238
35298  -45.362  -57.165  -7.513 0.4000000060
36396  -45.049  -56.018  -7.308 0.4000000060
31407  -34.078  -61.555  -0.233 0.6000000238
141457  -43.285  -56.611  -7.685 0.5000000000
31420  -34.927  -61.458  -1.377 0.6999999881
31421  -35.508  -61.352  -2.081 0.6999999881
36393  -41.486  -56.389  -7.457 0.5000000000
31428  -36.451  -60.385  -3.195 0.5000000000
37493  -40.812  -55.868  -7.136 0.5000000000
37492  -39.488  -56.099  -7.149 0.4000000060
151230  -38.501  -56.268  -7.183 0.3000000119
37485  -38.668  -55.634  -6.869 0.4000000060
35285  -37.462  -57.372  -6.361 0.5000000000
36386  -37.450  -56.524  -6.740 0.4000000060
30362  -30.927  -61.963  1.145 0.6000000238
30363  -31.829  -62.071  1.355 0.6000000238
31394  -33.272  -61.236  1.233 0.6000000238
32394  -33.891  -61.029  0.459 0.6000000238
37495  -43.807  -55.275  -7.340 0.3000000119
37494  -42.266  -55.529  -7.343 0.4000000060
32405  -34.790  -60.683  -0.898 0.6000000238
32406  -35.288  -60.594  -1.487 0.6000000238
146755  -36.163  -60.940  -2.658 0.6999999881
37487  -41.527  -55.149  -6.920 0.3000000119
32415  -35.729  -60.381  -2.109 0.6000000238
38554  -40.105  -54.435  -5.925 0.3000000119
37486  -40.087  -55.438  -6.817 0.3000000119
146319  -36.114  -58.778  -2.294 0.5000000000
33375  -36.371  -59.749  -2.880 0.5000000000
33380  -36.548  -59.615  -3.561 0.5000000000
38553  -38.889  -54.529  -5.959 0.3000000119
38562  -39.413  -54.995  -6.458 0.3000000119
34291  -36.635  -58.776  -3.783 0.5000000000
34310  -37.259  -58.223  -5.081 0.5000000000
38561  -38.129  -55.024  -6.529 0.3000000119
143066  -36.610  -58.044  -3.543 0.5000000000
36385  -37.046  -55.980  -6.456 0.4000000060
37484  -37.192  -55.737  -6.628 0.3000000119
31392  -30.313  -61.528  0.578 0.5000000000
32364  -31.505  -60.736  1.714 0.6000000238
31381  -32.383  -61.268  1.610 0.5000000000
140798  -34.685  -60.057  -0.345 0.6000000238
33346  -34.505  -59.512  0.246 0.5000000000
39637  -39.671  -53.947  -5.334 0.3000000119
33366  -35.155  -59.905  -0.958 0.6000000238
39624  -39.344  -53.503  -4.623 0.3000000119
33367  -35.532  -59.742  -1.619 0.6000000238
137713  -36.352  -58.178  -2.751 0.5000000000
36367  -36.706  -56.435  -3.731 0.5000000000
141959  -36.850  -55.920  -6.063 0.4000000060
37479  -36.428  -55.332  -5.793 0.4000000060
157570  -31.197  -60.095  1.819 0.5000000000
32365  -32.315  -60.521  1.968 0.5000000000
33333  -33.406  -59.838  1.683 0.5000000000
32366  -32.982  -60.562  1.734 0.5000000000
33334  -33.840  -59.148  1.471 0.5000000000
40584  -40.216  -52.827  -3.973 0.3000000119
34268  -34.991  -59.178  -0.414 0.6000000238
33357  -35.376  -59.117  -1.144 0.6000000238
34286  -35.971  -58.187  -1.947 0.5000000000
35262  -36.534  -57.309  -3.156 0.5000000000
38559  -35.983  -54.375  -6.356 0.4000000060
37471  -35.917  -54.699  -5.406 0.4000000060
33317  -32.028  -59.354  2.414 0.5000000000
33319  -33.256  -59.158  2.124 0.5000000000
34244  -33.784  -58.499  1.979 0.5000000000
40570  -41.432  -51.810  -3.433 0.4000000060
40551  -40.765  -51.573  -2.876 0.4000000060
154498  -34.306  -59.132  0.791 0.5000000000
34256  -35.115  -58.317  -0.179 0.5000000000
40550  -39.650  -52.352  -3.216 0.4000000060
39611  -38.935  -53.146  -3.894 0.3000000119
35228  -34.811  -58.003  0.604 0.4000000060
39623  -38.255  -53.542  -4.731 0.3000000119
35243  -35.446  -57.853  -0.733 0.5000000000
35254  -35.752  -57.418  -1.477 0.4000000060
36355  -35.994  -56.730  -1.973 0.4000000060
34230  -32.240  -58.622  2.611 0.5000000000
132951  -33.096  -58.408  2.570 0.5000000000
154170  -33.727  -57.904  2.466 0.5000000000
131594  -40.991  -51.028  -2.392 0.4000000060
34255  -34.336  -58.550  1.127 0.5000000000
35217  -34.398  -57.752  1.696 0.4000000060
41563  -39.703  -51.677  -2.493 0.4000000060
147638  -38.344  -52.254  -2.692 0.4000000060
35218  -35.129  -57.194  0.963 0.4000000060
35229  -35.280  -57.500  0.030 0.4000000060
40568  -37.463  -52.730  -3.468 0.4000000060
36336  -35.517  -56.889  -0.650 0.4000000060
36347  -35.706  -56.445  -1.447 0.4000000060
130620  -35.879  -55.839  -2.250 0.4000000060
37459  -36.350  -55.657  -3.352 0.4000000060
38532  -35.378  -54.168  -4.796 0.4000000060
38543  -35.103  -54.099  -6.117 0.4000000060
141353  -31.735  -58.119  2.658 0.5000000000
35204  -32.427  -57.903  2.885 0.4000000060
42582  -40.098  -50.342  -1.143 0.4000000060
41545  -39.914  -51.091  -1.841 0.4000000060
35206  -34.022  -57.213  2.618 0.5000000000
36322  -35.408  -56.696  0.281 0.4000000060
41561  -37.684  -51.724  -2.192 0.4000000060
148597  -35.522  -56.215  -0.224 0.4000000060
132086  -35.543  -55.989  -0.873 0.4000000060
39634  -35.291  -53.668  -6.331 0.3000000119
131152  -35.626  -54.853  -3.187 0.4000000060
35190  -32.462  -57.179  3.196 0.4000000060
36295  -33.569  -56.822  3.116 0.5000000000
36296  -34.297  -56.301  2.903 0.4000000060
41544  -38.966  -50.980  -1.428 0.4000000060
36297  -35.134  -55.955  2.215 0.4000000060
36308  -34.787  -56.819  1.983 0.4000000060
153838  -35.400  -55.584  1.565 0.4000000060
36309  -35.342  -56.278  1.202 0.4000000060
154010  -35.509  -56.034  0.357 0.4000000060
37420  -35.543  -55.442  -0.179 0.4000000060
148168  -35.602  -55.715  -1.529 0.4000000060
130781  -35.460  -55.079  -2.016 0.4000000060
39620  -34.669  -53.500  -5.838 0.4000000060
136722  -35.288  -53.993  -3.638 0.4000000060
39609  -34.704  -53.507  -4.629 0.4000000060
36279  -33.327  -56.159  3.387 0.4000000060
37364  -34.049  -55.467  3.399 0.4000000060
37378  -34.851  -55.418  2.930 0.4000000060
37379  -35.384  -55.078  2.190 0.4000000060
37406  -35.506  -55.501  0.761 0.4000000060
38497  -35.477  -54.507  -0.538 0.4000000060
39632  -34.509  -53.155  -5.884 0.4000000060
38506  -35.383  -54.377  -1.536 0.4000000060
39568  -35.317  -53.637  -1.031 0.4000000060
139783  -35.317  -54.210  -2.589 0.4000000060
39595  -34.902  -53.461  -3.330 0.4000000060
38446  -34.636  -54.749  3.349 0.4000000060
38447  -35.117  -53.995  3.212 0.4000000060
38462  -35.392  -54.244  2.452 0.4000000060
151923  -35.498  -53.707  1.921 0.4000000060
38475  -35.497  -54.316  1.438 0.4000000060
39543  -35.505  -53.465  1.096 0.4000000060
152884  -35.473  -53.729  0.088 0.4000000060
39619  -34.104  -52.971  -5.438 0.3000000119
39594  -34.490  -52.800  -3.010 0.4000000060
39608  -34.059  -52.955  -4.359 0.4000000060
139670  -34.418  -54.084  3.621 0.4000000060
39516  -35.229  -53.050  3.290 0.4000000060
40454  -34.877  -52.441  3.823 0.4000000060
39531  -35.445  -53.458  2.642 0.4000000060
40481  -35.554  -52.994  1.948 0.4000000060
138085  -35.448  -52.839  0.397 0.4000000060
40511  -35.308  -52.897  -0.534 0.4000000060
40581  -34.507  -52.765  -5.706 0.4000000060
40580  -33.904  -52.467  -5.313 0.3000000119
40528  -34.895  -52.658  -1.715 0.4000000060
40547  -33.561  -52.369  -3.987 0.5000000000
40565  -33.473  -52.418  -5.030 0.4000000060
137964  -34.064  -52.094  -2.725 0.5000000000
41464  -34.860  -51.721  4.113 0.4000000060
41465  -35.211  -51.742  3.742 0.4000000060
40455  -35.341  -52.316  3.350 0.4000000060
41478  -35.614  -51.676  3.011 0.4000000060
40469  -35.538  -52.612  2.744 0.4000000060
40510  -34.983  -52.091  -0.938 0.4000000060
40546  -33.211  -51.712  -3.612 0.5000000000
41449  -34.519  -51.177  4.379 0.4000000060
41450  -35.057  -51.220  4.132 0.4000000060
42516  -35.628  -50.682  2.989 0.4000000060
137449  -34.480  -51.860  -1.769 0.4000000060
135074  -33.781  -51.252  -2.381 0.5000000000
42482  -34.124  -50.181  4.522 0.4000000060
134357  -35.307  -49.609  4.143 0.4000000060
43451  -35.552  -49.300  3.699 0.4000000060
42578  -33.253  -50.370  -2.676 0.5000000000
45312  -34.646  -47.546  4.525 0.4000000060
43430  -33.984  -49.147  4.581 0.4000000060
44345  -34.649  -48.470  4.556 0.4000000060
43431  -34.925  -49.453  4.440 0.4000000060
44346  -35.256  -48.091  4.339 0.4000000060
45337  -35.820  -47.252  3.509 0.5000000000
44344  -33.758  -48.413  4.565 0.4000000060
35268  -36.858  -57.301  -4.072 0.5000000000
37472  -36.532  -55.559  -4.519 0.5000000000
37483  -36.595  -55.185  -6.328 0.4000000060
29485  -40.318  -63.072  -6.788 0.5000000000
27458  -37.587  -65.434  -5.697 0.8000000119
27457  -37.172  -65.058  -5.134 0.8000000119
28469  -36.399  -64.557  -4.111 0.6999999881
139599  -42.416  -62.533  -6.507 0.5000000000
28461  -36.066  -64.584  -3.298 0.6999999881
139128  -43.799  -62.321  -6.515 0.5000000000
28459  -35.019  -63.947  -2.337 0.6999999881
33411  -45.505  -59.736  -7.226 0.4000000060
31461  -43.312  -61.548  -6.537 0.4000000060
156486  -34.662  -63.590  -1.763 0.6999999881
30375  -33.072  -62.552  0.659 0.6999999881
32462  -46.675  -59.462  -7.012 0.4000000060
34320  -46.610  -58.409  -7.154 0.4000000060
29415  -30.810  -63.329  0.429 0.6000000238
35290  -45.624  -56.864  -7.137 0.4000000060
31406  -30.053  -62.123  0.064 0.6000000238
137585  -29.874  -61.405  -0.328 0.5000000000
152742  -30.420  -60.772  0.889 0.5000000000
33332  -31.300  -59.527  2.098 0.5000000000
34229  -31.355  -58.725  2.317 0.4000000060
35189  -31.922  -56.760  3.193 0.4000000060
37361  -31.858  -56.088  3.227 0.4000000060
37362  -32.499  -55.694  3.479 0.4000000060
38444  -32.539  -54.775  3.667 0.4000000060
134608  -32.974  -54.067  3.993 0.4000000060
39504  -34.199  -52.820  4.149 0.4000000060
40440  -33.656  -52.312  4.324 0.4000000060
153939  -33.760  -50.923  4.496 0.4000000060
147719  -33.141  -50.486  4.418 0.4000000060
136052  -33.160  -47.247  4.423 0.4000000060
28490  -38.067  -64.805  -6.965 0.8000000119
29484  -37.144  -63.326  -6.809 0.8000000119
28478  -36.764  -64.496  -4.907 0.6999999881
32461  -41.312  -59.738  -7.019 0.6000000238
31470  -37.315  -61.320  -7.508 0.6999999881
34324  -41.651  -57.876  -7.607 0.6000000238
33415  -38.704  -59.384  -7.524 0.6000000238
33414  -37.889  -59.606  -7.498 0.6000000238
30386  -34.381  -62.121  -0.912 0.6999999881
35295  -40.914  -57.291  -7.463 0.5000000000
143089  -33.522  -61.798  0.526 0.6000000238
144839  -46.051  -57.973  -7.552 0.5000000000
141816  -44.431  -57.494  -7.791 0.5000000000
36395  -44.148  -55.878  -7.525 0.3000000119
35284  -37.353  -57.551  -5.619 0.5000000000
33345  -33.998  -59.713  0.927 0.6000000238
35261  -36.197  -57.379  -2.310 0.5000000000
36377  -36.899  -56.401  -5.010 0.5000000000
37458  -36.133  -54.952  -4.144 0.4000000060
36356  -36.378  -56.506  -2.741 0.4000000060
38550  -35.299  -53.983  -6.327 0.4000000060
37431  -35.499  -55.186  -1.104 0.4000000060
38445  -33.661  -54.617  3.722 0.4000000060
39580  -35.139  -53.500  -2.151 0.4000000060
43432  -35.385  -48.811  4.203 0.4000000060
17983  -30.031  -74.079  -10.478 0.4000000060
18975  -31.810  -73.653  -10.521 0.4000000060
18976  -32.667  -73.366  -10.494 0.4000000060
143142  -34.159  -72.548  -10.423 0.4000000060
18965  -32.276  -73.735  -9.705 0.4000000060
18966  -33.133  -73.466  -9.632 0.4000000060
20031  -34.036  -73.072  -9.522 0.4000000060
20023  -34.674  -72.625  -8.916 0.4000000060
21118  -36.344  -71.213  -9.488 0.5000000000
18955  -32.504  -73.620  -8.680 0.4000000060
155553  -34.103  -72.904  -8.551 0.4000000060
20014  -34.555  -72.521  -7.903 0.5000000000
21110  -35.919  -71.808  -7.983 0.5000000000
21094  -37.417  -71.410  -7.649 0.6000000238
133889  -32.189  -73.541  -7.780 0.4000000060
18945  -32.929  -73.310  -7.784 0.4000000060
140805  -34.749  -72.336  -7.128 0.4000000060
21111  -36.728  -71.486  -8.463 0.5000000000
32450  -44.439  -60.674  -6.866 0.3000000119
32451  -45.970  -60.534  -6.598 0.4000000060
34314  -45.669  -58.475  -6.294 0.3000000119
22183  -37.675  -71.140  -8.496 0.5000000000
28501  -42.318  -64.297  -7.781 0.5000000000
147528  -43.605  -63.169  -6.606 0.4000000060
19979  -33.431  -72.447  -5.528 0.4000000060
20015  -35.278  -72.116  -7.534 0.5000000000
21093  -36.556  -71.588  -7.478 0.5000000000
19995  -32.800  -72.804  -6.135 0.4000000060
20013  -33.272  -72.919  -7.005 0.4000000060
21095  -38.276  -71.108  -7.762 0.6000000238
22185  -39.469  -70.366  -8.394 0.6000000238
23305  -40.250  -69.663  -7.298 0.6999999881
29487  -42.335  -63.233  -6.746 0.5000000000
22170  -40.269  -69.911  -8.100 0.6999999881
25407  -41.417  -67.371  -8.493 0.6999999881
28500  -41.301  -64.384  -7.721 0.6999999881
140143  -40.839  -69.072  -7.838 0.6999999881
25394  -41.153  -67.434  -7.677 0.6999999881
156918  -35.764  -71.672  -6.638 0.5000000000
21072  -36.331  -71.502  -6.599 0.6000000238
21074  -37.948  -71.191  -6.790 0.6000000238
22158  -38.630  -70.638  -6.220 0.6000000238
19980  -34.203  -72.256  -5.777 0.4000000060
19981  -34.912  -71.990  -5.946 0.5000000000
21073  -37.150  -71.240  -6.185 0.6000000238
22168  -38.823  -70.802  -7.085 0.6000000238
23294  -39.782  -69.666  -6.466 0.6000000238
23295  -40.436  -68.934  -6.822 0.6000000238
34319  -46.265  -57.942  -6.915 0.3000000119
22169  -39.617  -70.321  -7.373 0.6000000238
147618  -40.857  -68.216  -7.268 0.6999999881
29486  -41.414  -63.124  -6.720 0.5000000000
131011  -34.890  -71.624  -3.638 0.6000000238
21047  -35.633  -71.490  -4.421 0.6000000238
22131  -37.015  -70.790  -3.912 0.6999999881
21049  -37.198  -70.968  -5.331 0.6000000238
22141  -38.533  -70.322  -5.414 0.6000000238
140912  -39.994  -68.718  -5.992 0.6000000238
146762  -34.729  -71.873  -4.612 0.5000000000
21058  -36.455  -71.341  -5.704 0.6000000238
24360  -40.359  -68.083  -6.478 0.6000000238
25393  -40.561  -67.404  -6.985 0.6999999881
26419  -40.175  -66.059  -7.375 0.6999999881
26420  -40.716  -66.708  -7.448 0.6999999881
135679  -40.836  -63.759  -7.175 0.6000000238
27484  -40.363  -65.367  -7.708 0.6999999881
22118  -36.492  -70.770  -3.195 0.6000000238
151540  -37.184  -70.185  -3.260 0.6999999881
132523  -37.853  -69.637  -3.805 0.6999999881
150433  -37.295  -70.754  -4.597 0.6999999881
23267  -38.955  -69.138  -4.914 0.6000000238
28498  -39.455  -64.259  -7.425 0.5000000000
24359  -39.844  -67.924  -5.854 0.6999999881
26408  -40.037  -66.668  -6.903 0.6999999881
29496  -40.073  -63.815  -7.251 0.6000000238
25336  -37.550  -67.576  -3.472 0.6999999881
26393  -37.716  -66.128  -5.298 0.6999999881
143466  -37.485  -69.430  -3.179 0.6999999881
25350  -38.037  -67.372  -4.725 0.6000000238
25364  -38.502  -67.367  -5.233 0.5000000000
23253  -38.405  -69.006  -4.197 0.6999999881
24334  -38.687  -68.196  -4.816 0.6000000238
25379  -39.413  -67.291  -6.003 0.6999999881
27482  -38.710  -64.615  -7.286 0.5000000000
24348  -39.409  -68.502  -5.405 0.6000000238
26407  -39.369  -66.683  -6.424 0.6999999881
27483  -39.524  -65.115  -7.419 0.6000000238
26380  -37.603  -66.561  -4.644 0.6999999881
27448  -37.361  -65.697  -4.881 0.6999999881
27437  -37.168  -65.910  -4.055 0.6999999881
139772  -38.729  -65.358  -6.961 0.6000000238
26394  -38.130  -66.131  -5.843 0.6999999881
148084  -38.757  -66.852  -5.816 0.6000000238
132342  -35.828  -71.705  -8.895 0.4000000060
130407  -32.337  -73.268  -6.960 0.4000000060
18946  -33.732  -72.920  -7.821 0.4000000060
19997  -34.495  -72.305  -6.492 0.4000000060
19996  -33.711  -72.546  -6.339 0.4000000060
26421  -41.311  -66.516  -8.159 0.6999999881
140861  -40.942  -64.908  -8.021 0.6999999881
22157  -37.926  -70.856  -5.788 0.6000000238
22142  -39.154  -70.080  -5.858 0.6000000238
21056  -35.243  -71.764  -5.287 0.6999999881
21048  -36.563  -71.165  -4.735 0.6000000238
22133  -38.396  -69.852  -4.613 0.6000000238
24323  -38.000  -68.124  -4.008 0.6999999881
24347  -39.154  -67.698  -5.494 0.6000000238
23236  -37.038  -69.523  -2.536 0.5000000000
21046  -33.950  -72.127  -3.878 0.4000000060
149600  -33.041  -72.283  -3.698 0.4000000060
19949  -33.325  -71.997  -2.995 0.5000000000
21031  -34.187  -71.695  -2.900 0.5000000000
21013  -35.060  -71.251  -2.608 0.5000000000
23235  -36.535  -69.503  -1.745 0.5000000000
24298  -36.380  -68.657  -1.346 0.5000000000
22100  -36.471  -70.286  -2.290 0.5000000000
24309  -37.429  -68.802  -2.834 0.6000000238
25325  -37.284  -67.914  -2.624 0.5000000000
24308  -36.989  -68.724  -2.067 0.5000000000
26358  -36.792  -67.059  -2.328 0.6999999881
26350  -36.209  -67.093  -1.516 0.6000000238
26357  -36.240  -66.211  -2.137 0.6000000238
21030  -32.808  -71.703  -2.509 0.5000000000
21011  -33.513  -71.471  -2.242 0.5000000000
22087  -34.558  -70.413  -1.336 0.5000000000
23220  -35.245  -69.215  -0.696 0.5000000000
22089  -36.078  -70.034  -1.509 0.5000000000
26369  -36.814  -66.224  -3.098 0.6000000238
25319  -36.068  -67.874  -1.022 0.6000000238
26349  -35.492  -66.316  -1.268 0.5000000000
27427  -35.545  -65.416  -2.063 0.6000000238
130446  -32.712  -71.177  -2.007 0.5000000000
22086  -33.630  -70.445  -1.340 0.5000000000
23218  -33.371  -69.833  -0.992 0.5000000000
23205  -34.608  -69.081  -0.508 0.5000000000
24289  -34.946  -68.528  -0.454 0.5000000000
27436  -36.538  -65.312  -3.666 0.6000000238
26339  -34.771  -66.966  -0.562 0.5000000000
27420  -34.944  -65.455  -1.377 0.6000000238
21009  -31.455  -71.233  -2.457 0.5000000000
22085  -32.740  -70.336  -1.581 0.5000000000
23217  -32.776  -69.381  -1.186 0.5000000000
24296  -32.432  -68.474  -1.039 0.5000000000
25318  -31.911  -67.839  -1.132 0.6000000238
23202  -32.951  -68.787  -0.768 0.4000000060
26347  -31.333  -67.212  -1.304 0.4000000060
149451  -32.325  -67.730  -0.708 0.5000000000
139765  -33.183  -67.393  -0.303 0.5000000000
24288  -34.192  -68.579  -0.355 0.4000000060
26346  -30.762  -66.381  -1.448 0.4000000060
27404  -31.536  -65.805  -0.468 0.5000000000
26337  -32.983  -66.566  -0.254 0.5000000000
27418  -30.517  -65.214  -0.883 0.4000000060
26338  -33.886  -66.185  -0.460 0.6000000238
26348  -34.736  -66.057  -0.793 0.6000000238
143577  -34.560  -64.856  -1.404 0.6000000238
146400  -34.271  -63.682  -1.116 0.6000000238
26336  -32.111  -66.512  -0.381 0.5000000000
151818  -31.001  -65.308  -0.492 0.5000000000
152890  -31.530  -64.935  -0.192 0.5000000000
27405  -32.287  -65.713  -0.284 0.5000000000
28448  -30.099  -64.694  -1.574 0.4000000060
28436  -30.768  -64.690  -0.311 0.5000000000
28437  -32.407  -64.852  -0.086 0.6000000238
27406  -33.043  -65.564  -0.277 0.6000000238
29432  -33.630  -63.872  -0.399 0.6000000238
28427  -31.070  -64.148  0.232 0.5000000000
31419  -29.761  -61.637  -1.128 0.3000000119
31405  -29.820  -62.251  -0.625 0.4000000060
29444  -29.975  -63.944  -1.081 0.4000000060
144877  -30.366  -63.896  -0.152 0.5000000000
29417  -32.310  -63.606  0.561 0.5000000000
29418  -33.213  -63.241  0.193 0.6000000238
34228  -31.142  -57.873  2.329 0.3000000119
132073  -30.687  -58.337  1.618 0.3000000119
136684  -30.535  -59.151  1.185 0.4000000060
32381  -30.129  -60.680  0.250 0.4000000060
36307  -31.103  -55.994  2.138 0.3000000119
142457  -32.280  -53.897  3.715 0.3000000119
38443  -31.836  -55.267  3.285 0.3000000119
39503  -33.521  -52.936  4.212 0.3000000119
40439  -33.073  -52.558  4.214 0.3000000119
156940  -33.205  -51.156  4.389 0.3000000119
42500  -32.559  -50.988  4.148 0.3000000119
43429  -33.128  -49.610  4.441 0.3000000119
30384  -30.230  -62.879  -0.060 0.5000000000
35202  -31.097  -57.171  2.355 0.3000000119
26370  -37.375  -66.754  -3.741 0.5000000000
20998  -34.708  -70.990  -1.913 0.5000000000
27407  -33.703  -65.288  -0.513 0.6000000238
26432  -41.677  -66.551  -9.071 0.6000000238
28507  -41.853  -64.970  -8.357 0.6000000238
31451  -45.122  -61.246  -5.057 0.3000000119
31452  -46.105  -61.396  -5.594 0.3000000119
31464  -46.266  -61.904  -5.851 0.3000000119
136893  -46.303  -60.978  -6.102 0.3000000119
30439  -46.224  -62.683  -5.669 0.3000000119
31463  -45.948  -61.653  -6.274 0.3000000119
31462  -44.868  -61.548  -6.578 0.3000000119
27492  -42.634  -65.345  -9.093 0.6000000238
28508  -42.967  -64.720  -8.544 0.5000000000
32429  -43.660  -61.139  -4.807 0.3000000119
32437  -45.820  -60.596  -5.656 0.3000000119
32438  -46.343  -60.556  -6.106 0.3000000119
33403  -46.483  -59.770  -6.256 0.3000000119
30438  -46.029  -62.565  -6.124 0.3000000119
28491  -44.179  -63.884  -6.953 0.3000000119
28502  -43.471  -64.305  -7.652 0.4000000060
19965  -33.231  -72.367  -4.601 0.4000000060
31442  -42.853  -61.726  -4.548 0.3000000119
32436  -44.345  -60.511  -5.249 0.3000000119
33401  -43.547  -59.688  -5.362 0.3000000119
144017  -45.205  -59.820  -5.666 0.3000000119
21123  -35.349  -71.084  -10.790 0.5000000000
22203  -36.316  -70.005  -11.035 0.5000000000
18985  -32.055  -73.045  -11.308 0.4000000060
145450  -33.561  -72.389  -11.058 0.4000000060
20046  -34.118  -71.800  -11.335 0.4000000060
21128  -35.135  -70.800  -11.631 0.5000000000
23326  -38.671  -69.535  -10.377 0.5000000000
22204  -37.021  -69.744  -10.759 0.5000000000
21124  -35.973  -70.724  -10.420 0.5000000000
21122  -34.869  -71.866  -10.389 0.4000000060
24385  -40.862  -68.373  -10.371 0.6000000238
23328  -40.432  -69.150  -9.759 0.6000000238
23327  -39.596  -69.419  -10.103 0.5000000000
22205  -37.814  -69.620  -10.584 0.5000000000
20033  -35.199  -72.130  -9.360 0.3000000119
22194  -37.435  -70.303  -9.935 0.5000000000
147010  -41.663  -67.165  -10.296 0.6000000238
151060  -40.973  -68.778  -9.456 0.6000000238
23315  -39.988  -69.834  -9.082 0.6000000238
156201  -37.795  -70.676  -9.198 0.4000000060
22195  -38.223  -70.219  -9.697 0.5000000000
27498  -42.335  -65.956  -9.622 0.6000000238
29489  -45.972  -63.511  -5.965 0.3000000119
28509  -44.016  -64.910  -8.313 0.4000000060
24378  -41.386  -67.947  -8.840 0.6000000238
22184  -38.507  -70.665  -8.674 0.4000000060
29479  -46.163  -63.230  -5.478 0.3000000119
30429  -46.133  -62.258  -5.327 0.3000000119
29488  -45.218  -63.437  -6.458 0.3000000119
23316  -40.696  -69.330  -8.812 0.6000000238
25421  -41.552  -67.298  -9.369 0.6000000238
24386  -41.343  -68.025  -9.681 0.6000000238
28492  -45.372  -64.217  -6.650 0.3000000119
25431  -41.810  -67.180  -11.015 0.5000000000
26446  -42.365  -66.932  -10.988 0.5000000000
26441  -42.683  -66.431  -10.459 0.5000000000
26445  -43.403  -66.868  -10.773 0.4000000060
147115  -43.424  -66.288  -10.236 0.5000000000
26447  -42.818  -67.104  -11.198 0.5000000000
25430  -41.395  -67.669  -11.434 0.5000000000
25432  -43.531  -67.524  -10.740 0.4000000060
26443  -44.264  -66.325  -9.108 0.4000000060
27494  -44.255  -65.589  -8.756 0.4000000060
27493  -43.442  -65.329  -9.111 0.5000000000
23339  -39.995  -68.555  -10.809 0.5000000000
24396  -40.499  -67.969  -11.497 0.5000000000
15979  -32.603  -76.528  -14.431 0.3000000119
15976  -33.142  -76.231  -13.532 0.3000000119
17026  -33.745  -75.448  -14.172 0.3000000119
18005  -35.307  -74.937  -14.254 0.3000000119
18007  -37.247  -75.252  -13.278 0.4000000060
17027  -34.322  -74.982  -14.556 0.3000000119
17034  -34.057  -74.648  -14.724 0.3000000119
17018  -37.884  -75.371  -12.440 0.4000000060
18016  -36.928  -74.835  -13.882 0.4000000060
18015  -35.329  -74.754  -14.335 0.3000000119
18023  -34.533  -74.427  -14.583 0.3000000119
18009  -38.454  -74.718  -12.411 0.4000000060
18994  -38.806  -73.831  -12.593 0.4000000060
19002  -36.722  -73.961  -13.956 0.4000000060
146685  -36.150  -74.516  -14.299 0.4000000060
19000  -34.142  -73.521  -14.237 0.4000000060
19001  -35.143  -73.757  -14.325 0.4000000060
20040  -40.595  -72.518  -10.826 0.3000000119
18995  -39.512  -73.337  -12.105 0.4000000060
20060  -38.655  -72.976  -13.049 0.4000000060
20052  -38.176  -72.017  -13.276 0.4000000060
157622  -36.123  -72.344  -13.544 0.4000000060
139337  -35.121  -72.580  -13.637 0.4000000060
21125  -41.653  -71.366  -10.691 0.3000000119
20054  -40.241  -72.422  -12.022 0.4000000060
144636  -39.415  -71.545  -12.768 0.4000000060
20053  -39.478  -72.675  -12.540 0.4000000060
21134  -38.526  -71.137  -13.039 0.4000000060
22216  -39.014  -70.231  -12.841 0.4000000060
21139  -37.190  -71.870  -13.371 0.4000000060
146041  -36.573  -70.880  -12.980 0.4000000060
21138  -36.296  -71.735  -13.336 0.4000000060
21136  -34.683  -71.764  -13.155 0.4000000060
22211  -41.858  -70.740  -11.447 0.4000000060
21135  -40.724  -71.388  -12.119 0.4000000060
23350  -38.310  -69.152  -12.486 0.4000000060
22214  -36.938  -69.988  -12.605 0.4000000060
21131  -35.105  -71.112  -12.822 0.4000000060
21132  -35.740  -70.939  -12.910 0.4000000060
20055  -33.494  -72.562  -13.432 0.4000000060
22218  -40.568  -70.230  -12.460 0.4000000060
22217  -39.792  -69.929  -12.690 0.4000000060
24399  -38.105  -68.634  -12.044 0.4000000060
23348  -36.718  -69.546  -12.098 0.4000000060
22208  -35.033  -70.835  -12.279 0.4000000060
22210  -36.075  -69.808  -11.862 0.4000000060
23352  -40.059  -69.101  -12.528 0.4000000060
151224  -39.152  -68.165  -11.933 0.4000000060
23337  -38.281  -68.894  -11.313 0.4000000060
24405  -43.195  -67.927  -11.141 0.4000000060
24407  -40.342  -68.284  -12.160 0.4000000060
140975  -39.808  -68.052  -11.859 0.4000000060
25409  -44.119  -66.916  -8.966 0.3000000119
26433  -44.656  -66.267  -8.242 0.3000000119
23342  -36.805  -69.510  -11.600 0.4000000060
24403  -41.850  -67.892  -11.775 0.4000000060
27486  -45.185  -65.650  -7.599 0.3000000119
24395  -39.445  -68.157  -11.764 0.4000000060
18018  -38.178  -74.543  -12.855 0.4000000060
19004  -38.132  -73.919  -13.172 0.4000000060
20059  -37.779  -72.954  -13.391 0.4000000060
20048  -41.124  -71.965  -11.081 0.4000000060
20047  -40.498  -72.479  -11.435 0.4000000060
20041  -41.177  -71.928  -10.442 0.3000000119
145820  -38.939  -72.114  -12.972 0.4000000060
22206  -42.155  -70.871  -10.914 0.3000000119
140606  -41.538  -71.393  -11.205 0.4000000060
143672  -39.987  -70.928  -12.593 0.4000000060
22219  -41.314  -70.497  -11.998 0.4000000060
24401  -39.298  -68.249  -12.091 0.4000000060
22213  -36.003  -70.103  -12.422 0.4000000060
23344  -38.163  -68.609  -11.882 0.4000000060
24408  -41.254  -68.322  -12.105 0.4000000060
18957  -39.567  -73.957  -9.889 0.3000000119
141597  -38.480  -75.750  -10.714 0.3000000119
17007  -37.595  -75.688  -11.817 0.3000000119
16995  -38.587  -75.327  -11.283 0.3000000119
17998  -38.989  -74.603  -11.496 0.3000000119
17017  -37.651  -75.463  -12.458 0.3000000119
17997  -38.625  -74.988  -11.975 0.3000000119
18967  -39.370  -74.034  -10.832 0.3000000119
18987  -39.455  -73.723  -11.585 0.3000000119
18977  -40.005  -73.153  -11.167 0.3000000119
22212  -42.505  -70.208  -11.213 0.3000000119
23346  -42.655  -69.287  -11.517 0.3000000119
23347  -43.140  -68.736  -11.088 0.3000000119
24398  -43.449  -68.165  -10.657 0.3000000119
18968  -40.029  -73.200  -10.438 0.3000000119
23353  -41.165  -69.260  -12.365 0.3000000119
15975  -32.791  -77.112  -13.525 0.3000000119
17008  -38.005  -75.655  -11.878 0.3000000119
17009  -38.262  -75.414  -11.883 0.3000000119
17016  -34.400  -75.205  -13.659 0.3000000119
17019  -38.221  -75.174  -12.300 0.4000000060
17033  -33.683  -75.021  -14.818 0.3000000119
17985  -38.916  -74.911  -10.899 0.3000000119
18008  -37.908  -75.064  -12.780 0.4000000060
18014  -34.522  -74.756  -14.569 0.3000000119
18017  -37.630  -74.783  -13.334 0.4000000060
18021  -33.806  -74.772  -14.783 0.3000000119
18022  -34.089  -74.612  -14.716 0.3000000119
18956  -33.442  -73.281  -8.662 0.4000000060
18974  -30.956  -73.937  -10.518 0.4000000060
18986  -39.008  -74.279  -12.060 0.4000000060
18988  -39.968  -73.018  -11.707 0.4000000060
19003  -37.406  -73.952  -13.624 0.4000000060
19006  -33.867  -74.240  -14.605 0.3000000119
19929  -30.971  -71.576  -2.732 0.5000000000
19948  -32.377  -72.142  -3.044 0.5000000000
19964  -32.285  -72.510  -4.152 0.4000000060
19966  -34.035  -72.196  -4.971 0.5000000000
20024  -35.267  -72.195  -8.406 0.4000000060
20032  -34.626  -72.519  -9.723 0.4000000060
20034  -40.621  -72.516  -10.056 0.3000000119
20038  -32.879  -72.680  -11.215 0.4000000060
20039  -33.479  -73.066  -10.429 0.4000000060
20057  -35.962  -73.129  -13.801 0.4000000060
20058  -36.789  -72.833  -13.593 0.4000000060
20996  -33.289  -70.937  -1.714 0.5000000000
20997  -33.994  -71.015  -1.719 0.5000000000
21010  -32.125  -71.521  -2.407 0.5000000000
21012  -34.302  -71.340  -2.233 0.5000000000
21032  -35.739  -71.229  -3.386 0.6000000238
21033  -36.326  -71.121  -3.916 0.6000000238
21057  -35.684  -71.667  -6.033 0.6000000238
21071  -35.254  -71.981  -6.702 0.5000000000
21092  -35.826  -71.704  -7.160 0.5000000000
21119  -37.138  -70.952  -9.278 0.4000000060
21120  -41.668  -71.286  -9.939 0.3000000119
21127  -34.533  -71.228  -11.886 0.5000000000
21129  -40.954  -71.872  -11.594 0.4000000060
21130  -34.513  -71.388  -12.535 0.4000000060
21133  -37.530  -70.959  -13.073 0.4000000060
21137  -35.517  -71.854  -13.334 0.4000000060
22088  -35.386  -69.920  -1.133 0.5000000000
22098  -32.069  -70.849  -2.093 0.5000000000
22099  -35.524  -70.613  -1.855 0.5000000000
22117  -35.908  -70.889  -2.618 0.5000000000
22132  -37.648  -70.325  -4.158 0.6999999881
22140  -37.882  -70.518  -4.947 0.6000000238
22159  -39.237  -70.356  -6.560 0.6000000238
22193  -36.686  -70.479  -10.133 0.5000000000
22196  -39.104  -70.103  -9.388 0.5000000000
22202  -35.690  -70.362  -11.341 0.5000000000
22209  -35.516  -70.292  -12.071 0.4000000060
22215  -37.929  -70.031  -12.796 0.4000000060
23203  -33.279  -69.233  -0.766 0.5000000000
23204  -33.935  -69.350  -0.593 0.5000000000
23219  -34.626  -69.686  -0.771 0.5000000000
23221  -35.946  -69.377  -1.108 0.5000000000
23234  -32.316  -69.694  -1.661 0.5000000000
23252  -37.859  -68.900  -3.512 0.6999999881
23281  -38.912  -69.765  -5.261 0.6000000238
23282  -39.416  -69.331  -5.594 0.6000000238
23338  -39.027  -68.655  -11.116 0.5000000000
23343  -37.506  -69.086  -11.937 0.4000000060
23345  -42.035  -69.836  -11.887 0.4000000060
23349  -37.522  -69.274  -12.265 0.4000000060
23351  -39.156  -69.111  -12.554 0.4000000060
23354  -42.020  -68.761  -12.083 0.4000000060
24287  -33.484  -68.666  -0.513 0.4000000060
24297  -35.681  -68.582  -0.782 0.5000000000
24307  -32.221  -69.008  -1.713 0.5000000000
24322  -37.638  -68.286  -3.277 0.6000000238
24368  -41.248  -68.166  -8.104 0.6999999881
24377  -41.161  -68.602  -8.752 0.6000000238
24394  -38.753  -68.334  -11.836 0.4000000060
24397  -41.298  -67.585  -10.871 0.5000000000
24400  -38.694  -68.323  -11.930 0.4000000060
24402  -40.804  -67.899  -11.837 0.4000000060
24404  -42.632  -68.323  -11.565 0.4000000060
24406  -38.632  -68.532  -12.189 0.4000000060
25307  -31.872  -67.179  -0.638 0.5000000000
25308  -32.917  -68.041  -0.496 0.5000000000
25309  -33.662  -67.954  -0.245 0.5000000000
25310  -34.462  -67.855  -0.299 0.4000000060
25311  -35.285  -67.847  -0.590 0.5000000000
25320  -36.708  -67.884  -1.735 0.5000000000
25349  -37.698  -67.285  -4.163 0.6999999881
25380  -39.931  -67.317  -6.430 0.6999999881
25422  -43.827  -67.207  -10.264 0.4000000060
25423  -44.020  -66.957  -9.677 0.4000000060
25433  -42.145  -67.340  -11.377 0.5000000000
25434  -42.667  -67.606  -11.367 0.5000000000
26334  -30.898  -65.828  -0.792 0.4000000060
26335  -31.360  -66.503  -0.736 0.5000000000
26359  -37.244  -67.079  -3.017 0.5000000000
26381  -38.065  -66.743  -5.286 0.6999999881
26406  -38.737  -66.084  -6.420 0.6000000238
26440  -41.921  -66.588  -9.970 0.6000000238
26442  -43.879  -66.603  -10.044 0.4000000060
26444  -42.053  -66.767  -10.652 0.5000000000
26448  -43.205  -67.377  -11.088 0.5000000000
27419  -34.333  -65.405  -0.834 0.6000000238
27428  -36.193  -65.370  -2.785 0.6999999881
27447  -36.844  -65.190  -4.484 0.6999999881
27470  -37.655  -64.911  -6.378 0.8000000119
27471  -38.118  -65.474  -6.409 0.6999999881
27485  -41.160  -65.571  -8.167 0.6999999881
27499  -43.105  -65.761  -9.848 0.5000000000
27500  -43.733  -65.890  -9.645 0.5000000000
28428  -31.821  -64.226  0.304 0.5000000000
28438  -33.273  -64.701  -0.273 0.6000000238
28439  -34.088  -64.568  -0.813 0.6000000238
28449  -34.585  -64.247  -1.645 0.6000000238
28450  -34.945  -64.761  -2.011 0.6999999881
28460  -35.545  -64.651  -2.624 0.6000000238
28488  -37.025  -63.781  -6.180 0.8000000119
28497  -38.052  -64.136  -7.343 0.8000000119
28499  -40.326  -64.494  -7.587 0.6000000238
28503  -44.700  -64.574  -7.452 0.3000000119
29416  -31.495  -63.551  0.582 0.6000000238
29431  -32.783  -64.108  0.136 0.6000000238
29452  -34.973  -63.064  -2.047 0.6999999881
29497  -41.791  -63.720  -7.229 0.5000000000
29498  -42.879  -63.721  -7.103 0.3000000119
30374  -32.275  -62.676  1.084 0.6000000238
30406  -29.737  -62.292  -1.674 0.3000000119
30428  -36.721  -62.999  -6.087 0.6999999881
30437  -45.075  -62.490  -6.452 0.3000000119
30443  -37.553  -62.158  -7.463 0.8000000119
30445  -39.311  -62.689  -7.108 0.5000000000
31380  -31.441  -61.449  1.461 0.6000000238
31408  -34.495  -61.309  -0.776 0.6000000238
31443  -44.258  -61.829  -4.682 0.3000000119
31444  -45.611  -61.981  -4.886 0.3000000119
31457  -36.726  -61.479  -6.960 0.6000000238
31469  -36.927  -61.922  -7.291 0.6000000238
32347  -31.850  -60.063  2.182 0.5000000000
32363  -30.753  -60.408  1.372 0.5000000000
32382  -33.639  -60.460  1.137 0.6000000238
32383  -34.216  -60.263  0.349 0.6000000238
32395  -34.365  -60.810  -0.286 0.6000000238
32416  -36.184  -60.201  -2.593 0.6999999881
32428  -42.555  -61.082  -4.639 0.3000000119
32445  -36.964  -60.379  -7.117 0.6000000238
32452  -46.433  -59.993  -6.465 0.3000000119
32459  -39.065  -59.926  -7.508 0.6999999881
32460  -40.513  -59.656  -7.205 0.6000000238
33318  -32.668  -59.836  2.173 0.5000000000
33331  -30.758  -59.705  1.547 0.5000000000
33344  -30.402  -59.979  0.834 0.4000000060
33374  -36.009  -59.534  -2.281 0.5000000000
33398  -37.206  -59.079  -5.172 0.5000000000
33410  -43.729  -59.869  -7.184 0.4000000060
33412  -46.850  -58.864  -7.138 0.4000000060
33413  -37.410  -59.736  -7.204 0.6000000238
33418  -43.034  -59.109  -7.417 0.5000000000
34243  -30.829  -59.096  1.808 0.4000000060
34269  -35.324  -58.575  -0.761 0.5000000000
34281  -35.595  -58.358  -1.305 0.6000000238
34287  -36.397  -59.019  -2.941 0.5000000000
34300  -36.914  -58.724  -4.519 0.5000000000
34317  -37.635  -58.161  -6.651 0.5000000000
34322  -38.367  -58.134  -7.372 0.5000000000
34323  -39.137  -58.443  -7.477 0.6000000238
34327  -46.482  -58.343  -7.316 0.4000000060
35191  -33.027  -56.856  3.299 0.4000000060
35203  -31.692  -57.391  2.851 0.4000000060
35205  -33.213  -57.506  3.004 0.4000000060
35277  -37.187  -57.372  -4.945 0.5000000000
35291  -46.063  -57.626  -7.303 0.5000000000
35292  -38.142  -57.503  -7.301 0.5000000000
36278  -32.490  -56.466  3.350 0.4000000060
36294  -31.396  -56.541  2.687 0.3000000119
36382  -37.168  -56.726  -5.930 0.4000000060
36389  -45.425  -56.433  -7.087 0.3000000119
36391  -38.928  -56.896  -7.364 0.5000000000
36394  -42.851  -56.056  -7.616 0.5000000000
37363  -33.227  -55.361  3.588 0.4000000060
37377  -31.436  -55.684  2.718 0.3000000119
37395  -35.500  -55.026  1.282 0.4000000060
38461  -35.178  -54.738  2.933 0.4000000060
38485  -35.527  -54.654  0.479 0.4000000060
38551  -35.772  -54.487  -6.180 0.4000000060
38560  -36.924  -54.959  -6.598 0.3000000119
38563  -40.735  -54.805  -6.484 0.3000000119
39513  -32.849  -53.242  4.045 0.3000000119
39514  -33.761  -53.623  4.017 0.4000000060
39515  -34.655  -53.350  3.680 0.4000000060
39610  -37.855  -53.208  -4.040 0.3000000119
39633  -34.926  -53.635  -6.160 0.4000000060
40441  -34.373  -52.036  4.261 0.4000000060
40569  -38.437  -52.786  -3.395 0.4000000060
41448  -33.745  -51.582  4.428 0.4000000060
41562  -38.701  -51.555  -1.971 0.4000000060
42483  -35.064  -50.410  4.254 0.4000000060
42501  -35.451  -50.135  3.713 0.4000000060
44369  -35.599  -48.072  3.961 0.4000000060
45311  -33.873  -47.746  4.595 0.4000000060
130354  -30.302  -64.509  -0.737 0.4000000060
130588  -35.325  -52.286  -0.139 0.4000000060
131251  -34.807  -71.333  -11.219 0.5000000000
131958  -36.549  -62.192  -5.544 0.6000000238
133684  -37.571  -69.211  -11.411 0.4000000060
134101  -29.888  -63.103  -0.851 0.4000000060
134783  -35.393  -51.004  3.728 0.4000000060
135124  -37.857  -62.960  -7.494 0.8000000119
135408  -32.560  -67.217  -0.399 0.5000000000
135939  -36.396  -62.063  -4.440 0.6999999881
136109  -33.800  -67.186  -0.304 0.5000000000
136335  -37.111  -71.458  -6.945 0.6000000238
136546  -40.736  -66.037  -7.770 0.6999999881
136922  -35.615  -71.479  -9.882 0.4000000060
137427  -37.921  -60.822  -7.558 0.8000000119
138092  -35.594  -67.229  -0.930 0.6000000238
138652  -38.246  -75.668  -11.226 0.3000000119
138682  -39.475  -65.944  -6.980 0.6999999881
139532  -30.387  -65.586  -1.657 0.4000000060
140216  -43.679  -67.716  -10.316 0.3000000119
140471  -34.094  -72.609  -7.097 0.4000000060
141016  -41.801  -65.769  -8.779 0.6000000238
141030  -35.912  -71.512  -5.253 0.6000000238
142652  -41.308  -71.241  -11.645 0.4000000060
143031  -35.736  -58.953  -1.753 0.6000000238
143127  -36.881  -58.091  -4.300 0.5000000000
144900  -30.777  -61.165  1.254 0.5000000000
145455  -32.582  -63.071  0.706 0.6999999881
146187  -36.341  -75.022  -14.099 0.4000000060
146815  -32.945  -51.812  4.259 0.3000000119
147174  -37.655  -55.517  -6.759 0.3000000119
148380  -34.687  -58.770  0.323 0.5000000000
148462  -37.220  -59.617  -5.807 0.5000000000
149920  -46.161  -62.860  -5.248 0.3000000119
149952  -40.083  -71.898  -12.388 0.4000000060
150537  -35.459  -70.606  -12.470 0.4000000060
151270  -35.621  -48.627  3.708 0.4000000060
151807  -38.980  -70.740  -7.851 0.6000000238
152036  -32.697  -59.085  2.393 0.5000000000
153061  -36.557  -61.542  -5.142 0.6999999881
153648  -34.624  -72.018  -5.336 0.4000000060
153885  -35.505  -54.037  0.749 0.4000000060
154189  -35.206  -61.878  -1.830 0.6999999881
154249  -30.626  -65.736  -1.135 0.4000000060
154572  -42.844  -66.812  -10.950 0.5000000000
155633  -34.008  -70.020  -0.856 0.5000000000
156652  -44.801  -65.868  -8.309 0.3000000119
156943  -36.499  -58.507  -3.250 0.5000000000
157378  -39.870  -65.607  -7.380 0.6999999881
