#!ascii label  , from subject sub-v1s22x0050453_ses-1 vox2ras=TkReg
1629
128488  -28.322  -41.841  13.384 0.5000000000
23604  -29.829  -41.241  13.643 0.4000000060
24434  -29.844  -40.482  13.425 0.6000000238
25308  -28.282  -39.354  11.880 0.6000000238
24441  -27.647  -40.519  12.566 0.5000000000
125595  -29.152  -38.551  11.135 0.6000000238
25295  -29.738  -39.639  12.977 0.6999999881
24435  -30.831  -40.817  13.768 0.6999999881
25294  -28.236  -39.762  12.362 0.6999999881
26258  -28.894  -38.540  11.555 0.6999999881
26268  -29.860  -38.193  10.776 0.5000000000
26267  -29.305  -38.049  11.057 0.6999999881
25319  -29.762  -38.946  10.862 0.5000000000
121802  -28.853  -44.096  22.955 0.5000000000
25285  -31.017  -40.212  13.531 0.6999999881
26244  -30.267  -38.708  12.512 0.6999999881
26243  -28.716  -38.994  12.224 0.6999999881
27155  -29.109  -37.933  11.687 0.6999999881
27144  -28.965  -38.352  12.041 0.6999999881
130187  -29.830  -37.848  12.084 0.6999999881
27172  -29.953  -37.391  10.667 0.6000000238
25274  -35.030  -39.604  15.125 0.6999999881
25288  -34.636  -39.317  14.370 0.6999999881
25286  -32.140  -40.034  13.517 0.6999999881
25297  -32.476  -39.268  13.111 0.6999999881
21862  -28.737  -43.354  22.468 0.6000000238
122442  -27.163  -44.837  22.006 0.4000000060
25296  -31.327  -39.455  13.037 0.6999999881
27163  -29.333  -37.588  11.396 0.6999999881
27171  -29.318  -37.096  10.975 0.6999999881
28095  -29.283  -36.461  11.245 0.6999999881
132866  -30.739  -36.225  10.206 0.6000000238
127642  -35.382  -39.689  17.152 0.6999999881
24424  -35.207  -40.105  16.510 0.6999999881
24438  -34.522  -40.101  14.572 0.6999999881
26218  -35.182  -38.883  14.890 0.6999999881
25275  -35.399  -39.072  15.661 0.6999999881
22655  -30.472  -42.425  23.280 0.6000000238
26246  -32.777  -38.503  12.905 0.6999999881
26232  -34.050  -38.983  13.644 0.6999999881
26233  -34.776  -38.545  14.219 0.6999999881
26234  -35.229  -38.245  14.732 0.6999999881
21873  -27.754  -43.648  21.273 0.5000000000
21056  -27.501  -44.306  21.646 0.5000000000
27156  -30.600  -37.168  12.182 0.6999999881
27145  -31.148  -37.955  12.440 0.6999999881
27132  -35.018  -37.712  14.163 0.6999999881
21055  -26.850  -44.615  21.230 0.4000000060
139248  -29.780  -37.045  11.894 0.6999999881
27146  -32.232  -37.901  12.679 0.6999999881
26247  -33.591  -38.306  13.222 0.6999999881
26248  -34.365  -38.098  13.590 0.6999999881
21070  -25.779  -44.751  20.037 0.4000000060
132741  -31.743  -37.225  12.450 0.6999999881
27148  -33.896  -37.534  13.151 0.6999999881
27149  -34.523  -37.409  13.556 0.6999999881
136810  -29.323  -36.953  11.092 0.6999999881
29088  -33.027  -35.667  12.354 0.6999999881
28078  -33.360  -36.802  12.715 0.6999999881
28104  -29.196  -36.284  10.973 0.6999999881
28077  -32.355  -36.540  12.392 0.6999999881
28118  -31.074  -35.716  10.104 0.6000000238
29120  -29.039  -35.512  10.811 0.6999999881
29109  -29.006  -35.736  11.116 0.6999999881
32215  -32.391  -33.040  10.515 0.5000000000
31172  -32.527  -33.885  10.371 0.5000000000
31174  -34.401  -33.468  10.621 0.4000000060
31173  -33.416  -34.026  10.437 0.5000000000
27108  -35.730  -37.663  15.865 0.6999999881
120761  -30.497  -40.913  23.196 0.6000000238
25298  -33.259  -38.978  13.244 0.6999999881
27119  -35.501  -37.685  14.992 0.6999999881
141454  -29.492  -36.648  11.523 0.6999999881
29087  -31.871  -35.696  12.120 0.6999999881
120600  -30.381  -33.324  10.366 0.6999999881
28117  -30.119  -35.811  10.165 0.6999999881
31170  -30.792  -33.982  10.130 0.6999999881
30146  -29.796  -34.717  10.092 0.6999999881
32214  -31.337  -32.706  10.563 0.6999999881
125566  -34.482  -38.827  21.694 0.6999999881
26169  -34.768  -38.939  20.981 0.6999999881
129144  -35.453  -37.910  19.708 0.8000000119
135220  -35.613  -37.187  19.202 0.8000000119
25208  -33.711  -39.691  22.470 0.6000000238
122371  -34.054  -38.856  22.388 0.6000000238
26157  -34.882  -38.100  21.280 0.6000000238
27084  -35.547  -38.012  18.727 0.8000000119
25184  -33.140  -39.611  23.019 0.6000000238
26119  -32.696  -38.891  23.272 0.6000000238
138971  -35.755  -37.554  16.714 0.6999999881
126186  -31.536  -41.018  23.322 0.6000000238
25183  -32.397  -39.632  23.290 0.6000000238
132085  -29.472  -41.591  22.700 0.6000000238
23514  -29.653  -40.928  22.774 0.6000000238
21874  -28.238  -43.151  21.740 0.5000000000
23512  -28.629  -41.801  21.818 0.6000000238
28045  -35.892  -36.870  16.228 0.6999999881
28066  -34.963  -36.881  13.763 0.6999999881
28086  -30.182  -36.316  11.963 0.6999999881
28076  -31.292  -36.466  12.179 0.6999999881
130891  -34.274  -36.796  13.200 0.6999999881
118455  -28.938  -33.881  10.697 0.8000000119
30130  -29.091  -34.662  10.592 0.6999999881
28087  -30.873  -35.760  11.976 0.6999999881
124250  -29.177  -33.201  10.736 0.8000000119
30107  -29.037  -35.009  11.291 0.6999999881
29100  -31.033  -34.877  12.051 0.6999999881
134023  -33.102  -33.412  10.482 0.5000000000
32217  -34.182  -32.649  10.636 0.5000000000
33164  -33.967  -31.766  10.698 0.5000000000
32218  -34.866  -32.721  10.852 0.4000000060
26140  -34.390  -37.952  22.232 0.6000000238
27074  -35.335  -37.667  20.612 0.6999999881
120596  -35.561  -37.065  20.113 0.8000000119
141272  -35.738  -36.541  18.832 0.8000000119
27092  -35.665  -37.159  18.169 0.8000000119
28033  -35.799  -36.725  17.212 0.8000000119
135307  -31.585  -39.640  23.336 0.6000000238
24340  -29.977  -40.004  22.806 0.6000000238
129863  -28.311  -42.408  21.325 0.6000000238
23523  -28.979  -41.133  22.235 0.6000000238
24339  -29.302  -40.394  22.303 0.6000000238
28056  -36.037  -36.130  15.609 0.6999999881
21891  -27.533  -43.472  20.412 0.5000000000
29078  -35.464  -36.130  14.028 0.6999999881
29068  -35.983  -35.660  14.715 0.6999999881
141902  -27.129  -43.880  20.033 0.5000000000
118247  -27.283  -43.345  19.671 0.5000000000
29077  -34.756  -36.111  13.359 0.6999999881
31158  -28.751  -33.454  11.102 0.8000000119
30117  -28.751  -34.310  11.014 0.8000000119
29099  -29.894  -35.409  11.761 0.6999999881
118288  -29.028  -33.932  11.411 0.6999999881
130111  -33.741  -33.347  10.510 0.5000000000
27042  -34.427  -37.121  22.330 0.6999999881
27988  -34.752  -36.574  22.104 0.6999999881
27059  -34.807  -37.280  21.805 0.6999999881
125833  -35.451  -36.864  20.926 0.8000000119
29030  -35.788  -35.648  19.890 0.8000000119
26139  -33.709  -38.152  22.878 0.6999999881
27989  -35.434  -36.105  21.217 0.8000000119
29044  -35.883  -35.862  19.051 0.8000000119
25182  -31.839  -38.936  23.307 0.6000000238
28021  -35.848  -36.090  18.094 0.8000000119
25207  -30.822  -39.176  23.072 0.6000000238
29063  -36.065  -35.354  16.861 0.6999999881
24352  -28.642  -41.107  21.442 0.6000000238
29069  -36.178  -35.236  15.490 0.8000000119
118819  -36.232  -34.878  16.262 0.6999999881
22707  -28.117  -42.250  20.387 0.6000000238
30080  -36.263  -34.379  15.557 0.8000000119
21907  -26.278  -43.818  18.812 0.4000000060
128944  -34.018  -35.968  12.773 0.6999999881
29090  -34.512  -35.297  13.060 0.6999999881
131737  -35.564  -35.153  14.009 0.6999999881
21108  -25.218  -44.087  18.663 0.4000000060
141204  -34.266  -34.552  12.934 0.6999999881
138634  -35.109  -35.474  13.512 0.6999999881
137660  -29.760  -34.413  11.806 0.8000000119
29089  -33.792  -35.041  12.610 0.6999999881
118342  -32.281  -34.842  12.198 0.6999999881
32213  -30.129  -32.502  10.812 0.8000000119
33161  -31.105  -31.801  10.943 0.6999999881
33162  -32.319  -31.971  10.791 0.5000000000
131126  -34.502  -30.974  10.906 0.5000000000
32216  -33.304  -32.572  10.605 0.5000000000
33149  -35.338  -31.933  11.226 0.4000000060
27973  -34.153  -36.510  22.643 0.6000000238
27974  -35.099  -35.976  21.831 0.6999999881
29010  -35.615  -35.445  20.730 0.8000000119
29031  -36.048  -35.070  19.290 0.8000000119
123277  -33.126  -37.566  23.134 0.6999999881
26138  -32.205  -38.008  23.209 0.6999999881
134475  -36.071  -35.371  18.517 0.8000000119
26137  -31.352  -38.417  23.064 0.6000000238
30050  -36.283  -34.640  18.533 0.8000000119
25206  -29.809  -38.997  22.328 0.6000000238
30062  -36.395  -34.277  17.751 0.8000000119
129894  -36.281  -34.614  17.016 0.8000000119
23537  -28.403  -41.632  20.866 0.6000000238
24353  -28.862  -40.387  21.548 0.6000000238
29079  -36.005  -34.760  14.721 0.8999999762
30072  -36.387  -34.105  16.378 0.8000000119
30088  -35.003  -34.601  13.374 0.8000000119
30089  -35.634  -34.215  14.003 0.8000000119
22723  -27.508  -42.600  19.333 0.5000000000
31142  -33.650  -33.168  12.897 0.8000000119
21926  -26.275  -43.247  18.387 0.4000000060
126509  -28.838  -32.883  11.218 0.8000000119
31149  -29.476  -33.437  12.052 0.8000000119
129950  -31.673  -34.060  12.331 0.8000000119
30099  -33.553  -34.081  12.669 0.6999999881
32212  -29.159  -32.326  11.437 0.8000000119
30097  -30.510  -33.886  12.340 0.8000000119
30098  -32.643  -34.061  12.400 0.6999999881
31139  -30.234  -33.195  12.460 0.8000000119
33160  -30.006  -31.650  11.330 0.8000000119
32172  -29.581  -32.691  12.301 0.8000000119
128407  -31.820  -30.978  11.239 0.6000000238
129009  -33.690  -30.750  10.931 0.5000000000
139329  -33.702  -36.217  22.835 0.6000000238
27040  -32.466  -37.018  23.007 0.6000000238
29988  -35.651  -34.534  20.995 0.6999999881
126156  -36.228  -34.054  19.489 0.6999999881
130573  -31.306  -37.838  22.871 0.6000000238
118339  -33.338  -35.884  22.873 0.6000000238
27038  -30.786  -37.381  22.477 0.6000000238
25205  -29.273  -39.664  21.870 0.6000000238
26136  -30.499  -38.204  22.585 0.6000000238
118979  -36.471  -33.815  18.463 0.6999999881
23549  -28.367  -41.457  19.728 0.5000000000
31112  -36.460  -33.852  17.087 0.8000000119
23560  -27.932  -41.770  18.950 0.3000000119
31132  -36.206  -32.880  14.859 0.8000000119
31122  -36.380  -33.399  15.737 0.8000000119
31130  -35.120  -33.629  13.527 0.8000000119
31131  -35.720  -33.270  14.127 0.8000000119
32175  -32.858  -32.500  12.803 0.8000000119
121081  -29.060  -32.766  11.865 0.8000000119
31140  -32.142  -33.366  12.515 0.8000000119
31141  -32.913  -33.322  12.596 0.8000000119
139623  -31.169  -33.287  12.559 0.8000000119
128277  -30.621  -32.581  12.597 0.8000000119
128404  -32.780  -30.924  11.087 0.6000000238
35054  -35.127  -29.751  10.526 0.3000000119
120476  -34.338  -35.152  22.534 0.6000000238
29979  -35.241  -34.538  21.720 0.6999999881
120298  -35.519  -33.930  21.398 0.6999999881
31046  -35.838  -33.620  20.858 0.6999999881
26189  -29.486  -38.320  18.611 0.5000000000
27039  -31.618  -37.251  22.809 0.6000000238
27972  -32.560  -36.135  22.870 0.6000000238
31084  -36.511  -33.211  18.994 0.6999999881
126746  -28.929  -39.669  20.766 0.5000000000
26156  -29.684  -38.296  21.839 0.5000000000
119156  -31.743  -36.480  22.678 0.6000000238
32118  -36.630  -32.450  18.519 0.6999999881
24394  -28.577  -40.399  18.245 0.3000000119
24365  -28.663  -40.640  20.443 0.5000000000
119680  -36.603  -32.782  17.732 0.8000000119
33095  -36.683  -31.805  16.345 0.8000000119
32142  -36.531  -32.724  16.404 0.8000000119
32160  -35.218  -32.754  13.658 0.8999999762
32162  -36.315  -32.122  14.913 0.8999999762
32152  -36.433  -32.402  15.622 0.8000000119
22737  -27.235  -42.269  18.629 0.4000000060
32176  -33.782  -32.366  13.090 0.8999999762
31143  -34.419  -33.015  13.292 0.8999999762
32161  -35.852  -32.287  14.215 0.8999999762
33159  -28.790  -31.545  11.896 0.8000000119
32201  -28.991  -32.296  11.700 0.8000000119
32174  -31.793  -32.564  12.702 0.8000000119
135470  -29.164  -31.420  11.666 0.8000000119
139251  -30.872  -31.011  11.349 0.6999999881
34085  -32.251  -30.039  11.323 0.6000000238
35053  -33.652  -29.628  10.901 0.6000000238
34086  -34.402  -30.066  10.835 0.6000000238
28966  -33.580  -35.153  22.763 0.6000000238
29978  -34.711  -34.469  22.242 0.6000000238
31024  -35.107  -33.675  21.942 0.6999999881
28965  -32.731  -35.301  22.738 0.6000000238
32073  -35.948  -32.848  20.881 0.6999999881
127529  -31.664  -35.448  22.459 0.6000000238
135336  -36.240  -32.776  20.234 0.8000000119
26168  -29.557  -38.460  20.165 0.6000000238
26155  -29.530  -38.020  21.027 0.5000000000
27971  -30.988  -36.188  22.219 0.6000000238
118885  -36.325  -33.227  19.708 0.6999999881
33068  -36.812  -31.617  18.241 0.8000000119
24379  -29.069  -39.750  18.450 0.4000000060
127604  -36.695  -32.157  17.767 0.6999999881
23561  -28.427  -41.051  18.812 0.4000000060
32131  -36.664  -32.345  17.082 0.8000000119
33116  -35.589  -31.462  13.985 0.8000000119
33106  -36.538  -31.616  15.410 0.8000000119
33128  -33.159  -31.694  13.135 0.8999999762
33115  -34.898  -31.473  13.549 0.8000000119
33129  -34.053  -31.570  13.318 0.8000000119
124978  -29.878  -31.937  12.465 0.8000000119
32173  -30.981  -31.789  12.772 0.8000000119
139298  -32.452  -32.917  12.643 0.6999999881
33138  -28.744  -31.464  11.985 0.8000000119
34083  -29.892  -30.628  11.522 0.8000000119
33126  -29.107  -31.358  12.288 0.8000000119
35051  -31.596  -29.200  11.153 0.6999999881
36031  -32.883  -28.409  10.129 0.6000000238
133522  -33.672  -28.361  9.857 0.6000000238
36047  -34.445  -28.472  9.463 0.6000000238
120279  -32.216  -34.728  22.529 0.6000000238
32986  -34.911  -32.176  22.052 0.8000000119
32072  -35.672  -32.624  21.323 0.6999999881
28012  -30.377  -36.467  18.791 0.5000000000
27987  -30.445  -36.194  21.429 0.5000000000
120116  -36.512  -31.927  20.003 0.8000000119
32103  -36.504  -32.545  19.455 0.6999999881
27073  -29.956  -36.995  20.230 0.5000000000
118026  -29.942  -36.817  21.231 0.5000000000
33035  -36.431  -31.443  20.443 0.8000000119
118413  -36.783  -30.992  19.917 0.8000000119
27082  -29.991  -37.889  19.096 0.5000000000
33054  -36.697  -31.724  19.192 0.8000000119
33083  -36.868  -31.614  17.294 0.8000000119
33989  -37.116  -30.852  17.799 0.8000000119
34002  -37.107  -30.860  16.699 0.8000000119
33117  -36.172  -31.473  14.630 0.8000000119
34049  -34.407  -30.707  13.537 0.8000000119
34035  -36.507  -30.735  15.105 0.8000000119
34046  -29.406  -30.669  12.513 0.8000000119
34031  -32.119  -30.674  13.256 0.8000000119
127541  -32.126  -31.603  13.020 0.8999999762
34082  -28.795  -30.770  11.825 0.8000000119
34056  -28.713  -30.806  12.127 0.8000000119
34084  -31.207  -30.175  11.420 0.6999999881
35050  -30.342  -29.476  11.299 0.6999999881
35052  -32.735  -29.177  10.928 0.6999999881
36030  -31.923  -28.487  10.433 0.6999999881
36045  -32.148  -27.999  9.304 0.6999999881
32041  -32.905  -32.302  22.365 0.8000000119
31022  -33.726  -33.436  22.512 0.6000000238
32042  -33.664  -32.541  22.471 0.6000000238
32985  -34.263  -31.962  22.349 0.8000000119
30048  -29.213  -34.241  17.779 0.6000000238
30049  -29.892  -34.674  18.096 0.5000000000
29975  -31.603  -34.544  22.280 0.6000000238
31020  -32.087  -33.885  22.369 0.6000000238
33014  -36.079  -31.433  21.014 0.8000000119
120533  -27.469  -34.651  17.428 0.6000000238
124488  -28.307  -34.252  17.376 0.6000000238
31083  -29.958  -33.681  18.613 0.6000000238
31045  -30.499  -33.725  20.145 0.5000000000
28984  -30.578  -34.960  20.986 0.5000000000
32141  -26.266  -33.507  16.434 0.5000000000
31098  -26.851  -33.756  16.602 0.5000000000
32116  -28.037  -32.878  17.855 0.6000000238
32117  -29.422  -32.925  18.524 0.6000000238
29009  -30.461  -35.913  19.530 0.5000000000
30007  -30.463  -34.564  20.069 0.5000000000
33976  -36.907  -30.881  18.880 0.8000000119
32130  -26.746  -32.684  17.393 0.5000000000
127646  -30.462  -35.670  20.745 0.5000000000
31121  -25.191  -33.925  15.525 0.4000000060
28003  -30.236  -36.337  20.480 0.5000000000
33955  -37.264  -30.055  18.518 0.6999999881
34992  -36.581  -29.869  15.310 0.8000000119
128524  -37.126  -30.044  16.505 0.6999999881
132063  -33.649  -30.142  13.514 0.8000000119
132015  -35.218  -30.869  13.780 0.8000000119
34016  -36.922  -30.393  15.873 0.8000000119
35008  -36.146  -29.989  14.663 0.8000000119
139249  -35.692  -30.038  14.303 0.8000000119
35036  -28.653  -29.938  11.875 0.8999999762
127699  -28.918  -30.289  12.312 0.8999999762
33114  -31.183  -30.942  13.057 0.8000000119
34032  -32.872  -30.389  13.392 0.8000000119
33127  -30.091  -31.176  12.721 1.0000000000
34030  -31.440  -30.045  13.170 0.8000000119
119749  -29.137  -29.822  11.524 0.8000000119
127742  -29.527  -28.912  10.889 0.6999999881
33010  -32.672  -31.584  22.080 0.8000000119
33888  -34.083  -31.148  22.263 0.8000000119
33012  -34.830  -31.424  22.001 0.8000000119
123533  -29.181  -32.046  18.785 0.6000000238
32070  -31.755  -32.414  21.636 0.6000000238
32071  -32.351  -32.908  22.273 0.6000000238
33908  -35.507  -30.897  21.505 0.8000000119
131814  -35.885  -30.128  21.309 0.8000000119
122853  -27.443  -33.308  17.322 0.5000000000
31082  -28.629  -33.425  17.851 0.6000000238
32102  -30.121  -32.795  19.053 0.6000000238
32088  -31.144  -32.654  20.981 0.6000000238
136511  -36.145  -30.666  21.105 0.8000000119
124418  -36.490  -30.789  20.633 0.8000000119
33933  -36.789  -30.130  20.296 0.6999999881
32115  -27.917  -32.015  18.344 0.5000000000
136922  -30.870  -32.143  20.404 0.6000000238
125015  -31.551  -33.173  21.732 0.6000000238
118749  -25.429  -33.305  16.049 0.4000000060
33081  -26.248  -31.624  17.958 0.4000000060
33082  -27.120  -31.755  18.218 0.4000000060
33065  -26.815  -30.818  18.427 0.4000000060
33953  -30.225  -30.910  19.706 0.4000000060
34003  -37.306  -29.926  17.411 0.6999999881
33973  -27.410  -30.034  18.690 0.4000000060
34929  -28.610  -29.383  19.343 0.5000000000
34979  -36.927  -29.622  15.958 0.6999999881
33988  -25.890  -30.553  18.123 0.3000000119
34955  -27.845  -29.259  18.970 0.5000000000
33951  -29.034  -30.130  19.422 0.5000000000
34033  -35.150  -30.110  13.882 0.8000000119
140043  -36.642  -29.197  15.504 0.8000000119
137238  -36.284  -29.227  14.899 0.8000000119
35028  -28.621  -30.155  12.056 0.8000000119
35003  -30.719  -29.746  12.933 0.8000000119
35004  -31.278  -29.246  13.065 0.8000000119
35005  -32.298  -29.986  13.355 0.8000000119
35020  -33.873  -29.405  13.568 0.8000000119
35016  -28.934  -29.724  12.323 1.0000000000
35019  -32.978  -29.522  13.431 0.8000000119
36001  -30.509  -29.181  12.824 0.8000000119
35018  -32.076  -29.345  13.283 0.8000000119
35049  -28.719  -29.078  11.236 0.8999999762
36028  -29.825  -28.306  10.309 0.6999999881
36029  -30.765  -28.520  10.662 0.6999999881
36044  -31.233  -27.882  9.695 0.6999999881
37019  -31.605  -27.477  8.988 0.6999999881
37020  -32.455  -27.661  8.686 0.6999999881
36059  -33.596  -28.171  8.499 0.6000000238
37897  -32.785  -27.364  8.457 0.6999999881
130352  -33.693  -28.047  8.015 0.6000000238
37031  -33.137  -27.897  8.309 0.6000000238
33011  -33.249  -30.953  22.103 0.8000000119
33931  -31.600  -30.727  21.011 0.8000000119
33904  -32.403  -30.844  21.630 0.8000000119
125093  -35.259  -30.133  21.607 0.8000000119
124864  -28.633  -32.462  18.378 0.5000000000
33053  -29.886  -31.845  19.271 0.6000000238
33009  -31.863  -31.589  21.494 0.8000000119
33909  -36.429  -30.129  20.900 0.6999999881
33066  -27.811  -31.025  18.698 0.4000000060
33952  -29.584  -30.820  19.389 0.5000000000
33034  -31.160  -31.433  20.689 0.6999999881
34884  -35.473  -29.388  21.391 0.6999999881
34907  -36.547  -29.480  20.599 0.6999999881
34932  -37.022  -29.331  19.963 0.6999999881
34933  -37.394  -29.175  19.088 0.6999999881
130886  -37.524  -28.761  18.384 0.6999999881
35940  -37.592  -28.152  18.108 0.6999999881
35972  -37.331  -28.379  16.781 0.6999999881
34954  -27.127  -29.121  18.569 0.4000000060
35939  -28.262  -28.580  19.164 0.4000000060
35007  -35.574  -29.381  14.305 0.8000000119
35971  -36.935  -28.823  16.063 0.6999999881
35006  -34.702  -29.321  13.791 0.8000000119
132466  -34.152  -28.706  13.650 0.8000000119
36950  -34.681  -27.647  13.960 0.6999999881
129263  -33.434  -28.863  13.490 0.8000000119
35027  -28.562  -29.460  11.917 0.8999999762
35035  -28.593  -29.114  11.511 0.8999999762
35015  -28.625  -29.547  12.086 0.8999999762
35999  -28.913  -29.049  12.314 0.8000000119
135813  -29.628  -28.450  12.525 0.8000000119
130807  -31.074  -28.504  12.892 0.8000000119
36026  -28.350  -28.598  10.946 0.8000000119
36027  -28.849  -28.398  10.436 0.8999999762
37004  -29.525  -27.816  9.750 0.8000000119
36060  -34.387  -28.235  8.056 0.4000000060
36043  -30.382  -27.916  9.852 0.8000000119
37018  -30.544  -27.440  9.336 0.6999999881
37030  -31.996  -27.183  8.693 0.6999999881
38739  -34.370  -25.898  8.950 0.5000000000
33905  -32.979  -30.178  21.677 0.6999999881
33906  -33.895  -30.348  22.000 0.8000000119
34906  -31.962  -29.369  20.805 0.6999999881
35875  -34.697  -28.814  21.518 0.6999999881
34904  -30.686  -29.221  20.125 0.6000000238
131053  -33.285  -28.918  21.325 0.6999999881
35876  -36.070  -28.958  20.924 0.6999999881
35895  -36.617  -28.726  20.355 0.6999999881
35917  -37.125  -28.391  19.670 0.6999999881
35918  -37.464  -28.293  18.878 0.6999999881
35915  -29.665  -28.887  19.761 0.5000000000
36891  -37.482  -27.551  18.622 0.6999999881
36867  -28.671  -27.870  19.351 0.4000000060
35959  -37.542  -28.036  17.404 0.6999999881
36889  -27.395  -27.597  18.563 0.3000000119
123093  -27.994  -27.938  18.933 0.3000000119
130411  -29.498  -28.177  19.735 0.5000000000
35990  -34.974  -28.480  14.017 0.6999999881
141163  -36.480  -28.402  15.393 0.6999999881
36924  -37.416  -27.380  16.866 0.6999999881
36868  -29.345  -27.358  19.688 0.4000000060
36951  -35.376  -27.741  14.430 0.6999999881
36937  -36.531  -27.584  15.549 0.6999999881
36952  -36.093  -27.702  14.967 0.6999999881
36966  -34.010  -27.505  13.647 0.6999999881
141973  -30.298  -28.641  12.721 0.8000000119
36002  -31.787  -28.729  13.151 0.8000000119
36003  -32.639  -28.596  13.343 0.8000000119
36964  -32.753  -27.650  13.299 0.8000000119
123379  -31.912  -28.009  13.059 0.8000000119
36974  -28.250  -28.158  11.447 0.8000000119
37003  -28.132  -28.077  10.401 0.8000000119
36989  -28.019  -28.148  10.851 0.8000000119
36019  -28.460  -28.730  11.428 0.8999999762
133099  -28.604  -27.916  9.979 0.8999999762
37017  -28.858  -27.503  9.672 0.8000000119
128675  -30.220  -27.094  9.222 0.8000000119
122717  -33.515  -27.683  8.158 0.6000000238
37889  -31.064  -27.015  8.966 0.6999999881
37890  -31.726  -26.564  9.046 0.6999999881
39608  -30.243  -24.853  9.501 0.6999999881
34882  -33.596  -29.605  21.648 0.6999999881
36843  -31.583  -27.917  20.549 0.6000000238
123103  -32.288  -28.116  20.742 0.6000000238
35873  -33.036  -28.227  21.063 0.6999999881
36827  -34.594  -27.971  21.293 0.6999999881
36828  -35.415  -28.455  21.178 0.6999999881
34931  -30.110  -29.440  19.838 0.5000000000
34905  -31.297  -29.271  20.420 0.6000000238
36847  -35.376  -27.517  20.864 0.6999999881
35894  -36.061  -28.185  20.648 0.6999999881
35891  -31.074  -28.562  20.343 0.6000000238
36869  -30.028  -27.604  20.074 0.5000000000
35916  -30.263  -28.536  20.065 0.5000000000
139565  -32.098  -27.472  20.676 0.6000000238
36871  -37.297  -27.730  19.242 0.6999999881
37747  -29.840  -26.883  19.995 0.4000000060
123176  -31.459  -26.978  20.577 0.6000000238
37769  -37.481  -26.721  18.437 0.6999999881
36938  -36.858  -26.957  15.973 0.6999999881
37788  -37.538  -26.556  17.533 0.6999999881
37745  -28.665  -26.173  19.442 0.3000000119
124561  -35.748  -27.045  14.694 0.6999999881
140055  -32.230  -27.497  13.026 0.8000000119
36965  -33.410  -27.412  13.476 0.6999999881
37840  -34.393  -26.954  13.840 0.6999999881
133532  -35.478  -26.499  14.400 0.6999999881
36962  -30.406  -28.030  12.690 0.8000000119
37857  -32.482  -26.952  12.990 0.8000000119
36961  -28.854  -28.306  12.149 0.8000000119
36975  -29.629  -27.605  12.343 0.8000000119
141257  -31.212  -27.314  12.564 0.8000000119
37002  -27.647  -27.575  10.353 0.8000000119
38697  -27.859  -26.115  11.308 0.8000000119
38699  -29.898  -26.317  11.851 0.8000000119
39580  -29.407  -25.180  11.427 0.8000000119
39594  -28.846  -24.593  11.100 0.8000000119
126964  -33.379  -26.547  8.681 0.6000000238
38730  -32.902  -25.541  9.277 0.6999999881
38727  -29.668  -25.729  9.454 0.8000000119
38728  -31.159  -26.064  9.325 0.6000000238
39607  -29.149  -24.950  9.417 0.6999999881
39609  -31.309  -24.982  9.548 0.6000000238
36844  -32.795  -27.523  20.841 0.6000000238
121872  -35.763  -26.752  20.496 0.6999999881
36848  -36.232  -27.430  20.381 0.6999999881
120756  -32.796  -26.134  20.626 0.6000000238
38589  -36.021  -26.007  20.177 0.6999999881
37727  -36.440  -26.698  20.048 0.6999999881
36870  -36.886  -27.421  19.766 0.6999999881
119816  -30.017  -26.031  20.093 0.4000000060
37722  -30.515  -26.859  20.314 0.4000000060
37726  -35.275  -26.100  20.547 0.6999999881
37749  -37.278  -27.002  19.145 0.6999999881
37723  -31.946  -26.109  20.515 0.5000000000
38585  -32.449  -25.420  20.433 0.5000000000
123007  -37.441  -25.839  18.223 0.6999999881
123770  -29.299  -25.842  19.724 0.3000000119
38604  -29.681  -25.126  19.772 0.3000000119
38605  -30.609  -25.114  20.103 0.4000000060
37832  -35.059  -27.045  14.235 0.6999999881
38641  -37.496  -25.616  17.323 0.6999999881
39468  -29.810  -24.277  19.454 0.3000000119
137365  -36.575  -26.420  15.403 0.6999999881
37820  -37.041  -26.042  15.846 0.6999999881
38676  -35.584  -25.815  14.237 0.6999999881
38665  -36.586  -25.737  15.215 0.6999999881
36977  -31.749  -27.303  12.745 0.8000000119
136076  -34.217  -26.360  13.572 0.6999999881
39559  -36.381  -24.440  14.264 0.6999999881
37841  -34.886  -26.277  13.905 0.6999999881
139999  -35.376  -24.614  13.278 0.6999999881
120417  -28.699  -27.532  11.819 0.8000000119
37855  -30.571  -26.555  12.135 0.8000000119
128496  -33.686  -26.808  13.498 0.6999999881
39569  -34.724  -24.897  12.926 0.6999999881
39586  -34.995  -24.111  12.667 0.6999999881
37854  -29.288  -26.850  11.910 0.8000000119
37856  -31.222  -26.860  12.410 0.8000000119
131308  -31.892  -26.527  12.489 0.8000000119
124704  -32.541  -26.240  12.621 0.8000000119
39584  -33.430  -24.774  12.091 0.8000000119
40521  -34.499  -23.528  12.192 0.6999999881
37852  -27.284  -26.916  10.933 0.8000000119
136824  -30.483  -25.858  11.796 0.8000000119
39582  -31.130  -25.242  11.651 0.8000000119
39583  -32.627  -24.931  11.815 0.8000000119
36988  -27.653  -27.587  10.802 0.8000000119
131961  -26.677  -26.465  10.346 0.8000000119
39579  -28.447  -25.335  11.297 0.8000000119
39581  -30.228  -25.147  11.525 0.8000000119
40519  -32.140  -24.276  11.468 0.8000000119
37015  -27.154  -26.952  9.900 0.8000000119
39592  -26.738  -25.271  10.668 0.8000000119
40516  -29.791  -24.526  11.243 0.8000000119
40517  -30.590  -24.512  11.350 0.8000000119
41465  -30.987  -23.296  10.758 0.8000000119
38724  -26.350  -26.015  9.591 0.8000000119
40530  -29.322  -23.858  10.842 0.8000000119
127061  -27.130  -26.579  9.714 0.8000000119
38725  -26.934  -25.809  9.454 0.8000000119
39606  -27.849  -25.085  9.264 0.8000000119
38738  -33.753  -25.269  9.213 0.6000000238
39611  -33.268  -24.508  9.326 0.6000000238
39610  -32.350  -24.768  9.452 0.6000000238
36845  -33.378  -26.802  20.835 0.6999999881
36846  -34.377  -27.127  21.033 0.6999999881
120647  -32.399  -26.836  20.688 0.6000000238
38587  -34.721  -25.388  20.489 0.6999999881
38606  -36.184  -25.118  19.760 0.6999999881
38607  -36.625  -25.953  19.617 0.6999999881
38586  -33.216  -25.537  20.538 0.5000000000
39448  -35.388  -24.754  20.110 0.6999999881
39444  -31.367  -24.496  19.970 0.4000000060
39445  -32.187  -24.641  20.193 0.5000000000
38628  -37.229  -25.278  18.660 0.6999999881
39469  -30.617  -24.340  19.686 0.3000000119
118074  -31.234  -23.799  19.534 0.3000000119
39470  -32.770  -24.042  20.066 0.5000000000
39512  -37.201  -24.094  17.923 0.6999999881
39527  -37.435  -24.583  17.127 0.6999999881
39467  -29.086  -24.674  19.463 0.3000000119
40442  -31.171  -23.150  19.032 0.3000000119
39544  -37.373  -24.603  16.155 0.6999999881
41378  -30.409  -22.980  18.630 0.3000000119
40502  -36.562  -23.451  14.463 0.6999999881
38702  -33.077  -25.615  12.492 0.8000000119
38686  -34.449  -25.669  13.336 0.6999999881
39570  -35.910  -24.348  13.604 0.6999999881
38685  -33.723  -25.992  13.182 0.6999999881
39585  -34.163  -24.365  12.302 0.6999999881
38698  -29.042  -26.015  11.577 0.8000000119
38700  -31.221  -26.128  12.076 0.8000000119
139232  -33.630  -24.267  11.915 0.8000000119
37853  -28.308  -26.817  11.527 0.8000000119
40534  -33.249  -23.320  11.406 0.8000000119
38710  -26.902  -26.080  10.772 0.8000000119
40518  -31.348  -24.409  11.410 0.8000000119
41466  -31.792  -23.093  10.805 0.8000000119
38716  -26.058  -25.795  10.144 0.8000000119
38717  -26.448  -26.334  9.841 0.8000000119
39593  -27.771  -24.827  10.969 0.8000000119
124529  -30.165  -24.041  11.087 0.8000000119
41464  -29.487  -23.091  10.508 0.8000000119
41478  -31.148  -22.597  10.424 0.8000000119
38735  -25.773  -25.365  9.278 0.8000000119
39600  -25.449  -24.910  9.766 0.8000000119
40529  -28.108  -24.022  10.765 0.8000000119
41463  -28.425  -23.255  10.524 0.8000000119
39619  -28.603  -24.180  9.021 0.8000000119
37724  -33.484  -26.090  20.689 0.6000000238
122376  -33.891  -25.670  20.612 0.6000000238
129948  -30.178  -24.716  19.768 0.3000000119
38584  -31.589  -25.281  20.310 0.5000000000
39447  -34.518  -24.529  20.276 0.6000000238
133422  -33.618  -24.289  20.217 0.5000000000
39472  -35.127  -23.984  19.942 0.6999999881
39473  -35.894  -24.229  19.628 0.6999999881
39474  -36.501  -24.381  19.179 0.6999999881
40423  -33.523  -23.508  19.786 0.6000000238
128623  -35.601  -23.554  19.447 0.6999999881
137560  -36.167  -23.779  19.188 0.6999999881
140648  -36.915  -23.874  18.285 0.6999999881
119717  -29.693  -23.497  18.901 0.3000000119
40421  -31.771  -23.352  19.393 0.3000000119
40425  -35.990  -23.204  18.950 0.6999999881
42366  -32.471  -21.443  17.807 0.3000000119
40458  -36.875  -23.322  17.957 0.6999999881
40474  -37.213  -23.625  17.275 0.6999999881
42385  -29.590  -21.191  16.770 0.3000000119
42363  -29.941  -21.719  17.276 0.3000000119
42364  -30.750  -21.646  17.388 0.3000000119
43401  -31.944  -20.959  17.189 0.3000000119
43422  -29.205  -20.622  16.339 0.3000000119
40510  -36.180  -23.714  13.665 0.6999999881
128109  -33.788  -23.785  11.810 0.8000000119
41467  -32.648  -22.856  10.956 0.8000000119
41479  -32.052  -22.392  10.463 0.8000000119
40527  -25.746  -24.814  10.170 0.8000000119
40528  -26.864  -24.345  10.569 0.8000000119
40539  -25.648  -23.853  10.026 0.8000000119
41462  -27.102  -23.478  10.394 0.8000000119
41476  -28.733  -22.652  10.194 0.8000000119
41477  -30.324  -22.844  10.458 0.8000000119
39617  -25.899  -24.711  8.833 0.8000000119
128335  -27.435  -22.771  10.125 0.8000000119
38737  -26.744  -25.102  9.139 0.8000000119
39618  -27.267  -24.338  8.816 0.6999999881
39471  -34.281  -23.894  20.026 0.6000000238
41357  -35.381  -23.012  19.241 0.6000000238
40443  -36.555  -23.681  18.642 0.6999999881
42346  -32.643  -22.070  18.552 0.4000000060
119285  -35.066  -21.759  18.374 0.6000000238
41383  -36.311  -22.848  18.353 0.6999999881
42368  -34.331  -21.155  17.952 0.4000000060
41402  -36.534  -22.483  17.651 0.6999999881
130427  -36.913  -22.923  17.284 0.6999999881
40489  -37.210  -23.905  15.812 0.6999999881
43425  -32.299  -20.418  16.754 0.3000000119
43404  -34.953  -20.541  17.327 0.4000000060
42370  -36.242  -21.647  17.321 0.6000000238
127129  -36.614  -21.661  15.773 0.6999999881
125430  -36.857  -23.218  15.420 0.6999999881
128895  -36.282  -22.799  13.764 0.6999999881
41450  -36.318  -21.893  13.944 0.6999999881
41449  -35.876  -22.618  13.070 0.6999999881
41456  -35.422  -22.292  12.567 0.6999999881
40520  -33.067  -24.147  11.617 0.8000000119
40533  -32.387  -23.549  11.253 0.8000000119
42436  -30.345  -22.161  9.912 0.8000000119
40546  -24.679  -24.006  9.176 0.8000000119
41475  -25.971  -23.065  9.777 0.8000000119
42434  -27.985  -22.211  9.684 0.8000000119
135924  -26.467  -22.317  9.556 0.8000000119
40548  -30.797  -24.063  9.302 0.6000000238
122159  -29.149  -23.410  8.638 0.6000000238
40556  -27.834  -23.458  8.488 0.6999999881
41493  -28.430  -22.811  8.158 0.6999999881
40424  -34.693  -23.288  19.643 0.6000000238
41356  -34.829  -22.692  19.258 0.6000000238
41382  -35.504  -22.526  18.727 0.6000000238
42367  -33.338  -21.078  17.751 0.3000000119
43402  -32.823  -20.746  17.311 0.3000000119
43403  -33.818  -20.572  17.378 0.3000000119
42369  -35.469  -21.298  17.695 0.5000000000
43427  -34.263  -20.032  16.824 0.3000000119
139876  -36.641  -21.861  16.327 0.6999999881
44453  -30.844  -19.667  15.463 0.3000000119
44431  -32.559  -19.861  16.305 0.3000000119
43449  -36.098  -20.030  15.541 0.4000000060
42408  -36.489  -21.388  14.940 0.6999999881
136400  -30.391  -19.159  14.900 0.3000000119
42414  -36.325  -21.117  14.238 0.6000000238
42419  -35.610  -21.423  12.626 0.6000000238
41469  -34.295  -22.253  11.539 0.8000000119
42418  -35.007  -21.888  12.005 0.6999999881
40535  -34.030  -23.042  11.668 0.8000000119
42426  -34.545  -21.479  11.434 0.6999999881
42427  -35.184  -21.144  11.913 0.6999999881
41468  -33.515  -22.580  11.177 0.8000000119
41481  -33.828  -21.824  10.901 0.6999999881
42440  -34.166  -20.907  10.730 0.6999999881
128625  -34.786  -20.821  11.398 0.6999999881
42437  -31.418  -21.913  9.976 0.8000000119
41480  -32.982  -22.137  10.611 0.8000000119
42439  -33.283  -21.337  10.345 0.6999999881
42453  -33.543  -20.575  10.042 0.6999999881
42452  -32.754  -20.930  9.747 0.6999999881
124166  -24.937  -24.135  9.411 0.8000000119
41474  -24.693  -23.409  9.290 0.8000000119
42435  -29.222  -22.172  9.718 0.8000000119
42450  -30.828  -21.408  9.366 0.8000000119
42433  -25.125  -22.676  9.189 0.8000000119
42449  -29.738  -21.552  9.308 0.8000000119
39605  -25.343  -24.796  9.314 0.8000000119
41486  -24.317  -23.119  8.974 0.8000000119
42447  -27.032  -21.678  9.182 0.8000000119
43491  -27.750  -21.148  8.664 0.8000000119
40555  -25.028  -24.023  8.894 0.8000000119
40571  -25.118  -23.057  8.666 0.8000000119
40557  -30.259  -23.255  8.635 0.6000000238
41495  -30.965  -22.660  8.087 0.6000000238
118425  -26.179  -23.729  8.477 0.8000000119
41509  -26.690  -22.657  8.028 0.6999999881
41510  -27.987  -22.233  7.503 0.6999999881
42388  -35.861  -20.788  17.008 0.5000000000
42389  -36.417  -21.295  16.513 0.5000000000
43426  -33.195  -20.217  16.807 0.3000000119
43428  -35.374  -20.006  16.563 0.4000000060
43429  -36.088  -20.387  16.271 0.5000000000
44455  -32.845  -19.331  15.761 0.3000000119
43455  -36.308  -20.555  14.913 0.5000000000
45543  -32.238  -18.929  15.199 0.3000000119
44456  -33.874  -19.118  15.799 0.3000000119
44473  -36.033  -19.753  14.705 0.6000000238
43464  -36.159  -20.481  14.028 0.6000000238
45561  -31.726  -18.476  14.636 0.3000000119
45564  -34.667  -18.230  14.693 0.3000000119
44470  -30.800  -18.559  14.530 0.3000000119
43469  -35.544  -20.642  12.425 0.6000000238
45581  -29.538  -18.120  13.914 0.3000000119
43476  -35.237  -20.404  11.769 0.6999999881
43493  -30.189  -20.903  8.761 0.8000000119
43494  -31.343  -20.623  8.794 0.6999999881
43495  -32.330  -20.504  9.136 0.6999999881
43492  -29.067  -21.064  8.705 0.8000000119
43510  -29.505  -20.406  8.167 0.6999999881
133058  -25.658  -21.847  9.050 0.8000000119
43490  -26.279  -21.204  8.619 0.6999999881
43509  -28.317  -20.494  8.214 0.6000000238
41514  -32.584  -22.311  7.615 0.6000000238
41492  -24.695  -22.745  8.810 0.6999999881
41508  -25.463  -22.099  8.228 0.6999999881
42462  -25.438  -21.977  8.370 0.6999999881
124636  -28.996  -22.431  7.683 0.6999999881
41511  -29.751  -22.329  7.478 0.6999999881
127822  -27.492  -19.157  5.536 0.5000000000
44556  -28.769  -19.331  5.546 0.5000000000
44482  -35.838  -19.666  13.747 0.6000000238
126175  -35.691  -20.049  12.935 0.6000000238
44481  -35.597  -19.253  13.069 0.6000000238
44498  -35.274  -19.584  11.690 0.6000000238
43475  -34.808  -20.085  11.008 0.6999999881
44507  -34.590  -19.471  10.500 0.6999999881
43497  -33.725  -19.931  9.761 0.6999999881
46691  -27.898  -17.506  13.461 0.3000000119
43496  -33.100  -20.221  9.476 0.6999999881
43481  -34.177  -20.047  10.291 0.6999999881
142394  -32.093  -20.074  8.635 0.6000000238
43511  -30.542  -20.174  8.221 0.6999999881
42446  -25.040  -22.487  8.765 0.6999999881
43489  -25.610  -21.558  8.438 0.6999999881
43508  -26.837  -20.491  8.263 0.6999999881
43506  -25.700  -20.918  7.767 0.6999999881
41512  -30.554  -22.284  7.332 0.6000000238
41513  -31.575  -22.195  7.295 0.5000000000
42473  -28.091  -21.635  6.926 0.6999999881
139508  -27.350  -21.339  6.822 0.6999999881
43525  -28.987  -20.664  6.097 0.6000000238
131472  -35.579  -18.843  13.719 0.5000000000
45591  -35.383  -18.345  13.135 0.4000000060
132519  -35.445  -18.972  12.367 0.6000000238
45600  -35.254  -18.188  12.205 0.5000000000
138684  -35.244  -18.803  11.719 0.6000000238
45611  -34.666  -18.757  10.455 0.6000000238
47792  -27.488  -16.862  13.144 0.3000000119
47793  -28.322  -16.943  13.086 0.3000000119
44518  -34.193  -19.266  9.817 0.6999999881
44516  -32.753  -19.808  8.928 0.6000000238
44517  -33.454  -19.505  9.308 0.6000000238
44525  -28.830  -19.895  7.686 0.6000000238
43512  -31.472  -19.783  8.290 0.6000000238
43507  -25.838  -20.633  8.064 0.6999999881
44526  -29.853  -19.725  7.675 0.6000000238
44523  -26.257  -19.910  7.712 0.6999999881
42485  -25.856  -20.780  7.257 0.6999999881
42488  -29.313  -21.417  6.516 0.6999999881
42475  -30.039  -21.925  6.829 0.6000000238
41530  -31.689  -21.996  6.134 0.5000000000
42489  -30.462  -21.551  6.229 0.6000000238
41529  -30.899  -21.963  6.565 0.6000000238
123890  -31.174  -21.714  5.969 0.5000000000
42486  -26.773  -20.863  6.714 0.6000000238
43526  -30.127  -21.012  5.895 0.5000000000
141594  -27.777  -20.588  6.328 0.5000000000
43538  -29.961  -20.351  5.595 0.5000000000
127027  -29.177  -20.027  5.708 0.5000000000
45674  -29.449  -18.728  5.238 0.5000000000
46719  -34.961  -17.585  12.737 0.4000000060
46718  -34.625  -17.059  12.057 0.4000000060
47797  -32.046  -16.825  13.179 0.4000000060
45599  -34.973  -18.240  11.292 0.6000000238
47812  -27.951  -16.295  12.598 0.3000000119
47813  -28.849  -16.423  12.686 0.3000000119
47815  -30.484  -16.417  12.782 0.3000000119
48998  -27.937  -15.316  11.988 0.3000000119
137707  -33.097  -19.046  8.758 0.6000000238
127173  -31.770  -18.996  7.904 0.5000000000
44528  -32.334  -19.396  8.426 0.6000000238
45632  -29.152  -19.127  7.449 0.6000000238
45631  -28.169  -19.285  7.584 0.6000000238
44527  -30.822  -19.391  7.780 0.6000000238
44524  -27.545  -19.851  7.813 0.6000000238
45648  -28.179  -18.507  7.306 0.6000000238
44522  -25.766  -20.065  7.453 0.6999999881
45647  -26.781  -18.972  7.395 0.6000000238
43523  -25.928  -20.093  6.646 0.6999999881
43537  -28.056  -19.941  5.960 0.5000000000
47799  -33.970  -16.783  12.990 0.4000000060
46737  -34.943  -17.617  11.916 0.4000000060
47819  -34.129  -16.570  12.242 0.4000000060
47818  -33.441  -16.315  12.439 0.4000000060
46736  -34.621  -17.353  11.157 0.4000000060
137387  -34.645  -18.011  10.562 0.4000000060
45621  -34.323  -18.256  9.778 0.5000000000
127177  -28.443  -15.808  12.297 0.3000000119
49013  -29.637  -15.151  11.678 0.3000000119
49000  -30.076  -15.759  12.256 0.4000000060
45620  -33.898  -17.994  9.184 0.4000000060
130215  -29.020  -14.752  11.502 0.3000000119
49014  -30.624  -15.194  11.706 0.4000000060
133057  -32.631  -18.555  8.269 0.5000000000
131638  -33.760  -18.708  9.224 0.6000000238
45634  -31.094  -18.517  7.526 0.5000000000
45649  -29.361  -18.317  7.126 0.6000000238
45651  -31.297  -17.614  7.349 0.5000000000
44546  -25.733  -19.348  6.356 0.6000000238
46785  -25.900  -18.291  6.578 0.6000000238
43535  -25.851  -19.379  5.960 0.5000000000
43524  -26.819  -20.111  6.281 0.5000000000
44555  -26.251  -19.093  5.524 0.5000000000
45673  -28.161  -18.528  5.161 0.5000000000
47839  -34.244  -16.609  11.417 0.4000000060
47862  -34.243  -16.803  10.532 0.4000000060
46752  -34.410  -17.464  10.210 0.4000000060
47838  -33.679  -15.981  11.629 0.4000000060
47877  -34.185  -16.987  9.870 0.4000000060
46764  -34.105  -17.490  9.522 0.4000000060
50218  -28.333  -14.696  11.571 0.3000000119
125412  -32.958  -17.553  8.244 0.4000000060
46776  -33.674  -17.369  8.887 0.5000000000
51384  -27.938  -13.920  11.279 0.3000000119
45650  -30.369  -18.023  7.157 0.5000000000
46787  -28.494  -17.712  6.856 0.6000000238
46789  -30.574  -17.161  7.003 0.5000000000
46786  -27.070  -17.886  6.975 0.6000000238
47910  -28.848  -16.879  6.596 0.5000000000
136725  -25.494  -18.760  5.642 0.5000000000
45661  -25.458  -18.748  6.106 0.6000000238
47908  -26.066  -17.345  6.212 0.6000000238
46800  -25.107  -17.861  5.603 0.6000000238
45672  -26.261  -18.429  4.904 0.5000000000
45696  -27.310  -17.758  4.385 0.5000000000
45698  -30.128  -18.186  4.828 0.5000000000
45671  -25.019  -17.958  4.640 0.5000000000
52514  -26.588  -11.941  9.470 0.3000000119
52515  -27.571  -12.056  9.667 0.4000000060
53548  -27.996  -11.571  9.051 0.4000000060
47927  -26.467  -16.505  5.758 0.5000000000
53546  -26.617  -11.423  8.617 0.4000000060
47926  -25.198  -17.039  5.193 0.5000000000
49070  -28.532  -15.736  5.761 0.5000000000
49071  -29.384  -15.631  6.133 0.5000000000
47946  -25.031  -17.000  4.146 0.5000000000
49069  -27.101  -15.861  5.204 0.5000000000
45695  -25.580  -17.533  4.126 0.5000000000
46833  -25.323  -17.012  3.818 0.6000000238
46836  -29.659  -17.401  4.252 0.5000000000
46835  -28.239  -17.143  3.985 0.5000000000
47967  -30.310  -16.841  3.754 0.4000000060
53565  -27.290  -11.187  8.354 0.4000000060
52517  -29.403  -12.261  9.432 0.4000000060
47947  -25.838  -16.390  4.558 0.5000000000
47964  -25.690  -16.296  3.344 0.5000000000
128803  -26.402  -15.984  2.879 0.5000000000
47983  -27.079  -15.677  2.663 0.5000000000
49095  -26.498  -15.773  3.782 0.5000000000
47965  -27.520  -16.295  3.131 0.5000000000
47986  -30.754  -16.195  3.314 0.4000000060
47966  -29.073  -16.632  3.611 0.5000000000
53566  -28.755  -11.098  7.888 0.4000000060
54561  -26.647  -10.990  7.243 0.4000000060
49085  -29.151  -15.287  5.557 0.4000000060
47984  -28.462  -16.010  3.022 0.4000000060
47985  -29.698  -16.102  3.200 0.5000000000
49113  -31.146  -15.568  2.960 0.3000000119
50295  -28.076  -15.043  3.829 0.4000000060
49111  -27.871  -15.510  2.620 0.4000000060
124140  -30.167  -15.562  2.748 0.5000000000
49131  -30.702  -15.048  2.306 0.4000000060
49129  -28.365  -15.020  2.517 0.4000000060
128165  -32.630  -13.977  3.401 0.4000000060
49112  -29.171  -15.472  2.536 0.4000000060
50339  -31.345  -14.594  2.036 0.4000000060
51508  -28.989  -13.557  1.531 0.4000000060
50340  -32.203  -14.256  2.130 0.4000000060
141721  -32.414  -14.236  2.796 0.4000000060
52609  -32.752  -12.941  2.819 0.4000000060
51483  -32.694  -13.423  3.344 0.4000000060
50338  -30.054  -14.361  1.869 0.4000000060
51509  -31.439  -14.100  1.638 0.4000000060
51520  -28.456  -12.798  1.039 0.4000000060
51522  -31.474  -13.331  1.225 0.3000000119
51510  -32.336  -13.651  1.643 0.4000000060
51497  -32.666  -13.670  2.510 0.4000000060
53644  -32.613  -11.940  3.475 0.4000000060
134849  -30.393  -13.703  1.554 0.3000000119
51523  -32.284  -13.019  1.065 0.4000000060
123471  -32.702  -13.056  1.894 0.5000000000
52631  -31.842  -12.756  0.771 0.4000000060
26245  -31.781  -38.668  12.745 0.6999999881
127569  -35.634  -38.100  17.833 0.6999999881
22677  -28.654  -42.565  22.128 0.6000000238
27060  -35.182  -37.318  21.264 0.6999999881
28046  -35.920  -36.067  16.592 0.8000000119
118687  -33.341  -36.665  22.974 0.6000000238
28968  -34.948  -35.239  22.058 0.6000000238
28986  -35.348  -35.318  21.462 0.6999999881
25241  -29.487  -39.103  18.727 0.4000000060
32185  -29.045  -32.081  12.072 0.8000000119
32043  -34.538  -32.899  22.290 0.6000000238
29029  -30.393  -35.862  18.480 0.5000000000
131987  -36.865  -31.110  15.859 0.8000000119
32129  -25.856  -32.434  17.105 0.4000000060
142531  -31.307  -32.032  21.047 0.6000000238
33067  -28.599  -31.615  18.731 0.5000000000
33930  -30.856  -30.637  20.293 0.6000000238
36004  -33.531  -28.109  13.519 0.6999999881
37725  -34.299  -26.272  20.752 0.6999999881
128583  -30.210  -23.515  10.770 0.8000000119
40522  -35.306  -23.215  12.649 0.6999999881
41455  -34.755  -22.686  12.099 0.6999999881
140757  -36.146  -22.304  13.439 0.6999999881
127343  -35.981  -21.958  13.120 0.6000000238
130895  -33.853  -22.727  19.389 0.6000000238
45583  -35.369  -18.311  13.993 0.4000000060
45697  -28.933  -17.954  4.712 0.5000000000
47861  -33.853  -16.384  9.878 0.4000000060
49110  -27.422  -15.654  2.765 0.4000000060
24444  -27.745  -40.213  12.021 0.5000000000
25318  -28.741  -39.148  11.329 0.5000000000
24436  -31.777  -40.743  13.847 0.6999999881
28105  -30.911  -36.855  10.324 0.5000000000
119517  -30.113  -43.688  23.353 0.5000000000
27180  -29.842  -36.510  10.526 0.6999999881
26205  -35.623  -38.429  16.383 0.6999999881
26219  -35.474  -38.343  15.420 0.6999999881
27147  -33.100  -37.735  12.840 0.6999999881
139716  -32.592  -37.257  12.612 0.6999999881
30131  -30.616  -34.560  10.034 0.6999999881
31171  -31.569  -33.583  10.332 0.6000000238
24310  -31.025  -40.172  23.311 0.6000000238
28067  -35.460  -37.004  14.490 0.6999999881
31169  -29.669  -34.001  10.198 0.6999999881
24312  -32.931  -40.342  23.016 0.6000000238
134623  -35.700  -37.524  17.408 0.8000000119
135834  -35.844  -36.428  14.780 0.6999999881
33165  -34.662  -31.876  10.847 0.4000000060
28013  -35.694  -36.429  19.599 0.8000000119
138122  -28.864  -32.928  11.418 0.8000000119
27041  -33.893  -37.329  22.789 0.6999999881
29056  -36.142  -35.178  17.714 0.6999999881
22724  -27.952  -42.172  19.698 0.5000000000
30090  -36.085  -33.829  14.805 0.8000000119
33163  -33.253  -31.632  10.806 0.5000000000
30028  -35.854  -34.802  20.143 0.6999999881
119679  -36.562  -33.111  17.093 0.8000000119
30100  -34.330  -33.835  13.111 0.8000000119
136591  -35.904  -34.095  20.357 0.6999999881
27970  -30.435  -36.776  21.978 0.6000000238
129672  -33.061  -30.085  11.170 0.6000000238
25251  -29.142  -39.069  18.081 0.3000000119
25220  -29.326  -38.845  21.143 0.5000000000
25230  -29.413  -39.059  19.777 0.5000000000
24366  -29.161  -39.804  19.399 0.5000000000
32177  -34.621  -32.213  13.402 0.8999999762
34068  -28.665  -30.824  12.034 0.8000000119
31023  -34.453  -33.782  22.349 0.6000000238
29976  -32.975  -34.422  22.640 0.6000000238
32044  -35.281  -32.769  21.790 0.6000000238
122062  -36.176  -32.123  20.604 0.8000000119
27072  -29.833  -37.810  19.857 0.5000000000
27057  -29.672  -37.362  20.934 0.5000000000
34034  -35.813  -30.664  14.335 0.8000000119
36046  -32.923  -28.075  8.938 0.6000000238
31021  -32.920  -33.588  22.526 0.6000000238
121379  -30.216  -36.277  18.179 0.5000000000
27083  -30.232  -37.212  19.084 0.5000000000
29987  -30.971  -34.741  21.833 0.5000000000
33954  -37.069  -30.077  19.509 0.6999999881
136834  -33.090  -32.944  22.498 0.6000000238
31063  -30.331  -34.316  19.021 0.6000000238
29043  -30.062  -35.860  17.810 0.5000000000
31039  -31.242  -33.955  21.782 0.5000000000
31099  -27.420  -34.158  16.851 0.6000000238
120200  -28.000  -33.697  17.387 0.6000000238
30027  -30.442  -35.188  19.132 0.5000000000
31038  -30.917  -33.391  20.977 0.6000000238
127598  -30.684  -32.889  20.227 0.6000000238
138826  -30.472  -35.235  20.073 0.5000000000
29986  -30.682  -34.194  21.033 0.5000000000
34956  -37.462  -29.352  18.218 0.6999999881
34980  -37.236  -29.300  16.683 0.6999999881
34029  -30.438  -30.411  12.890 0.8999999762
32087  -30.430  -32.387  19.694 0.6000000238
119080  -30.345  -33.247  19.394 0.6000000238
33033  -30.597  -31.551  19.975 0.6000000238
33974  -28.212  -30.123  19.115 0.4000000060
33975  -28.749  -30.849  19.081 0.4000000060
125953  -30.344  -30.144  19.853 0.5000000000
129307  -29.777  -30.088  19.603 0.5000000000
34968  -37.494  -28.844  17.562 0.6999999881
34930  -29.387  -29.455  19.596 0.5000000000
35991  -35.829  -28.487  14.634 0.6999999881
36000  -29.688  -29.151  12.588 0.8000000119
37891  -32.453  -26.554  8.874 0.6999999881
34883  -34.556  -29.704  21.710 0.6999999881
33932  -32.154  -30.066  21.171 0.6999999881
131749  -31.436  -29.967  20.621 0.6000000238
36909  -37.583  -27.407  17.812 0.6999999881
35914  -29.011  -28.729  19.510 0.5000000000
36923  -36.917  -27.916  16.134 0.6999999881
35938  -27.578  -28.433  18.753 0.4000000060
128514  -29.734  -27.356  9.443 0.8000000119
35893  -32.493  -28.800  20.919 0.6000000238
35892  -31.776  -28.679  20.604 0.6000000238
35874  -33.883  -28.404  21.426 0.6999999881
132350  -30.848  -29.813  20.192 0.6000000238
141169  -30.500  -29.659  19.986 0.5000000000
126617  -28.688  -26.988  19.368 0.3000000119
37805  -37.384  -26.343  16.622 0.6999999881
37746  -29.314  -26.559  19.716 0.3000000119
37016  -27.970  -27.625  9.981 0.8999999762
37888  -29.312  -26.866  9.411 0.8000000119
37887  -28.044  -27.083  9.703 0.8000000119
121615  -30.332  -26.454  9.297 0.6000000238
38729  -32.009  -25.710  9.379 0.6000000238
124730  -30.562  -25.577  9.469 0.6000000238
36842  -30.815  -27.735  20.370 0.6000000238
36826  -33.656  -27.648  21.149 0.6999999881
126299  -35.059  -26.742  20.801 0.6999999881
38583  -31.012  -26.044  20.354 0.4000000060
37833  -36.103  -26.287  14.806 0.6999999881
37858  -33.102  -26.440  13.051 0.8000000119
38687  -35.156  -25.390  13.585 0.6999999881
37880  -27.127  -26.975  10.306 0.8000000119
38726  -28.269  -26.099  9.519 0.8000000119
37748  -36.914  -26.631  19.527 0.6999999881
39446  -32.990  -24.823  20.347 0.5000000000
129105  -37.357  -24.950  18.019 0.6999999881
38653  -37.402  -25.423  16.416 0.6999999881
38677  -36.202  -25.391  14.560 0.6999999881
38666  -37.087  -25.242  15.649 0.6999999881
39558  -35.806  -25.028  13.891 0.6999999881
39543  -36.696  -24.921  15.012 0.6999999881
40509  -35.632  -23.885  13.126 0.6999999881
38701  -32.073  -25.686  12.051 0.8000000119
123847  -31.874  -24.925  11.632 0.8000000119
38627  -36.897  -25.181  19.179 0.6999999881
118117  -31.968  -23.911  19.818 0.5000000000
39496  -36.981  -24.471  18.575 0.6999999881
40420  -30.489  -23.647  19.233 0.3000000119
40422  -32.554  -23.309  19.529 0.4000000060
40490  -37.354  -23.944  16.579 0.6999999881
128030  -36.875  -24.078  15.021 0.6999999881
41377  -29.579  -22.834  18.316 0.3000000119
40473  -37.061  -23.139  16.480 0.6999999881
42387  -31.150  -21.105  16.997 0.3000000119
42348  -34.216  -21.719  18.514 0.6000000238
41401  -35.925  -22.066  18.039 0.6000000238
41418  -36.709  -22.206  16.839 0.6999999881
41434  -36.781  -22.382  15.995 0.6999999881
41444  -36.592  -22.404  14.883 0.6999999881
42413  -36.110  -21.257  13.466 0.6000000238
42438  -32.374  -21.659  10.111 0.8000000119
42448  -28.539  -21.629  9.245 0.8000000119
124604  -29.499  -22.751  8.192 0.6000000238
41494  -30.207  -22.593  7.999 0.6000000238
41380  -33.543  -22.131  18.832 0.5000000000
42403  -36.401  -20.827  15.723 0.5000000000
43463  -35.867  -20.613  13.157 0.6000000238
42451  -31.850  -21.225  9.465 0.6999999881
44457  -34.864  -19.010  15.688 0.3000000119
46672  -32.211  -17.801  14.236 0.3000000119
44490  -35.521  -19.862  12.352 0.6000000238
135733  -26.581  -21.587  7.365 0.6999999881
42472  -25.656  -21.397  7.794 0.6999999881
44497  -35.011  -19.162  11.065 0.6000000238
46698  -35.090  -17.839  13.552 0.4000000060
44537  -25.719  -19.470  6.854 0.6000000238
45646  -25.807  -18.984  6.937 0.6000000238
46697  -34.535  -17.389  13.460 0.4000000060
47816  -31.488  -16.373  12.688 0.4000000060
47814  -29.615  -16.311  12.653 0.3000000119
49012  -28.748  -15.293  11.852 0.3000000119
45636  -33.381  -18.201  8.726 0.5000000000
45635  -32.074  -18.084  7.719 0.5000000000
45633  -30.141  -18.885  7.404 0.5000000000
43517  -25.682  -20.089  7.067 0.5000000000
50219  -29.577  -14.377  11.234 0.4000000060
129783  -33.938  -16.939  9.388 0.4000000060
45652  -32.245  -17.131  7.607 0.4000000060
46788  -29.629  -17.493  6.846 0.5000000000
137730  -24.966  -17.441  4.200 0.6000000238
53549  -28.983  -11.616  8.795 0.4000000060
49130  -29.371  -14.934  2.337 0.4000000060
135642  -28.545  -14.243  2.308 0.4000000060
51521  -30.095  -12.903  1.325 0.4000000060
21109  -33.739  -44.923  18.105 0.5000000000
21129  -33.663  -44.328  16.144 0.5000000000
19319  -33.712  -45.793  21.417 0.4000000060
21091  -34.309  -44.330  19.402 0.5000000000
20256  -34.167  -45.092  19.608 0.5000000000
21121  -34.138  -43.975  17.696 0.5000000000
21944  -34.298  -43.418  16.971 0.6000000238
21953  -34.366  -42.964  16.115 0.6000000238
21073  -34.243  -44.390  20.767 0.5000000000
21059  -33.990  -44.195  21.438 0.5000000000
21909  -34.390  -43.535  19.220 0.5000000000
21927  -34.418  -43.381  18.397 0.5000000000
21876  -34.218  -43.665  20.988 0.5000000000
22753  -34.591  -42.592  17.105 0.6000000238
22764  -34.609  -42.243  16.271 0.6000000238
22770  -34.424  -42.286  15.619 0.6000000238
23597  -34.116  -41.936  14.846 0.6000000238
134384  -34.374  -40.980  14.742 0.6000000238
23596  -33.252  -42.192  14.257 0.6000000238
23606  -32.524  -41.469  13.948 0.6000000238
24437  -33.514  -41.269  14.223 0.6000000238
22725  -34.468  -42.688  18.987 0.5000000000
22738  -34.555  -42.597  18.118 0.6000000238
21875  -33.820  -43.586  21.837 0.5000000000
22690  -34.040  -42.915  21.232 0.5000000000
23576  -34.749  -41.728  16.807 0.6000000238
126939  -32.807  -43.792  23.162 0.5000000000
123572  -33.512  -43.181  22.400 0.5000000000
23589  -34.678  -41.518  15.749 0.6000000238
131159  -33.802  -40.427  14.066 0.6000000238
22708  -34.372  -42.854  19.844 0.5000000000
23562  -34.681  -41.836  17.735 0.5000000000
119123  -34.309  -42.114  20.687 0.5000000000
23550  -34.517  -41.930  19.601 0.5000000000
127752  -34.607  -41.833  18.662 0.5000000000
21864  -33.053  -43.088  22.961 0.5000000000
122377  -33.957  -42.281  21.461 0.5000000000
24428  -34.901  -40.430  15.572 0.6000000238
21848  -32.321  -43.295  23.389 0.5000000000
22657  -32.465  -42.623  23.253 0.5000000000
126114  -32.888  -40.634  13.749 0.6000000238
25287  -33.280  -39.744  13.540 0.6000000238
24396  -35.004  -40.337  18.457 0.5000000000
24412  -34.765  -41.090  18.176 0.6000000238
23525  -34.038  -41.601  21.514 0.5000000000
132963  -34.825  -41.204  17.375 0.6000000238
24413  -35.089  -40.452  17.467 0.6000000238
22656  -31.515  -42.658  23.447 0.5000000000
21845  -29.926  -42.989  23.126 0.5000000000
24367  -34.598  -40.320  20.747 0.5000000000
23538  -34.394  -41.071  21.073 0.5000000000
24381  -34.946  -40.173  19.160 0.5000000000
25259  -35.329  -39.653  17.924 0.6000000238
130858  -33.358  -41.791  22.559 0.5000000000
23515  -32.915  -41.610  22.960 0.6000000238
25231  -34.808  -39.562  20.452 0.6000000238
24380  -34.751  -40.294  19.864 0.5000000000
25252  -35.245  -39.593  18.777 0.5000000000
26190  -35.492  -38.859  18.298 0.6000000238
24342  -33.956  -40.335  22.018 0.6000000238
24354  -34.339  -40.289  21.468 0.6000000238
26196  -35.571  -38.890  17.322 0.6000000238
23493  -31.026  -41.748  23.366 0.5000000000
124283  -32.514  -41.047  23.123 0.5000000000
24341  -33.508  -40.470  22.506 0.6000000238
22678  -29.245  -42.795  22.666 0.4000000060
25209  -34.229  -39.597  21.911 0.6000000238
25221  -34.562  -39.587  21.237 0.6000000238
25232  -35.176  -38.674  20.278 0.6000000238
25242  -35.073  -39.548  19.608 0.5000000000
26180  -35.387  -38.798  19.227 0.6000000238
27098  -35.676  -38.102  17.136 0.6000000238
133386  -33.502  -28.838  10.520 0.5000000000
133891  -33.817  -25.029  20.469 0.5000000000
40547  -29.752  -24.082  9.237 0.5000000000
40558  -31.331  -23.306  8.779 0.5000000000
42474  -29.079  -21.994  7.123 0.5000000000
120930  -32.694  -12.322  2.248 0.4000000060
125272  -32.674  -11.520  2.563 0.3000000119
54634  -32.704  -10.914  3.411 0.3000000119
55707  -33.262  -9.319  4.142 0.3000000119
131309  -33.380  -46.595  21.745 0.4000000060
20255  -33.880  -45.864  19.864 0.5000000000
20270  -34.107  -44.849  18.906 0.5000000000
21959  -33.779  -43.539  15.454 0.5000000000
20212  -33.917  -44.879  21.422 0.4000000060
22769  -34.027  -42.717  15.190 0.6000000238
22768  -33.407  -42.975  14.595 0.5000000000
19303  -32.829  -46.011  22.824 0.4000000060
21039  -33.347  -44.685  22.570 0.5000000000
128856  -32.179  -44.756  23.452 0.5000000000
21865  -33.349  -43.911  22.633 0.5000000000
21020  -31.379  -44.431  23.586 0.3000000119
21018  -29.597  -44.260  23.335 0.4000000060
21036  -27.733  -44.710  22.488 0.4000000060
36032  -34.333  -29.036  10.467 0.4000000060
140116  -33.168  -23.053  19.474 0.5000000000
41379  -32.916  -22.646  19.157 0.4000000060
40549  -31.801  -24.025  9.372 0.5000000000
40559  -32.284  -23.316  8.952 0.5000000000
126152  -31.945  -22.593  8.322 0.5000000000
44472  -35.650  -18.983  14.398 0.4000000060
54646  -32.760  -10.683  2.197 0.3000000119
120970  -33.391  -8.542  3.658 0.3000000119
19304  -33.366  -45.935  22.286 0.4000000060
24423  -34.937  -40.918  16.582 0.6000000238
22654  -29.691  -42.256  22.908 0.5000000000
23494  -32.154  -41.842  23.275 0.6000000238
40550  -32.602  -23.989  9.339 0.5000000000
121555  -30.795  -43.841  23.526 0.4000000060
21943  -33.939  -44.000  16.878 0.6000000238
19341  -33.803  -46.036  20.580 0.4000000060
21110  -34.253  -44.186  18.601 0.5000000000
133515  -34.441  -43.209  17.673 0.6000000238
21893  -34.337  -43.769  20.109 0.5000000000
21058  -33.693  -44.417  22.053 0.5000000000
24395  -34.706  -40.969  19.162 0.5000000000
125909  -34.563  -41.128  20.198 0.5000000000
23524  -33.707  -42.026  22.025 0.5000000000
129697  -34.098  -40.872  21.651 0.5000000000
20191  -33.147  -45.307  22.748 0.4000000060
140457  -32.919  -42.720  14.164 0.4000000060
22777  -32.163  -42.436  13.993 0.4000000060
21038  -32.849  -44.566  23.109 0.4000000060
28018  -29.309  -36.876  18.331 0.4000000060
124106  -29.737  -36.941  18.420 0.3000000119
27091  -29.930  -37.486  18.662 0.4000000060
26179  -29.734  -38.471  19.193 0.4000000060
29042  -28.922  -36.113  17.926 0.4000000060
28019  -29.681  -36.349  17.949 0.4000000060
30025  -25.810  -34.495  19.197 0.4000000060
30046  -27.518  -34.923  18.509 0.4000000060
29041  -28.075  -35.492  18.794 0.4000000060
30061  -29.434  -35.084  17.585 0.4000000060
130267  -24.544  -34.036  18.846 0.3000000119
30044  -25.902  -34.396  18.056 0.3000000119
30056  -24.921  -34.389  16.682 0.4000000060
30059  -27.869  -34.464  17.331 0.4000000060
30043  -25.107  -34.181  17.860 0.4000000060
30058  -26.602  -34.594  17.175 0.5000000000
30069  -25.077  -34.455  15.933 0.4000000060
30070  -25.802  -34.363  16.026 0.4000000060
131244  -26.980  -34.366  16.746 0.5000000000
30079  -25.169  -34.187  15.630 0.4000000060
41355  -31.975  -22.703  18.924 0.3000000119
43448  -35.792  -19.776  15.956 0.3000000119
44433  -34.611  -19.488  16.241 0.3000000119
44434  -35.343  -19.467  15.964 0.3000000119
44458  -35.609  -19.213  15.292 0.3000000119
45546  -35.022  -18.643  15.165 0.3000000119
47909  -27.519  -17.013  6.535 0.4000000060
46696  -33.705  -17.202  13.630 0.3000000119
47798  -33.126  -16.711  13.119 0.3000000119
47928  -27.976  -16.303  6.097 0.4000000060
47817  -32.474  -16.317  12.603 0.3000000119
49001  -31.017  -15.749  12.271 0.3000000119
47911  -29.954  -16.541  6.704 0.4000000060
47929  -29.150  -16.138  6.349 0.3000000119
49096  -27.139  -15.354  3.302 0.4000000060
49003  -32.931  -15.748  12.039 0.3000000119
130986  -33.149  -15.475  11.421 0.3000000119
49002  -32.015  -15.728  12.181 0.3000000119
49016  -32.487  -15.301  11.554 0.3000000119
50223  -32.913  -15.049  10.951 0.3000000119
49018  -33.875  -16.136  10.766 0.3000000119
50222  -32.210  -14.694  11.109 0.3000000119
50242  -33.145  -15.144  10.422 0.3000000119
49031  -33.515  -15.624  10.221 0.3000000119
50220  -30.417  -14.484  11.239 0.3000000119
50221  -31.343  -14.556  11.218 0.3000000119
139217  -33.378  -16.978  8.534 0.3000000119
50238  -30.141  -13.844  10.733 0.3000000119
140384  -29.470  -13.949  10.930 0.3000000119
51403  -29.387  -13.452  10.547 0.3000000119
134373  -31.408  -16.738  7.237 0.3000000119
49062  -30.684  -15.805  6.812 0.3000000119
53547  -27.230  -11.590  9.090 0.3000000119
139582  -30.784  -16.426  6.962 0.3000000119
47930  -29.960  -15.751  6.480 0.3000000119
53564  -26.024  -11.258  7.756 0.3000000119
49084  -27.981  -15.406  4.633 0.3000000119
49128  -28.234  -15.446  2.630 0.3000000119
50240  -31.939  -14.173  10.625 0.3000000119
49042  -33.411  -15.728  9.467 0.3000000119
47894  -33.564  -16.523  8.978 0.3000000119
47893  -32.941  -16.517  8.238 0.3000000119
50241  -32.617  -14.502  10.287 0.3000000119
49041  -32.916  -15.135  9.104 0.3000000119
49055  -33.162  -15.846  8.782 0.3000000119
49054  -32.565  -15.443  8.249 0.3000000119
51404  -30.984  -13.435  10.166 0.3000000119
51418  -32.254  -13.862  9.771 0.3000000119
47892  -32.182  -16.192  7.588 0.3000000119
51402  -28.424  -13.360  10.700 0.3000000119
125079  -30.213  -13.281  10.217 0.3000000119
47912  -31.376  -15.912  7.209 0.3000000119
52516  -28.487  -12.132  9.598 0.3000000119
134602  -28.178  -11.237  8.378 0.3000000119
54562  -27.699  -10.822  7.610 0.3000000119
50296  -28.961  -14.923  4.737 0.3000000119
50309  -28.677  -14.614  3.713 0.3000000119
50308  -27.755  -15.029  2.866 0.3000000119
50255  -33.101  -15.048  9.833 0.3000000119
50254  -32.599  -14.424  9.488 0.3000000119
50268  -32.436  -14.465  8.724 0.3000000119
51416  -30.671  -12.970  9.650 0.3000000119
51417  -31.597  -13.330  9.424 0.3000000119
51436  -32.185  -13.756  9.088 0.3000000119
51415  -29.815  -12.814  9.916 0.3000000119
52518  -30.274  -12.432  9.196 0.3000000119
49063  -31.365  -15.036  7.140 0.3000000119
49072  -30.614  -15.132  6.579 0.3000000119
50282  -30.435  -14.533  6.231 0.3000000119
129506  -29.909  -15.195  6.150 0.3000000119
54583  -28.267  -10.693  6.969 0.3000000119
50297  -29.792  -14.744  5.583 0.3000000119
50326  -28.452  -14.292  2.360 0.3000000119
50267  -31.895  -13.849  8.307 0.3000000119
52540  -30.495  -12.217  8.432 0.3000000119
52541  -31.113  -12.646  8.117 0.3000000119
51444  -31.439  -13.287  7.819 0.3000000119
50274  -31.992  -14.666  7.894 0.3000000119
49053  -31.926  -15.421  7.557 0.3000000119
52539  -29.836  -11.983  8.791 0.3000000119
50273  -31.551  -14.092  7.489 0.3000000119
53567  -29.793  -11.583  8.036 0.3000000119
53588  -29.294  -11.101  7.183 0.3000000119
53601  -29.766  -11.053  6.557 0.3000000119
132818  -30.323  -14.060  5.693 0.3000000119
54584  -28.888  -10.565  6.277 0.3000000119
51466  -29.698  -14.318  4.852 0.3000000119
51481  -29.687  -13.858  3.946 0.3000000119
51507  -28.701  -13.377  1.352 0.3000000119
51455  -31.248  -13.532  7.037 0.3000000119
52554  -30.571  -12.110  7.662 0.3000000119
52555  -31.031  -12.739  7.234 0.3000000119
50283  -31.082  -14.346  6.785 0.3000000119
51454  -30.809  -13.765  6.397 0.3000000119
55694  -28.277  -9.723  5.438 0.3000000119
54594  -29.651  -10.621  5.853 0.3000000119
54593  -28.071  -10.234  5.613 0.3000000119
54603  -28.971  -10.172  5.464 0.3000000119
51467  -30.242  -13.712  5.027 0.3000000119
130334  -28.955  -13.477  1.696 0.3000000119
129961  -30.560  -12.108  7.000 0.3000000119
52569  -30.710  -12.539  6.449 0.3000000119
52570  -30.961  -13.129  6.599 0.3000000119
53602  -30.380  -11.705  6.391 0.3000000119
119373  -30.594  -13.191  5.804 0.3000000119
138077  -30.116  -11.110  5.992 0.3000000119
51482  -30.390  -12.937  4.589 0.3000000119
55695  -29.106  -9.609  4.905 0.3000000119
54604  -29.504  -10.258  5.095 0.3000000119
54605  -30.065  -10.863  5.326 0.3000000119
53614  -30.363  -11.555  5.504 0.3000000119
51496  -29.534  -13.082  3.055 0.3000000119
52630  -30.693  -12.546  1.078 0.3000000119
52629  -28.997  -12.298  0.757 0.3000000119
52580  -30.566  -12.355  5.655 0.3000000119
52595  -30.475  -12.082  4.837 0.3000000119
120029  -29.514  -9.941  4.211 0.3000000119
54620  -29.897  -10.606  4.584 0.3000000119
53631  -30.253  -11.383  4.478 0.3000000119
52594  -30.237  -12.204  3.828 0.3000000119
53643  -29.370  -11.319  2.452 0.3000000119
52619  -28.513  -11.890  1.299 0.3000000119
52608  -29.171  -12.304  2.313 0.3000000119
136932  -28.650  -11.897  0.826 0.3000000119
125416  -28.428  -12.728  1.073 0.3000000119
52638  -30.080  -11.938  0.785 0.3000000119
52637  -28.860  -12.004  0.694 0.3000000119
56807  -28.959  -8.925  4.983 0.3000000119
55706  -29.404  -9.180  4.182 0.3000000119
119832  -29.799  -10.758  3.598 0.3000000119
53630  -30.001  -11.594  3.410 0.3000000119
55717  -29.464  -10.038  3.164 0.3000000119
54654  -29.196  -11.272  1.333 0.3000000119
53655  -29.067  -11.300  1.688 0.3000000119
54655  -30.180  -10.526  1.009 0.3000000119
137473  -28.547  -11.784  1.010 0.3000000119
52639  -31.496  -12.119  0.677 0.3000000119
53665  -29.730  -11.528  0.852 0.3000000119
52632  -32.127  -12.350  0.746 0.3000000119
52620  -32.511  -12.394  1.367 0.3000000119
56831  -29.749  -8.651  3.657 0.3000000119
142198  -29.540  -9.605  3.768 0.3000000119
135720  -29.637  -9.365  3.379 0.3000000119
55725  -29.628  -9.768  2.492 0.3000000119
54633  -29.438  -10.712  2.585 0.3000000119
54645  -29.628  -10.313  1.724 0.3000000119
119523  -29.382  -10.555  2.134 0.3000000119
53673  -31.057  -11.502  0.604 0.3000000119
53666  -32.324  -11.631  0.893 0.3000000119
53656  -32.606  -11.647  1.620 0.3000000119
23605  -31.175  -41.544  13.909 0.4000000060
124407  -24.958  -34.407  19.713 0.3000000119
30060  -28.825  -34.906  17.441 0.4000000060
29055  -29.828  -35.370  17.760 0.4000000060
30045  -26.720  -34.596  18.497 0.4000000060
139380  -26.366  -33.951  16.179 0.4000000060
120610  -26.292  -34.412  16.420 0.4000000060
45565  -35.272  -18.515  14.628 0.3000000119
49015  -31.581  -15.208  11.687 0.3000000119
49017  -33.453  -15.516  10.900 0.3000000119
52506  -27.993  -12.602  10.282 0.3000000119
141449  -26.636  -11.136  8.061 0.3000000119
136566  -25.658  -34.692  20.006 0.4000000060
30006  -25.914  -35.175  20.514 0.4000000060
29026  -27.233  -35.169  19.431 0.4000000060
30047  -28.440  -35.108  17.618 0.4000000060
31081  -24.199  -33.792  17.732 0.3000000119
30057  -25.718  -34.520  16.648 0.4000000060
51406  -32.225  -13.977  10.184 0.3000000119
52507  -28.914  -12.712  10.146 0.3000000119
50239  -31.122  -13.984  10.702 0.3000000119
51405  -31.798  -13.697  10.152 0.3000000119
54582  -27.135  -10.662  6.588 0.3000000119
52519  -31.076  -12.711  8.885 0.3000000119
132460  -31.587  -13.227  8.613 0.3000000119
55687  -27.510  -10.177  5.790 0.3000000119
53589  -30.117  -11.550  7.178 0.3000000119
53674  -32.004  -11.571  0.545 0.3000000119
55726  -30.152  -9.479  1.689 0.3000000119
30005  -25.139  -34.869  20.577 0.4000000060
137242  -35.028  -30.453  10.816 0.4000000060
21906  -25.773  -44.141  18.820 0.3000000119
21925  -25.649  -43.545  18.318 0.3000000119
21071  -26.611  -44.374  20.191 0.3000000119
31097  -24.316  -34.259  16.157 0.3000000119
31110  -24.481  -34.145  15.482 0.3000000119
28010  -27.823  -36.697  19.682 0.3000000119
29008  -26.761  -35.599  20.293 0.3000000119
139856  -26.981  -34.779  19.129 0.3000000119
28011  -28.692  -36.832  18.739 0.3000000119
29028  -28.262  -36.146  19.089 0.3000000119
28000  -26.065  -35.916  20.953 0.3000000119
28002  -27.223  -36.290  20.269 0.3000000119
128732  -35.192  -31.106  11.099 0.3000000119
20182  -32.499  -45.351  23.186 0.4000000060
20192  -33.571  -45.181  22.139 0.4000000060
20234  -34.113  -45.233  20.539 0.5000000000
21021  -32.235  -44.073  23.490 0.5000000000
21057  -28.154  -43.975  22.223 0.5000000000
21072  -27.267  -44.082  20.739 0.3000000119
21090  -26.137  -44.319  19.350 0.3000000119
21846  -30.698  -43.191  23.422 0.5000000000
21847  -31.492  -43.570  23.556 0.5000000000
21863  -29.399  -43.525  23.011 0.5000000000
21890  -26.746  -43.873  19.449 0.5000000000
21892  -27.937  -42.949  20.861 0.6000000238
21908  -26.854  -43.153  18.920 0.4000000060
21952  -34.075  -43.676  16.314 0.6000000238
22679  -32.976  -42.253  22.964 0.5000000000
22680  -33.427  -42.525  22.496 0.5000000000
22689  -33.764  -42.761  21.931 0.5000000000
22706  -27.759  -42.819  20.045 0.6000000238
23492  -30.099  -41.651  23.102 0.5000000000
23513  -29.071  -42.006  22.426 0.6000000238
23516  -33.209  -41.088  22.720 0.6000000238
23517  -33.707  -41.175  22.142 0.5000000000
23603  -28.381  -40.876  13.315 0.4000000060
24311  -32.033  -40.321  23.330 0.6000000238
24313  -33.344  -40.054  22.737 0.6000000238
24378  -28.797  -40.533  19.101 0.5000000000
24429  -35.233  -39.715  15.853 0.6999999881
24442  -28.653  -40.200  13.043 0.6000000238
25265  -35.454  -39.319  16.485 0.6999999881
25301  -28.160  -39.376  12.010 0.6000000238
26251  -28.589  -38.801  11.899 0.6999999881
27058  -29.918  -37.519  21.809 0.5000000000
27090  -29.416  -37.622  18.519 0.3000000119
28004  -35.601  -36.262  20.446 0.8000000119
28020  -30.104  -36.785  18.474 0.5000000000
28032  -29.347  -35.596  17.643 0.4000000060
28034  -35.903  -35.870  17.294 0.6999999881
28055  -35.810  -37.000  15.322 0.6999999881
28085  -29.391  -37.122  11.430 0.6999999881
28116  -29.424  -35.887  10.529 0.6999999881
28967  -34.596  -35.879  22.339 0.6000000238
28985  -30.737  -35.516  21.727 0.5000000000
29027  -27.588  -35.859  19.697 0.3000000119
29098  -29.326  -35.985  11.434 0.6999999881
29134  -29.572  -35.303  10.299 0.6999999881
29135  -30.415  -35.194  10.017 0.6999999881
29977  -33.911  -34.341  22.597 0.6000000238
30008  -36.089  -33.498  20.230 0.6999999881
30026  -26.440  -34.833  19.668 0.4000000060
30071  -26.499  -34.208  16.298 0.4000000060
31040  -35.605  -33.258  21.382 0.6999999881
31100  -36.522  -33.502  17.726 0.8000000119
31111  -25.908  -34.061  15.875 0.4000000060
31120  -24.532  -33.928  15.348 0.3000000119
32984  -33.468  -31.736  22.358 0.8000000119
33013  -35.476  -31.917  21.527 0.8000000119
33907  -34.696  -30.593  21.897 0.8000000119
34047  -32.743  -31.070  13.282 0.8000000119
34048  -33.465  -30.937  13.378 0.8000000119
34881  -32.717  -29.469  21.262 0.6999999881
34885  -36.142  -29.610  21.084 0.6999999881
35017  -29.787  -29.885  12.653 0.8000000119
36005  -34.292  -28.087  13.723 0.6999999881
36012  -28.528  -28.939  11.926 0.8999999762
36890  -28.076  -27.327  18.935 0.3000000119
36963  -31.179  -27.772  12.739 0.8000000119
36973  -27.935  -27.467  11.311 0.8000000119
36976  -30.627  -27.293  12.448 0.8000000119
37819  -36.331  -27.000  15.224 0.6999999881
37839  -33.079  -27.039  13.332 0.8000000119
38588  -35.558  -25.465  20.249 0.6999999881
38608  -37.250  -26.051  19.042 0.6999999881
38703  -33.972  -25.216  12.674 0.8000000119
38711  -27.515  -25.517  11.076 0.8000000119
38723  -25.860  -25.583  9.542 0.8000000119
38736  -26.110  -25.452  9.185 0.8000000119
39616  -25.370  -24.794  9.098 0.8000000119
40531  -30.813  -23.893  11.132 0.8000000119
40532  -31.564  -23.734  11.170 0.8000000119
41381  -34.528  -22.217  18.891 0.6000000238
42347  -33.395  -21.553  18.275 0.5000000000
42487  -28.064  -21.134  6.536 0.5000000000
43536  -26.874  -19.606  5.852 0.5000000000
44430  -31.202  -20.166  16.038 0.3000000119
44554  -25.375  -18.605  5.303 0.5000000000
45630  -25.913  -19.491  7.299 0.6000000238
46813  -24.882  -17.629  4.725 0.6000000238
46834  -26.352  -16.746  3.536 0.6000000238
47982  -26.540  -15.796  2.897 0.5000000000
54663  -30.822  -10.979  0.567 0.3000000119
118787  -30.210  -35.276  18.271 0.5000000000
121944  -33.103  -34.729  12.355 0.6999999881
124198  -36.626  -28.029  20.195 0.6999999881
124531  -36.082  -35.532  16.189 0.8000000119
126581  -35.294  -32.047  13.692 0.8000000119
127134  -29.940  -18.615  14.414 0.3000000119
127357  -25.114  -18.231  5.233 0.5000000000
127363  -30.309  -36.598  19.535 0.5000000000
127684  -24.273  -23.397  9.010 0.8000000119
127929  -35.163  -36.684  21.552 0.6999999881
130168  -35.894  -32.207  21.061 0.8000000119
130547  -32.309  -32.158  22.019 0.8000000119
130786  -33.444  -38.927  22.917 0.6000000238
130978  -34.469  -17.051  12.710 0.4000000060
131712  -34.175  -34.189  10.521 0.4000000060
132045  -34.302  -44.562  20.080 0.5000000000
132342  -30.004  -26.909  12.182 0.8000000119
132656  -34.040  -29.074  21.613 0.6999999881
132758  -34.361  -29.921  13.643 0.8000000119
133231  -34.105  -39.742  13.937 0.6999999881
134485  -33.053  -38.291  23.210 0.6999999881
134845  -31.110  -36.811  22.457 0.6000000238
135197  -34.006  -35.797  22.753 0.6000000238
135854  -28.471  -12.193  0.831 0.3000000119
137026  -28.970  -33.257  11.552 0.8000000119
137574  -25.248  -34.286  18.797 0.3000000119
137984  -28.805  -35.067  11.006 0.6999999881
138247  -36.475  -33.442  16.550 0.8000000119
138406  -29.221  -31.427  19.060 0.5000000000
138849  -24.318  -23.550  9.082 0.8000000119
138945  -34.254  -43.066  20.541 0.5000000000
139033  -36.553  -33.150  18.276 0.8000000119
139527  -33.944  -33.781  10.483 0.5000000000
139618  -27.958  -15.783  12.316 0.3000000119
140310  -36.021  -33.188  20.571 0.6999999881
140414  -30.005  -30.487  19.614 0.5000000000
140917  -33.706  -42.447  14.693 0.6000000238
141037  -35.889  -23.226  13.211 0.6999999881
141533  -33.388  -33.955  22.554 0.6000000238
141711  -27.447  -32.480  17.874 0.5000000000
141980  -29.649  -22.562  10.190 0.8000000119
142472  -37.085  -24.551  15.486 0.6999999881
142620  -29.836  -25.699  11.644 0.8000000119
