#!ascii label  , from subject sub-v1s22x0050433_ses-1 vox2ras=TkReg
941
127792  -11.631  -45.950  84.024 0.0000000000
55793  -36.531  -34.461  82.057 0.0000000000
57689  -42.729  -31.918  73.646 0.0000000000
61421  -44.817  -28.315  70.725 0.0000000000
51699  -31.911  -38.631  83.970 0.0000000000
55941  -43.694  -33.983  69.710 0.0000000000
63254  -50.986  -26.606  62.755 0.0000000000
67978  -54.010  -21.048  60.950 0.0000000000
52773  -39.791  -37.500  79.774 0.0000000000
54884  -42.564  -35.240  75.735 0.0000000000
58529  -39.393  -31.826  78.296 0.0000000000
47799  -12.645  -41.919  87.665 0.0000000000
48801  -16.241  -40.519  87.670 0.0000000000
42671  -17.839  -47.272  87.931 0.0000000000
40765  -22.857  -49.640  85.791 0.0000000000
42737  -27.735  -47.561  83.620 0.0000000000
44813  -31.880  -44.871  82.404 0.0000000000
48882  -35.828  -40.927  81.248 0.0000000000
51862  -46.402  -38.679  72.295 0.0000000000
69933  -54.513  -19.836  59.338 0.0000000000
54809  -38.041  -35.215  81.579 0.0000000000
55817  -39.923  -33.349  79.485 0.0000000000
57648  -37.956  -32.188  79.721 0.0000000000
48826  -12.731  -41.210  85.027 0.0000000000
48798  -13.938  -40.805  87.829 0.0000000000
44766  -27.885  -44.812  85.140 0.0000000000
43818  -29.811  -46.661  82.829 0.0000000000
46853  -30.508  -43.451  84.962 0.0000000000
53782  -34.056  -36.508  83.510 0.0000000000
50691  -34.485  -39.208  84.017 0.0000000000
52736  -36.587  -37.156  82.918 0.0000000000
51724  -38.587  -38.917  81.416 0.0000000000
57673  -44.388  -32.731  76.040 0.0000000000
52816  -45.092  -37.294  75.097 0.0000000000
55900  -45.968  -34.864  73.623 0.0000000000
59664  -44.022  -30.851  69.383 0.0000000000
56834  -46.675  -32.802  70.075 0.0000000000
133554  -46.072  -31.320  69.561 0.0000000000
60606  -46.445  -29.291  67.803 0.0000000000
63246  -53.957  -25.653  64.285 0.0000000000
63231  -52.024  -25.747  66.407 0.0000000000
128431  -30.163  -40.939  83.495 0.0000000000
61453  -41.989  -27.983  68.289 0.0000000000
65143  -52.794  -23.837  62.715 0.0000000000
65144  -54.554  -24.402  62.164 0.0000000000
68016  -54.878  -21.338  57.560 0.0000000000
51776  -39.388  -38.773  77.667 0.0000000000
126989  -40.147  -34.946  77.290 0.0000000000
56776  -41.478  -32.448  77.780 0.0000000000
45783  -12.993  -44.747  86.125 0.0000000000
45779  -17.230  -43.954  86.607 0.0000000000
46819  -17.502  -42.981  88.417 0.0000000000
42698  -16.383  -48.012  86.270 0.0000000000
39799  -17.956  -50.371  86.014 0.0000000000
38909  -21.492  -52.281  85.577 0.0000000000
38917  -24.462  -52.162  84.625 0.0000000000
129427  -24.889  -48.842  84.883 0.0000000000
141460  -29.135  -49.205  82.146 0.0000000000
135922  -32.109  -41.790  84.430 0.0000000000
47884  -33.362  -42.634  81.913 0.0000000000
45885  -34.848  -43.897  78.925 0.0000000000
47918  -38.068  -42.622  79.714 0.0000000000
49844  -39.676  -40.760  78.694 0.0000000000
54973  -47.670  -34.877  70.753 0.0000000000
63222  -47.924  -26.788  66.467 0.0000000000
144395  -48.182  -27.403  69.680 0.0000000000
43763  -11.318  -46.286  85.393 0.0000000000
55782  -37.017  -34.702  82.106 0.0000000000
56736  -37.453  -33.625  81.219 0.0000000000
56747  -36.935  -33.362  80.654 0.0000000000
46850  -27.499  -43.206  84.968 0.0000000000
45800  -28.832  -43.623  85.168 0.0000000000
47816  -28.761  -42.336  85.374 0.0000000000
54808  -35.544  -34.992  82.632 0.0000000000
52724  -35.431  -36.962  83.733 0.0000000000
54792  -35.818  -35.038  83.162 0.0000000000
128895  -37.032  -36.470  82.517 0.0000000000
56793  -45.388  -33.703  75.208 0.0000000000
56805  -44.886  -33.524  74.151 0.0000000000
125865  -44.205  -29.319  70.163 0.0000000000
58624  -45.857  -31.333  69.854 0.0000000000
140932  -45.616  -29.487  70.279 0.0000000000
59665  -46.006  -30.277  69.053 0.0000000000
60575  -46.393  -29.199  69.929 0.0000000000
62378  -54.186  -27.098  62.736 0.0000000000
62367  -53.589  -27.647  63.754 0.0000000000
61516  -52.724  -28.106  62.050 0.0000000000
66121  -52.149  -24.082  60.299 0.0000000000
67000  -53.592  -22.450  61.748 0.0000000000
66092  -53.573  -23.509  62.969 0.0000000000
66110  -54.191  -22.882  61.883 0.0000000000
65155  -55.001  -23.687  60.679 0.0000000000
67019  -55.013  -21.758  60.528 0.0000000000
140337  -55.285  -20.404  58.561 0.0000000000
130264  -39.703  -37.369  79.013 0.0000000000
53836  -39.365  -36.359  77.646 0.0000000000
125690  -39.623  -35.771  78.972 0.0000000000
57651  -40.007  -31.999  79.094 0.0000000000
56766  -40.410  -33.004  78.930 0.0000000000
58538  -41.196  -31.568  77.850 0.0000000000
58539  -41.658  -31.514  77.196 0.0000000000
58544  -40.713  -30.994  76.699 0.0000000000
45784  -13.248  -43.767  86.830 0.0000000000
135153  -13.115  -42.661  87.413 0.0000000000
48814  -15.369  -40.820  87.505 0.0000000000
45774  -19.300  -44.181  87.545 0.0000000000
127833  -18.110  -44.710  88.481 0.0000000000
44727  -16.715  -45.577  88.344 0.0000000000
42662  -16.719  -47.200  87.641 0.0000000000
40753  -16.723  -49.173  86.200 0.0000000000
41683  -17.404  -48.391  87.292 0.0000000000
39810  -22.382  -50.295  85.807 0.0000000000
38911  -22.990  -52.375  85.489 0.0000000000
39812  -23.718  -50.582  85.044 0.0000000000
145487  -26.694  -46.808  84.824 0.0000000000
42719  -25.744  -47.476  85.102 0.0000000000
130491  -26.456  -48.625  83.858 0.0000000000
40783  -26.532  -49.558  83.418 0.0000000000
40785  -27.732  -48.720  82.981 0.0000000000
121950  -28.758  -49.759  82.320 0.0000000000
41735  -28.756  -48.403  82.521 0.0000000000
44811  -30.920  -45.808  82.669 0.0000000000
42755  -30.943  -46.885  81.920 0.0000000000
43835  -31.431  -46.263  81.636 0.0000000000
45866  -32.456  -44.874  81.126 0.0000000000
49776  -31.078  -40.501  84.831 0.0000000000
50682  -32.209  -39.396  84.581 0.0000000000
49800  -35.451  -39.818  82.495 0.0000000000
48866  -34.193  -41.043  82.372 0.0000000000
48881  -34.664  -41.360  81.622 0.0000000000
46909  -34.260  -43.173  80.279 0.0000000000
47901  -35.645  -42.195  80.240 0.0000000000
48898  -36.932  -41.171  80.643 0.0000000000
135648  -39.544  -38.350  80.731 0.0000000000
49822  -39.367  -40.212  80.271 0.0000000000
51757  -39.817  -38.761  79.835 0.0000000000
50757  -39.578  -39.420  78.508 0.0000000000
47798  -12.142  -42.037  87.618 0.0000000000
47789  -12.199  -42.578  87.966 0.0000000000
45771  -12.041  -44.109  88.114 0.0000000000
54883  -40.875  -35.259  75.837 0.0000000000
54902  -42.188  -35.757  75.039 0.0000000000
51805  -46.046  -38.596  74.095 0.0000000000
54970  -43.785  -34.923  70.600 0.0000000000
54959  -45.183  -35.325  71.227 0.0000000000
135422  -45.445  -34.275  70.373 0.0000000000
56847  -47.157  -33.360  69.118 0.0000000000
54996  -47.406  -34.564  69.121 0.0000000000
62342  -52.031  -26.821  66.956 0.0000000000
63224  -50.666  -26.207  66.966 0.0000000000
63207  -50.276  -26.440  68.088 0.0000000000
140168  -48.272  -26.405  68.987 0.0000000000
61455  -50.075  -28.244  67.986 0.0000000000
60608  -48.791  -28.952  67.625 0.0000000000
68008  -52.825  -21.031  58.964 0.0000000000
68912  -54.116  -20.600  60.579 0.0000000000
68943  -53.319  -20.113  58.676 0.0000000000
69949  -53.918  -18.797  57.985 0.0000000000
127411  -39.354  -36.247  80.443 0.0000000000
127171  -39.603  -35.470  79.439 0.0000000000
55807  -39.055  -34.316  80.562 0.0000000000
57641  -38.770  -32.520  80.242 0.0000000000
57657  -38.488  -31.964  79.218 0.0000000000
48796  -12.595  -41.573  87.371 0.0000000000
47800  -13.100  -41.522  87.657 0.0000000000
121212  -15.566  -39.832  87.333 0.0000000000
42722  -27.836  -46.710  84.124 0.0000000000
137218  -28.557  -46.803  83.522 0.0000000000
43788  -29.232  -45.497  84.205 0.0000000000
44781  -30.632  -44.888  83.846 0.0000000000
45815  -31.261  -44.420  83.770 0.0000000000
122038  -32.775  -37.555  83.051 0.0000000000
51667  -32.855  -38.566  84.563 0.0000000000
136006  -34.155  -37.579  84.422 0.0000000000
50692  -35.271  -38.846  83.844 0.0000000000
50701  -36.567  -39.050  82.436 0.0000000000
128683  -37.457  -40.028  81.419 0.0000000000
51704  -37.323  -38.632  82.171 0.0000000000
52748  -38.784  -37.354  81.317 0.0000000000
47826  -11.639  -42.194  85.089 0.0000000000
55850  -43.402  -34.269  76.402 0.0000000000
54885  -43.555  -35.527  75.726 0.0000000000
134862  -44.880  -34.835  75.721 0.0000000000
54903  -45.935  -35.743  74.773 0.0000000000
53898  -46.744  -36.472  73.353 0.0000000000
141042  -44.707  -32.520  69.589 0.0000000000
55943  -46.308  -33.260  70.278 0.0000000000
57720  -45.753  -31.783  70.126 0.0000000000
58625  -46.425  -32.078  69.941 0.0000000000
64121  -52.590  -24.939  64.597 0.0000000000
63244  -51.035  -26.346  64.592 0.0000000000
63238  -52.929  -25.697  65.519 0.0000000000
124909  -53.134  -27.105  65.440 0.0000000000
54834  -35.784  -35.512  80.384 0.0000000000
53806  -34.700  -36.808  81.060 0.0000000000
56811  -43.208  -33.898  72.922 0.0000000000
57730  -42.567  -32.473  68.602 0.0000000000
59663  -42.925  -30.726  68.682 0.0000000000
60588  -43.389  -29.790  69.358 0.0000000000
61427  -43.191  -27.820  69.393 0.0000000000
64132  -51.908  -25.554  62.662 0.0000000000
65123  -53.271  -23.854  64.041 0.0000000000
64134  -54.566  -25.232  62.669 0.0000000000
63266  -54.201  -26.719  61.257 0.0000000000
68001  -55.111  -20.726  59.665 0.0000000000
67038  -54.922  -22.483  58.644 0.0000000000
52806  -39.166  -36.965  76.820 0.0000000000
53848  -40.149  -35.398  76.512 0.0000000000
54867  -40.795  -34.690  76.584 0.0000000000
54843  -40.070  -34.292  78.660 0.0000000000
55835  -41.173  -33.313  77.616 0.0000000000
56785  -41.842  -33.079  77.044 0.0000000000
56786  -42.573  -32.754  76.708 0.0000000000
58558  -43.258  -31.475  75.497 0.0000000000
56764  -36.746  -33.175  78.738 0.0000000000
56765  -37.312  -32.579  78.435 0.0000000000
57670  -40.116  -31.405  76.593 0.0000000000
44757  -12.449  -45.471  85.475 0.0000000000
45792  -12.976  -45.027  84.893 0.0000000000
44759  -17.178  -45.758  85.247 0.0000000000
49762  -15.944  -39.874  86.393 0.0000000000
48786  -16.811  -40.617  87.744 0.0000000000
47792  -17.096  -42.087  88.222 0.0000000000
44758  -16.769  -46.336  86.288 0.0000000000
38906  -19.282  -51.432  85.434 0.0000000000
37963  -21.131  -52.495  85.077 0.0000000000
41697  -23.369  -47.805  86.311 0.0000000000
134931  -24.587  -47.498  85.737 0.0000000000
40767  -24.305  -48.817  85.396 0.0000000000
40774  -24.877  -49.854  84.527 0.0000000000
38919  -25.924  -51.824  83.881 0.0000000000
42753  -29.776  -47.454  82.420 0.0000000000
48817  -29.964  -41.716  85.275 0.0000000000
128957  -31.215  -42.480  85.007 0.0000000000
46866  -32.114  -43.372  83.529 0.0000000000
49789  -33.202  -40.234  83.985 0.0000000000
47851  -32.819  -42.134  83.410 0.0000000000
46891  -32.434  -43.983  82.136 0.0000000000
45867  -32.784  -44.258  80.978 0.0000000000
45884  -34.009  -44.304  79.109 0.0000000000
46945  -39.272  -43.731  78.405 0.0000000000
49820  -38.197  -40.920  80.769 0.0000000000
47920  -39.312  -42.353  79.178 0.0000000000
46947  -39.684  -42.799  77.941 0.0000000000
48945  -39.640  -41.782  77.676 0.0000000000
44737  -12.192  -44.831  87.548 0.0000000000
127184  -44.271  -34.640  72.785 0.0000000000
54945  -46.779  -35.638  72.109 0.0000000000
53929  -47.959  -36.268  71.247 0.0000000000
55927  -47.475  -34.112  70.306 0.0000000000
137734  -48.072  -35.559  70.298 0.0000000000
135066  -46.778  -37.222  70.847 0.0000000000
62326  -43.283  -27.092  68.197 0.0000000000
62316  -44.303  -26.902  69.412 0.0000000000
63236  -49.714  -26.899  64.868 0.0000000000
138081  -48.316  -27.050  64.999 0.0000000000
63214  -46.630  -26.650  67.965 0.0000000000
63203  -46.289  -26.453  69.171 0.0000000000
62295  -46.272  -27.534  70.612 0.0000000000
61441  -47.913  -28.457  69.265 0.0000000000
43781  -11.224  -46.299  84.448 0.0000000000
56735  -36.922  -33.759  81.376 0.0000000000
55806  -36.500  -34.005  81.219 0.0000000000
46863  -27.261  -43.076  84.375 0.0000000000
46851  -28.090  -42.747  85.165 0.0000000000
47849  -28.247  -42.095  84.413 0.0000000000
55780  -35.987  -34.642  82.862 0.0000000000
54793  -36.550  -35.225  82.703 0.0000000000
57690  -43.606  -32.307  74.060 0.0000000000
57691  -44.413  -32.736  74.477 0.0000000000
60574  -44.857  -29.049  70.690 0.0000000000
120437  -45.046  -29.662  70.430 0.0000000000
60568  -46.097  -28.745  70.415 0.0000000000
62389  -53.836  -27.308  62.018 0.0000000000
144900  -53.352  -27.761  62.315 0.0000000000
67977  -53.588  -21.290  60.887 0.0000000000
67018  -53.830  -21.634  61.336 0.0000000000
67001  -53.792  -22.313  61.664 0.0000000000
67961  -53.980  -21.455  61.264 0.0000000000
66123  -54.745  -22.550  61.191 0.0000000000
67962  -54.359  -21.524  61.102 0.0000000000
53824  -39.556  -36.380  78.663 0.0000000000
53816  -39.663  -36.542  79.518 0.0000000000
58530  -39.613  -31.795  78.540 0.0000000000
58531  -40.381  -31.764  78.480 0.0000000000
144621  -39.989  -31.576  78.112 0.0000000000
58537  -40.620  -31.392  77.630 0.0000000000
123160  -40.090  -31.544  77.501 0.0000000000
47790  -12.481  -42.463  87.828 0.0000000000
48800  -15.387  -40.138  87.577 0.0000000000
44739  -18.407  -45.885  88.195 0.0000000000
44730  -18.672  -44.994  88.038 0.0000000000
43729  -17.711  -46.387  88.337 0.0000000000
43728  -17.057  -46.090  88.526 0.0000000000
42670  -17.107  -47.579  87.697 0.0000000000
137966  -17.642  -47.830  87.617 0.0000000000
40758  -22.281  -49.317  86.197 0.0000000000
39804  -21.665  -50.303  86.071 0.0000000000
39811  -22.984  -50.761  85.446 0.0000000000
42721  -27.167  -47.164  84.369 0.0000000000
42720  -26.483  -47.395  84.674 0.0000000000
41716  -26.964  -47.956  83.986 0.0000000000
41725  -27.112  -48.711  83.366 0.0000000000
140884  -27.548  -48.225  83.381 0.0000000000
41726  -28.105  -48.261  82.977 0.0000000000
44812  -31.431  -45.350  82.582 0.0000000000
43820  -31.202  -46.054  82.231 0.0000000000
44826  -31.719  -45.509  82.024 0.0000000000
43851  -31.982  -45.609  81.206 0.0000000000
44827  -32.150  -44.995  81.838 0.0000000000
50689  -31.580  -39.317  84.202 0.0000000000
51666  -32.157  -38.983  84.542 0.0000000000
49808  -36.019  -40.070  81.805 0.0000000000
48867  -35.111  -40.502  82.006 0.0000000000
47886  -35.146  -41.766  80.926 0.0000000000
48897  -36.057  -41.553  80.592 0.0000000000
47902  -36.642  -41.980  80.074 0.0000000000
52761  -39.799  -38.180  80.219 0.0000000000
51756  -39.811  -38.217  79.547 0.0000000000
46823  -12.220  -43.235  88.168 0.0000000000
136698  -41.647  -35.340  75.520 0.0000000000
51838  -46.346  -39.169  72.975 0.0000000000
50835  -46.056  -39.770  72.987 0.0000000000
50858  -46.007  -39.679  72.503 0.0000000000
51875  -45.793  -39.276  71.782 0.0000000000
55926  -44.275  -34.441  70.182 0.0000000000
54971  -44.727  -34.907  70.635 0.0000000000
55942  -45.067  -33.753  69.951 0.0000000000
63253  -49.968  -26.795  62.502 0.0000000000
62331  -51.511  -27.337  67.352 0.0000000000
63217  -51.499  -26.566  67.313 0.0000000000
62318  -49.838  -26.740  68.510 0.0000000000
54810  -38.830  -35.791  80.938 0.0000000000
54825  -39.191  -35.366  80.470 0.0000000000
54824  -38.580  -34.748  81.085 0.0000000000
56748  -37.467  -33.164  80.720 0.0000000000
56749  -38.141  -33.081  80.674 0.0000000000
57640  -38.082  -32.498  80.290 0.0000000000
57649  -38.578  -32.135  79.746 0.0000000000
48811  -12.748  -41.140  86.569 0.0000000000
49761  -15.065  -39.766  86.748 0.0000000000
45788  -27.344  -44.152  85.018 0.0000000000
44765  -27.104  -45.002  85.269 0.0000000000
44778  -27.678  -45.760  84.845 0.0000000000
139416  -28.522  -46.106  84.166 0.0000000000
44779  -28.456  -45.421  84.705 0.0000000000
46852  -29.739  -43.997  84.882 0.0000000000
44780  -29.927  -44.862  84.328 0.0000000000
45801  -30.631  -44.308  84.418 0.0000000000
45802  -31.139  -43.842  84.476 0.0000000000
52734  -33.348  -37.051  83.283 0.0000000000
52708  -33.552  -37.557  84.343 0.0000000000
53770  -34.289  -36.639  83.871 0.0000000000
52725  -36.022  -36.752  83.374 0.0000000000
51682  -35.365  -38.001  83.973 0.0000000000
51683  -36.072  -37.651  83.404 0.0000000000
51702  -35.951  -38.555  83.252 0.0000000000
51703  -36.671  -38.190  82.787 0.0000000000
52737  -37.310  -37.658  82.384 0.0000000000
53795  -37.469  -35.778  82.026 0.0000000000
126200  -37.831  -36.982  81.838 0.0000000000
53796  -38.392  -36.321  81.395 0.0000000000
53797  -39.207  -36.760  80.860 0.0000000000
47809  -12.245  -41.582  85.462 0.0000000000
47808  -12.115  -41.780  86.492 0.0000000000
135873  -43.726  -33.230  76.436 0.0000000000
55851  -44.227  -34.168  76.281 0.0000000000
56787  -44.686  -33.447  76.118 0.0000000000
55887  -45.491  -34.106  74.441 0.0000000000
55875  -45.706  -34.603  74.970 0.0000000000
55876  -46.117  -34.971  74.267 0.0000000000
53884  -46.343  -36.644  74.212 0.0000000000
55888  -46.398  -35.341  73.605 0.0000000000
58622  -44.497  -31.697  69.490 0.0000000000
57732  -46.457  -32.233  69.330 0.0000000000
129100  -45.815  -31.780  68.643 0.0000000000
136185  -52.992  -24.610  64.964 0.0000000000
64112  -52.788  -25.099  65.247 0.0000000000
64113  -53.197  -25.169  64.999 0.0000000000
61476  -52.696  -27.937  65.504 0.0000000000
53807  -35.294  -36.187  80.756 0.0000000000
58634  -43.310  -31.663  68.813 0.0000000000
61439  -41.819  -28.643  68.421 0.0000000000
60587  -42.433  -29.010  69.011 0.0000000000
60573  -43.186  -28.738  69.599 0.0000000000
61440  -42.497  -28.310  68.976 0.0000000000
65153  -52.613  -23.949  61.490 0.0000000000
65152  -51.998  -24.872  60.953 0.0000000000
64144  -51.813  -25.521  61.692 0.0000000000
65142  -52.344  -24.657  61.839 0.0000000000
65134  -52.805  -24.109  63.728 0.0000000000
66093  -54.053  -23.532  62.603 0.0000000000
65135  -54.143  -24.214  63.207 0.0000000000
63267  -54.618  -26.171  61.963 0.0000000000
124295  -54.583  -26.029  61.146 0.0000000000
63279  -54.334  -26.146  60.426 0.0000000000
64153  -54.672  -25.404  60.680 0.0000000000
66136  -55.021  -23.846  59.710 0.0000000000
68932  -54.210  -20.266  60.042 0.0000000000
68913  -54.364  -20.620  60.500 0.0000000000
68933  -54.659  -20.381  59.919 0.0000000000
124515  -55.282  -20.702  58.012 0.0000000000
68009  -55.051  -21.569  58.373 0.0000000000
124859  -39.134  -38.553  76.539 0.0000000000
125031  -39.147  -37.624  76.128 0.0000000000
138563  -39.173  -37.869  77.015 0.0000000000
54854  -39.640  -35.475  78.079 0.0000000000
54866  -39.636  -35.631  77.210 0.0000000000
55825  -39.751  -34.386  79.327 0.0000000000
55826  -40.143  -33.740  78.940 0.0000000000
56775  -40.920  -32.676  78.345 0.0000000000
56777  -41.930  -32.373  77.180 0.0000000000
132065  -41.702  -30.728  76.099 0.0000000000
58546  -42.917  -31.581  76.101 0.0000000000
46834  -13.761  -43.287  86.298 0.0000000000
47801  -13.911  -41.003  87.929 0.0000000000
46847  -17.072  -43.568  85.059 0.0000000000
45785  -17.349  -44.163  85.535 0.0000000000
44774  -17.257  -45.257  84.432 0.0000000000
140575  -16.674  -40.225  85.942 0.0000000000
125580  -16.413  -39.901  87.039 0.0000000000
46824  -17.180  -43.077  88.234 0.0000000000
43753  -16.588  -46.922  87.669 0.0000000000
44738  -16.511  -45.619  87.991 0.0000000000
128015  -16.458  -47.216  86.856 0.0000000000
43764  -16.486  -47.343  85.784 0.0000000000
42714  -16.397  -48.020  85.217 0.0000000000
41713  -16.571  -48.554  84.689 0.0000000000
40754  -17.382  -49.598  86.339 0.0000000000
40764  -17.261  -49.758  85.760 0.0000000000
39808  -17.914  -50.326  85.391 0.0000000000
39818  -18.646  -50.792  85.013 0.0000000000
39809  -18.712  -50.930  85.757 0.0000000000
38901  -21.069  -51.414  86.011 0.0000000000
137001  -20.216  -51.354  86.210 0.0000000000
143190  -20.585  -51.893  85.863 0.0000000000
38908  -20.661  -52.131  85.478 0.0000000000
37964  -21.649  -52.637  85.209 0.0000000000
37965  -22.246  -52.958  85.316 0.0000000000
140655  -23.726  -52.401  85.085 0.0000000000
37967  -23.438  -53.238  85.215 0.0000000000
37980  -24.075  -53.147  84.803 0.0000000000
37981  -24.865  -53.143  84.453 0.0000000000
38918  -25.227  -52.402  84.321 0.0000000000
41714  -25.386  -48.192  84.919 0.0000000000
132324  -25.151  -47.627  85.428 0.0000000000
41706  -24.799  -48.183  85.415 0.0000000000
142100  -24.540  -49.264  84.957 0.0000000000
40766  -24.211  -49.740  85.011 0.0000000000
39821  -25.691  -50.362  83.881 0.0000000000
39829  -26.447  -50.721  83.449 0.0000000000
38926  -26.980  -51.639  83.331 0.0000000000
39839  -29.210  -50.076  82.071 0.0000000000
40805  -29.576  -49.711  81.715 0.0000000000
42739  -29.160  -47.086  82.942 0.0000000000
48846  -29.507  -41.353  84.124 0.0000000000
49775  -30.018  -40.967  84.585 0.0000000000
48833  -31.658  -41.298  84.772 0.0000000000
48819  -31.093  -41.553  85.048 0.0000000000
47836  -31.582  -42.106  84.802 0.0000000000
46855  -31.737  -42.893  84.462 0.0000000000
47837  -32.250  -42.471  84.024 0.0000000000
50684  -33.721  -38.652  84.502 0.0000000000
50683  -32.944  -39.261  84.537 0.0000000000
50690  -33.731  -39.473  84.138 0.0000000000
47866  -33.755  -41.875  82.084 0.0000000000
48865  -33.424  -41.584  82.844 0.0000000000
47865  -33.087  -42.363  82.651 0.0000000000
46877  -32.820  -42.929  82.452 0.0000000000
46892  -32.898  -43.346  81.811 0.0000000000
45848  -32.714  -43.915  81.511 0.0000000000
46908  -33.347  -43.652  80.824 0.0000000000
46925  -34.782  -43.380  79.512 0.0000000000
46924  -34.041  -43.736  79.770 0.0000000000
47917  -37.233  -42.595  79.550 0.0000000000
130643  -38.435  -43.094  79.270 0.0000000000
50712  -38.164  -39.653  81.432 0.0000000000
49810  -38.171  -40.374  81.096 0.0000000000
49811  -38.827  -40.027  80.961 0.0000000000
49823  -39.646  -40.009  79.816 0.0000000000
48901  -39.224  -41.095  80.035 0.0000000000
48917  -39.523  -41.537  79.318 0.0000000000
47932  -39.587  -42.120  78.781 0.0000000000
48932  -39.671  -41.571  78.613 0.0000000000
47944  -39.709  -42.066  78.048 0.0000000000
48946  -39.690  -41.321  78.191 0.0000000000
50773  -39.471  -39.911  77.779 0.0000000000
50787  -39.185  -39.462  76.943 0.0000000000
45778  -12.676  -44.202  87.506 0.0000000000
44746  -12.447  -45.234  86.621 0.0000000000
53865  -43.992  -36.389  75.468 0.0000000000
53882  -43.687  -36.892  75.103 0.0000000000
52827  -44.094  -37.722  74.736 0.0000000000
55898  -43.451  -34.639  72.435 0.0000000000
55885  -43.854  -34.190  73.066 0.0000000000
54960  -46.568  -35.238  71.383 0.0000000000
54944  -45.702  -35.410  72.065 0.0000000000
54946  -47.381  -36.007  72.077 0.0000000000
54961  -47.724  -35.606  71.301 0.0000000000
56822  -47.185  -33.458  70.130 0.0000000000
54984  -47.936  -35.096  69.702 0.0000000000
53943  -47.598  -35.947  69.875 0.0000000000
53937  -47.775  -36.344  70.673 0.0000000000
53936  -46.896  -36.590  70.239 0.0000000000
62315  -43.506  -27.072  68.959 0.0000000000
62317  -45.153  -26.635  69.109 0.0000000000
121385  -51.750  -25.727  65.729 0.0000000000
122187  -50.169  -26.794  64.381 0.0000000000
63237  -50.667  -26.507  65.287 0.0000000000
121172  -49.569  -26.519  66.465 0.0000000000
120538  -49.164  -26.833  65.410 0.0000000000
63229  -48.546  -26.775  65.931 0.0000000000
62352  -47.683  -26.983  65.529 0.0000000000
62341  -47.077  -26.947  66.074 0.0000000000
62340  -46.321  -27.081  66.666 0.0000000000
63221  -47.304  -26.808  67.099 0.0000000000
62304  -48.495  -27.016  69.603 0.0000000000
63204  -47.336  -26.383  69.105 0.0000000000
62303  -47.606  -27.033  70.096 0.0000000000
62302  -46.639  -26.962  70.412 0.0000000000
61424  -47.559  -27.648  69.970 0.0000000000
61429  -47.392  -28.227  69.841 0.0000000000
61430  -48.218  -27.943  69.563 0.0000000000
55795  -37.673  -34.266  81.544 0.0000000000
57639  -37.440  -32.747  80.126 0.0000000000
46839  -27.678  -43.323  85.068 0.0000000000
45789  -28.059  -43.861  85.196 0.0000000000
45790  -28.311  -42.915  85.308 0.0000000000
46840  -29.412  -42.847  85.335 0.0000000000
54807  -34.977  -35.396  83.014 0.0000000000
141911  -34.607  -36.419  83.802 0.0000000000
54778  -35.341  -35.639  83.338 0.0000000000
53773  -35.570  -36.001  83.480 0.0000000000
53783  -36.266  -36.025  83.116 0.0000000000
57679  -44.353  -32.461  75.583 0.0000000000
56792  -44.956  -32.995  75.592 0.0000000000
57685  -44.523  -32.503  75.166 0.0000000000
56798  -45.103  -33.141  74.896 0.0000000000
127400  -45.286  -34.206  73.778 0.0000000000
59655  -44.686  -30.112  70.016 0.0000000000
58623  -45.275  -30.905  69.904 0.0000000000
59656  -45.530  -30.169  70.008 0.0000000000
59657  -45.804  -30.328  69.836 0.0000000000
60589  -46.240  -29.782  69.508 0.0000000000
60590  -46.579  -29.409  68.910 0.0000000000
134220  -54.121  -26.968  63.580 0.0000000000
62368  -53.618  -26.617  64.670 0.0000000000
62377  -53.763  -27.529  62.904 0.0000000000
61505  -53.079  -28.026  63.007 0.0000000000
122379  -52.889  -22.932  61.091 0.0000000000
66108  -53.266  -23.197  62.288 0.0000000000
66091  -53.335  -23.600  63.211 0.0000000000
66109  -53.586  -23.140  62.363 0.0000000000
66983  -53.767  -22.996  62.182 0.0000000000
66122  -54.632  -23.570  61.628 0.0000000000
65154  -54.813  -24.539  61.133 0.0000000000
66137  -55.222  -22.816  60.269 0.0000000000
69940  -54.401  -19.286  58.656 0.0000000000
68945  -55.110  -20.134  59.107 0.0000000000
69941  -54.913  -19.422  58.591 0.0000000000
68953  -55.412  -19.867  58.158 0.0000000000
68024  -54.863  -21.207  56.686 0.0000000000
52796  -39.426  -37.511  77.913 0.0000000000
142038  -39.495  -36.886  78.371 0.0000000000
56758  -39.978  -32.528  79.325 0.0000000000
56767  -40.491  -32.238  78.759 0.0000000000
57658  -41.155  -31.978  78.323 0.0000000000
57664  -41.613  -31.912  77.647 0.0000000000
59550  -41.281  -31.071  76.962 0.0000000000
142328  -41.178  -30.744  76.452 0.0000000000
47810  -13.725  -42.114  87.141 0.0000000000
46836  -17.143  -43.288  86.011 0.0000000000
45764  -17.097  -44.151  88.416 0.0000000000
44728  -16.893  -45.501  88.529 0.0000000000
145148  -16.664  -46.607  88.046 0.0000000000
42683  -16.535  -47.707  87.097 0.0000000000
41692  -16.563  -48.493  86.606 0.0000000000
41682  -16.741  -48.069  87.215 0.0000000000
41693  -16.910  -48.887  86.791 0.0000000000
40746  -17.714  -49.216  86.795 0.0000000000
38910  -22.098  -51.528  85.676 0.0000000000
125884  -22.342  -52.617  85.455 0.0000000000
130538  -23.435  -51.531  85.165 0.0000000000
144800  -23.912  -51.489  84.850 0.0000000000
42704  -26.067  -46.746  85.186 0.0000000000
41715  -26.123  -48.103  84.470 0.0000000000
40775  -25.656  -49.028  84.211 0.0000000000
40784  -27.501  -49.372  82.902 0.0000000000
40795  -28.304  -49.088  82.536 0.0000000000
43804  -30.299  -45.976  83.002 0.0000000000
43819  -30.500  -46.601  82.442 0.0000000000
44840  -32.480  -45.224  80.275 0.0000000000
141055  -30.724  -40.352  83.569 0.0000000000
49787  -30.616  -40.590  84.476 0.0000000000
49788  -31.113  -39.931  84.381 0.0000000000
49777  -31.712  -40.332  84.727 0.0000000000
50699  -34.993  -39.533  83.288 0.0000000000
49790  -34.186  -39.938  83.567 0.0000000000
49799  -34.609  -40.241  82.777 0.0000000000
47885  -34.194  -42.202  81.373 0.0000000000
46893  -33.722  -42.926  81.133 0.0000000000
47900  -34.656  -42.505  80.607 0.0000000000
46910  -35.176  -42.827  79.788 0.0000000000
47916  -36.273  -42.689  79.533 0.0000000000
47903  -37.575  -41.962  80.151 0.0000000000
51725  -39.262  -38.880  80.968 0.0000000000
49812  -39.346  -39.481  80.678 0.0000000000
51740  -39.664  -38.868  80.456 0.0000000000
50726  -39.685  -39.475  80.158 0.0000000000
50740  -39.704  -39.466  79.699 0.0000000000
50758  -39.645  -39.895  79.005 0.0000000000
51767  -39.698  -39.033  79.277 0.0000000000
51766  -39.649  -38.408  78.715 0.0000000000
47797  -11.453  -42.532  86.524 0.0000000000
46828  -11.784  -42.714  87.870 0.0000000000
46822  -11.966  -43.101  88.223 0.0000000000
133420  -45.567  -38.008  74.528 0.0000000000
52828  -44.934  -38.168  74.635 0.0000000000
50816  -45.463  -39.424  73.724 0.0000000000
54957  -42.956  -34.984  71.154 0.0000000000
54958  -44.014  -35.276  71.170 0.0000000000
54972  -46.185  -34.707  70.790 0.0000000000
56835  -47.391  -33.492  69.787 0.0000000000
63226  -51.885  -26.225  66.854 0.0000000000
63230  -51.254  -26.058  66.352 0.0000000000
63225  -51.470  -26.226  66.925 0.0000000000
141489  -50.011  -26.232  67.684 0.0000000000
63215  -49.118  -26.364  68.027 0.0000000000
122554  -48.213  -26.568  67.472 0.0000000000
63206  -49.713  -26.464  68.404 0.0000000000
62305  -49.131  -26.927  69.038 0.0000000000
61431  -48.872  -27.586  69.266 0.0000000000
61442  -48.822  -28.233  69.066 0.0000000000
67999  -53.129  -21.140  60.022 0.0000000000
68000  -53.886  -20.652  60.552 0.0000000000
68930  -53.574  -20.415  59.695 0.0000000000
68944  -53.925  -19.843  59.432 0.0000000000
69939  -53.870  -19.445  58.696 0.0000000000
69948  -53.441  -19.447  57.944 0.0000000000
134350  -54.185  -19.183  58.550 0.0000000000
70912  -54.302  -18.775  58.127 0.0000000000
53808  -39.634  -37.034  80.249 0.0000000000
121508  -39.566  -35.997  80.011 0.0000000000
54835  -39.478  -34.929  79.957 0.0000000000
55816  -39.486  -33.839  80.037 0.0000000000
134214  -38.306  -33.797  81.007 0.0000000000
56750  -38.925  -33.294  80.535 0.0000000000
56757  -39.463  -32.861  79.982 0.0000000000
57650  -39.307  -32.167  79.552 0.0000000000
141234  -38.934  -31.941  79.255 0.0000000000
48797  -13.111  -41.182  87.663 0.0000000000
49753  -14.102  -40.112  87.650 0.0000000000
49754  -14.680  -39.977  87.536 0.0000000000
41696  -22.143  -48.309  86.395 0.0000000000
43787  -27.157  -46.420  84.777 0.0000000000
144440  -28.136  -47.159  83.576 0.0000000000
43803  -29.381  -46.237  83.453 0.0000000000
45799  -28.905  -44.646  84.892 0.0000000000
44795  -30.099  -45.465  83.639 0.0000000000
44796  -30.973  -45.249  83.204 0.0000000000
44797  -31.609  -44.691  82.989 0.0000000000
51700  -32.288  -38.025  83.444 0.0000000000
51681  -32.512  -38.270  84.351 0.0000000000
136993  -33.063  -38.008  84.564 0.0000000000
51668  -33.530  -38.040  84.614 0.0000000000
137163  -34.595  -38.507  84.324 0.0000000000
52711  -34.774  -37.263  84.167 0.0000000000
141945  -35.033  -38.368  84.217 0.0000000000
50700  -35.716  -39.188  82.888 0.0000000000
49801  -36.113  -39.549  82.269 0.0000000000
48883  -36.786  -40.375  81.300 0.0000000000
49809  -36.708  -39.709  81.798 0.0000000000
50711  -37.321  -39.360  81.802 0.0000000000
51723  -37.890  -38.994  81.741 0.0000000000
52747  -38.129  -38.145  81.746 0.0000000000
135088  -39.060  -38.217  81.192 0.0000000000
52749  -39.477  -37.652  80.789 0.0000000000
55849  -42.513  -34.469  76.305 0.0000000000
54869  -43.886  -34.912  76.049 0.0000000000
54886  -44.487  -35.608  75.651 0.0000000000
53866  -44.641  -36.618  75.370 0.0000000000
55864  -45.262  -34.334  75.528 0.0000000000
54887  -45.309  -35.228  75.369 0.0000000000
53883  -45.731  -37.008  74.820 0.0000000000
52829  -46.182  -37.711  74.225 0.0000000000
125941  -46.586  -37.284  73.635 0.0000000000
52843  -46.973  -37.139  72.738 0.0000000000
133231  -44.617  -33.307  69.650 0.0000000000
56833  -45.900  -32.513  70.257 0.0000000000
57721  -46.307  -32.157  70.140 0.0000000000
57722  -46.770  -32.718  69.706 0.0000000000
63255  -51.762  -25.809  63.430 0.0000000000
128331  -51.265  -26.315  63.763 0.0000000000
63245  -52.030  -25.490  64.878 0.0000000000
136563  -52.403  -25.311  65.847 0.0000000000
63232  -52.558  -25.999  66.117 0.0000000000
62353  -52.543  -27.193  66.268 0.0000000000
61475  -52.186  -28.186  65.981 0.0000000000
55792  -36.065  -34.537  82.059 0.0000000000
55805  -36.025  -34.714  80.894 0.0000000000
51720  -32.635  -38.189  82.217 0.0000000000
51701  -33.301  -37.471  82.284 0.0000000000
52735  -33.825  -36.739  82.555 0.0000000000
131757  -34.337  -36.546  81.909 0.0000000000
53794  -34.918  -35.868  81.929 0.0000000000
54823  -35.549  -35.263  81.455 0.0000000000
57698  -42.205  -32.583  72.956 0.0000000000
56803  -43.070  -32.887  73.291 0.0000000000
55897  -42.060  -34.207  72.133 0.0000000000
120534  -42.705  -34.660  71.938 0.0000000000
55925  -43.233  -34.609  70.249 0.0000000000
56832  -43.590  -33.256  69.375 0.0000000000
57731  -43.532  -32.484  69.113 0.0000000000
121655  -42.479  -29.833  68.677 0.0000000000
61428  -44.019  -28.343  70.149 0.0000000000
64143  -51.062  -26.122  61.290 0.0000000000
63265  -51.400  -26.231  62.175 0.0000000000
138078  -52.399  -24.821  63.702 0.0000000000
64122  -52.962  -24.262  64.509 0.0000000000
64123  -53.349  -24.458  64.535 0.0000000000
66079  -53.487  -23.709  63.564 0.0000000000
65124  -53.669  -24.002  63.910 0.0000000000
64124  -54.145  -24.837  63.829 0.0000000000
63256  -54.455  -26.212  63.080 0.0000000000
131706  -54.334  -26.820  62.201 0.0000000000
62402  -53.582  -27.307  60.949 0.0000000000
130300  -54.839  -24.645  60.224 0.0000000000
67980  -54.571  -21.228  60.798 0.0000000000
68914  -54.927  -20.891  60.304 0.0000000000
130107  -55.258  -21.593  59.712 0.0000000000
68010  -55.294  -20.986  58.958 0.0000000000
133102  -55.303  -21.889  59.039 0.0000000000
53847  -39.508  -36.149  76.615 0.0000000000
53862  -40.154  -35.946  75.747 0.0000000000
123169  -41.621  -34.759  76.086 0.0000000000
54842  -39.772  -34.992  78.761 0.0000000000
54855  -40.132  -34.584  78.069 0.0000000000
55834  -40.513  -33.684  78.267 0.0000000000
55847  -40.685  -34.158  77.390 0.0000000000
55848  -41.580  -33.977  76.783 0.0000000000
127763  -42.603  -33.647  76.639 0.0000000000
141372  -43.882  -32.569  76.192 0.0000000000
57665  -42.293  -31.915  76.825 0.0000000000
57672  -43.786  -32.114  75.844 0.0000000000
58581  -42.252  -31.133  73.885 0.0000000000
55815  -36.471  -33.726  80.153 0.0000000000
57647  -37.332  -32.593  79.332 0.0000000000
57656  -37.830  -32.146  79.129 0.0000000000
120381  -38.133  -32.090  78.665 0.0000000000
57662  -38.736  -32.106  78.155 0.0000000000
57663  -39.486  -31.880  77.488 0.0000000000
58593  -41.897  -31.537  73.201 0.0000000000
44772  -11.776  -45.933  84.956 0.0000000000
44773  -12.301  -45.528  84.463 0.0000000000
49755  -16.191  -40.111  87.536 0.0000000000
47791  -16.764  -41.219  87.855 0.0000000000
45763  -16.754  -44.892  88.312 0.0000000000
44748  -17.255  -45.065  86.142 0.0000000000
43765  -16.820  -46.647  85.263 0.0000000000
40763  -16.755  -49.271  85.390 0.0000000000
40747  -18.759  -49.355  86.705 0.0000000000
39801  -19.069  -50.390  86.396 0.0000000000
39800  -18.759  -50.880  86.098 0.0000000000
38907  -19.852  -51.802  85.551 0.0000000000
37966  -22.847  -53.234  85.375 0.0000000000
36978  -23.256  -53.535  85.091 0.0000000000
42687  -22.705  -47.585  86.363 0.0000000000
40759  -23.004  -48.587  86.201 0.0000000000
41698  -23.920  -47.519  86.086 0.0000000000
41705  -23.784  -48.356  85.973 0.0000000000
123640  -23.567  -49.451  85.552 0.0000000000
39819  -24.336  -50.807  84.644 0.0000000000
39820  -25.061  -51.229  84.261 0.0000000000
42738  -28.494  -47.585  83.076 0.0000000000
42752  -29.093  -47.796  82.577 0.0000000000
41736  -29.414  -48.363  82.201 0.0000000000
42754  -30.385  -47.384  82.081 0.0000000000
41737  -30.026  -48.134  81.919 0.0000000000
41747  -29.716  -48.941  81.770 0.0000000000
48830  -28.897  -41.725  84.820 0.0000000000
47835  -29.180  -41.914  85.314 0.0000000000
47817  -29.658  -42.086  85.449 0.0000000000
48832  -30.419  -41.146  85.056 0.0000000000
47819  -30.899  -41.997  85.263 0.0000000000
46841  -30.506  -42.456  85.276 0.0000000000
46865  -31.586  -43.629  84.075 0.0000000000
45816  -31.762  -44.052  83.382 0.0000000000
133955  -32.079  -44.152  82.761 0.0000000000
49778  -32.413  -39.943  84.507 0.0000000000
48834  -32.379  -40.974  84.317 0.0000000000
49798  -33.755  -40.725  83.144 0.0000000000
48848  -33.042  -41.287  83.615 0.0000000000
48847  -32.517  -41.796  83.965 0.0000000000
47864  -32.589  -42.820  83.160 0.0000000000
46876  -32.470  -43.444  82.663 0.0000000000
122278  -32.199  -44.513  82.201 0.0000000000
45847  -32.438  -44.438  81.681 0.0000000000
44841  -32.814  -44.650  80.412 0.0000000000
123545  -33.344  -44.229  80.119 0.0000000000
48884  -37.591  -40.676  80.972 0.0000000000
48899  -37.914  -41.377  80.575 0.0000000000
47904  -38.352  -42.003  80.109 0.0000000000
49821  -38.740  -40.685  80.597 0.0000000000
48916  -39.028  -41.845  79.798 0.0000000000
47919  -38.717  -42.516  79.518 0.0000000000
48956  -39.446  -41.361  77.180 0.0000000000
49843  -39.623  -40.320  78.366 0.0000000000
44756  -11.911  -45.887  85.966 0.0000000000
53864  -43.172  -36.049  75.353 0.0000000000
56804  -43.981  -33.341  73.626 0.0000000000
55886  -44.633  -34.070  73.475 0.0000000000
54943  -44.389  -35.250  72.070 0.0000000000
138873  -46.147  -35.243  72.833 0.0000000000
54925  -46.747  -35.843  73.039 0.0000000000
53912  -47.161  -36.399  72.507 0.0000000000
52860  -47.246  -37.048  72.107 0.0000000000
136302  -46.623  -33.940  70.399 0.0000000000
55928  -47.999  -34.485  70.172 0.0000000000
54974  -48.058  -35.330  70.588 0.0000000000
53938  -48.114  -35.975  70.880 0.0000000000
52887  -47.935  -36.367  71.128 0.0000000000
51876  -46.514  -37.939  71.608 0.0000000000
62314  -42.766  -27.542  68.644 0.0000000000
62300  -43.841  -27.424  69.635 0.0000000000
62293  -44.506  -27.542  70.244 0.0000000000
63243  -50.308  -26.759  63.513 0.0000000000
63242  -49.306  -26.970  63.913 0.0000000000
121373  -50.170  -26.590  65.868 0.0000000000
63235  -48.916  -27.014  64.602 0.0000000000
62360  -48.235  -27.110  64.036 0.0000000000
62339  -45.335  -27.402  66.736 0.0000000000
62329  -45.777  -26.943  67.445 0.0000000000
133097  -47.699  -26.471  68.183 0.0000000000
63213  -45.723  -26.660  68.276 0.0000000000
63191  -46.023  -26.619  70.088 0.0000000000
129692  -45.911  -27.044  70.543 0.0000000000
61422  -45.991  -28.205  70.663 0.0000000000
139488  -46.676  -28.620  70.059 0.0000000000
60576  -46.990  -28.791  69.441 0.0000000000
60591  -47.268  -28.929  68.578 0.0000000000
60592  -48.384  -28.713  68.520 0.0000000000
60607  -47.550  -29.081  67.535 0.0000000000
38899  -19.349  -51.441  85.876 0.0000000000
40755  -18.195  -50.053  86.353 0.0000000000
42663  -16.960  -46.766  88.215 0.0000000000
43727  -16.736  -46.133  88.326 0.0000000000
43741  -16.573  -46.242  88.122 0.0000000000
44729  -17.686  -45.483  88.526 0.0000000000
44747  -16.701  -45.663  87.143 0.0000000000
46854  -31.213  -43.145  84.836 0.0000000000
47818  -30.355  -41.944  85.345 0.0000000000
47834  -28.425  -42.208  85.183 0.0000000000
47933  -39.647  -42.266  78.329 0.0000000000
48818  -30.573  -41.627  85.205 0.0000000000
48831  -29.654  -41.459  85.015 0.0000000000
48900  -38.598  -41.354  80.357 0.0000000000
48918  -39.690  -40.974  79.109 0.0000000000
49765  -30.801  -41.162  84.990 0.0000000000
49833  -39.558  -40.688  79.635 0.0000000000
49834  -39.618  -40.288  79.326 0.0000000000
49858  -39.628  -40.870  77.821 0.0000000000
49859  -39.674  -40.841  78.276 0.0000000000
50713  -38.866  -39.425  81.140 0.0000000000
51669  -34.702  -37.971  84.424 0.0000000000
51741  -39.824  -38.934  80.078 0.0000000000
51803  -45.106  -38.965  74.171 0.0000000000
51804  -45.559  -38.854  74.161 0.0000000000
51820  -46.046  -39.292  73.555 0.0000000000
52709  -33.960  -37.044  84.191 0.0000000000
52710  -34.415  -36.856  84.027 0.0000000000
52722  -32.948  -37.582  83.971 0.0000000000
52723  -33.651  -36.969  83.947 0.0000000000
52815  -44.437  -37.224  75.132 0.0000000000
52842  -46.448  -38.298  73.460 0.0000000000
52859  -46.675  -37.982  72.607 0.0000000000
52875  -46.922  -37.415  71.923 0.0000000000
52876  -47.645  -36.626  71.505 0.0000000000
52886  -47.454  -36.918  71.287 0.0000000000
53771  -34.865  -35.973  83.567 0.0000000000
53772  -34.899  -36.297  83.811 0.0000000000
53867  -45.228  -36.298  75.296 0.0000000000
53913  -47.645  -36.476  71.838 0.0000000000
54791  -35.529  -35.237  83.168 0.0000000000
54868  -43.205  -34.903  76.071 0.0000000000
54870  -44.450  -34.762  75.943 0.0000000000
54904  -46.479  -35.734  73.944 0.0000000000
54947  -47.984  -35.977  71.233 0.0000000000
54985  -48.119  -34.870  70.122 0.0000000000
55781  -36.280  -34.581  82.542 0.0000000000
55794  -36.830  -34.183  81.820 0.0000000000
55863  -44.849  -34.196  75.992 0.0000000000
55899  -45.267  -34.792  72.989 0.0000000000
55901  -46.627  -35.561  73.002 0.0000000000
57671  -43.219  -32.326  76.322 0.0000000000
58520  -39.072  -31.861  78.886 0.0000000000
58521  -39.509  -31.886  78.958 0.0000000000
58545  -42.054  -31.236  76.493 0.0000000000
59581  -40.958  -30.508  75.876 0.0000000000
60567  -45.434  -28.650  70.712 0.0000000000
61423  -46.739  -28.085  70.374 0.0000000000
61443  -49.480  -27.982  68.711 0.0000000000
61444  -50.096  -27.473  68.297 0.0000000000
61465  -51.991  -27.771  66.753 0.0000000000
61484  -52.191  -28.319  65.094 0.0000000000
62294  -45.395  -27.711  70.704 0.0000000000
62296  -46.984  -27.413  70.353 0.0000000000
62301  -45.164  -26.932  70.105 0.0000000000
62327  -44.064  -26.824  68.583 0.0000000000
62343  -52.232  -26.261  66.569 0.0000000000
62351  -46.907  -27.181  65.227 0.0000000000
63192  -46.996  -26.644  69.913 0.0000000000
63193  -47.969  -26.726  69.576 0.0000000000
63194  -48.793  -26.723  69.159 0.0000000000
63195  -49.360  -26.638  68.777 0.0000000000
63205  -49.063  -26.493  68.745 0.0000000000
63216  -50.836  -26.377  67.540 0.0000000000
63223  -48.884  -26.563  66.981 0.0000000000
64133  -52.359  -24.741  62.727 0.0000000000
64145  -54.713  -25.359  61.586 0.0000000000
66080  -53.806  -23.752  63.270 0.0000000000
66111  -54.080  -22.166  61.606 0.0000000000
67017  -53.410  -21.934  61.214 0.0000000000
67032  -55.303  -22.242  59.976 0.0000000000
67979  -54.115  -20.965  60.853 0.0000000000
68931  -54.039  -20.111  59.896 0.0000000000
69932  -54.177  -19.715  59.321 0.0000000000
70920  -54.170  -18.473  57.641 0.0000000000
123312  -16.862  -44.987  88.507 0.0000000000
125036  -16.535  -46.388  87.489 0.0000000000
126949  -42.705  -34.279  72.429 0.0000000000
129041  -31.688  -39.794  84.585 0.0000000000
130765  -34.476  -36.090  82.869 0.0000000000
133131  -45.131  -33.665  75.741 0.0000000000
136099  -31.182  -40.938  84.859 0.0000000000
138430  -24.319  -48.088  85.801 0.0000000000
139360  -17.360  -44.928  85.171 0.0000000000
139935  -34.135  -38.091  84.593 0.0000000000
140200  -38.797  -31.926  78.761 0.0000000000
141755  -19.708  -51.753  85.107 0.0000000000
145109  -48.485  -26.405  68.338 0.0000000000
145270  -49.449  -27.311  68.778 0.0000000000
