#!ascii label  , from subject sub-v1s22x0050478_ses-1 vox2ras=TkReg
1203
8017  -31.171  -83.631  -11.236 0.5000000000
8016  -30.308  -83.704  -10.828 0.6000000238
130305  -35.774  -85.248  -7.316 0.3000000119
7238  -29.200  -84.245  -11.495 0.5000000000
7203  -36.382  -83.858  -9.383 0.4000000060
7184  -36.757  -83.611  -8.655 0.4000000060
7966  -37.363  -83.466  -7.357 0.4000000060
7165  -36.428  -84.364  -7.165 0.3000000119
7980  -37.548  -83.054  -8.002 0.4000000060
7975  -31.329  -83.403  -7.628 0.5000000000
133193  -31.149  -83.503  -8.636 0.5000000000
8003  -31.109  -83.549  -10.444 0.5000000000
7974  -30.312  -83.387  -7.305 0.6000000238
7989  -30.455  -83.555  -8.275 0.5000000000
8002  -30.272  -83.652  -9.947 0.6000000238
117079  -35.618  -85.287  -6.437 0.3000000119
7214  -29.629  -83.881  -10.049 0.5000000000
7994  -36.040  -83.232  -9.644 0.5000000000
8008  -35.934  -83.651  -10.000 0.5000000000
7149  -35.748  -84.517  -5.976 0.3000000119
7988  -29.851  -83.834  -8.985 0.6000000238
7224  -29.399  -83.949  -10.857 0.5000000000
8795  -36.742  -83.042  -8.784 0.5000000000
7967  -37.981  -82.972  -7.293 0.4000000060
7949  -37.528  -83.222  -6.458 0.3000000119
7948  -36.427  -83.848  -6.348 0.3000000119
9600  -36.913  -81.952  -7.643 0.4000000060
8788  -37.469  -82.661  -7.979 0.4000000060
8789  -38.331  -82.375  -7.258 0.4000000060
9601  -37.919  -82.008  -7.638 0.4000000060
9564  -32.502  -81.181  -4.471 0.6999999881
8750  -32.108  -81.861  -4.789 0.6999999881
125755  -32.073  -82.879  -5.895 0.6999999881
131932  -32.206  -83.481  -10.591 0.5000000000
9548  -30.902  -80.844  -3.682 0.6999999881
136567  -31.606  -81.229  -4.106 0.6999999881
8777  -31.354  -82.933  -5.996 0.8000000119
7963  -30.942  -83.162  -6.686 0.5000000000
7962  -30.151  -83.132  -6.480 0.6999999881
8005  -33.313  -83.480  -10.717 0.5000000000
8749  -30.451  -82.246  -4.750 0.6999999881
7992  -34.141  -83.388  -9.139 0.4000000060
7993  -35.364  -83.225  -9.731 0.5000000000
7133  -35.350  -84.648  -5.008 0.3000000119
7961  -29.546  -83.429  -6.917 0.6000000238
7978  -34.730  -83.114  -8.453 0.5000000000
7979  -36.040  -82.874  -9.025 0.5000000000
7934  -35.578  -83.811  -5.262 0.3000000119
7973  -29.675  -83.700  -7.828 0.5000000000
8786  -35.254  -82.635  -7.790 0.5000000000
127416  -36.536  -80.766  -6.518 0.4000000060
140072  -37.097  -81.423  -7.126 0.4000000060
7950  -38.307  -82.753  -6.717 0.4000000060
9593  -37.908  -81.150  -7.136 0.3000000119
12097  -29.380  -78.446  -5.297 0.5000000000
12098  -30.277  -78.573  -4.748 0.6000000238
118629  -30.899  -78.708  -5.605 0.6000000238
11289  -31.520  -79.287  -4.263 0.6000000238
10383  -32.142  -80.510  -4.097 0.6000000238
12107  -27.643  -78.847  -6.544 0.5000000000
12081  -27.729  -78.848  -5.550 0.5000000000
12082  -28.590  -78.611  -4.913 0.6000000238
11288  -30.768  -78.938  -4.056 0.6000000238
11270  -31.116  -79.519  -3.773 0.6999999881
7976  -32.507  -83.424  -7.644 0.6000000238
118529  -35.702  -87.379  -3.015 0.3000000119
11304  -26.126  -79.511  -5.856 0.6999999881
12067  -27.848  -78.906  -4.492 0.6000000238
12083  -29.390  -78.633  -4.374 0.6000000238
12069  -29.372  -78.985  -3.744 0.6999999881
9547  -30.098  -80.921  -3.449 0.6999999881
7965  -33.046  -83.214  -6.986 0.6000000238
128037  -33.524  -83.441  -9.791 0.5000000000
11317  -25.398  -79.809  -6.509 0.6999999881
118940  -26.936  -79.181  -5.059 0.6000000238
11287  -27.275  -79.154  -4.096 0.6000000238
12068  -28.639  -78.840  -4.005 0.6000000238
132615  -29.418  -80.671  -3.197 0.6999999881
9562  -29.793  -81.652  -3.815 0.6999999881
6381  -35.505  -85.808  -4.547 0.3000000119
11303  -25.162  -79.917  -5.611 0.6999999881
133195  -25.236  -79.832  -4.657 0.6000000238
11285  -25.844  -79.491  -3.877 0.6999999881
10352  -28.269  -80.163  -2.709 0.6000000238
9535  -28.819  -80.838  -2.963 0.6000000238
7947  -29.436  -83.067  -6.007 0.6999999881
8779  -33.503  -82.741  -6.564 0.5000000000
8780  -34.414  -82.302  -6.637 0.5000000000
121098  -26.984  -79.388  -3.400 0.6000000238
10351  -27.515  -80.614  -2.439 0.6000000238
8734  -29.097  -82.130  -3.917 0.6000000238
7946  -28.762  -82.998  -5.391 0.6000000238
135031  -28.362  -83.618  -6.549 0.6000000238
9591  -35.040  -81.587  -6.267 0.5000000000
8751  -36.381  -83.379  -5.647 0.3000000119
11265  -25.265  -79.457  -3.097 0.6999999881
11266  -26.156  -79.470  -3.027 0.6000000238
117007  -27.479  -79.506  -2.998 0.6000000238
9533  -27.499  -81.335  -2.526 0.6000000238
9544  -27.827  -81.815  -2.975 0.5000000000
119988  -28.210  -82.292  -3.680 0.5000000000
7148  -27.550  -83.798  -6.350 0.5000000000
7972  -28.854  -83.818  -7.267 0.5000000000
11323  -38.411  -79.317  -7.705 0.3000000119
10418  -38.609  -80.355  -7.266 0.3000000119
9595  -39.457  -81.537  -6.877 0.4000000060
8770  -39.093  -82.035  -6.638 0.4000000060
7164  -27.960  -84.086  -7.060 0.5000000000
11322  -36.886  -79.108  -6.848 0.3000000119
10417  -37.094  -79.997  -6.544 0.3000000119
9594  -38.977  -81.450  -7.279 0.4000000060
138699  -27.500  -78.818  -7.295 0.5000000000
12126  -28.373  -78.653  -7.233 0.5000000000
12108  -29.084  -78.548  -6.800 0.5000000000
123380  -25.571  -79.498  -9.027 0.5000000000
11335  -26.243  -79.343  -7.634 0.5000000000
11319  -26.898  -79.111  -7.015 0.5000000000
12096  -28.590  -78.563  -6.033 0.5000000000
118745  -30.073  -78.416  -5.837 0.5000000000
12099  -31.707  -78.944  -5.447 0.6000000238
11290  -32.301  -79.541  -4.583 0.6000000238
11334  -25.460  -79.741  -7.366 0.5000000000
137408  -32.442  -80.001  -4.290 0.6000000238
9578  -32.913  -81.700  -5.087 0.8000000119
4871  -35.747  -87.813  -2.263 0.3000000119
10424  -23.926  -80.511  -7.612 0.6000000238
10425  -24.696  -80.220  -7.075 0.6000000238
11318  -26.194  -79.456  -6.750 0.6000000238
11291  -33.477  -79.851  -4.974 0.4000000060
5594  -35.993  -87.072  -2.249 0.3000000119
10400  -24.295  -80.441  -5.855 0.6999999881
9579  -33.655  -81.457  -5.347 0.5000000000
8778  -32.759  -82.851  -6.197 0.6000000238
6371  -35.611  -85.870  -3.428 0.3000000119
7121  -35.331  -84.925  -4.012 0.3000000119
10399  -23.521  -80.696  -5.764 0.6999999881
10401  -34.000  -80.814  -5.231 0.4000000060
117514  -35.162  -84.040  -4.392 0.3000000119
10382  -24.277  -80.282  -4.959 0.6000000238
118965  -24.855  -79.867  -3.957 0.6999999881
134293  -34.626  -81.106  -5.644 0.4000000060
11284  -23.782  -80.138  -3.856 0.6000000238
11231  -26.139  -79.768  -2.320 0.6000000238
9532  -26.899  -81.170  -2.179 0.5000000000
8725  -26.975  -81.968  -2.610 0.5000000000
117713  -28.091  -83.385  -5.848 0.6000000238
11309  -35.390  -79.613  -5.843 0.4000000060
9581  -35.486  -80.903  -5.985 0.4000000060
12134  -36.883  -78.631  -8.525 0.3000000119
12116  -37.477  -78.782  -7.858 0.3000000119
12135  -38.903  -78.647  -8.713 0.3000000119
11337  -39.870  -79.161  -8.231 0.3000000119
10419  -39.736  -80.883  -7.157 0.4000000060
8752  -37.059  -82.688  -5.424 0.3000000119
11230  -25.608  -79.787  -1.960 0.6000000238
140480  -26.381  -81.658  -2.120 0.5000000000
126009  -26.091  -82.308  -2.534 0.5000000000
7918  -26.862  -82.998  -4.057 0.5000000000
7945  -27.167  -83.556  -5.498 0.5000000000
7147  -26.646  -84.040  -6.201 0.6000000238
7163  -27.079  -84.379  -6.883 0.5000000000
10404  -36.182  -79.545  -6.216 0.3000000119
12115  -36.349  -78.724  -7.282 0.3000000119
9522  -26.129  -81.001  -1.738 0.5000000000
119679  -25.996  -83.241  -3.955 0.5000000000
7944  -26.137  -83.868  -5.469 0.5000000000
7930  -25.479  -83.763  -4.702 0.5000000000
136564  -25.841  -78.890  -10.013 0.5000000000
11349  -26.390  -79.151  -8.712 0.5000000000
12125  -27.768  -78.640  -8.036 0.5000000000
12143  -28.694  -78.530  -8.394 0.5000000000
12127  -29.364  -78.582  -7.675 0.5000000000
12109  -29.817  -78.542  -6.845 0.5000000000
11348  -24.641  -79.863  -9.049 0.5000000000
11336  -26.962  -78.917  -7.830 0.5000000000
12129  -31.318  -78.934  -7.607 0.4000000060
10432  -24.677  -80.114  -7.999 0.5000000000
12111  -31.487  -78.874  -6.435 0.4000000060
4156  -35.723  -88.162  -1.376 0.3000000119
123986  -36.357  -87.545  -1.042 0.3000000119
10431  -23.827  -80.291  -8.541 0.6000000238
133161  -32.319  -79.001  -6.165 0.4000000060
11306  -33.022  -79.536  -5.069 0.4000000060
10423  -23.156  -80.351  -8.091 0.6000000238
10415  -23.894  -80.604  -6.616 0.6000000238
5593  -35.796  -86.601  -2.816 0.3000000119
6362  -35.814  -85.847  -2.514 0.3000000119
122029  -23.036  -80.687  -6.564 0.6000000238
140949  -34.236  -79.357  -5.854 0.4000000060
10398  -22.828  -80.682  -5.769 0.6000000238
127593  -34.246  -78.934  -7.103 0.4000000060
11320  -34.762  -79.119  -6.266 0.4000000060
137849  -35.288  -83.433  -4.486 0.3000000119
10381  -23.186  -80.678  -4.893 0.6999999881
11321  -35.789  -79.018  -6.513 0.3000000119
11357  -27.074  -78.744  -9.222 0.5000000000
11350  -27.195  -78.756  -8.558 0.5000000000
12142  -27.901  -78.514  -9.084 0.5000000000
12144  -29.762  -78.725  -8.928 0.4000000060
11355  -25.165  -79.313  -9.657 0.5000000000
12128  -30.407  -78.735  -7.914 0.4000000060
11354  -24.101  -79.379  -9.988 0.6000000238
12112  -32.161  -79.043  -7.285 0.4000000060
6353  -36.212  -85.860  -1.651 0.3000000119
5582  -36.381  -86.755  -1.482 0.3000000119
10413  -22.602  -80.242  -7.513 0.6000000238
12113  -33.143  -79.048  -6.921 0.4000000060
12101  -33.864  -79.161  -6.210 0.4000000060
12132  -34.665  -79.051  -8.417 0.4000000060
12114  -35.305  -78.740  -7.148 0.3000000119
12133  -35.817  -78.858  -8.619 0.3000000119
140983  -22.335  -80.215  -4.148 0.6000000238
123044  -26.690  -78.473  -10.248 0.5000000000
12155  -27.388  -78.588  -9.896 0.5000000000
139694  -28.476  -78.221  -10.279 0.4000000060
119936  -28.965  -78.498  -9.494 0.4000000060
11359  -24.821  -78.827  -10.282 0.5000000000
12169  -26.232  -78.157  -10.562 0.5000000000
120291  -30.497  -79.066  -9.765 0.4000000060
11347  -23.512  -79.765  -9.340 0.6000000238
12167  -23.599  -78.013  -10.730 0.6000000238
13022  -24.085  -77.516  -10.768 0.6000000238
12145  -30.639  -79.096  -9.134 0.4000000060
11346  -22.804  -79.420  -9.214 0.6000000238
12166  -23.179  -78.047  -10.435 0.6000000238
120285  -32.500  -79.713  -9.762 0.4000000060
12147  -33.024  -79.890  -9.285 0.4000000060
11333  -22.586  -79.816  -8.538 0.6000000238
12131  -33.631  -79.358  -8.270 0.4000000060
12148  -33.959  -79.595  -9.704 0.4000000060
12162  -34.970  -79.066  -10.126 0.4000000060
7111  -35.426  -84.981  -3.028 0.3000000119
6352  -35.691  -84.871  -1.965 0.3000000119
11332  -21.990  -79.385  -8.124 0.6000000238
126395  -35.027  -79.226  -9.716 0.4000000060
8736  -35.224  -82.785  -4.152 0.3000000119
119901  -35.165  -84.284  -3.560 0.3000000119
11316  -22.010  -79.826  -7.085 0.6000000238
11282  -22.090  -79.911  -4.793 0.6000000238
12095  -21.012  -78.657  -6.139 0.6999999881
13002  -21.550  -78.246  -7.904 0.6999999881
11301  -21.600  -79.331  -5.504 0.6000000238
12106  -20.985  -78.442  -7.179 0.6999999881
13863  -21.289  -77.503  -7.437 0.6999999881
12094  -20.658  -78.046  -6.520 0.6000000238
12988  -22.251  -77.682  -7.610 0.6999999881
13852  -23.086  -77.196  -6.815 0.6000000238
12987  -20.629  -77.625  -6.973 0.6999999881
138114  -22.121  -77.041  -7.152 0.6999999881
13025  -27.086  -78.086  -10.530 0.5000000000
13026  -28.089  -77.985  -10.480 0.5000000000
13896  -24.920  -76.900  -10.552 0.5000000000
13897  -26.092  -76.808  -10.414 0.5000000000
13024  -26.188  -77.602  -10.614 0.5000000000
13899  -28.776  -77.319  -10.461 0.5000000000
12171  -29.016  -78.031  -10.454 0.4000000060
122372  -30.179  -78.799  -10.056 0.4000000060
13882  -23.496  -77.239  -10.438 0.6000000238
13895  -23.817  -76.923  -10.458 0.6000000238
14758  -24.256  -75.853  -10.050 0.6000000238
14759  -25.261  -75.821  -10.138 0.6000000238
12158  -30.996  -79.188  -10.086 0.4000000060
11352  -22.706  -78.901  -9.528 0.6000000238
14752  -24.003  -75.046  -9.805 0.6000000238
14753  -24.439  -74.566  -9.931 0.6000000238
120290  -31.409  -79.416  -9.646 0.4000000060
11345  -22.434  -79.181  -8.976 0.6000000238
12141  -22.685  -78.730  -9.449 0.6000000238
13872  -23.718  -76.509  -9.886 0.6000000238
13873  -24.364  -76.207  -9.102 0.6000000238
14750  -24.130  -74.617  -9.356 0.6000000238
120284  -33.227  -79.778  -9.896 0.4000000060
135131  -33.740  -77.815  -10.220 0.4000000060
12124  -22.703  -78.511  -9.205 0.6000000238
13010  -23.278  -77.754  -9.531 0.6000000238
13011  -24.375  -77.527  -8.548 0.6000000238
14744  -25.118  -75.591  -8.374 0.6000000238
15646  -25.825  -73.876  -7.326 0.6000000238
12161  -33.779  -79.383  -10.112 0.4000000060
120997  -34.368  -78.628  -10.384 0.4000000060
12123  -22.158  -78.832  -8.560 0.6000000238
13004  -23.822  -77.983  -8.199 0.5000000000
13864  -25.519  -77.019  -7.858 0.6000000238
14735  -26.447  -75.224  -6.942 0.6000000238
15638  -26.589  -74.321  -6.349 0.6999999881
11331  -21.445  -79.116  -7.515 0.6999999881
13003  -22.407  -78.178  -8.347 0.6000000238
13005  -25.045  -77.646  -7.490 0.6000000238
16528  -26.916  -73.615  -5.782 0.6000000238
120982  -27.211  -72.843  -5.630 0.6000000238
12992  -26.078  -77.168  -6.398 0.6000000238
14725  -26.919  -75.408  -5.971 0.6000000238
15627  -27.089  -74.671  -5.659 0.6000000238
16529  -27.696  -73.588  -5.161 0.6000000238
12989  -23.548  -77.817  -7.445 0.6000000238
12991  -25.300  -77.558  -6.541 0.6000000238
12980  -26.315  -76.958  -5.557 0.5000000000
13836  -27.289  -75.392  -5.186 0.6000000238
15628  -27.489  -74.503  -5.142 0.6000000238
12979  -25.523  -77.382  -5.659 0.5000000000
13000  -20.742  -77.197  -7.055 0.6999999881
13832  -22.506  -76.346  -6.561 0.6999999881
12977  -24.099  -77.537  -6.331 0.5000000000
12967  -24.964  -77.355  -5.009 0.6000000238
12969  -26.377  -76.753  -4.819 0.5000000000
134884  -27.290  -75.900  -4.616 0.5000000000
13819  -25.216  -77.029  -4.247 0.6000000238
21390  -17.194  -68.024  -2.586 0.6000000238
135449  -17.584  -69.076  -3.424 0.6000000238
21407  -17.835  -66.939  -4.718 0.6000000238
13898  -27.319  -77.378  -10.425 0.5000000000
13884  -26.748  -76.135  -9.917 0.5000000000
13885  -28.054  -76.398  -9.859 0.5000000000
12172  -29.821  -78.268  -10.372 0.5000000000
12173  -30.630  -78.646  -10.247 0.4000000060
15649  -24.310  -73.523  -9.255 0.5000000000
15650  -25.409  -73.057  -9.246 0.5000000000
13029  -31.221  -78.187  -10.276 0.4000000060
13015  -31.917  -77.513  -10.006 0.4000000060
16544  -24.639  -72.862  -9.258 0.5000000000
17468  -24.873  -72.419  -9.036 0.5000000000
12160  -32.886  -79.509  -10.120 0.4000000060
12175  -32.226  -78.806  -10.244 0.4000000060
13016  -32.869  -77.691  -10.053 0.4000000060
16542  -25.372  -72.728  -7.912 0.5000000000
16541  -24.689  -72.599  -8.925 0.5000000000
13017  -33.353  -78.778  -10.344 0.4000000060
16537  -26.104  -73.076  -6.741 0.6000000238
17463  -26.028  -72.133  -7.331 0.6000000238
17452  -26.619  -72.515  -6.311 0.6000000238
16530  -28.039  -72.645  -5.204 0.4000000060
17454  -27.920  -71.677  -5.636 0.4000000060
18390  -28.556  -71.120  -5.494 0.4000000060
15615  -27.984  -74.383  -4.488 0.6000000238
16518  -28.343  -73.541  -4.485 0.6000000238
17426  -28.896  -72.756  -4.243 0.5000000000
17437  -28.647  -71.836  -4.898 0.4000000060
18391  -29.275  -70.988  -4.735 0.4000000060
19363  -29.862  -70.132  -4.217 0.4000000060
13849  -20.269  -76.790  -6.687 0.6999999881
14716  -27.653  -75.263  -4.514 0.6000000238
16507  -28.850  -73.549  -3.784 0.5000000000
18372  -29.812  -71.101  -3.735 0.4000000060
13833  -23.465  -76.665  -5.737 0.6000000238
13821  -26.843  -76.405  -4.215 0.5000000000
123897  -27.504  -75.893  -3.883 0.5000000000
16494  -29.038  -73.858  -2.967 0.5000000000
121110  -29.775  -72.678  -2.686 0.5000000000
18356  -29.938  -71.974  -3.195 0.4000000060
18373  -30.245  -70.475  -3.253 0.4000000060
13834  -24.310  -77.207  -5.299 0.6000000238
14705  -27.801  -75.769  -2.931 0.5000000000
21367  -17.113  -68.224  -1.897 0.6999999881
21368  -17.546  -68.467  -1.525 0.6000000238
20368  -17.424  -68.605  -2.489 0.6000000238
19335  -18.284  -69.718  -0.892 0.6000000238
19360  -17.974  -69.807  -3.742 0.6000000238
19348  -17.774  -70.346  -2.009 0.6000000238
18318  -18.497  -70.772  -0.800 0.6000000238
18319  -18.853  -71.214  -0.304 0.6000000238
18295  -20.249  -71.484  0.648 0.6000000238
19376  -18.699  -69.780  -4.650 0.5000000000
18369  -18.774  -71.166  -3.673 0.6000000238
18354  -18.287  -71.350  -2.603 0.6000000238
18339  -18.627  -71.535  -1.072 0.6000000238
13900  -29.632  -76.743  -10.565 0.5000000000
117464  -19.384  -69.902  -5.171 0.5000000000
19361  -18.533  -70.428  -3.993 0.5000000000
17403  -18.678  -71.971  -1.949 0.5000000000
17404  -19.136  -72.359  -1.062 0.5000000000
14754  -25.626  -74.815  -9.891 0.4000000060
14755  -27.540  -75.317  -9.441 0.5000000000
13901  -30.160  -76.741  -10.614 0.5000000000
13028  -30.373  -77.709  -10.490 0.4000000060
18370  -19.767  -71.428  -4.133 0.5000000000
17405  -19.963  -73.075  -1.614 0.5000000000
132513  -20.637  -73.412  -0.865 0.5000000000
15654  -26.458  -74.166  -9.308 0.5000000000
13902  -30.931  -76.993  -10.278 0.4000000060
126705  -31.620  -76.346  -8.957 0.4000000060
120471  -31.646  -76.188  -8.062 0.4000000060
18388  -20.286  -70.871  -4.936 0.5000000000
17423  -20.203  -72.302  -3.519 0.5000000000
137130  -20.319  -72.914  -2.609 0.6000000238
16482  -20.875  -73.322  -2.107 0.6000000238
13889  -32.445  -76.805  -9.347 0.4000000060
17435  -21.212  -71.905  -4.801 0.6000000238
17424  -20.898  -72.286  -4.158 0.6000000238
17415  -20.998  -72.927  -3.303 0.6999999881
17469  -25.461  -72.319  -8.432 0.4000000060
18428  -26.522  -71.596  -7.296 0.5000000000
15644  -19.580  -73.755  -7.234 0.6000000238
17464  -26.695  -71.745  -6.706 0.5000000000
18430  -27.737  -70.851  -6.675 0.4000000060
15636  -19.781  -74.424  -7.060 0.6000000238
18413  -27.978  -71.084  -6.073 0.4000000060
14732  -20.289  -75.507  -6.876 0.6000000238
125994  -21.640  -75.990  -6.775 0.6000000238
19380  -29.467  -70.126  -5.098 0.4000000060
14723  -22.808  -75.785  -5.654 0.6000000238
13851  -21.407  -76.704  -7.110 0.6999999881
13818  -24.530  -76.918  -4.441 0.6000000238
13803  -24.824  -76.640  -3.635 0.6000000238
13805  -26.318  -76.689  -3.363 0.5000000000
13806  -27.115  -76.347  -3.258 0.5000000000
21347  -17.558  -68.433  -1.176 0.6999999881
20351  -18.160  -68.713  -0.565 0.6999999881
20331  -18.468  -69.132  -0.082 0.6000000238
19317  -18.905  -70.156  0.127 0.6000000238
19302  -19.451  -70.067  0.527 0.6000000238
18294  -19.531  -70.866  0.343 0.6000000238
18296  -21.002  -72.040  1.107 0.6000000238
17366  -19.608  -72.140  0.008 0.6000000238
15655  -28.040  -74.397  -9.151 0.5000000000
14756  -28.643  -75.701  -9.686 0.5000000000
13886  -29.164  -76.261  -10.195 0.5000000000
13887  -29.933  -76.025  -10.466 0.5000000000
130591  -20.188  -72.949  -0.125 0.6000000238
17368  -21.252  -72.952  0.970 0.5000000000
129842  -29.630  -75.338  -9.989 0.5000000000
124348  -30.354  -76.083  -10.301 0.5000000000
13874  -30.984  -76.183  -9.669 0.4000000060
125298  -22.165  -74.059  -0.713 0.6000000238
16462  -21.740  -73.545  0.586 0.5000000000
16546  -26.024  -72.621  -8.772 0.5000000000
137039  -20.714  -72.971  -6.789 0.6000000238
17462  -21.301  -72.396  -6.150 0.4000000060
18411  -21.326  -71.772  -5.593 0.6000000238
16493  -22.129  -73.696  -2.681 0.6000000238
16483  -21.811  -73.700  -1.631 0.6000000238
132034  -22.282  -74.033  0.111 0.6000000238
18447  -25.999  -72.081  -8.273 0.4000000060
17473  -27.894  -71.889  -8.442 0.4000000060
16527  -21.549  -73.181  -5.810 0.5000000000
16516  -21.723  -73.135  -4.944 0.5000000000
16505  -21.608  -72.985  -4.355 0.6000000238
16492  -21.654  -73.303  -3.535 0.6999999881
15589  -22.754  -74.163  -2.836 0.6000000238
123803  -22.520  -73.988  -2.107 0.6000000238
15575  -22.602  -74.261  -1.300 0.6000000238
18441  -26.950  -71.328  -7.505 0.5000000000
16535  -20.216  -73.760  -7.137 0.6000000238
121538  -22.165  -73.953  -4.555 0.6000000238
15600  -22.489  -74.100  -3.733 0.6000000238
14670  -23.863  -74.949  -1.782 0.6000000238
15576  -23.330  -74.700  -1.053 0.6000000238
15564  -23.559  -74.838  -0.076 0.6000000238
19404  -27.613  -70.816  -7.202 0.4000000060
15625  -21.451  -74.154  -6.297 0.5000000000
16517  -21.883  -73.921  -5.419 0.6000000238
15601  -23.127  -74.740  -3.470 0.6000000238
14687  -24.227  -75.381  -2.470 0.6000000238
14671  -24.719  -75.476  -1.632 0.6000000238
14733  -21.283  -75.230  -6.688 0.6000000238
14734  -22.209  -75.485  -6.261 0.6000000238
15613  -22.353  -74.591  -5.103 0.6000000238
14703  -23.811  -75.463  -3.259 0.6000000238
13802  -24.096  -76.287  -3.838 0.6000000238
13817  -23.803  -76.547  -4.690 0.6000000238
13785  -26.614  -76.516  -2.702 0.5000000000
13786  -27.250  -76.252  -2.397 0.5000000000
20316  -17.566  -68.644  -0.567 0.6999999881
20330  -18.046  -68.658  -0.268 0.6999999881
18317  -16.175  -71.220  -0.456 0.6999999881
19300  -17.431  -69.289  0.319 0.6999999881
20318  -18.182  -69.040  0.392 0.6999999881
20332  -18.830  -69.538  0.472 0.6000000238
20320  -19.815  -69.911  0.959 0.6000000238
19289  -20.465  -70.171  1.364 0.5000000000
19303  -20.062  -70.524  0.788 0.6999999881
18276  -20.758  -71.041  1.215 0.5000000000
18277  -21.576  -71.486  1.624 0.5000000000
17344  -21.814  -72.416  1.489 0.5000000000
15656  -29.449  -74.333  -9.545 0.4000000060
15657  -30.008  -74.808  -9.792 0.5000000000
15651  -30.192  -74.451  -9.352 0.5000000000
121404  -30.490  -75.127  -8.664 0.5000000000
14746  -30.614  -75.215  -7.644 0.4000000060
16547  -27.600  -72.744  -8.691 0.4000000060
16553  -29.974  -74.086  -9.496 0.4000000060
16463  -22.606  -73.829  0.886 0.6000000238
15563  -22.795  -74.419  -0.407 0.6000000238
15550  -23.093  -74.350  0.441 0.6000000238
14654  -24.909  -75.523  -0.503 0.6000000238
15551  -23.900  -74.702  0.702 0.6000000238
14688  -24.833  -75.898  -2.430 0.6000000238
14672  -25.482  -75.811  -1.182 0.6000000238
14642  -24.358  -75.210  0.176 0.6000000238
14704  -24.499  -76.048  -3.077 0.6000000238
14655  -25.683  -75.695  -0.296 0.5000000000
13784  -25.909  -76.558  -2.557 0.6000000238
13767  -26.010  -76.207  -1.647 0.5000000000
132760  -26.577  -76.344  -2.002 0.5000000000
18293  -16.549  -71.770  0.089 0.6999999881
124827  -16.759  -70.510  0.226 0.6999999881
135215  -17.219  -70.028  0.887 0.6999999881
19301  -17.845  -69.373  1.153 0.6999999881
134878  -18.664  -69.364  1.148 0.6999999881
20308  -19.428  -69.455  1.284 0.4000000060
17365  -16.250  -72.742  0.224 0.6999999881
139937  -16.801  -72.243  0.581 0.6999999881
18274  -17.045  -71.215  0.860 0.6000000238
20298  -17.758  -69.915  2.191 0.6000000238
20309  -20.046  -69.540  1.548 0.5000000000
16445  -15.446  -73.821  1.415 0.6999999881
16446  -16.388  -73.697  1.369 0.6999999881
20310  -20.802  -69.632  2.109 0.5000000000
16433  -15.940  -74.196  2.081 0.6999999881
19290  -21.291  -70.565  1.816 0.5000000000
16420  -15.489  -74.308  2.959 0.6000000238
15498  -14.914  -74.417  4.710 0.6000000238
15477  -14.600  -74.272  5.616 0.6000000238
126115  -13.708  -73.102  6.899 0.5000000000
18222  -14.602  -71.722  6.522 0.5000000000
16549  -30.149  -73.481  -9.087 0.4000000060
15647  -30.360  -74.240  -8.234 0.4000000060
130319  -25.908  -75.474  0.296 0.6000000238
20299  -18.266  -69.379  2.036 0.5000000000
20300  -18.958  -69.167  1.895 0.5000000000
17343  -17.211  -72.292  1.160 0.6000000238
18275  -17.349  -71.316  1.776 0.6000000238
133991  -17.520  -70.631  2.234 0.6000000238
19278  -18.225  -69.646  2.934 0.6000000238
21324  -19.383  -69.011  2.506 0.5000000000
140923  -19.556  -69.219  1.851 0.5000000000
16434  -16.910  -73.975  2.071 0.6999999881
16435  -17.576  -73.365  2.333 0.6000000238
17327  -17.549  -72.362  1.969 0.6000000238
18252  -18.087  -71.336  3.122 0.6000000238
18253  -18.612  -71.436  3.787 0.6000000238
20302  -21.424  -69.263  2.879 0.5000000000
15533  -16.487  -74.352  2.811 0.6999999881
15534  -17.356  -74.124  2.852 0.6000000238
123361  -18.160  -73.654  3.839 0.6000000238
16422  -18.416  -73.005  3.641 0.6000000238
17307  -18.723  -72.404  4.269 0.6000000238
15499  -15.744  -74.400  4.463 0.6000000238
15501  -17.283  -74.312  4.137 0.6000000238
16394  -17.702  -73.663  5.381 0.6000000238
16395  -18.373  -73.302  5.315 0.6000000238
126706  -15.984  -73.857  5.612 0.6000000238
16382  -16.147  -73.330  6.098 0.6000000238
16383  -17.294  -73.283  6.095 0.6000000238
16384  -18.194  -73.174  6.013 0.6000000238
16392  -15.321  -73.833  5.923 0.5000000000
16381  -15.102  -73.312  6.265 0.5000000000
17284  -15.703  -72.652  6.396 0.5000000000
129072  -16.800  -72.580  6.479 0.6000000238
17285  -17.821  -72.731  6.504 0.6000000238
19242  -13.555  -70.880  6.199 0.5000000000
138249  -15.303  -72.009  6.518 0.5000000000
18223  -16.040  -71.850  6.567 0.6000000238
17268  -17.479  -72.141  6.775 0.6000000238
19243  -14.377  -70.923  6.244 0.5000000000
19244  -15.336  -71.026  6.405 0.4000000060
127289  -16.847  -71.674  6.778 0.6000000238
21310  -18.771  -69.094  2.693 0.6000000238
21311  -19.312  -68.887  3.234 0.5000000000
20301  -20.039  -69.120  2.263 0.5000000000
20277  -18.630  -69.750  3.561 0.6000000238
18242  -19.067  -71.618  4.407 0.6999999881
133196  -19.507  -70.112  4.470 0.6999999881
129367  -18.774  -72.845  4.975 0.6000000238
17308  -19.197  -72.194  5.014 0.6999999881
17294  -18.865  -72.661  5.752 0.6000000238
17295  -19.570  -71.938  5.735 0.6999999881
17286  -18.555  -72.503  6.393 0.6000000238
17287  -19.181  -72.183  6.292 0.6999999881
123148  -18.166  -72.089  6.896 0.6000000238
18204  -18.447  -71.396  7.310 0.6999999881
20260  -13.495  -69.819  4.989 0.5000000000
19257  -14.613  -70.205  5.984 0.5000000000
122760  -16.185  -71.008  6.694 0.6000000238
18203  -17.636  -71.504  7.141 0.6000000238
20261  -14.118  -69.679  5.319 0.5000000000
130703  -15.369  -69.967  6.336 0.4000000060
21325  -20.002  -68.760  3.153 0.5000000000
134289  -19.821  -68.697  3.721 0.5000000000
20278  -19.093  -69.477  3.967 0.6000000238
20279  -19.688  -69.261  4.404 0.5000000000
21284  -20.735  -68.304  4.696 0.5000000000
19265  -20.077  -70.240  5.050 0.6999999881
18232  -20.083  -71.078  5.764 0.6999999881
18225  -19.637  -71.496  6.572 0.6000000238
18205  -19.256  -71.232  7.278 0.6000000238
19219  -16.965  -70.835  7.102 0.6000000238
19220  -17.858  -70.649  7.564 0.6000000238
21282  -14.264  -68.787  5.201 0.5000000000
20244  -15.201  -69.057  6.296 0.4000000060
137344  -16.226  -70.107  6.887 0.6000000238
22287  -14.551  -67.758  5.402 0.4000000060
21283  -14.821  -68.467  5.978 0.4000000060
21268  -15.451  -68.377  6.498 0.5000000000
20245  -15.805  -69.186  6.733 0.5000000000
20263  -20.468  -69.191  5.030 0.6000000238
19258  -20.597  -70.254  5.797 0.6000000238
124063  -21.090  -68.776  5.376 0.5000000000
18226  -20.299  -70.747  6.545 0.6000000238
18206  -19.927  -70.843  7.150 0.6000000238
19224  -21.003  -69.939  7.089 0.5000000000
19222  -19.567  -70.541  7.637 0.6000000238
126427  -18.438  -69.954  7.926 0.6999999881
19211  -19.217  -69.975  8.118 0.5000000000
127462  -17.073  -69.972  7.371 0.6000000238
20224  -16.516  -69.215  7.218 0.5000000000
22288  -15.134  -67.646  6.150 0.4000000060
21269  -16.129  -68.435  6.965 0.5000000000
27872  -15.647  -62.613  2.149 0.4000000060
118836  -14.991  -62.117  0.677 0.3000000119
26944  -15.860  -62.986  1.038 0.4000000060
21270  -21.735  -68.918  6.168 0.5000000000
26062  -16.023  -63.863  1.118 0.3000000119
26953  -16.339  -63.206  0.415 0.4000000060
20228  -20.660  -69.859  7.625 0.5000000000
20246  -21.388  -69.578  6.689 0.5000000000
24205  -16.024  -65.440  1.407 0.3000000119
26069  -16.665  -64.054  0.670 0.4000000060
20217  -20.432  -69.391  8.171 0.5000000000
24191  -16.620  -65.835  1.865 0.3000000119
20215  -18.908  -69.224  8.234 0.6000000238
20225  -17.266  -69.155  7.556 0.6999999881
21248  -18.554  -68.220  7.970 0.6000000238
22278  -15.811  -67.656  6.657 0.5000000000
22267  -17.104  -67.782  7.395 0.5000000000
22279  -16.488  -67.719  7.083 0.4000000060
22268  -17.791  -67.517  7.546 0.4000000060
121103  -13.971  -61.053  1.872 0.3000000119
127687  -14.950  -61.880  1.943 0.3000000119
27881  -14.852  -61.633  0.413 0.3000000119
26952  -15.671  -62.320  0.427 0.3000000119
26969  -16.322  -62.761  0.350 0.4000000060
20229  -21.298  -69.507  7.408 0.5000000000
25157  -17.215  -64.693  1.147 0.4000000060
26080  -16.797  -63.412  0.342 0.4000000060
20218  -21.025  -69.362  7.945 0.5000000000
24192  -17.278  -65.368  1.671 0.4000000060
25146  -17.780  -64.998  1.636 0.4000000060
20216  -19.685  -69.332  8.303 0.5000000000
21251  -20.927  -68.789  8.304 0.5000000000
24172  -16.665  -65.890  2.657 0.4000000060
21249  -19.478  -68.568  8.353 0.5000000000
21258  -17.627  -68.353  7.585 0.5000000000
22260  -19.322  -67.644  8.238 0.5000000000
23224  -15.271  -66.464  5.353 0.3000000119
23212  -16.420  -66.429  6.620 0.4000000060
23202  -16.968  -67.010  7.186 0.4000000060
22269  -18.561  -67.185  7.820 0.4000000060
28811  -13.538  -60.081  2.229 0.3000000119
27871  -14.281  -61.356  0.776 0.3000000119
28848  -15.493  -61.526  0.334 0.4000000060
27895  -16.517  -62.414  0.390 0.4000000060
22290  -22.096  -67.057  5.431 0.4000000060
26954  -17.253  -62.686  0.590 0.4000000060
22280  -22.824  -67.877  6.505 0.4000000060
25158  -17.655  -64.304  1.123 0.4000000060
26070  -17.327  -63.533  0.625 0.4000000060
21260  -22.252  -68.573  7.636 0.4000000060
25147  -18.097  -64.392  1.780 0.4000000060
21250  -20.253  -68.086  8.467 0.5000000000
24173  -17.411  -65.555  2.115 0.4000000060
24157  -16.434  -65.466  3.930 0.3000000119
24131  -16.752  -65.681  6.385 0.3000000119
28821  -13.808  -60.500  1.190 0.3000000119
28830  -14.071  -60.314  0.871 0.3000000119
28831  -14.932  -61.347  0.317 0.3000000119
28832  -15.735  -60.839  0.625 0.4000000060
27882  -16.213  -61.627  0.547 0.4000000060
27873  -17.554  -61.207  1.600 0.3000000119
27883  -17.118  -61.830  0.812 0.4000000060
138097  -21.948  -66.078  5.089 0.4000000060
24158  -22.850  -65.125  4.744 0.4000000060
26955  -17.816  -63.067  1.299 0.4000000060
22271  -22.908  -68.139  7.522 0.4000000060
21252  -21.725  -68.416  8.234 0.4000000060
25126  -17.937  -64.803  2.487 0.3000000119
122962  -21.103  -68.116  8.473 0.4000000060
25102  -17.256  -65.276  3.127 0.3000000119
25103  -17.611  -64.484  3.676 0.3000000119
138022  -17.142  -64.749  5.320 0.3000000119
23203  -17.824  -66.633  7.465 0.4000000060
30725  -13.891  -58.662  1.783 0.3000000119
29816  -15.572  -59.986  1.051 0.4000000060
29817  -16.568  -60.180  1.441 0.4000000060
28822  -17.474  -60.439  1.910 0.4000000060
136616  -23.241  -64.842  4.311 0.4000000060
24146  -22.847  -65.393  5.182 0.4000000060
27874  -17.837  -61.398  2.359 0.4000000060
23214  -23.056  -66.964  5.899 0.4000000060
26063  -18.186  -63.601  2.030 0.4000000060
23206  -23.859  -66.829  6.905 0.4000000060
25127  -18.237  -64.020  2.609 0.3000000119
22263  -22.474  -68.004  8.173 0.4000000060
26036  -17.883  -63.742  4.152 0.3000000119
22261  -20.802  -67.442  8.539 0.5000000000
25081  -16.997  -64.843  4.366 0.3000000119
131761  -17.480  -64.241  4.835 0.3000000119
141673  -20.499  -66.708  8.471 0.5000000000
24132  -17.457  -65.393  6.810 0.3000000119
23205  -19.139  -66.111  7.806 0.4000000060
23213  -17.159  -66.096  7.081 0.4000000060
30738  -14.252  -59.118  1.397 0.3000000119
28823  -17.818  -60.715  2.368 0.3000000119
28813  -18.217  -60.508  2.996 0.3000000119
24159  -23.511  -64.680  4.434 0.4000000060
26945  -18.044  -62.482  2.400 0.3000000119
23215  -23.602  -66.318  5.860 0.4000000060
24147  -23.660  -64.962  5.122 0.3000000119
119696  -18.258  -63.213  2.975 0.3000000119
23198  -23.601  -66.879  7.816 0.4000000060
24134  -24.106  -65.729  5.787 0.4000000060
26037  -18.288  -63.142  4.518 0.3000000119
26015  -18.016  -63.632  5.388 0.3000000119
129231  -21.276  -66.826  8.624 0.4000000060
25082  -17.592  -64.373  5.814 0.3000000119
25064  -18.454  -64.513  6.978 0.3000000119
25044  -18.528  -65.194  7.372 0.3000000119
24122  -19.267  -65.413  7.741 0.3000000119
27865  -18.133  -61.473  3.238 0.3000000119
124842  -18.440  -60.727  3.797 0.3000000119
26940  -18.273  -62.340  3.574 0.3000000119
23216  -24.288  -66.197  6.765 0.4000000060
126931  -24.619  -65.251  5.907 0.4000000060
131888  -18.599  -62.956  5.480 0.3000000119
23197  -23.160  -66.633  8.355 0.4000000060
23199  -24.133  -66.232  7.712 0.4000000060
25083  -18.155  -64.045  6.298 0.3000000119
24112  -20.707  -65.989  8.468 0.3000000119
26922  -19.048  -62.259  5.642 0.3000000119
26016  -18.508  -63.441  6.085 0.3000000119
24116  -24.027  -65.730  8.297 0.3000000119
24124  -24.550  -65.480  7.875 0.3000000119
25995  -18.810  -63.764  6.654 0.3000000119
24113  -21.634  -66.015  8.647 0.3000000119
122080  -18.983  -64.763  7.421 0.3000000119
24123  -20.118  -65.253  8.142 0.3000000119
26907  -19.679  -62.285  6.327 0.3000000119
27841  -20.171  -61.667  6.399 0.3000000119
26017  -19.117  -62.978  6.306 0.3000000119
129388  -23.664  -65.102  8.508 0.3000000119
134626  -20.749  -61.700  6.801 0.3000000119
24121  -17.989  -65.757  7.340 0.4000000060
24144  -16.560  -65.304  5.304 0.3000000119
24145  -17.196  -65.041  6.091 0.3000000119
7964  -32.021  -83.256  -6.648 0.6000000238
7990  -32.004  -83.493  -8.560 0.5000000000
8004  -31.563  -83.508  -9.517 0.5000000000
128458  -30.681  -83.593  -9.294 0.5000000000
125374  -32.569  -83.483  -9.644 0.5000000000
8007  -35.445  -83.461  -10.348 0.5000000000
132337  -31.206  -82.037  -4.703 0.6999999881
9563  -30.570  -81.588  -4.087 0.6999999881
8765  -30.143  -82.847  -5.882 0.6999999881
8006  -34.562  -83.435  -10.579 0.4000000060
8764  -29.248  -82.602  -4.788 0.6999999881
136805  -35.813  -83.037  -4.956 0.3000000119
8781  -35.664  -82.056  -7.176 0.5000000000
10403  -35.945  -80.199  -5.927 0.3000000119
117172  -31.203  -78.866  -4.719 0.6000000238
12110  -30.656  -78.710  -6.677 0.5000000000
11305  -26.925  -79.190  -6.152 0.6000000238
10362  -29.799  -80.086  -3.266 0.6999999881
5604  -35.687  -86.675  -3.654 0.3000000119
11267  -27.883  -79.220  -3.574 0.6000000238
11269  -29.277  -79.530  -3.336 0.6000000238
9546  -29.310  -81.338  -3.392 0.6999999881
8768  -33.423  -82.208  -5.832 0.5000000000
8785  -34.033  -82.938  -7.346 0.6000000238
7991  -33.044  -83.482  -8.694 0.5000000000
9545  -28.576  -81.607  -3.247 0.6000000238
7933  -28.512  -82.697  -4.493 0.6999999881
9523  -26.745  -80.298  -2.188 0.5000000000
7932  -27.959  -83.199  -5.001 0.5000000000
9566  -35.991  -82.233  -4.580 0.3000000119
11264  -24.512  -79.646  -3.215 0.6000000238
128330  -27.263  -83.244  -4.713 0.5000000000
11324  -39.851  -79.981  -7.559 0.3000000119
9565  -33.247  -81.046  -4.800 0.5000000000
9567  -37.161  -81.864  -4.748 0.3000000119
136809  -31.162  -79.172  -8.665 0.4000000060
13014  -23.482  -77.119  -10.179 0.6000000238
12122  -21.469  -78.607  -7.865 0.6999999881
12978  -24.772  -77.521  -5.910 0.6000000238
125497  -24.558  -74.225  -8.698 0.6000000238
15645  -24.850  -73.416  -8.389 0.5000000000
129184  -26.081  -76.097  -7.427 0.6000000238
17453  -27.204  -72.096  -5.921 0.4000000060
13850  -20.673  -76.273  -6.944 0.6000000238
121128  -17.992  -70.618  -3.150 0.6000000238
129725  -26.516  -72.091  -8.427 0.4000000060
19393  -29.216  -70.108  -5.882 0.4000000060
15602  -28.012  -75.179  -3.762 0.4000000060
13848  -19.998  -76.144  -6.514 0.6000000238
19334  -17.891  -68.757  -1.363 0.6000000238
18355  -19.125  -71.955  -3.112 0.6000000238
14757  -30.393  -75.402  -9.679 0.5000000000
18371  -20.641  -71.620  -4.534 0.5000000000
18389  -20.907  -71.279  -5.272 0.4000000060
14715  -23.347  -75.595  -4.168 0.5000000000
122194  -28.178  -71.178  -8.171 0.5000000000
15590  -23.511  -74.811  -2.625 0.6000000238
15614  -22.690  -74.687  -4.279 0.5000000000
15520  -14.283  -74.280  4.154 0.6000000238
18221  -13.898  -71.473  6.529 0.5000000000
19271  -18.308  -70.474  3.398 0.5000000000
16421  -17.963  -73.541  3.144 0.6000000238
17318  -18.425  -72.155  3.528 0.6000000238
19264  -18.996  -70.572  4.061 0.6000000238
16393  -16.739  -73.760  5.562 0.6000000238
19256  -13.935  -70.308  5.626 0.5000000000
19221  -18.805  -70.683  7.715 0.6000000238
20262  -14.706  -69.386  5.844 0.5000000000
130154  -17.737  -69.798  7.666 0.6000000238
117052  -15.706  -63.363  2.147 0.3000000119
20264  -21.126  -69.556  5.923 0.5000000000
23211  -15.620  -66.857  6.230 0.3000000119
21286  -21.939  -67.944  5.830 0.4000000060
21271  -22.447  -68.582  6.874 0.4000000060
125684  -16.240  -67.110  6.778 0.4000000060
23225  -15.968  -66.002  5.865 0.3000000119
22270  -19.234  -66.768  8.026 0.5000000000
29802  -13.777  -59.659  1.346 0.3000000119
26052  -18.068  -64.119  3.189 0.3000000119
23196  -22.336  -67.016  8.551 0.4000000060
123487  -18.705  -65.769  7.577 0.3000000119
128544  -18.319  -62.922  3.838 0.3000000119
24111  -19.830  -66.187  8.169 0.4000000060
30727  -15.555  -58.594  1.847 0.3000000119
26932  -18.549  -62.357  4.681 0.3000000119
24114  -22.534  -65.974  8.612 0.4000000060
7128  -21.884  -84.624  -4.240 0.5000000000
7129  -22.681  -84.433  -4.457 0.5000000000
7130  -23.403  -84.314  -4.675 0.5000000000
7131  -24.120  -84.248  -4.889 0.4000000060
7117  -20.794  -84.475  -3.449 0.5000000000
7118  -21.653  -84.333  -3.542 0.5000000000
7119  -22.498  -84.160  -3.727 0.5000000000
119581  -23.257  -84.053  -3.974 0.5000000000
7917  -24.395  -83.625  -3.684 0.5000000000
121666  -25.159  -83.470  -3.817 0.4000000060
7902  -20.888  -83.632  -2.239 0.4000000060
7903  -21.834  -83.483  -2.310 0.5000000000
7916  -23.153  -83.654  -3.164 0.5000000000
7907  -25.620  -82.908  -3.192 0.4000000060
7889  -22.334  -82.978  -1.685 0.5000000000
7904  -22.729  -83.371  -2.345 0.5000000000
7107  -22.211  -83.813  -3.008 0.5000000000
8712  -22.821  -82.378  -1.135 0.5000000000
7905  -23.560  -83.198  -2.332 0.5000000000
8713  -23.589  -82.307  -1.271 0.5000000000
8714  -24.262  -82.267  -1.503 0.5000000000
8715  -24.960  -82.144  -1.731 0.4000000060
8711  -21.916  -82.386  -1.113 0.5000000000
8697  -23.316  -81.636  -0.815 0.5000000000
9520  -24.056  -81.610  -1.052 0.5000000000
125743  -25.263  -81.298  -1.489 0.5000000000
12040  -20.555  -78.320  -0.780 0.5000000000
8695  -21.433  -81.559  -0.568 0.5000000000
130363  -21.337  -80.530  -0.171 0.5000000000
9504  -22.164  -80.729  -0.358 0.5000000000
134874  -22.258  -79.672  -0.607 0.5000000000
9506  -23.775  -80.841  -0.794 0.5000000000
10325  -23.360  -80.111  -0.797 0.5000000000
9507  -24.060  -80.160  -1.136 0.5000000000
10340  -25.358  -80.360  -1.553 0.5000000000
12030  -21.024  -78.786  -0.657 0.5000000000
12041  -20.982  -78.386  -1.514 0.5000000000
13782  -20.200  -76.988  -2.829 0.5000000000
11212  -22.245  -79.393  -0.940 0.5000000000
121477  -21.084  -78.558  -2.528 0.5000000000
12065  -20.915  -78.343  -3.404 0.5000000000
11228  -22.871  -79.563  -1.434 0.5000000000
124161  -22.034  -79.382  -1.708 0.5000000000
11245  -21.777  -79.690  -2.763 0.5000000000
11247  -23.653  -79.559  -2.061 0.5000000000
11246  -22.610  -79.670  -2.304 0.5000000000
119429  -24.286  -79.704  -1.719 0.5000000000
11249  -25.464  -79.595  -2.416 0.5000000000
13830  -19.813  -76.078  -5.639 0.5000000000
13831  -20.003  -76.805  -5.984 0.6000000238
12957  -20.458  -77.350  -3.800 0.5000000000
12066  -21.313  -79.225  -3.097 0.5000000000
118424  -20.759  -78.146  -4.515 0.5000000000
11261  -21.788  -79.758  -3.766 0.5000000000
139744  -21.601  -79.307  -4.630 0.5000000000
11263  -23.103  -80.080  -3.041 0.5000000000
11283  -22.796  -80.423  -4.041 0.5000000000
119657  -23.982  -79.698  -2.843 0.5000000000
15635  -19.298  -74.182  -7.017 0.5000000000
125267  -19.774  -74.879  -6.833 0.5000000000
12976  -20.360  -77.460  -6.256 0.6000000238
23335  -15.178  -66.196  -2.716 0.5000000000
22394  -15.839  -66.589  -2.716 0.6000000238
138137  -14.289  -66.238  -1.929 0.5000000000
22376  -15.786  -67.228  -2.213 0.5000000000
21389  -16.605  -67.391  -2.640 0.6000000238
21366  -15.718  -68.060  -1.763 0.6000000238
22375  -14.819  -67.190  -1.822 0.5000000000
20348  -15.496  -68.968  -1.423 0.6000000238
20347  -14.527  -69.580  -1.543 0.5000000000
20349  -16.650  -68.421  -1.432 0.6000000238
20329  -16.177  -69.273  -0.966 0.6000000238
19332  -14.251  -70.573  -1.447 0.5000000000
19314  -15.767  -70.572  -0.945 0.6000000238
19315  -16.575  -69.746  -0.329 0.6000000238
18315  -14.470  -71.989  -1.097 0.5000000000
18316  -15.450  -71.714  -0.922 0.5000000000
17363  -14.481  -72.994  0.157 0.5000000000
16444  -14.508  -73.510  1.666 0.6000000238
15497  -13.501  -74.255  4.607 0.6000000238
16431  -13.871  -73.467  2.634 0.5000000000
17364  -15.452  -73.048  0.040 0.6000000238
17388  -15.909  -72.282  -0.388 0.5000000000
16432  -14.933  -74.055  2.276 0.5000000000
15465  -13.860  -74.268  6.270 0.6000000238
123665  -14.204  -74.410  4.913 0.6000000238
16391  -14.542  -73.880  6.281 0.6000000238
8753  -38.029  -82.231  -5.481 0.3000000119
10388  -38.615  -80.543  -4.907 0.3000000119
9583  -39.564  -81.440  -6.266 0.3000000119
12087  -39.197  -78.362  -5.032 0.3000000119
9584  -39.845  -80.953  -6.751 0.3000000119
9582  -38.905  -82.139  -5.911 0.3000000119
8769  -38.314  -82.655  -6.062 0.3000000119
8724  -25.285  -82.595  -2.406 0.4000000060
11262  -22.283  -80.128  -3.357 0.5000000000
12080  -21.173  -78.709  -5.069 0.5000000000
123150  -17.112  -67.199  -3.628 0.5000000000
7906  -24.831  -83.212  -3.024 0.4000000060
8723  -24.409  -82.865  -2.211 0.5000000000
8696  -22.463  -81.615  -0.684 0.5000000000
124486  -20.838  -79.272  -0.201 0.5000000000
11211  -21.575  -79.399  -0.491 0.5000000000
12934  -20.324  -77.778  -1.292 0.5000000000
12948  -20.644  -77.722  -2.449 0.5000000000
12055  -21.469  -79.062  -2.132 0.5000000000
121928  -21.246  -78.922  -4.071 0.5000000000
9568  -38.266  -81.584  -5.137 0.3000000119
11311  -40.418  -79.623  -6.836 0.3000000119
11293  -39.411  -79.688  -5.378 0.3000000119
10389  -39.642  -80.724  -5.787 0.3000000119
11310  -40.079  -80.007  -6.121 0.3000000119
12102  -40.003  -79.099  -5.967 0.3000000119
24135  -24.764  -65.518  6.928 0.3000000119
6363  -36.046  -86.470  -2.147 0.3000000119
6438  -29.205  -84.903  -12.052 0.5000000000
7106  -21.293  -84.020  -2.875 0.5000000000
7120  -23.936  -83.979  -4.207 0.5000000000
7132  -24.782  -84.145  -5.031 0.5000000000
7166  -37.071  -83.708  -7.919 0.4000000060
7201  -29.122  -84.206  -9.242 0.6000000238
7890  -23.167  -82.911  -1.687 0.5000000000
7929  -24.642  -83.877  -4.388 0.4000000060
7931  -26.476  -83.471  -4.716 0.5000000000
7960  -28.975  -83.443  -6.584 0.6000000238
7977  -33.558  -83.355  -7.946 0.6000000238
7995  -36.333  -83.404  -9.326 0.4000000060
8018  -31.959  -83.594  -11.297 0.5000000000
8021  -34.936  -83.696  -11.024 0.5000000000
8022  -35.391  -83.740  -10.624 0.5000000000
8026  -30.012  -84.137  -11.352 0.6000000238
8027  -30.896  -83.949  -11.578 0.5000000000
8722  -23.808  -82.749  -1.764 0.5000000000
8732  -26.463  -82.640  -3.303 0.5000000000
8733  -27.364  -82.438  -3.453 0.5000000000
8747  -27.706  -82.818  -4.247 0.5000000000
8748  -29.844  -82.161  -4.422 0.6999999881
8766  -31.681  -82.489  -5.347 0.6999999881
8767  -32.501  -82.364  -5.500 0.8000000119
8776  -30.638  -82.948  -6.090 0.8000000119
8787  -36.584  -82.519  -8.253 0.4000000060
8790  -38.928  -81.864  -7.109 0.4000000060
9505  -23.000  -80.819  -0.548 0.5000000000
9521  -24.581  -80.823  -1.144 0.5000000000
9531  -25.733  -81.864  -1.887 0.4000000060
9534  -28.133  -81.070  -2.687 0.6000000238
9569  -39.148  -81.434  -5.622 0.3000000119
9580  -34.204  -81.676  -5.826 0.4000000060
9592  -36.071  -81.435  -6.698 0.4000000060
9602  -38.521  -81.860  -7.363 0.4000000060
10323  -21.894  -79.964  -0.215 0.5000000000
10324  -22.633  -80.073  -0.515 0.5000000000
10341  -26.035  -80.213  -1.861 0.6000000238
10353  -29.050  -80.130  -3.024 0.6999999881
10363  -30.630  -80.103  -3.476 0.6999999881
10364  -31.426  -80.296  -3.746 0.6999999881
10365  -31.867  -79.781  -4.034 0.6000000238
10380  -22.620  -80.462  -4.924 0.6000000238
10384  -32.789  -80.526  -4.482 0.6000000238
10385  -33.436  -80.383  -4.834 0.4000000060
10386  -34.055  -80.080  -5.180 0.4000000060
10402  -34.866  -80.363  -5.581 0.4000000060
10405  -40.051  -80.549  -6.522 0.3000000119
10414  -23.282  -80.568  -7.277 0.6000000238
10416  -24.698  -80.217  -6.337 0.6999999881
11213  -22.851  -79.685  -0.902 0.5000000000
11227  -21.577  -78.967  -1.146 0.5000000000
11229  -25.027  -79.694  -1.870 0.5000000000
11248  -24.641  -79.558  -2.409 0.6000000238
11250  -26.827  -79.648  -2.729 0.6000000238
11251  -28.072  -79.528  -2.981 0.6000000238
11252  -28.662  -79.678  -3.047 0.6000000238
11268  -28.641  -79.282  -3.444 0.6000000238
11286  -26.607  -79.315  -4.138 0.6000000238
11302  -22.182  -80.142  -5.898 0.6000000238
11307  -33.763  -79.548  -5.486 0.4000000060
11308  -34.529  -79.646  -5.620 0.4000000060
11315  -21.446  -79.304  -6.623 0.6000000238
11325  -40.244  -80.308  -7.063 0.3000000119
11353  -23.089  -78.908  -9.951 0.6000000238
11356  -26.571  -78.843  -9.665 0.5000000000
11358  -23.742  -78.521  -10.488 0.6000000238
12029  -20.344  -78.778  -0.230 0.5000000000
12079  -20.652  -78.076  -5.644 0.5000000000
12084  -31.850  -79.137  -4.790 0.6000000238
12085  -32.403  -79.198  -5.261 0.6000000238
12100  -33.090  -79.180  -5.807 0.4000000060
12130  -32.793  -79.393  -8.112 0.4000000060
12146  -32.071  -79.547  -8.755 0.4000000060
12153  -22.924  -78.463  -9.918 0.6000000238
12154  -25.601  -78.428  -10.444 0.5000000000
12156  -28.285  -78.432  -10.019 0.4000000060
12157  -29.787  -78.731  -9.811 0.4000000060
12159  -31.890  -79.377  -10.064 0.4000000060
12168  -24.466  -78.160  -10.713 0.6000000238
12170  -27.697  -78.280  -10.266 0.5000000000
12174  -31.358  -79.027  -10.227 0.4000000060
12968  -25.716  -77.161  -4.861 0.5000000000
12990  -24.582  -77.783  -6.959 0.6000000238
13001  -20.987  -77.938  -7.501 0.6999999881
13006  -25.717  -77.293  -7.077 0.6000000238
13009  -23.065  -78.110  -10.133 0.6000000238
13013  -23.363  -77.685  -10.542 0.6000000238
13021  -23.468  -77.530  -10.582 0.6000000238
13023  -25.259  -77.834  -10.712 0.5000000000
13027  -29.645  -77.479  -10.613 0.5000000000
13783  -25.166  -76.437  -2.864 0.6000000238
13804  -25.522  -76.728  -3.446 0.6000000238
13820  -25.977  -76.884  -4.141 0.5000000000
13835  -26.891  -76.227  -5.275 0.5000000000
13853  -26.602  -76.332  -6.421 0.6000000238
13865  -26.121  -76.804  -7.082 0.6000000238
13883  -23.822  -76.350  -9.890 0.6000000238
13888  -31.595  -76.709  -9.652 0.4000000060
14643  -25.205  -75.396  0.314 0.6000000238
14644  -26.385  -75.296  0.510 0.6000000238
14653  -24.118  -75.140  -0.794 0.6000000238
14689  -25.401  -76.079  -2.073 0.6000000238
14706  -28.304  -75.076  -3.051 0.5000000000
14714  -22.775  -75.314  -4.916 0.6000000238
14722  -19.790  -75.471  -6.371 0.5000000000
14724  -23.211  -76.001  -4.987 0.6000000238
14731  -19.992  -75.527  -6.755 0.5000000000
14745  -25.540  -74.764  -7.818 0.6000000238
14749  -23.959  -75.233  -9.773 0.6000000238
14751  -30.910  -75.759  -8.500 0.4000000060
15478  -15.478  -74.218  5.262 0.6000000238
15479  -16.278  -74.197  5.021 0.6000000238
15480  -17.099  -74.130  4.821 0.6000000238
15500  -16.584  -74.400  4.272 0.6000000238
15521  -15.149  -74.395  3.841 0.6000000238
15522  -16.068  -74.460  3.636 0.6000000238
15523  -16.965  -74.418  3.528 0.6000000238
15524  -17.671  -74.109  3.634 0.6000000238
15603  -28.486  -74.312  -3.637 0.4000000060
15626  -22.007  -74.712  -5.944 0.5000000000
15637  -20.482  -74.563  -6.909 0.6000000238
15648  -24.163  -74.370  -9.619 0.5000000000
15652  -24.422  -73.738  -9.513 0.5000000000
15653  -24.884  -73.692  -9.748 0.5000000000
16409  -17.859  -73.948  4.464 0.6000000238
16410  -18.426  -73.329  4.483 0.6000000238
16419  -14.523  -74.093  3.241 0.6000000238
16447  -17.176  -73.231  1.514 0.6000000238
16459  -14.994  -73.465  0.724 0.5000000000
16460  -15.904  -73.441  0.655 0.6999999881
16461  -20.897  -73.272  0.180 0.6000000238
16475  -21.545  -73.731  -0.358 0.6000000238
16491  -21.548  -73.431  -2.672 0.6999999881
16506  -21.976  -73.513  -4.078 0.6000000238
16508  -29.281  -73.143  -3.268 0.5000000000
16536  -21.026  -73.483  -6.578 0.6000000238
16545  -24.963  -72.425  -9.096 0.5000000000
16550  -27.097  -73.505  -8.895 0.4000000060
17283  -14.659  -72.647  6.555 0.5000000000
17317  -18.035  -72.444  2.828 0.6000000238
17367  -20.488  -72.514  0.493 0.6000000238
17389  -19.832  -72.878  -0.685 0.5000000000
17414  -19.510  -72.561  -2.341 0.6000000238
17425  -21.306  -72.635  -4.230 0.6000000238
17427  -29.465  -72.505  -3.501 0.4000000060
17436  -21.493  -72.382  -4.930 0.6000000238
17438  -29.363  -71.881  -4.058 0.5000000000
17451  -21.509  -72.454  -5.474 0.5000000000
17461  -20.694  -72.233  -6.669 0.6000000238
17467  -20.080  -73.048  -7.217 0.6000000238
17472  -25.415  -72.335  -8.716 0.5000000000
18224  -18.908  -71.865  6.813 0.6999999881
18243  -19.617  -71.200  4.910 0.6999999881
18260  -17.649  -71.355  2.483 0.6000000238
18337  -14.046  -71.366  -1.314 0.5000000000
18338  -14.860  -71.130  -1.299 0.5000000000
18412  -27.375  -71.419  -6.353 0.4000000060
18427  -21.135  -71.623  -6.169 0.4000000060
18429  -27.038  -71.212  -7.005 0.4000000060
18440  -26.223  -71.780  -7.831 0.4000000060
18448  -26.954  -71.472  -8.070 0.4000000060
19223  -20.530  -70.362  7.140 0.6000000238
19245  -20.859  -70.112  6.547 0.5000000000
19277  -17.817  -70.486  2.765 0.6000000238
19288  -17.397  -70.336  1.588 0.6000000238
19316  -18.607  -70.201  -0.382 0.6000000238
19333  -15.156  -70.082  -1.319 0.6000000238
19347  -17.599  -69.630  -2.706 0.6000000238
19362  -19.478  -70.460  -4.663 0.5000000000
19377  -19.918  -70.295  -5.316 0.5000000000
19379  -29.016  -70.565  -5.472 0.4000000060
19392  -28.490  -70.543  -6.160 0.4000000060
19405  -28.321  -70.420  -6.872 0.4000000060
20226  -18.116  -69.112  7.802 0.6000000238
20227  -19.976  -69.953  7.996 0.5000000000
20230  -21.913  -69.127  7.106 0.5000000000
20288  -18.833  -69.177  3.406 0.6000000238
20317  -17.925  -68.812  0.197 0.6999999881
20319  -19.296  -69.681  0.778 0.6000000238
20350  -17.924  -68.496  -0.806 0.6999999881
20376  -17.984  -68.915  -4.454 0.5000000000
21257  -16.805  -68.448  7.368 0.5000000000
21259  -21.581  -69.013  7.822 0.5000000000
21297  -19.389  -68.896  3.832 0.6000000238
21298  -20.038  -68.641  4.242 0.5000000000
22262  -21.667  -67.689  8.498 0.4000000060
22264  -23.118  -67.501  8.056 0.4000000060
22272  -23.439  -67.536  7.191 0.4000000060
22395  -16.417  -66.798  -3.155 0.6000000238
23195  -19.965  -67.124  8.375 0.5000000000
23204  -18.584  -66.371  7.667 0.4000000060
23227  -22.467  -65.850  5.249 0.4000000060
23323  -13.632  -65.871  -1.898 0.5000000000
23324  -15.048  -66.428  -2.285 0.5000000000
23334  -14.272  -65.981  -2.323 0.5000000000
24115  -23.325  -65.816  8.488 0.3000000119
24133  -17.980  -65.076  7.077 0.3000000119
24206  -16.727  -65.292  1.425 0.4000000060
25063  -17.770  -64.719  6.562 0.3000000119
25104  -23.634  -64.575  3.860 0.4000000060
26053  -18.169  -63.499  3.481 0.3000000119
26071  -17.898  -63.874  1.277 0.4000000060
26968  -15.569  -62.006  0.273 0.4000000060
26970  -16.898  -62.960  0.231 0.4000000060
27880  -14.311  -61.011  0.578 0.3000000119
27884  -17.667  -62.099  1.405 0.4000000060
28833  -16.885  -60.993  1.080 0.4000000060
29814  -14.248  -59.757  1.042 0.3000000119
29815  -14.659  -60.420  0.693 0.3000000119
116986  -17.470  -67.950  -3.857 0.6000000238
117299  -29.876  -82.607  -5.257 0.6999999881
117989  -25.511  -79.623  -8.277 0.5000000000
118928  -24.022  -83.403  -3.007 0.4000000060
120078  -29.378  -78.432  -6.125 0.5000000000
120948  -32.944  -79.916  -4.638 0.6000000238
121013  -35.468  -85.282  -5.549 0.3000000119
122373  -29.245  -78.418  -10.138 0.4000000060
122451  -22.198  -65.580  4.984 0.4000000060
122712  -30.746  -82.602  -5.431 0.6999999881
122910  -20.589  -69.041  2.747 0.5000000000
123476  -26.011  -79.520  -4.873 0.6999999881
124326  -22.580  -80.440  -6.563 0.6000000238
124749  -30.170  -79.324  -3.623 0.6999999881
125904  -19.955  -75.023  -6.905 0.6000000238
126158  -22.207  -73.745  -3.356 0.6999999881
126566  -21.094  -79.799  -0.054 0.5000000000
127270  -23.135  -74.433  -1.964 0.6000000238
127922  -20.136  -76.070  -6.747 0.6000000238
128480  -23.529  -79.746  -1.341 0.5000000000
129176  -30.029  -78.781  -4.003 0.6999999881
129574  -20.148  -70.352  7.517 0.6000000238
130382  -28.735  -75.016  -9.516 0.5000000000
131523  -23.700  -66.303  8.185 0.4000000060
131571  -18.232  -71.055  -1.512 0.6000000238
132385  -17.204  -64.013  0.613 0.4000000060
132430  -24.677  -80.051  -1.434 0.5000000000
133337  -16.704  -73.053  0.817 0.6999999881
134905  -23.104  -80.022  -8.793 0.6000000238
135057  -30.088  -75.488  -10.165 0.5000000000
136336  -24.634  -81.632  -1.341 0.5000000000
137433  -23.755  -83.736  -3.622 0.5000000000
137474  -16.431  -67.895  -2.005 0.6000000238
138197  -24.468  -65.872  7.403 0.3000000119
138250  -14.366  -73.390  6.533 0.6000000238
138430  -25.940  -79.186  -9.431 0.5000000000
138909  -29.326  -82.807  -5.381 0.6999999881
138912  -37.616  -79.551  -7.017 0.3000000119
139231  -18.151  -73.647  4.930 0.6000000238
139383  -15.785  -70.537  6.554 0.4000000060
139469  -20.163  -68.856  8.407 0.5000000000
139702  -27.478  -79.852  -2.635 0.6000000238
139975  -23.324  -77.767  -10.566 0.6000000238
140604  -26.431  -79.400  -3.590 0.6000000238
140707  -22.435  -75.146  -5.571 0.6000000238
141249  -36.095  -87.497  -1.703 0.3000000119
141250  -38.705  -82.432  -6.452 0.4000000060
141429  -34.122  -81.267  -5.474 0.4000000060
141717  -28.726  -83.292  -6.091 0.6000000238
