#!ascii label  , from subject sub-v1s22x0050478_ses-1 vox2ras=TkReg
1065
58679  -24.601  -29.265  0.813 0.4285714328
60630  -24.615  -27.663  -0.289 0.2857142985
59702  -24.431  -28.477  0.316 0.4285714328
60611  -25.320  -27.823  0.630 0.4285714328
59704  -26.261  -27.728  1.029 0.4285714328
60631  -25.489  -27.105  -0.050 0.2857142985
60612  -26.035  -27.243  0.501 0.4285714328
61384  -26.992  -26.418  0.169 0.4285714328
61419  -26.137  -26.071  -1.418 0.4285714328
61402  -26.736  -26.107  -0.559 0.4285714328
62257  -26.403  -25.181  -2.746 0.4285714328
63143  -27.850  -24.459  -2.226 0.4285714328
63178  -26.891  -24.086  -3.490 0.5714285970
63164  -27.030  -24.617  -2.864 0.5714285970
64105  -28.273  -23.632  -2.574 0.2857142985
64120  -27.331  -23.523  -3.577 0.7142857313
64121  -27.891  -23.204  -3.222 0.7142857313
66028  -28.740  -21.998  -2.973 0.7142857313
66029  -29.299  -21.544  -2.414 0.4285714328
65061  -28.209  -22.473  -3.498 0.7142857313
66975  -29.110  -20.402  -3.266 0.5714285970
66038  -28.445  -21.637  -3.815 0.5714285970
67900  -28.821  -20.247  -4.091 0.5714285970
67901  -29.342  -19.682  -3.641 0.5714285970
66983  -28.362  -20.934  -4.535 0.5714285970
68832  -29.923  -19.162  -3.047 0.4285714328
68839  -29.581  -18.876  -4.024 0.5714285970
69707  -30.434  -17.531  -3.721 0.5714285970
67921  -29.086  -19.088  -5.802 0.7142857313
68847  -29.861  -18.060  -4.373 0.7142857313
127820  -30.333  -17.399  -4.881 0.7142857313
70586  -30.854  -16.847  -4.212 0.5714285970
68846  -29.431  -18.629  -5.118 0.5714285970
137375  -27.389  -19.085  -6.106 0.5714285970
69725  -29.966  -17.621  -6.319 0.8571428657
70597  -31.338  -16.265  -4.768 0.7142857313
70587  -31.498  -16.399  -3.608 0.5714285970
68858  -29.494  -18.288  -6.086 0.7142857313
68869  -29.018  -18.254  -6.276 0.5714285970
71482  -31.718  -15.609  -5.215 0.7142857313
71472  -31.853  -15.714  -4.045 0.5714285970
69726  -30.325  -17.354  -6.059 0.7142857313
70608  -31.200  -16.234  -5.876 0.7142857313
71495  -32.212  -14.880  -5.676 0.5714285970
70607  -30.560  -16.726  -6.234 0.7142857313
72373  -32.909  -14.459  -4.846 0.5714285970
70619  -30.140  -16.550  -6.628 0.5714285970
71493  -30.723  -16.111  -6.382 0.7142857313
71494  -31.444  -15.573  -6.184 0.7142857313
72386  -33.213  -13.643  -6.004 0.7142857313
131178  -32.854  -14.190  -5.616 0.7142857313
72398  -31.139  -14.819  -6.459 0.7142857313
72384  -31.653  -14.922  -6.307 0.7142857313
72385  -32.420  -14.232  -6.088 0.7142857313
74209  -32.929  -12.743  -6.456 0.7142857313
129737  -33.521  -13.144  -6.339 0.5714285970
72399  -31.715  -14.084  -6.324 0.7142857313
71504  -29.605  -15.501  -6.454 0.5714285970
118664  -33.691  -12.186  -6.216 0.5714285970
75972  -34.622  -11.553  -5.915 0.5714285970
141051  -31.152  -13.490  -6.480 0.8571428657
73311  -30.736  -14.096  -6.391 0.8571428657
75092  -32.231  -11.871  -6.264 0.7142857313
74223  -31.168  -12.763  -6.639 0.8571428657
74224  -31.928  -12.495  -6.615 0.7142857313
76847  -31.752  -9.540  -4.364 0.8571428657
75959  -33.457  -10.625  -4.843 0.5714285970
75970  -31.854  -10.884  -5.648 0.8571428657
75091  -31.376  -11.278  -6.235 0.8571428657
75109  -31.271  -11.974  -6.617 0.8571428657
125328  -30.537  -8.581  -4.403 0.8571428657
122022  -30.855  -8.023  -3.717 0.8571428657
79380  -30.667  -6.487  -3.402 0.8571428657
76856  -31.394  -10.059  -5.162 0.8571428657
135519  -30.256  -7.919  -4.268 0.8571428657
78564  -29.759  -7.417  -4.526 1.0000000000
78565  -30.401  -7.298  -3.794 1.0000000000
77716  -30.312  -9.028  -5.143 0.8571428657
79379  -29.888  -6.603  -4.145 1.0000000000
77715  -29.783  -8.327  -4.993 1.0000000000
124169  -29.430  -5.892  -4.589 1.0000000000
81048  -28.627  -4.277  -5.202 0.7142857313
125583  -29.510  -5.090  -4.080 1.0000000000
84435  -29.218  -0.765  -4.270 1.0000000000
83568  -28.457  -1.478  -5.686 0.8571428657
85309  -28.857  0.567  -5.150 0.8571428657
84442  -29.190  0.083  -4.614 1.0000000000
88662  -29.430  4.246  -4.743 0.8571428657
87084  -29.135  2.811  -5.449 0.8571428657
86179  -29.262  2.005  -4.970 1.0000000000
90123  -28.716  6.390  -5.852 0.8571428657
89412  -29.267  5.797  -5.299 0.8571428657
89426  -27.634  5.878  -7.510 0.5714285970
90774  -27.589  7.509  -7.365 0.7142857313
90775  -28.229  7.856  -6.337 0.5714285970
134315  -26.639  7.782  -8.580 0.5714285970
119551  -27.229  6.630  -8.200 0.5714285970
90790  -25.428  8.634  -9.391 0.4285714328
121685  -25.641  10.084  -8.593 0.4285714328
92062  -26.565  10.169  -7.604 0.4285714328
91406  -24.804  9.379  -7.349 0.2857142985
92059  -24.379  9.951  -8.696 0.2857142985
91393  -25.692  8.583  -6.266 0.2857142985
75958  -32.311  -10.348  -4.905 0.8571428657
77718  -32.181  -8.930  -3.720 0.8571428657
77717  -31.252  -8.795  -3.917 0.8571428657
81874  -28.808  -3.638  -4.772 0.8571428657
91382  -27.101  8.718  -4.178 0.1428571492
61417  -24.500  -26.917  -1.782 0.2857142985
61401  -25.815  -26.540  -0.700 0.2857142985
62214  -27.513  -25.600  -0.809 0.4285714328
62234  -25.632  -26.023  -2.141 0.2857142985
62236  -27.706  -25.152  -1.540 0.4285714328
63163  -26.314  -24.677  -3.320 0.5714285970
65048  -28.545  -22.836  -2.800 0.4285714328
65059  -27.012  -22.802  -4.533 0.2857142985
65060  -27.539  -22.862  -4.012 0.7142857313
66974  -28.728  -20.856  -3.724 0.4285714328
68833  -30.521  -18.678  -2.465 0.4285714328
66993  -28.068  -20.445  -5.281 0.7142857313
67920  -28.521  -19.700  -5.431 0.7142857313
68840  -30.136  -18.324  -3.349 0.5714285970
69699  -30.725  -17.813  -2.744 0.4285714328
70596  -30.785  -16.805  -5.397 0.7142857313
68857  -28.501  -19.062  -6.098 0.5714285970
140123  -29.094  -18.744  -6.125 0.5714285970
72374  -33.518  -13.827  -5.276 0.5714285970
69738  -29.679  -17.452  -6.492 0.5714285970
71483  -32.329  -15.083  -4.491 0.5714285970
71506  -30.812  -15.439  -6.468 0.7142857313
127241  -29.828  -16.294  -6.673 0.8571428657
73312  -31.972  -13.154  -6.568 0.7142857313
76848  -32.736  -9.716  -4.210 0.5714285970
75969  -31.000  -10.543  -5.969 1.0000000000
77726  -29.153  -8.346  -5.828 1.0000000000
80200  -28.971  -5.118  -4.918 0.8571428657
81894  -28.088  -2.969  -5.835 0.7142857313
130920  -29.045  -3.066  -4.459 1.0000000000
82685  -29.493  -2.900  -3.793 1.0000000000
132309  -28.548  -2.060  -5.163 0.7142857313
82703  -29.048  -2.285  -4.396 1.0000000000
82715  -28.226  -2.222  -5.769 0.7142857313
84434  -28.804  -0.785  -5.155 0.8571428657
128255  -28.985  3.850  -5.571 0.8571428657
86172  -29.781  2.022  -4.393 1.0000000000
85303  -29.400  1.158  -4.600 1.0000000000
89427  -28.166  6.100  -6.626 0.7142857313
91424  -25.131  9.827  -9.291 0.7142857313
91407  -27.640  8.461  -7.035 0.7142857313
90150  -24.643  7.010  -10.016 0.4285714328
124648  -24.591  10.847  -8.722 0.2857142985
92072  -24.693  10.781  -8.863 0.4285714328
123906  -27.556  9.342  -6.862 0.4285714328
92061  -25.335  11.285  -8.440 0.4285714328
92048  -25.355  9.773  -6.211 0.2857142985
120092  -24.600  11.761  -8.434 0.4285714328
126109  -27.051  -21.850  -5.290 0.4285714328
66049  -27.634  -21.321  -5.180 0.4285714328
123727  -24.632  9.770  -9.328 0.4285714328
91415  -26.148  8.993  -8.678 0.7142857313
92071  -24.548  9.985  -9.175 0.2857142985
92060  -24.360  10.975  -7.900 0.2857142985
122963  -25.058  -28.599  0.926 0.4285714328
59720  -24.035  -28.269  -0.374 0.2857142985
140242  -24.376  -27.417  -1.124 0.2857142985
60632  -26.288  -26.664  0.083 0.4285714328
135368  -25.831  -25.584  -2.600 0.2857142985
62235  -26.344  -25.609  -2.098 0.4285714328
62213  -26.908  -25.589  -1.422 0.4285714328
62258  -27.071  -25.148  -2.195 0.4285714328
62256  -25.688  -25.232  -3.129 0.4285714328
120422  -26.787  -23.428  -4.072 0.2857142985
64104  -27.554  -23.947  -3.011 0.4285714328
65072  -28.014  -22.225  -4.207 0.5714285970
66050  -28.065  -21.721  -4.582 0.5714285970
67909  -28.583  -20.200  -4.846 0.5714285970
67910  -29.047  -19.541  -4.773 0.5714285970
69715  -29.886  -17.895  -5.561 0.7142857313
69708  -31.074  -17.058  -3.147 0.5714285970
67919  -27.763  -19.740  -5.668 0.7142857313
69739  -30.105  -17.124  -6.573 0.5714285970
123341  -29.943  -16.832  -6.733 0.7142857313
71505  -30.181  -15.952  -6.616 0.8571428657
73297  -32.685  -13.504  -6.361 0.7142857313
139964  -30.126  -15.382  -6.560 0.8571428657
75971  -32.950  -11.328  -5.480 0.8571428657
76846  -30.935  -9.337  -4.665 0.8571428657
75981  -30.476  -11.305  -6.533 0.8571428657
80216  -28.795  -5.993  -5.403 1.0000000000
81887  -28.430  -3.540  -5.399 0.8571428657
88679  -29.084  4.865  -5.339 0.8571428657
89411  -28.666  5.487  -5.999 0.8571428657
90135  -27.743  6.610  -7.194 0.7142857313
90136  -28.211  6.957  -6.501 0.7142857313
90783  -27.065  8.366  -7.878 0.5714285970
90795  -24.234  7.711  -9.777 0.4285714328
92080  -24.599  9.108  -9.607 0.4285714328
92079  -24.541  9.141  -9.540 0.2857142985
91394  -26.217  8.879  -5.428 0.2857142985
61418  -25.347  -26.498  -1.541 0.2857142985
65071  -27.460  -22.190  -4.749 0.2857142985
82702  -28.541  -2.826  -5.134 1.0000000000
91416  -26.831  9.186  -7.736 0.5714285970
94156  -27.574  12.828  -6.398 0.2857142985
94925  -25.694  13.904  -6.027 0.1428571492
126643  -26.089  12.454  -7.170 0.2857142985
94155  -25.443  13.261  -6.137 0.1428571492
92712  -24.428  12.178  -7.719 0.1428571492
124533  -25.161  12.379  -8.197 0.2857142985
93425  -24.777  12.528  -7.362 0.1428571492
93416  -28.660  11.853  -5.835 0.2857142985
93415  -27.567  12.053  -6.306 0.2857142985
92053  -31.889  9.214  -5.663 0.2857142985
92702  -30.646  10.207  -5.449 0.2857142985
94146  -24.820  13.493  -5.055 0.1428571492
92713  -26.328  11.264  -7.455 0.2857142985
136965  -29.443  8.761  -5.113 0.2857142985
120762  -28.476  11.066  -5.902 0.2857142985
92714  -27.413  11.203  -6.554 0.2857142985
90753  -32.117  7.048  -4.608 0.1428571492
92051  -30.503  9.597  -5.257 0.2857142985
92700  -29.001  10.084  -5.570 0.2857142985
94154  -24.712  12.540  -5.661 0.1428571492
131344  -28.277  9.637  -6.113 0.2857142985
88689  -34.034  4.593  -6.257 0.1428571492
120466  -33.250  6.179  -5.525 0.1428571492
91384  -31.033  7.915  -4.746 0.4285714328
91408  -28.265  8.764  -6.163 0.2857142985
87885  -32.143  3.116  -3.884 0.2857142985
90112  -30.687  6.461  -4.532 0.4285714328
90762  -29.421  7.559  -5.016 0.2857142985
87079  -33.564  2.226  -4.272 0.1428571492
136783  -32.705  4.905  -4.662 0.2857142985
90750  -30.018  7.008  -4.644 0.4285714328
88663  -30.206  4.502  -4.375 0.5714285970
90124  -29.337  6.700  -5.181 0.7142857313
85297  -32.877  0.889  -3.530 0.1428571492
87066  -33.027  2.181  -3.879 0.1428571492
90111  -29.935  6.120  -4.718 0.7142857313
90761  -28.751  7.283  -5.659 0.4285714328
87884  -31.254  3.156  -3.944 0.4285714328
84425  -33.343  -0.590  -3.559 0.2857142985
121389  -32.761  -0.006  -3.244 0.7142857313
85294  -30.091  0.666  -3.915 0.8571428657
139334  -31.509  1.430  -3.449 0.8571428657
130498  -30.556  3.128  -4.146 0.5714285970
82689  -33.297  -2.304  -3.441 0.2857142985
83543  -33.189  -1.463  -3.365 0.2857142985
87063  -30.795  2.542  -3.906 0.7142857313
131782  -28.784  3.158  -6.139 0.5714285970
87077  -30.126  2.667  -4.243 0.8571428657
82704  -33.772  -2.680  -4.228 0.1428571492
84412  -31.210  -0.630  -2.790 0.7142857313
81876  -33.818  -3.453  -4.124 0.1428571492
77734  -27.496  -9.123  -7.202 0.5714285970
79393  -28.871  -6.888  -5.476 0.8571428657
79403  -28.359  -6.699  -5.920 0.4285714328
80225  -28.072  -5.690  -6.126 0.5714285970
83555  -29.347  -1.478  -3.914 0.8571428657
81858  -30.640  -3.518  -2.912 0.8571428657
84421  -29.782  -0.799  -3.564 0.8571428657
124421  -33.399  -3.864  -3.379 0.2857142985
82675  -31.241  -2.266  -2.652 0.8571428657
128771  -30.480  -1.041  -3.065 0.8571428657
140590  -30.378  2.082  -4.024 0.8571428657
81037  -34.223  -4.777  -4.424 0.4285714328
82687  -31.852  -2.900  -2.658 0.7142857313
83535  -31.728  -1.714  -2.618 0.7142857313
125598  -27.142  -9.703  -7.474 0.2857142985
77725  -28.469  -8.343  -6.349 0.5714285970
124145  -27.798  -8.334  -6.776 0.5714285970
79394  -29.314  -6.714  -4.920 0.8571428657
81035  -29.612  -4.294  -3.680 0.8571428657
81875  -29.285  -3.644  -4.064 0.8571428657
82686  -30.400  -2.737  -3.181 0.8571428657
124205  -29.728  -2.123  -3.580 0.8571428657
81022  -32.867  -4.492  -2.815 0.4285714328
81021  -31.830  -4.358  -2.587 0.8571428657
137351  -31.121  -3.006  -2.710 0.8571428657
80202  -33.978  -5.451  -3.568 0.4285714328
117544  -28.212  -14.088  -6.562 0.7142857313
74219  -27.521  -12.433  -6.900 0.4285714328
119579  -29.016  -14.596  -6.308 0.7142857313
118768  -29.689  -12.663  -6.648 0.8571428657
75106  -28.115  -11.656  -6.834 0.5714285970
131861  -27.760  -10.806  -7.080 0.5714285970
75990  -26.891  -10.847  -7.358 0.4285714328
75980  -29.464  -11.008  -6.645 0.8571428657
75979  -28.573  -10.906  -6.809 0.5714285970
76863  -27.691  -9.926  -7.310 0.5714285970
76855  -30.578  -9.736  -5.571 0.8571428657
77736  -28.846  -9.200  -6.409 0.7142857313
78566  -31.376  -7.204  -3.235 0.7142857313
79381  -31.656  -6.269  -2.816 0.7142857313
80185  -30.924  -5.661  -2.944 0.7142857313
81036  -30.320  -4.895  -3.294 0.8571428657
79368  -33.945  -6.908  -3.484 0.2857142985
80187  -33.571  -6.104  -3.096 0.4285714328
80186  -32.730  -6.081  -2.740 0.5714285970
70617  -28.588  -16.444  -6.340 0.4285714328
124691  -28.316  -15.637  -6.261 0.4285714328
118061  -27.458  -14.226  -6.546 0.4285714328
74222  -30.302  -13.255  -6.586 0.7142857313
74221  -29.438  -13.268  -6.571 0.7142857313
75108  -30.392  -12.314  -6.681 0.7142857313
75968  -30.102  -10.285  -6.259 0.8571428657
78549  -33.341  -7.526  -3.330 0.2857142985
77697  -31.733  -8.103  -3.459 0.5714285970
69737  -28.826  -17.359  -6.396 0.4285714328
138936  -27.142  -16.642  -6.049 0.5714285970
71503  -28.848  -15.196  -6.239 0.5714285970
140020  -28.571  -14.706  -6.366 0.5714285970
73310  -29.927  -14.051  -6.482 0.7142857313
76831  -33.214  -9.028  -3.734 0.4285714328
77699  -33.688  -8.307  -3.668 0.4285714328
67918  -26.884  -19.763  -5.746 0.5714285970
71473  -32.533  -15.327  -3.459 0.4285714328
71474  -32.981  -14.696  -3.853 0.4285714328
75084  -35.977  -11.915  -6.157 0.4285714328
74210  -34.153  -12.622  -6.341 0.4285714328
135313  -36.153  -11.488  -6.058 0.4285714328
75960  -34.788  -10.592  -5.177 0.4285714328
63144  -28.541  -24.698  -1.483 0.1428571492
73288  -34.279  -13.458  -4.904 0.4285714328
73289  -34.926  -12.864  -5.622 0.4285714328
74202  -35.505  -12.438  -5.684 0.4285714328
64106  -29.066  -23.319  -2.221 0.1428571492
65031  -29.763  -23.000  -1.698 0.1428571492
67894  -30.349  -19.552  -2.258 0.2857142985
70565  -32.719  -16.714  -1.508 0.2857142985
72339  -34.145  -14.602  -1.691 0.2857142985
122873  -33.577  -14.812  -2.414 0.2857142985
69700  -31.453  -17.429  -2.292 0.4285714328
72355  -34.309  -14.019  -2.609 0.2857142985
70588  -32.128  -15.971  -3.025 0.2857142985
73268  -34.886  -13.282  -3.209 0.2857142985
72365  -34.288  -13.693  -3.761 0.4285714328
63145  -29.416  -24.341  -1.357 0.1428571492
123933  -30.013  -23.779  -1.368 0.1428571492
64086  -28.807  -24.044  -1.941 0.1428571492
65032  -30.442  -22.440  -1.376 0.2857142985
66014  -30.462  -21.538  -1.475 0.2857142985
68805  -32.154  -19.110  -0.586 0.2857142985
69689  -32.526  -17.464  -1.256 0.2857142985
69688  -31.866  -17.827  -1.575 0.2857142985
68834  -31.164  -18.225  -1.964 0.2857142985
127336  -30.406  -23.209  -1.276 0.1428571492
65997  -31.675  -21.237  -0.661 0.2857142985
64089  -30.994  -22.926  -0.952 0.2857142985
66936  -31.495  -20.371  -0.850 0.2857142985
123390  -29.779  -21.980  -1.766 0.2857142985
60613  -26.874  -27.033  0.661 0.2857142985
62237  -28.288  -25.260  -0.915 0.1428571492
63120  -29.060  -24.962  -0.902 0.1428571492
58680  -25.362  -29.244  1.216 0.2857142985
58668  -24.922  -30.081  1.188 0.2857142985
57701  -24.011  -30.036  0.742 0.2857142985
61403  -27.520  -25.994  -0.089 0.2857142985
58669  -25.808  -30.002  1.351 0.1428571492
57688  -24.280  -30.768  1.263 0.2857142985
65033  -31.209  -21.990  -1.018 0.2857142985
67868  -31.903  -19.853  -0.566 0.2857142985
70543  -33.078  -17.093  -0.907 0.2857142985
68821  -31.660  -18.658  -1.303 0.2857142985
71446  -32.938  -16.060  -1.749 0.2857142985
71463  -33.121  -14.967  -3.068 0.4285714328
73269  -35.233  -12.876  -2.539 0.2857142985
119191  -28.136  -13.185  -6.757 0.7142857313
73281  -35.037  -12.958  -4.553 0.4285714328
76865  -29.166  -10.104  -6.495 0.5714285970
75093  -34.870  -12.174  -6.318 0.4285714328
76832  -34.438  -9.130  -4.134 0.2857142985
78550  -34.188  -7.725  -3.785 0.2857142985
86178  -28.830  1.286  -5.347 0.7142857313
130418  -32.102  -5.311  -2.604 0.7142857313
85293  -29.678  -0.143  -3.893 0.8571428657
122420  -28.057  5.225  -6.795 0.4285714328
88678  -28.582  4.586  -6.197 0.5714285970
87907  -29.351  3.465  -4.858 0.7142857313
84422  -30.549  -0.108  -3.347 0.8571428657
87076  -29.546  2.758  -4.656 0.8571428657
83536  -32.427  -1.547  -2.818 0.5714285970
87065  -32.406  2.387  -3.730 0.4285714328
87896  -31.693  3.854  -4.121 0.4285714328
93405  -24.773  12.138  -4.298 0.1428571492
90763  -31.919  7.760  -4.849 0.2857142985
90115  -32.904  5.980  -4.945 0.1428571492
125067  -29.342  10.945  -5.556 0.2857142985
132244  -26.170  -29.218  1.423 0.1428571492
59701  -23.758  -28.753  -0.164 0.2857142985
60599  -27.154  -27.735  1.249 0.1428571492
119951  -28.063  -25.641  -0.355 0.1428571492
63121  -29.657  -24.706  -0.853 0.1428571492
64088  -30.687  -23.765  -0.847 0.1428571492
64066  -31.445  -23.444  -0.539 0.1428571492
66965  -29.450  -20.719  -2.557 0.2857142985
66951  -31.001  -20.999  -1.154 0.2857142985
67880  -31.494  -19.519  -1.090 0.2857142985
69669  -32.904  -17.812  -0.658 0.2857142985
118027  -33.285  -16.333  -1.164 0.2857142985
69735  -27.677  -16.166  -6.148 0.5714285970
72394  -27.030  -14.814  -6.400 0.2857142985
140044  -34.842  -13.437  -2.311 0.2857142985
74181  -35.453  -12.085  -2.741 0.2857142985
73308  -28.702  -13.780  -6.529 0.7142857313
73309  -29.257  -13.949  -6.464 0.5714285970
75105  -27.072  -11.603  -7.163 0.4285714328
74220  -28.142  -12.440  -6.791 0.5714285970
74194  -35.348  -12.563  -3.623 0.4285714328
129708  -26.584  -9.177  -7.595 0.2857142985
76874  -27.224  -10.441  -7.367 0.5714285970
74195  -35.793  -12.132  -5.013 0.2857142985
73298  -34.193  -13.113  -5.975 0.4285714328
130646  -27.236  -8.286  -7.163 0.2857142985
75950  -36.465  -10.996  -4.975 0.1428571492
75961  -35.896  -10.444  -5.286 0.4285714328
130734  -34.960  -9.927  -4.671 0.4285714328
76850  -35.875  -9.492  -4.863 0.1428571492
76833  -35.365  -8.726  -4.504 0.1428571492
78548  -32.414  -7.430  -3.116 0.5714285970
80188  -34.155  -6.184  -3.692 0.2857142985
129160  -33.244  -5.327  -2.882 0.5714285970
81860  -32.510  -3.572  -2.798 0.7142857313
81049  -34.093  -3.935  -4.795 0.2857142985
81888  -34.197  -3.720  -5.717 0.1428571492
129907  -32.666  -2.702  -2.920 0.4285714328
130455  -33.918  -4.101  -3.993 0.4285714328
133167  -33.954  -2.221  -5.351 0.1428571492
132250  -32.016  1.232  -3.328 0.5714285970
83544  -33.791  -1.863  -4.113 0.1428571492
129348  -33.484  0.218  -3.746 0.1428571492
86173  -33.876  1.564  -4.417 0.1428571492
121593  -24.455  12.198  -5.009 0.1428571492
87064  -31.573  2.476  -3.710 0.5714285970
135375  -33.928  0.393  -4.301 0.1428571492
87078  -33.087  2.940  -4.059 0.1428571492
90751  -30.799  7.229  -4.576 0.2857142985
90114  -32.175  6.194  -4.540 0.2857142985
88666  -32.998  4.462  -4.674 0.2857142985
87898  -33.441  3.707  -4.663 0.1428571492
88680  -33.668  4.514  -5.342 0.1428571492
89413  -33.368  5.466  -5.433 0.1428571492
91398  -31.474  8.528  -5.133 0.2857142985
91409  -32.672  8.871  -6.134 0.2857142985
91400  -33.001  8.213  -5.999 0.1428571492
125360  -33.373  6.785  -6.189 0.1428571492
59688  -27.451  -28.518  1.538 0.1428571492
62216  -29.586  -25.207  -0.343 0.1428571492
71425  -33.805  -15.887  -0.702 0.2857142985
79369  -34.578  -6.703  -4.370 0.2857142985
119683  -33.545  6.100  -6.775 0.1428571492
92065  -32.872  9.264  -6.876 0.2857142985
58678  -23.841  -29.274  0.291 0.2857142985
59703  -25.758  -28.465  1.197 0.1428571492
61385  -27.647  -26.502  0.446 0.1428571492
65049  -29.218  -22.467  -2.321 0.2857142985
66949  -29.880  -21.124  -1.911 0.2857142985
67893  -29.722  -19.950  -2.783 0.2857142985
72396  -29.710  -14.757  -6.412 0.5714285970
126124  -29.200  -15.951  -6.440 0.4285714328
75095  -35.888  -11.230  -5.991 0.4285714328
78577  -29.249  -7.532  -5.283 0.8571428657
77727  -29.734  -9.254  -5.874 0.8571428657
80201  -30.075  -5.794  -3.748 0.8571428657
81034  -29.133  -4.362  -4.464 0.8571428657
89394  -29.689  5.182  -4.699 0.7142857313
91395  -28.894  8.239  -5.430 0.2857142985
92063  -27.456  10.251  -6.756 0.2857142985
66992  -27.288  -20.519  -5.522 0.5714285970
68820  -30.948  -19.088  -1.709 0.2857142985
122005  -33.596  -14.095  -4.273 0.4285714328
83542  -29.933  -1.459  -3.410 0.8571428657
85304  -30.209  1.469  -4.028 0.8571428657
137310  -24.715  11.904  -8.423 0.2857142985
92723  -24.730  12.403  -8.198 0.2857142985
124272  -29.604  -11.907  -6.684 0.8571428657
93414  -26.671  12.910  -6.666 0.2857142985
125247  -26.300  13.439  -6.689 0.1428571492
94168  -25.871  13.136  -6.956 0.2857142985
137273  -24.762  13.096  -5.359 0.1428571492
93426  -25.190  12.823  -7.780 0.2857142985
94167  -25.326  12.854  -6.365 0.1428571492
118571  -31.090  9.185  -5.266 0.2857142985
93417  -30.346  10.932  -5.515 0.2857142985
92050  -29.672  9.416  -5.215 0.2857142985
94145  -24.514  12.815  -4.686 0.1428571492
91397  -30.359  8.722  -4.888 0.2857142985
91383  -30.174  7.808  -4.654 0.2857142985
134002  -28.216  10.400  -6.140 0.2857142985
90113  -31.485  6.749  -4.512 0.2857142985
90764  -32.584  7.364  -4.997 0.1428571492
90126  -33.023  6.777  -5.261 0.1428571492
92049  -28.904  9.143  -5.470 0.2857142985
89428  -33.568  5.858  -6.038 0.1428571492
89398  -33.064  5.128  -4.949 0.1428571492
91399  -32.433  8.236  -5.448 0.1428571492
89395  -30.668  5.507  -4.423 0.5714285970
87085  -34.138  2.130  -4.821 0.1428571492
86164  -33.309  1.596  -3.909 0.1428571492
89396  -31.719  5.414  -4.388 0.2857142985
88664  -31.206  4.646  -4.217 0.4285714328
87895  -30.766  3.804  -4.167 0.5714285970
132361  -29.896  3.519  -4.392 0.7142857313
85296  -32.051  0.498  -3.104 0.4285714328
86162  -31.848  1.843  -3.522 0.5714285970
84424  -32.634  -0.817  -3.031 0.5714285970
136172  -31.413  0.092  -3.012 0.7142857313
85295  -31.165  0.869  -3.365 0.7142857313
86161  -30.996  1.754  -3.635 0.7142857313
82688  -32.789  -2.041  -2.987 0.5714285970
81861  -33.300  -3.094  -3.425 0.4285714328
83534  -31.121  -1.430  -2.659 0.8571428657
77735  -28.096  -9.181  -6.868 0.5714285970
78584  -28.085  -7.499  -6.337 0.5714285970
79402  -27.737  -6.628  -6.433 0.4285714328
78583  -27.458  -7.476  -6.784 0.4285714328
81019  -30.247  -4.086  -3.206 0.8571428657
81859  -31.452  -3.602  -2.626 0.8571428657
81023  -33.686  -4.632  -3.434 0.5714285970
82676  -32.132  -2.203  -2.669 0.8571428657
133336  -31.149  -4.917  -2.612 0.7142857313
72395  -28.012  -14.852  -6.425 0.5714285970
117543  -28.759  -13.162  -6.628 0.7142857313
75107  -28.894  -12.417  -6.651 0.7142857313
134273  -28.858  -11.622  -6.693 0.7142857313
117475  -27.614  -11.877  -6.939 0.4285714328
131016  -27.484  -11.400  -7.053 0.5714285970
76864  -28.364  -10.036  -6.971 0.5714285970
134788  -27.245  -11.032  -7.192 0.4285714328
127047  -26.563  -11.201  -7.391 0.2857142985
79366  -32.277  -6.761  -2.833 0.5714285970
76849  -33.848  -9.846  -4.304 0.4285714328
78551  -35.257  -8.065  -4.510 0.2857142985
71462  -32.877  -15.555  -2.466 0.2857142985
120178  -33.651  -14.391  -3.295 0.4285714328
74211  -35.194  -12.330  -6.217 0.4285714328
75085  -36.250  -11.420  -5.635 0.4285714328
66950  -30.454  -20.800  -1.616 0.2857142985
67879  -30.813  -20.081  -1.506 0.2857142985
70579  -32.401  -16.317  -2.174 0.2857142985
70578  -31.739  -16.661  -2.631 0.2857142985
70564  -32.103  -17.048  -1.870 0.2857142985
127075  -30.056  -24.755  -0.590 0.1428571492
63146  -30.096  -24.318  -0.968 0.1428571492
68822  -32.334  -18.231  -0.956 0.2857142985
57690  -26.241  -30.699  1.529 0.1428571492
136118  -24.912  -30.631  1.407 0.1428571492
130929  -26.596  -29.983  1.498 0.1428571492
58670  -26.953  -29.221  1.582 0.1428571492
60600  -28.036  -27.855  1.426 0.1428571492
92690  -24.835  11.415  -5.457 0.1428571492
86186  -28.341  1.444  -6.142 0.5714285970
84451  -28.238  -0.405  -6.340 0.4285714328
85316  -27.984  0.456  -6.531 0.4285714328
83579  -28.149  -1.210  -6.365 0.4285714328
85308  -28.456  0.508  -5.835 0.5714285970
134610  -28.883  1.998  -5.635 0.4285714328
137724  -27.530  -3.122  -6.436 0.4285714328
136492  -28.048  -1.765  -6.222 0.4285714328
82725  -27.464  -2.299  -6.827 0.4285714328
128415  -28.528  -0.851  -5.901 0.5714285970
84441  -28.670  -0.175  -5.507 0.5714285970
80215  -28.399  -4.977  -5.603 0.5714285970
72326  -35.179  -14.242  -0.251 0.1428571492
118993  -34.663  -13.853  -1.685 0.1428571492
73255  -35.156  -13.193  -1.694 0.1428571492
63177  -26.193  -24.063  -3.824 0.2857142985
71447  -33.535  -15.472  -1.572 0.1428571492
72313  -35.354  -14.500  0.604 0.1428571492
71412  -34.986  -15.056  0.178 0.1428571492
130751  -35.554  -13.838  1.059 0.1428571492
117260  -35.682  -13.091  1.381 0.1428571492
63162  -25.536  -24.611  -3.582 0.2857142985
70524  -33.898  -17.136  0.168 0.1428571492
70525  -34.357  -16.751  0.552 0.1428571492
70544  -33.570  -16.699  -0.480 0.1428571492
71411  -34.676  -15.935  0.545 0.1428571492
72281  -35.849  -15.112  2.572 0.1428571492
118188  -35.251  -15.309  0.955 0.1428571492
74112  -38.174  -12.829  3.409 0.1428571492
73195  -36.296  -13.750  2.841 0.1428571492
132950  -37.343  -12.500  3.401 0.1428571492
63176  -24.674  -24.439  -3.670 0.2857142985
66922  -32.792  -20.174  0.178 0.1428571492
67850  -33.430  -19.706  0.574 0.1428571492
68806  -32.799  -18.535  -0.330 0.1428571492
68807  -33.271  -18.099  -0.181 0.1428571492
69635  -35.001  -17.322  1.594 0.1428571492
69648  -34.403  -17.714  0.946 0.1428571492
70508  -35.325  -16.576  1.992 0.1428571492
71371  -35.758  -16.026  2.735 0.1428571492
119193  -37.476  -15.646  3.583 0.1428571492
73186  -38.322  -13.682  3.401 0.1428571492
72269  -36.866  -13.943  3.400 0.1428571492
62268  -24.905  -25.222  -3.341 0.2857142985
62255  -24.274  -25.789  -3.085 0.2857142985
61432  -23.635  -26.245  -2.696 0.2857142985
65998  -32.333  -21.535  -0.238 0.1428571492
66923  -33.365  -20.662  0.554 0.1428571492
67851  -33.819  -19.056  0.786 0.1428571492
69621  -34.921  -18.023  1.746 0.1428571492
68787  -33.950  -18.436  0.680 0.1428571492
70492  -35.752  -16.812  2.801 0.1428571492
70478  -37.078  -16.367  3.561 0.1428571492
69623  -36.182  -17.402  3.190 0.1428571492
74123  -38.862  -12.384  3.061 0.1428571492
74113  -38.831  -13.192  3.202 0.1428571492
124589  -31.871  -21.986  -0.538 0.1428571492
127522  -32.894  -21.848  0.238 0.1428571492
65000  -33.031  -22.623  0.380 0.1428571492
65967  -34.596  -21.559  1.563 0.1428571492
124882  -34.125  -22.159  1.211 0.1428571492
67814  -35.401  -19.429  2.395 0.1428571492
66906  -33.850  -20.388  0.925 0.1428571492
68751  -35.410  -18.476  2.392 0.1428571492
67813  -34.657  -19.595  1.702 0.1428571492
68752  -36.034  -18.226  3.037 0.1428571492
130545  -38.264  -15.733  3.531 0.1428571492
69604  -36.892  -17.155  3.518 0.1428571492
132582  -39.116  -15.013  3.114 0.1428571492
137692  -38.559  -15.236  3.410 0.1428571492
64053  -33.055  -23.357  0.541 0.1428571492
65015  -31.689  -22.676  -0.594 0.1428571492
64965  -35.053  -22.879  2.088 0.1428571492
64986  -34.379  -22.910  1.513 0.1428571492
64034  -33.678  -22.918  0.919 0.1428571492
65982  -33.319  -21.376  0.512 0.1428571492
66893  -36.923  -20.243  3.015 0.1428571492
123748  -36.632  -20.962  2.783 0.1428571492
67816  -37.212  -19.494  3.188 0.1428571492
67797  -37.331  -18.806  3.309 0.1428571492
67815  -36.304  -19.562  2.958 0.1428571492
70479  -37.886  -16.332  3.572 0.1428571492
134419  -35.657  -23.697  2.478 0.1428571492
64966  -36.381  -22.443  2.669 0.1428571492
126674  -35.777  -22.852  2.521 0.1428571492
65952  -37.232  -21.567  2.770 0.1428571492
65951  -36.392  -21.691  2.660 0.1428571492
68735  -37.807  -18.322  3.297 0.1428571492
66894  -37.859  -20.125  2.901 0.1428571492
65950  -35.425  -21.979  2.200 0.1428571492
65966  -33.918  -21.259  0.945 0.1428571492
66891  -35.153  -20.342  2.157 0.1428571492
68750  -34.842  -18.766  1.798 0.1428571492
72272  -39.175  -14.000  3.040 0.1428571492
118184  -39.481  -12.483  2.510 0.1428571492
71357  -37.913  -15.034  3.591 0.1428571492
119087  -35.412  -15.606  1.886 0.1428571492
72282  -36.431  -14.593  3.076 0.1428571492
117484  -34.229  -15.131  -0.945 0.1428571492
73240  -35.436  -13.404  -0.274 0.1428571492
61434  -24.978  -26.370  -2.215 0.2857142985
69606  -38.359  -17.688  3.209 0.1428571492
70480  -38.587  -16.357  3.373 0.1428571492
73196  -39.874  -13.788  2.383 0.1428571492
75018  -39.874  -12.203  1.928 0.1428571492
81058  -27.479  -4.142  -6.366 0.4285714328
75003  -38.536  -11.453  2.903 0.1428571492
73185  -37.461  -13.359  3.492 0.1428571492
74111  -38.014  -11.969  3.315 0.1428571492
73194  -36.096  -12.839  2.455 0.1428571492
117225  -35.409  -12.885  -0.963 0.1428571492
87090  -27.983  2.162  -6.683 0.4285714328
87913  -28.462  3.749  -6.486 0.4285714328
91417  -33.139  8.783  -7.656 0.1428571492
87083  -28.632  2.445  -6.164 0.4285714328
118390  -25.089  -25.848  -2.795 0.2857142985
92064  -32.377  9.659  -6.374 0.1428571492
72325  -34.649  -14.360  -1.001 0.1428571492
67869  -32.363  -19.798  -0.241 0.1428571492
65016  -32.388  -22.441  -0.159 0.1428571492
64067  -32.100  -23.220  -0.236 0.1428571492
66937  -32.208  -20.576  -0.322 0.1428571492
69670  -33.408  -17.469  -0.310 0.1428571492
119635  -35.657  -11.773  -3.802 0.1428571492
135457  -35.983  -11.166  -4.104 0.1428571492
71427  -34.699  -14.850  -0.447 0.1428571492
73254  -35.086  -13.626  -0.963 0.1428571492
117487  -35.458  -13.847  0.282 0.1428571492
72292  -35.499  -14.626  1.705 0.1428571492
71426  -34.414  -15.522  -0.228 0.1428571492
73209  -35.697  -13.722  2.084 0.1428571492
74146  -35.644  -12.652  0.754 0.1428571492
69647  -33.720  -17.927  0.260 0.1428571492
70545  -34.071  -16.300  -0.002 0.1428571492
70507  -34.802  -16.709  1.126 0.1428571492
72293  -35.901  -14.351  2.490 0.1428571492
71372  -36.519  -15.581  3.299 0.1428571492
71388  -35.131  -16.025  1.239 0.1428571492
73184  -36.694  -13.075  3.274 0.1428571492
65981  -32.804  -21.028  0.178 0.1428571492
67849  -32.782  -19.320  0.034 0.1428571492
68786  -33.372  -18.709  0.294 0.1428571492
141513  -34.597  -18.320  1.405 0.1428571492
68767  -34.313  -18.789  1.205 0.1428571492
69622  -35.479  -17.544  2.441 0.1428571492
70493  -36.311  -16.558  3.267 0.1428571492
67831  -34.069  -19.683  1.118 0.1428571492
66907  -34.452  -20.568  1.473 0.1428571492
68734  -36.889  -18.072  3.454 0.1428571492
133748  -37.517  -16.885  3.540 0.1428571492
64052  -32.606  -23.083  0.138 0.1428571492
131505  -33.475  -23.651  0.984 0.1428571492
125750  -34.702  -22.289  1.688 0.1428571492
65001  -33.519  -22.039  0.674 0.1428571492
66892  -35.984  -20.283  2.712 0.1428571492
120204  -35.735  -21.060  2.461 0.1428571492
121623  -35.058  -21.104  1.942 0.1428571492
123876  -37.555  -20.881  2.815 0.1428571492
67817  -38.094  -19.231  3.006 0.1428571492
139025  -22.418  -31.213  0.702 0.1428571492
119940  -23.169  -29.972  0.276 0.1428571492
57710  -21.659  -30.377  -0.120 0.1428571492
57699  -22.443  -30.573  0.283 0.1428571492
58692  -23.096  -29.253  -0.332 0.1428571492
59736  -23.367  -27.970  -1.337 0.1428571492
59735  -22.630  -28.216  -1.333 0.1428571492
60644  -23.093  -27.583  -1.789 0.1428571492
60629  -23.928  -27.896  -0.925 0.1428571492
59734  -21.871  -28.078  -1.298 0.1428571492
123754  -22.866  -27.075  -2.100 0.1428571492
61416  -23.601  -26.971  -2.231 0.1428571492
61431  -22.920  -25.870  -2.431 0.1428571492
62253  -22.674  -24.840  -2.548 0.1428571492
63175  -23.933  -24.286  -3.599 0.1428571492
63161  -23.370  -24.530  -3.155 0.1428571492
64118  -25.332  -23.784  -3.986 0.1428571492
64119  -26.082  -23.509  -4.243 0.1428571492
64117  -24.251  -23.624  -3.978 0.2857142985
65070  -26.724  -22.373  -4.940 0.2857142985
68856  -26.762  -18.322  -6.089 0.4285714328
68868  -27.956  -18.151  -6.268 0.4285714328
69736  -27.857  -17.035  -6.211 0.4285714328
80224  -27.379  -5.811  -6.666 0.2857142985
81068  -27.175  -4.446  -6.816 0.2857142985
131331  -27.912  -4.765  -6.070 0.2857142985
83590  -26.534  -0.954  -7.528 0.2857142985
85315  -27.496  0.400  -7.126 0.2857142985
86185  -27.676  1.265  -6.776 0.2857142985
62267  -24.114  -24.979  -3.348 0.1428571492
131736  -23.542  -22.847  -3.929 0.1428571492
65058  -24.308  -22.860  -4.252 0.2857142985
64132  -26.377  -22.956  -4.559 0.1428571492
126556  -22.659  -28.839  -0.840 0.1428571492
60643  -22.234  -27.408  -1.691 0.1428571492
62233  -22.147  -25.427  -2.019 0.1428571492
64116  -23.398  -23.739  -3.513 0.1428571492
129553  -24.054  -22.203  -4.423 0.2857142985
65068  -24.986  -22.400  -4.564 0.2857142985
66046  -24.590  -21.496  -4.744 0.2857142985
66047  -25.513  -21.676  -5.002 0.2857142985
66048  -26.388  -21.813  -5.267 0.2857142985
66991  -26.456  -20.436  -5.537 0.4285714328
133966  -26.032  -19.751  -5.639 0.4285714328
68855  -25.756  -18.433  -5.880 0.2857142985
80234  -26.772  -5.839  -7.117 0.2857142985
131642  -27.532  -4.998  -6.521 0.2857142985
81067  -26.792  -4.316  -7.235 0.2857142985
81905  -27.098  -3.673  -6.934 0.2857142985
82726  -27.822  -2.305  -6.325 0.2857142985
124575  -26.726  -2.002  -7.493 0.2857142985
131386  -25.862  -1.920  -7.815 0.2857142985
84462  -27.227  -0.466  -7.354 0.2857142985
79413  -27.099  -6.638  -6.904 0.2857142985
131640  -26.528  -5.050  -7.415 0.2857142985
79422  -25.889  -6.628  -7.905 0.2857142985
81080  -26.278  -4.238  -7.682 0.2857142985
82736  -26.319  -2.644  -7.666 0.2857142985
81904  -26.608  -3.461  -7.467 0.2857142985
82737  -27.040  -2.688  -7.211 0.2857142985
82747  -25.518  -2.638  -8.025 0.2857142985
83578  -27.673  -1.687  -6.776 0.2857142985
130544  -25.230  -5.074  -8.210 0.2857142985
81078  -24.799  -4.259  -8.385 0.2857142985
81916  -25.967  -3.409  -7.878 0.2857142985
124514  -26.371  -19.127  -6.002 0.4285714328
60645  -23.818  -27.492  -1.569 0.1428571492
61433  -24.329  -26.422  -2.585 0.1428571492
66056  -26.834  -21.234  -5.483 0.4285714328
59719  -23.360  -28.485  -0.794 0.1428571492
130367  -27.731  -0.945  -6.896 0.2857142985
130890  -27.250  -1.978  -7.190 0.2857142985
64130  -24.897  -23.127  -4.193 0.1428571492
62254  -23.509  -25.409  -2.928 0.1428571492
58691  -22.345  -29.328  -0.643 0.1428571492
132867  -22.350  -26.450  -1.975 0.1428571492
61415  -23.075  -26.571  -2.327 0.1428571492
141537  -26.431  -1.523  -7.564 0.2857142985
66990  -25.647  -20.298  -5.351 0.4285714328
81915  -25.192  -3.410  -8.192 0.2857142985
70606  -26.460  -16.703  -5.895 0.2857142985
71502  -27.391  -15.453  -6.260 0.2857142985
94944  -31.493  13.611  -7.752 0.1428571492
94177  -31.896  12.673  -7.644 0.1428571492
94159  -31.345  11.698  -6.312 0.1428571492
92715  -31.588  10.873  -6.165 0.1428571492
92716  -32.220  10.498  -6.693 0.1428571492
94948  -31.757  14.090  -8.645 0.1428571492
94929  -29.770  12.543  -5.710 0.1428571492
94935  -28.040  14.097  -6.687 0.1428571492
70616  -26.848  -16.026  -6.040 0.2857142985
71501  -26.548  -15.432  -6.155 0.2857142985
92073  -32.631  9.923  -6.991 0.1428571492
93435  -32.355  11.846  -7.937 0.1428571492
92704  -31.756  10.107  -5.973 0.1428571492
140704  -31.922  11.220  -6.708 0.1428571492
92052  -31.193  9.818  -5.506 0.1428571492
117980  -29.589  11.767  -5.572 0.1428571492
92703  -31.128  10.529  -5.677 0.1428571492
140028  -29.883  13.201  -5.935 0.1428571492
94936  -29.386  13.892  -6.409 0.1428571492
94927  -27.727  13.458  -6.472 0.1428571492
94157  -28.832  12.591  -5.873 0.1428571492
93418  -31.032  11.173  -5.791 0.1428571492
69724  -27.035  -17.400  -6.071 0.2857142985
94170  -31.473  12.404  -6.823 0.1428571492
93434  -31.940  11.853  -7.129 0.1428571492
94158  -30.516  11.792  -5.705 0.1428571492
94169  -30.732  12.635  -6.158 0.1428571492
95700  -31.086  14.584  -8.070 0.1428571492
93427  -32.310  11.149  -7.337 0.1428571492
80242  -24.953  -5.890  -8.420 0.1428571492
80233  -26.187  -5.841  -7.585 0.1428571492
131444  -25.912  -5.051  -7.834 0.1428571492
81914  -24.395  -3.396  -8.551 0.1428571492
134996  -22.504  -2.961  -8.060 0.1428571492
82744  -22.721  -2.116  -7.966 0.1428571492
78593  -26.244  -7.451  -7.718 0.1428571492
128199  -24.831  -2.713  -8.356 0.1428571492
84471  -24.050  -1.142  -8.331 0.1428571492
84472  -24.575  -1.003  -8.197 0.1428571492
84460  -24.134  -0.426  -7.989 0.2857142985
74218  -26.779  -12.455  -7.018 0.1428571492
77744  -26.010  -9.348  -7.849 0.1428571492
77745  -25.949  -8.340  -7.968 0.1428571492
78603  -25.592  -7.361  -8.243 0.1428571492
128237  -24.490  -5.122  -8.473 0.1428571492
83601  -25.319  -1.513  -8.020 0.1428571492
85323  -26.241  0.435  -7.718 0.1428571492
131815  -25.504  -0.039  -7.855 0.1428571492
85329  -25.646  0.728  -7.827 0.2857142985
87099  -26.956  2.672  -7.807 0.2857142985
89441  -24.844  5.779  -9.737 0.2857142985
88704  -24.803  4.600  -8.335 0.2857142985
90158  -24.210  6.747  -10.020 0.2857142985
92699  -24.601  11.227  -6.483 0.1428571492
90122  -26.280  6.839  -5.451 0.1428571492
87089  -27.286  1.938  -7.150 0.2857142985
86197  -25.968  1.400  -7.826 0.2857142985
87923  -27.332  3.512  -7.796 0.2857142985
88697  -27.430  4.975  -7.726 0.2857142985
133941  -26.467  4.222  -8.531 0.2857142985
88706  -25.756  4.451  -8.729 0.2857142985
89434  -27.138  5.738  -8.515 0.2857142985
134680  -25.395  5.199  -9.263 0.2857142985
88705  -25.059  4.855  -8.828 0.2857142985
127596  -26.515  6.867  -9.038 0.2857142985
141061  -24.222  8.310  -8.698 0.1428571492
89433  -24.567  6.109  -8.478 0.2857142985
92042  -26.476  9.345  -4.599 0.1428571492
87088  -24.065  2.943  -7.103 0.1428571492
85327  -24.529  0.409  -7.810 0.2857142985
130768  -24.708  5.210  -8.134 0.2857142985
90782  -23.920  7.960  -9.051 0.1428571492
90773  -24.705  7.537  -7.352 0.1428571492
90134  -25.003  6.661  -6.862 0.1428571492
84458  -22.345  -1.061  -6.926 0.2857142985
89408  -24.777  4.849  -5.868 0.1428571492
90109  -26.739  6.419  -4.712 0.1428571492
89425  -24.984  5.764  -6.454 0.1428571492
138685  -20.711  -0.874  -4.931 0.1428571492
81050  -34.347  -4.523  -5.488 0.1428571492
130478  -35.439  -7.467  -4.993 0.1428571492
124595  -25.190  -7.924  -8.480 0.1428571492
81038  -34.484  -5.242  -5.313 0.1428571492
78601  -24.649  -7.299  -8.605 0.1428571492
140957  -23.322  -5.422  -8.548 0.1428571492
81066  -22.455  -4.935  -8.204 0.1428571492
81077  -23.903  -4.322  -8.666 0.1428571492
81903  -21.971  -3.457  -7.636 0.1428571492
82746  -24.986  -1.971  -8.361 0.1428571492
83588  -22.900  -1.350  -7.686 0.1428571492
84473  -25.239  -0.908  -7.951 0.1428571492
87098  -26.249  2.273  -7.953 0.1428571492
87111  -25.542  2.145  -7.991 0.1428571492
87934  -26.135  3.637  -8.530 0.2857142985
87933  -25.354  3.724  -8.536 0.1428571492
123257  -24.727  5.257  -7.075 0.2857142985
131089  -24.787  6.158  -7.326 0.1428571492
91405  -24.415  8.597  -8.097 0.1428571492
89410  -26.166  5.901  -5.269 0.1428571492
90759  -25.601  7.416  -6.323 0.1428571492
80203  -34.459  -5.842  -4.659 0.1428571492
80217  -34.868  -5.919  -5.768 0.1428571492
90152  -26.722  6.174  -9.087 0.2857142985
128164  -25.114  8.268  -7.035 0.1428571492
90760  -26.347  7.896  -5.525 0.1428571492
89450  -24.661  6.194  -10.141 0.2857142985
90788  -24.200  7.371  -9.870 0.2857142985
91423  -24.284  8.374  -9.706 0.2857142985
139716  -25.978  9.487  -5.291 0.1428571492
129043  -28.296  2.986  -6.698 0.2857142985
76873  -26.669  -10.087  -7.618 0.1428571492
75989  -26.321  -10.634  -7.597 0.1428571492
88688  -27.993  4.369  -6.985 0.2857142985
78594  -26.871  -7.459  -7.246 0.1428571492
78567  -36.248  -8.091  -5.271 0.1428571492
87924  -27.894  3.579  -7.189 0.2857142985
84461  -26.627  -0.265  -7.605 0.1428571492
85324  -26.955  0.421  -7.506 0.1428571492
86191  -27.209  1.096  -7.261 0.1428571492
79421  -25.310  -6.614  -8.372 0.1428571492
128934  -23.264  -4.045  -8.594 0.1428571492
80240  -23.573  -5.944  -8.548 0.1428571492
124585  -24.072  -6.665  -8.598 0.1428571492
81913  -23.650  -3.380  -8.621 0.1428571492
82745  -23.247  -2.660  -8.418 0.1428571492
83599  -23.585  -1.704  -8.365 0.1428571492
83600  -24.382  -1.595  -8.452 0.1428571492
83589  -23.547  -0.932  -7.916 0.1428571492
77752  -25.447  -8.750  -8.237 0.1428571492
86196  -25.323  1.326  -7.874 0.2857142985
140514  -26.426  3.000  -8.299 0.2857142985
87100  -27.660  2.816  -7.278 0.2857142985
129076  -26.695  1.475  -7.577 0.2857142985
89449  -24.394  6.326  -10.002 0.2857142985
90151  -25.701  6.284  -9.748 0.2857142985
123964  -24.292  6.338  -9.662 0.2857142985
90748  -26.830  7.374  -4.810 0.1428571492
87935  -26.804  3.558  -8.257 0.2857142985
136640  -27.551  4.128  -7.648 0.2857142985
119991  -27.020  4.346  -8.280 0.2857142985
122899  -26.225  4.976  -8.922 0.2857142985
132777  -26.894  5.151  -8.571 0.2857142985
87932  -24.844  3.735  -8.357 0.1428571492
89443  -26.407  5.663  -9.211 0.2857142985
90772  -24.238  7.676  -8.369 0.1428571492
92041  -25.554  10.312  -5.146 0.1428571492
90133  -24.484  6.851  -7.908 0.2857142985
86195  -24.826  1.115  -7.807 0.1428571492
125771  -25.083  2.900  -8.303 0.2857142985
90121  -25.559  6.319  -5.979 0.1428571492
66027  -22.088  -21.632  -3.137 0.1428571492
66045  -23.739  -21.361  -4.501 0.1428571492
66036  -22.000  -20.829  -3.376 0.1428571492
67899  -21.867  -19.314  -4.092 0.1428571492
67906  -22.220  -18.794  -4.585 0.1428571492
66980  -23.282  -20.545  -4.482 0.1428571492
68845  -23.020  -18.949  -5.133 0.1428571492
67907  -23.573  -19.739  -4.924 0.1428571492
66982  -25.151  -20.823  -5.025 0.1428571492
68853  -23.464  -18.238  -5.507 0.1428571492
67915  -23.996  -19.022  -5.461 0.1428571492
134251  -25.371  -19.738  -5.477 0.1428571492
68854  -24.842  -18.706  -5.762 0.1428571492
122876  -22.568  -18.012  -5.127 0.1428571492
69721  -23.959  -17.531  -5.716 0.1428571492
69722  -25.014  -17.680  -5.731 0.1428571492
70605  -25.594  -16.749  -5.748 0.1428571492
118327  -26.143  -14.870  -6.217 0.1428571492
118090  -26.567  -14.080  -6.477 0.1428571492
85321  -23.412  -0.145  -7.420 0.1428571492
66981  -24.198  -20.537  -4.880 0.1428571492
66055  -26.009  -21.077  -5.366 0.1428571492
65047  -22.140  -22.494  -2.959 0.1428571492
88696  -24.537  4.457  -7.346 0.1428571492
73307  -27.315  -13.357  -6.735 0.1428571492
69723  -26.105  -17.521  -5.833 0.1428571492
66037  -23.048  -21.327  -4.036 0.1428571492
135867  -23.431  -21.995  -4.086 0.1428571492
66989  -24.916  -20.073  -5.177 0.1428571492
135701  -22.505  -21.313  -3.605 0.1428571492
66973  -22.559  -20.633  -3.976 0.1428571492
66979  -22.628  -19.717  -4.448 0.1428571492
67908  -24.293  -19.743  -5.178 0.1428571492
127482  -24.226  -18.258  -5.691 0.1428571492
68852  -23.207  -17.514  -5.536 0.1428571492
67916  -24.797  -19.415  -5.521 0.1428571492
68844  -21.775  -18.031  -4.433 0.1428571492
125825  -21.475  -21.920  -2.649 0.1428571492
60646  -24.998  -26.984  -0.884 0.2857142985
61404  -28.249  -25.952  0.205 0.1428571492
64035  -34.036  -23.617  1.402 0.1428571492
64087  -29.443  -23.733  -1.727 0.1428571492
64131  -25.627  -23.053  -4.421 0.1428571492
65069  -25.942  -22.422  -4.894 0.1428571492
66964  -28.886  -21.142  -3.063 0.4285714328
66966  -30.123  -20.354  -2.096 0.2857142985
67796  -36.621  -18.862  3.232 0.1428571492
67917  -25.505  -19.202  -5.788 0.1428571492
69605  -37.608  -17.539  3.467 0.1428571492
70618  -29.462  -16.717  -6.606 0.4285714328
71356  -37.098  -14.814  3.525 0.1428571492
71358  -38.927  -15.746  3.283 0.1428571492
72270  -37.649  -14.215  3.518 0.1428571492
72271  -38.484  -14.545  3.394 0.1428571492
72397  -30.390  -14.811  -6.508 0.8571428657
74124  -39.399  -13.124  2.799 0.1428571492
75076  -36.154  -11.494  -4.789 0.1428571492
75094  -35.745  -11.843  -6.273 0.4285714328
75962  -36.269  -10.954  -5.480 0.4285714328
77698  -32.726  -8.199  -3.439 0.7142857313
77700  -34.544  -8.361  -4.069 0.2857142985
77746  -26.660  -8.281  -7.505 0.1428571492
77751  -24.510  -7.944  -8.525 0.1428571492
78576  -28.688  -7.547  -5.845 0.8571428657
78599  -23.182  -6.706  -8.379 0.1428571492
78600  -23.907  -7.456  -8.486 0.1428571492
78602  -25.128  -7.176  -8.562 0.1428571492
79367  -33.094  -6.797  -2.920 0.4285714328
79412  -26.506  -6.639  -7.396 0.2857142985
79420  -24.771  -6.616  -8.584 0.1428571492
80239  -22.870  -5.697  -8.423 0.1428571492
80241  -24.294  -5.919  -8.564 0.1428571492
80243  -25.574  -5.855  -8.067 0.1428571492
81020  -30.869  -4.239  -2.677 0.8571428657
81059  -28.041  -3.957  -5.813 0.4285714328
81076  -23.159  -4.830  -8.580 0.1428571492
81079  -25.606  -4.241  -8.068 0.2857142985
81857  -29.890  -3.529  -3.448 0.8571428657
81912  -22.945  -3.482  -8.424 0.1428571492
83554  -28.853  -1.477  -4.742 0.7142857313
83591  -27.129  -1.384  -7.318 0.2857142985
83602  -25.860  -1.256  -7.719 0.1428571492
84413  -31.854  -1.056  -2.678 0.7142857313
84423  -32.001  -0.291  -2.852 0.7142857313
84450  -27.773  -0.246  -6.904 0.2857142985
84474  -25.983  -0.545  -7.713 0.1428571492
85305  -33.666  0.950  -4.013 0.1428571492
85328  -25.116  0.522  -7.916 0.2857142985
86163  -32.596  1.694  -3.623 0.1428571492
87897  -32.609  3.786  -4.277 0.2857142985
88665  -32.216  4.642  -4.383 0.2857142985
89397  -32.496  5.380  -4.615 0.2857142985
89440  -24.643  5.667  -9.240 0.2857142985
89442  -25.468  5.611  -9.749 0.2857142985
90125  -32.614  6.667  -4.791 0.1428571492
90142  -24.156  6.987  -9.220 0.2857142985
90149  -24.195  6.711  -10.004 0.2857142985
90752  -31.509  7.359  -4.630 0.2857142985
90765  -33.004  7.543  -5.659 0.1428571492
90789  -24.989  7.967  -10.055 0.4285714328
91396  -29.600  8.244  -4.905 0.2857142985
91414  -24.223  8.972  -9.044 0.2857142985
91429  -24.430  8.573  -9.655 0.4285714328
92701  -29.917  10.181  -5.377 0.2857142985
118102  -33.571  5.880  -7.605 0.1428571492
120107  -36.383  -10.491  -4.893 0.1428571492
121427  -38.175  -16.976  3.436 0.1428571492
121971  -35.909  -18.932  2.835 0.1428571492
122587  -31.374  6.077  -4.455 0.2857142985
125418  -24.846  -0.282  -8.022 0.2857142985
127760  -30.477  -1.858  -3.054 0.8571428657
129098  -25.624  7.451  -9.453 0.4285714328
130049  -33.771  5.173  -5.901 0.1428571492
130217  -23.786  -5.254  -8.590 0.1428571492
131641  -27.054  -5.080  -6.989 0.2857142985
132026  -24.164  -2.421  -8.617 0.1428571492
132160  -24.794  -8.634  -8.425 0.1428571492
132407  -34.598  -7.360  -4.190 0.2857142985
134537  -25.763  2.922  -8.412 0.2857142985
135049  -30.626  1.195  -3.707 0.8571428657
137600  -24.882  -1.427  -8.247 0.1428571492
138258  -27.032  -8.959  -7.380 0.2857142985
141642  -33.723  -1.107  -3.968 0.2857142985
