#!ascii label  , from subject sub-v1s22x0050478_ses-1 vox2ras=TkReg
1010
100997  38.604  23.708  39.414 0.0000000000
102042  43.617  25.479  46.392 0.0000000000
99091  41.063  20.655  31.793 0.0000000000
119762  34.249  22.229  36.993 0.0000000000
99084  36.379  20.618  33.502 0.0000000000
103734  41.567  29.145  40.963 0.0000000000
102572  37.382  26.569  45.139 0.0000000000
129961  38.586  31.194  40.127 0.0000000000
119190  41.883  14.538  33.967 0.0000000000
95913  43.173  16.024  27.966 0.0000000000
100968  42.168  23.502  43.737 0.0000000000
101050  42.162  23.475  34.887 0.0000000000
99013  45.173  20.611  39.805 0.0000000000
98346  38.568  19.267  36.412 0.0000000000
106596  38.169  33.398  37.194 0.0000000000
104855  43.300  30.451  42.444 0.0000000000
98414  39.098  19.568  28.955 0.0000000000
101032  36.298  22.825  37.527 0.0000000000
99746  35.639  21.791  34.833 0.0000000000
134789  37.341  23.336  35.509 0.0000000000
102621  39.715  26.158  42.134 0.0000000000
102106  37.273  25.443  39.859 0.0000000000
103726  35.744  27.844  41.114 0.0000000000
95141  44.643  14.564  36.532 0.0000000000
95177  45.841  14.648  33.206 0.0000000000
94398  47.776  14.325  36.586 0.0000000000
106111  41.035  32.831  33.928 0.0000000000
130679  45.604  23.857  45.545 0.0000000000
99682  45.543  20.846  42.459 0.0000000000
98939  45.484  20.711  44.903 0.0000000000
98321  37.061  19.815  41.072 0.0000000000
99017  39.228  20.534  39.206 0.0000000000
97737  36.926  18.760  38.011 0.0000000000
95855  37.879  16.000  35.926 0.0000000000
103693  40.504  28.612  43.907 0.0000000000
105491  41.449  32.226  41.886 0.0000000000
103668  43.574  28.172  44.900 0.0000000000
141690  45.041  27.211  43.573 0.0000000000
99765  43.279  22.656  31.768 0.0000000000
99778  40.655  21.934  30.699 0.0000000000
98399  41.399  20.848  29.269 0.0000000000
132745  34.144  18.850  33.434 0.0000000000
97193  35.808  18.139  31.712 0.0000000000
104321  44.980  28.749  38.448 0.0000000000
104919  41.394  30.377  38.404 0.0000000000
102060  40.355  25.712  45.153 0.0000000000
99652  41.776  21.668  45.669 0.0000000000
106061  32.375  33.152  38.736 0.0000000000
106577  35.382  34.867  39.017 0.0000000000
103712  38.571  28.287  42.294 0.0000000000
97182  39.527  17.481  32.545 0.0000000000
97200  41.263  17.854  29.648 0.0000000000
95200  42.673  14.806  31.294 0.0000000000
95208  45.821  14.342  29.803 0.0000000000
100975  40.258  23.688  41.557 0.0000000000
101028  40.575  23.158  37.358 0.0000000000
100395  42.910  22.531  39.400 0.0000000000
100418  46.265  21.996  36.953 0.0000000000
99734  42.564  21.436  34.738 0.0000000000
98997  41.954  20.569  41.160 0.0000000000
99042  41.570  20.564  37.402 0.0000000000
98359  39.278  19.488  34.199 0.0000000000
96519  39.163  16.061  34.150 0.0000000000
95145  40.633  14.060  36.159 0.0000000000
106114  38.219  32.823  33.818 0.0000000000
121326  41.155  32.587  37.121 0.0000000000
106567  41.259  34.164  40.019 0.0000000000
105530  44.368  30.902  38.829 0.0000000000
103717  45.045  28.246  41.024 0.0000000000
103133  41.972  26.958  43.380 0.0000000000
100457  38.790  23.060  33.683 0.0000000000
99107  37.817  20.208  31.486 0.0000000000
96557  37.712  16.898  30.753 0.0000000000
97809  41.484  18.000  27.575 0.0000000000
101031  37.688  23.069  37.832 0.0000000000
101044  36.962  23.008  36.265 0.0000000000
123073  38.267  23.125  36.991 0.0000000000
101574  39.036  24.391  40.733 0.0000000000
102102  38.311  25.445  40.708 0.0000000000
101582  38.150  24.292  39.883 0.0000000000
100998  37.031  24.118  39.193 0.0000000000
95113  45.299  14.471  38.167 0.0000000000
95140  46.016  14.775  36.645 0.0000000000
95111  47.624  14.519  38.414 0.0000000000
95872  36.580  14.979  33.319 0.0000000000
101528  45.561  24.589  46.248 0.0000000000
100338  46.263  21.699  45.330 0.0000000000
100320  44.449  22.367  46.620 0.0000000000
124299  36.132  19.394  39.750 0.0000000000
99009  36.800  19.708  39.316 0.0000000000
103116  41.493  28.007  45.081 0.0000000000
103678  41.836  28.860  44.746 0.0000000000
102567  43.686  26.746  45.833 0.0000000000
102555  45.104  25.978  45.474 0.0000000000
99754  41.773  21.470  31.946 0.0000000000
99776  42.419  22.107  30.339 0.0000000000
99104  41.580  20.648  30.573 0.0000000000
122891  33.183  21.462  36.555 0.0000000000
118815  33.587  21.231  35.848 0.0000000000
99758  36.002  21.144  34.158 0.0000000000
99086  34.827  20.106  33.970 0.0000000000
98370  35.186  19.602  33.325 0.0000000000
97774  35.313  18.428  32.333 0.0000000000
98379  35.507  19.142  32.572 0.0000000000
140014  44.282  28.761  39.231 0.0000000000
104918  42.711  29.928  38.062 0.0000000000
104306  41.637  29.740  39.803 0.0000000000
100423  34.375  22.786  37.816 0.0000000000
137043  33.740  22.464  37.528 0.0000000000
102571  38.954  26.380  44.862 0.0000000000
131413  39.457  23.859  45.573 0.0000000000
101544  38.277  24.823  45.257 0.0000000000
102622  37.079  26.836  43.184 0.0000000000
103157  37.054  27.610  41.882 0.0000000000
103135  37.912  27.167  43.735 0.0000000000
103118  39.334  27.621  44.140 0.0000000000
122305  40.359  15.870  32.988 0.0000000000
137244  41.165  15.854  31.551 0.0000000000
95192  41.715  14.852  32.583 0.0000000000
138080  47.306  14.050  33.136 0.0000000000
95198  46.485  14.251  31.439 0.0000000000
94439  46.925  13.897  31.774 0.0000000000
100971  41.338  23.235  42.466 0.0000000000
100387  41.400  22.767  40.706 0.0000000000
100373  42.681  22.354  41.840 0.0000000000
99697  45.886  20.792  40.541 0.0000000000
100394  45.855  21.658  39.477 0.0000000000
99707  46.066  21.420  38.016 0.0000000000
99724  45.286  21.735  35.692 0.0000000000
99040  44.268  21.095  37.509 0.0000000000
98946  40.905  21.011  44.160 0.0000000000
98961  42.115  21.034  43.834 0.0000000000
136294  40.489  20.507  42.835 0.0000000000
99045  39.231  20.149  37.581 0.0000000000
99029  40.278  20.496  38.398 0.0000000000
99044  39.916  20.318  37.153 0.0000000000
99063  40.537  20.522  35.635 0.0000000000
98345  39.197  19.660  36.003 0.0000000000
97763  38.686  18.117  34.242 0.0000000000
97759  38.352  18.178  35.189 0.0000000000
95132  39.160  14.004  36.698 0.0000000000
95853  39.466  14.591  35.603 0.0000000000
106093  38.433  32.629  35.518 0.0000000000
120837  39.741  32.564  35.149 0.0000000000
106073  39.609  32.818  37.072 0.0000000000
132136  37.158  32.390  39.164 0.0000000000
106571  36.877  35.462  39.368 0.0000000000
106031  38.974  33.255  39.967 0.0000000000
105478  42.065  31.777  42.658 0.0000000000
106028  41.481  33.529  41.093 0.0000000000
105502  42.469  32.414  41.219 0.0000000000
106037  43.186  32.148  39.340 0.0000000000
104884  44.234  30.317  40.500 0.0000000000
104883  45.189  29.237  40.024 0.0000000000
104282  45.112  28.580  41.344 0.0000000000
102075  44.019  25.460  44.681 0.0000000000
103132  43.187  27.169  43.559 0.0000000000
102084  41.941  25.495  43.864 0.0000000000
101563  40.810  24.635  43.058 0.0000000000
137661  41.125  23.607  35.602 0.0000000000
101052  39.690  23.932  35.084 0.0000000000
117260  40.291  23.767  33.723 0.0000000000
99117  39.107  20.506  30.059 0.0000000000
99779  39.314  21.410  31.495 0.0000000000
98389  38.156  19.971  30.543 0.0000000000
98404  37.008  18.955  30.566 0.0000000000
97213  38.052  18.510  29.480 0.0000000000
130973  42.033  16.946  28.851 0.0000000000
97210  41.458  18.497  28.564 0.0000000000
96584  42.160  17.361  27.080 0.0000000000
135368  35.718  22.673  37.261 0.0000000000
100443  34.849  22.176  36.125 0.0000000000
100433  35.713  22.620  36.271 0.0000000000
100449  36.515  22.734  34.939 0.0000000000
99745  37.058  22.279  34.273 0.0000000000
103721  40.435  28.109  41.590 0.0000000000
128572  35.932  23.616  38.524 0.0000000000
95156  43.505  14.503  35.130 0.0000000000
138140  43.302  14.525  33.819 0.0000000000
95155  44.720  14.739  34.999 0.0000000000
95154  46.783  14.777  35.079 0.0000000000
100958  43.141  23.494  44.456 0.0000000000
100357  43.084  22.663  43.655 0.0000000000
100340  45.033  22.345  44.621 0.0000000000
99681  45.597  20.716  43.209 0.0000000000
98995  44.930  20.626  41.715 0.0000000000
138725  38.718  20.128  42.111 0.0000000000
135214  39.528  20.470  41.369 0.0000000000
99007  38.270  20.463  40.347 0.0000000000
99032  38.106  20.114  38.631 0.0000000000
97746  37.926  18.852  36.804 0.0000000000
97155  37.957  17.707  35.826 0.0000000000
97148  37.238  17.364  36.982 0.0000000000
95838  37.245  15.385  37.355 0.0000000000
95115  37.958  14.065  37.863 0.0000000000
106598  36.508  33.785  36.880 0.0000000000
104285  39.773  29.574  41.891 0.0000000000
105492  40.411  31.395  41.275 0.0000000000
104275  41.505  30.240  43.238 0.0000000000
104845  41.978  30.444  43.676 0.0000000000
131323  43.047  29.941  43.665 0.0000000000
104254  45.160  28.114  42.721 0.0000000000
103676  44.622  27.830  44.171 0.0000000000
102074  45.273  25.471  44.990 0.0000000000
101072  43.519  23.266  32.571 0.0000000000
101074  41.271  23.530  32.927 0.0000000000
100465  42.917  23.028  31.232 0.0000000000
99786  41.065  21.600  29.814 0.0000000000
98413  40.242  19.939  28.696 0.0000000000
95920  43.843  15.155  26.926 0.0000000000
95921  43.042  16.074  26.783 0.0000000000
97764  33.125  18.751  34.204 0.0000000000
99076  34.431  20.555  34.593 0.0000000000
98372  33.749  19.165  33.842 0.0000000000
97178  33.732  17.780  33.685 0.0000000000
97177  34.328  17.467  33.334 0.0000000000
129337  35.563  16.857  32.580 0.0000000000
96536  36.211  16.536  32.343 0.0000000000
104931  44.344  29.402  36.582 0.0000000000
128585  41.956  30.450  36.608 0.0000000000
101541  42.312  25.099  45.942 0.0000000000
100321  42.689  22.544  46.675 0.0000000000
100937  41.273  23.384  46.115 0.0000000000
100329  40.593  22.256  45.905 0.0000000000
132541  39.650  21.353  44.765 0.0000000000
138795  38.417  20.083  43.995 0.0000000000
98313  37.823  19.626  42.936 0.0000000000
132680  34.092  34.308  38.632 0.0000000000
138376  35.742  32.871  38.728 0.0000000000
104901  37.214  30.941  39.598 0.0000000000
104286  38.355  29.288  41.229 0.0000000000
103711  39.909  28.641  43.008 0.0000000000
103117  40.649  27.646  44.819 0.0000000000
98376  39.735  19.213  32.420 0.0000000000
130346  40.421  18.989  31.090 0.0000000000
97189  40.467  17.545  30.991 0.0000000000
96543  41.385  16.171  30.684 0.0000000000
95904  42.872  15.463  29.317 0.0000000000
117248  43.282  14.564  32.110 0.0000000000
124924  43.817  14.525  31.078 0.0000000000
95220  44.667  14.825  28.364 0.0000000000
100985  39.418  23.802  40.388 0.0000000000
101011  39.294  23.367  38.702 0.0000000000
100984  40.469  23.138  39.856 0.0000000000
100409  41.899  22.716  38.470 0.0000000000
100420  42.514  22.727  37.514 0.0000000000
121273  43.441  22.136  41.234 0.0000000000
100408  44.812  22.417  38.205 0.0000000000
134756  44.123  22.775  35.734 0.0000000000
100447  44.774  22.239  33.804 0.0000000000
99741  44.089  21.793  33.748 0.0000000000
99743  41.389  21.336  33.229 0.0000000000
99651  43.181  21.434  45.790 0.0000000000
98960  43.328  20.585  43.132 0.0000000000
99004  43.640  20.559  40.349 0.0000000000
117565  40.813  20.580  40.171 0.0000000000
99015  41.634  20.530  39.584 0.0000000000
99027  43.208  20.696  38.053 0.0000000000
99052  42.012  20.806  36.587 0.0000000000
99072  41.214  21.040  34.581 0.0000000000
99082  39.746  20.116  33.603 0.0000000000
97768  39.308  18.797  33.115 0.0000000000
97175  39.256  17.110  33.167 0.0000000000
95870  39.877  15.660  33.795 0.0000000000
96512  38.265  16.317  35.286 0.0000000000
95158  39.989  14.658  35.031 0.0000000000
95170  41.654  14.445  34.759 0.0000000000
95143  42.475  14.242  36.220 0.0000000000
106112  40.120  32.914  33.825 0.0000000000
106091  41.563  32.332  35.681 0.0000000000
106090  42.476  32.075  36.037 0.0000000000
125562  40.458  33.698  40.813 0.0000000000
106585  40.494  33.753  38.580 0.0000000000
129417  41.061  33.129  37.982 0.0000000000
126886  42.548  32.650  38.117 0.0000000000
105535  44.591  31.162  37.844 0.0000000000
104896  45.262  29.564  38.644 0.0000000000
123177  44.937  28.518  39.813 0.0000000000
103733  44.167  28.409  40.976 0.0000000000
122288  45.201  27.730  42.538 0.0000000000
103709  43.793  27.831  42.199 0.0000000000
103155  41.401  28.032  42.185 0.0000000000
102620  40.286  26.286  42.611 0.0000000000
101567  39.702  25.024  42.040 0.0000000000
130099  39.127  23.325  36.894 0.0000000000
101066  38.176  23.471  34.425 0.0000000000
99756  37.556  21.721  33.674 0.0000000000
100468  39.335  22.424  32.864 0.0000000000
99769  37.985  21.236  32.949 0.0000000000
99095  36.738  20.153  32.756 0.0000000000
98391  36.607  19.138  31.353 0.0000000000
97192  36.423  17.785  31.289 0.0000000000
98400  41.319  20.052  29.137 0.0000000000
98423  40.764  19.301  28.341 0.0000000000
97811  40.247  18.814  28.087 0.0000000000
96586  41.656  16.740  26.862 0.0000000000
97211  39.185  17.570  28.665 0.0000000000
123693  47.662  13.503  38.375 0.0000000000
93551  47.103  13.297  36.637 0.0000000000
101012  38.255  23.425  38.664 0.0000000000
101030  38.742  23.257  37.829 0.0000000000
100986  38.787  24.044  40.108 0.0000000000
101575  38.439  24.673  40.464 0.0000000000
117795  37.816  23.868  39.302 0.0000000000
95112  46.523  14.659  38.306 0.0000000000
101529  44.592  25.099  46.483 0.0000000000
100935  45.860  23.725  46.278 0.0000000000
128098  44.549  23.996  46.744 0.0000000000
102058  43.117  26.154  46.070 0.0000000000
102568  42.513  26.876  45.663 0.0000000000
102057  44.378  26.003  46.138 0.0000000000
99090  42.282  21.512  30.622 0.0000000000
100434  33.963  21.762  36.368 0.0000000000
99085  35.593  20.374  33.729 0.0000000000
98369  35.972  19.843  33.072 0.0000000000
104292  42.166  29.389  40.514 0.0000000000
139460  42.807  29.410  39.855 0.0000000000
99727  33.507  21.982  37.063 0.0000000000
136683  38.172  26.420  45.041 0.0000000000
102062  38.643  25.634  45.024 0.0000000000
135390  37.774  25.845  45.250 0.0000000000
102612  37.210  26.710  44.192 0.0000000000
127021  37.735  26.855  44.806 0.0000000000
102593  38.377  26.865  44.823 0.0000000000
95868  40.941  15.146  33.299 0.0000000000
95879  41.128  15.271  32.731 0.0000000000
95180  41.621  14.722  33.246 0.0000000000
94432  47.179  13.984  32.444 0.0000000000
133531  41.744  23.973  43.734 0.0000000000
100366  42.013  22.700  42.367 0.0000000000
100970  42.031  22.987  43.062 0.0000000000
117773  45.994  20.761  40.384 0.0000000000
99011  46.318  20.903  39.364 0.0000000000
99025  46.006  20.826  38.884 0.0000000000
99708  45.584  21.222  37.803 0.0000000000
99026  44.383  20.738  38.601 0.0000000000
131915  40.236  20.607  43.595 0.0000000000
98339  38.419  19.599  37.277 0.0000000000
98338  39.167  19.912  36.793 0.0000000000
98353  38.675  18.992  35.611 0.0000000000
94390  39.374  13.675  37.287 0.0000000000
106084  37.870  32.880  36.296 0.0000000000
106094  37.572  32.669  35.335 0.0000000000
106074  38.801  32.771  36.480 0.0000000000
105516  38.413  31.870  39.802 0.0000000000
130638  38.196  32.605  39.625 0.0000000000
105505  39.161  31.999  40.196 0.0000000000
104870  42.565  31.346  42.505 0.0000000000
105489  42.347  32.150  42.154 0.0000000000
105501  43.054  31.404  41.130 0.0000000000
104869  43.459  30.694  41.603 0.0000000000
104868  44.890  29.371  40.814 0.0000000000
104283  44.292  29.653  41.687 0.0000000000
101561  42.268  24.104  44.167 0.0000000000
102083  42.855  25.704  44.358 0.0000000000
101562  41.581  24.574  43.685 0.0000000000
101039  41.858  23.296  36.026 0.0000000000
101051  40.810  23.938  34.755 0.0000000000
101063  41.901  23.688  34.050 0.0000000000
98401  39.629  20.277  29.243 0.0000000000
98402  38.573  19.789  29.682 0.0000000000
98415  38.191  19.133  29.456 0.0000000000
96563  42.562  16.469  28.507 0.0000000000
96572  42.298  17.343  27.864 0.0000000000
130874  42.675  16.686  27.346 0.0000000000
100422  36.336  22.713  36.830 0.0000000000
100441  36.770  23.105  35.487 0.0000000000
101054  37.310  23.378  34.925 0.0000000000
102630  39.870  26.727  42.105 0.0000000000
103156  39.772  27.346  41.688 0.0000000000
102631  39.214  26.477  41.534 0.0000000000
102103  37.776  25.655  40.326 0.0000000000
102641  38.113  26.195  40.559 0.0000000000
118008  36.667  23.141  38.126 0.0000000000
101014  36.616  23.722  38.751 0.0000000000
101033  35.801  23.030  37.981 0.0000000000
128485  43.204  14.392  35.799 0.0000000000
120501  44.140  14.585  35.779 0.0000000000
135307  47.328  14.843  36.890 0.0000000000
137139  46.889  14.842  35.973 0.0000000000
95153  47.425  14.485  35.417 0.0000000000
94418  47.702  14.138  35.079 0.0000000000
94410  47.719  13.959  35.309 0.0000000000
106639  40.795  33.342  33.159 0.0000000000
106654  40.537  33.817  32.300 0.0000000000
101557  44.314  24.013  45.158 0.0000000000
100341  43.791  22.718  44.383 0.0000000000
100956  45.767  22.881  45.477 0.0000000000
138319  46.227  20.868  44.694 0.0000000000
99659  46.296  21.134  44.529 0.0000000000
98957  46.177  20.731  44.056 0.0000000000
98982  45.566  20.644  43.138 0.0000000000
98959  44.795  20.454  43.287 0.0000000000
99000  37.834  20.127  41.239 0.0000000000
98999  38.715  20.321  41.411 0.0000000000
99008  37.456  20.195  40.428 0.0000000000
98329  37.327  19.579  38.499 0.0000000000
98340  37.622  19.159  37.589 0.0000000000
97747  37.350  18.348  37.262 0.0000000000
97754  37.694  18.035  36.520 0.0000000000
96498  37.124  16.329  37.092 0.0000000000
95134  37.854  14.681  36.994 0.0000000000
137294  37.425  14.690  37.700 0.0000000000
134436  40.140  29.252  42.575 0.0000000000
104276  40.674  29.895  42.520 0.0000000000
104258  40.841  29.334  43.334 0.0000000000
103677  42.841  28.849  44.713 0.0000000000
104245  41.901  29.504  44.357 0.0000000000
104256  42.377  29.968  44.054 0.0000000000
104844  42.386  30.502  43.514 0.0000000000
104243  43.323  29.324  44.076 0.0000000000
103691  44.483  28.477  43.634 0.0000000000
137193  43.789  28.591  44.339 0.0000000000
102056  45.408  25.190  45.409 0.0000000000
102588  45.160  26.062  44.881 0.0000000000
101556  45.551  24.729  45.545 0.0000000000
132835  44.938  25.043  44.936 0.0000000000
100455  43.733  22.870  32.373 0.0000000000
101079  43.211  23.159  31.790 0.0000000000
100464  43.228  22.947  31.534 0.0000000000
99103  42.159  21.472  29.893 0.0000000000
128263  42.143  21.777  29.756 0.0000000000
99785  41.782  21.648  29.655 0.0000000000
99789  41.249  21.237  29.374 0.0000000000
99124  41.293  20.969  29.199 0.0000000000
98362  33.342  19.538  34.434 0.0000000000
99735  35.078  21.843  35.430 0.0000000000
99736  34.372  21.562  35.650 0.0000000000
99747  34.778  21.293  34.994 0.0000000000
98371  34.437  19.391  33.597 0.0000000000
98361  34.089  19.816  34.220 0.0000000000
97770  33.692  18.526  33.689 0.0000000000
97769  34.201  18.273  33.260 0.0000000000
97185  35.340  17.668  32.320 0.0000000000
97184  35.953  17.328  31.950 0.0000000000
104328  45.183  29.037  37.832 0.0000000000
104330  44.428  29.202  37.617 0.0000000000
104933  41.702  30.442  37.489 0.0000000000
104934  40.632  30.611  37.727 0.0000000000
102059  41.128  25.290  45.477 0.0000000000
101542  41.220  24.291  45.715 0.0000000000
131283  39.574  23.033  45.857 0.0000000000
99654  40.126  21.837  45.491 0.0000000000
98949  38.240  20.572  44.254 0.0000000000
130885  38.151  19.826  43.605 0.0000000000
106580  32.751  33.853  38.211 0.0000000000
132650  32.945  33.420  38.679 0.0000000000
106044  34.969  32.540  38.743 0.0000000000
105519  35.722  31.756  38.844 0.0000000000
105518  36.676  31.483  39.206 0.0000000000
103713  37.825  27.946  42.071 0.0000000000
103723  38.107  28.601  41.618 0.0000000000
104287  37.869  29.652  40.643 0.0000000000
104278  38.937  28.960  41.837 0.0000000000
140916  39.212  28.557  42.471 0.0000000000
102570  39.814  26.373  44.890 0.0000000000
137387  39.827  27.361  44.595 0.0000000000
136375  40.513  26.472  45.104 0.0000000000
102569  40.997  26.085  45.311 0.0000000000
97773  39.436  18.291  32.596 0.0000000000
97190  39.868  17.901  31.859 0.0000000000
96545  40.032  17.127  31.969 0.0000000000
95885  41.777  15.360  31.363 0.0000000000
95894  42.258  15.451  30.495 0.0000000000
130667  44.349  14.596  33.567 0.0000000000
95178  43.309  14.542  33.098 0.0000000000
95190  44.586  14.562  32.676 0.0000000000
119986  45.408  14.408  30.777 0.0000000000
95209  44.366  14.537  30.133 0.0000000000
117227  44.961  14.585  29.271 0.0000000000
136183  45.509  14.436  28.095 0.0000000000
95219  45.928  14.313  28.760 0.0000000000
123787  40.117  23.445  40.667 0.0000000000
118795  39.853  23.438  39.959 0.0000000000
100983  40.759  23.038  40.452 0.0000000000
120170  42.159  22.651  40.085 0.0000000000
100396  41.886  22.726  39.268 0.0000000000
120520  42.475  22.617  38.813 0.0000000000
118674  42.709  22.609  38.246 0.0000000000
100364  44.200  21.654  43.007 0.0000000000
100385  44.592  21.584  40.940 0.0000000000
100407  46.045  22.182  37.749 0.0000000000
137225  45.628  22.189  38.647 0.0000000000
100419  45.437  22.433  37.156 0.0000000000
100431  44.377  22.599  36.572 0.0000000000
100430  45.374  22.157  35.439 0.0000000000
100439  45.133  22.125  34.454 0.0000000000
100438  45.249  21.958  35.049 0.0000000000
99725  44.090  21.480  35.677 0.0000000000
99733  44.010  21.557  34.741 0.0000000000
99742  42.685  21.656  33.500 0.0000000000
137631  42.094  22.293  46.509 0.0000000000
100327  42.548  21.971  46.422 0.0000000000
117197  42.190  20.682  42.782 0.0000000000
98984  42.200  20.574  41.908 0.0000000000
98996  43.371  20.537  41.275 0.0000000000
134188  42.558  20.538  40.637 0.0000000000
99006  39.242  20.551  40.623 0.0000000000
117840  40.116  20.591  40.829 0.0000000000
117564  39.857  20.631  39.869 0.0000000000
119958  41.148  20.498  38.254 0.0000000000
99016  40.744  20.522  39.182 0.0000000000
99028  41.637  20.504  38.809 0.0000000000
119959  42.673  20.574  38.930 0.0000000000
120607  42.142  20.554  38.097 0.0000000000
99041  42.850  20.819  37.256 0.0000000000
99064  39.724  20.134  35.479 0.0000000000
121111  40.252  20.486  34.883 0.0000000000
99073  40.354  20.648  33.999 0.0000000000
98367  39.454  19.440  33.309 0.0000000000
97168  38.602  17.353  34.336 0.0000000000
97176  38.928  17.565  33.659 0.0000000000
96527  38.958  16.831  33.847 0.0000000000
96526  39.538  16.385  33.418 0.0000000000
97162  37.883  16.869  35.805 0.0000000000
95854  38.478  15.528  35.545 0.0000000000
124717  40.030  14.233  35.803 0.0000000000
128488  40.777  14.631  34.677 0.0000000000
135289  40.892  14.345  35.453 0.0000000000
139637  41.799  14.289  35.606 0.0000000000
106115  37.244  32.777  33.635 0.0000000000
106642  37.868  33.158  32.966 0.0000000000
106113  39.177  32.863  33.859 0.0000000000
122227  41.054  32.424  36.274 0.0000000000
121096  40.576  32.471  35.560 0.0000000000
106081  41.750  32.347  36.537 0.0000000000
105504  40.006  32.216  40.667 0.0000000000
105503  40.934  32.830  41.268 0.0000000000
106562  41.487  33.784  40.628 0.0000000000
106563  40.969  34.313  40.811 0.0000000000
106568  40.383  34.770  40.341 0.0000000000
106574  40.511  34.585  39.661 0.0000000000
106584  41.254  33.658  38.928 0.0000000000
106056  42.818  32.610  38.710 0.0000000000
106055  43.664  31.855  38.498 0.0000000000
106070  43.411  32.116  37.889 0.0000000000
105529  45.196  30.222  38.100 0.0000000000
103731  45.194  28.602  40.162 0.0000000000
104304  45.334  28.897  39.306 0.0000000000
103732  44.932  28.365  40.542 0.0000000000
103690  45.091  27.724  43.273 0.0000000000
103130  45.089  27.478  43.143 0.0000000000
103145  43.483  27.526  42.962 0.0000000000
124206  42.431  27.457  43.101 0.0000000000
103710  42.436  27.857  42.568 0.0000000000
103146  41.539  27.422  42.791 0.0000000000
102619  41.035  26.682  42.967 0.0000000000
100972  40.597  23.946  42.425 0.0000000000
101566  40.202  24.819  42.476 0.0000000000
101570  39.918  24.374  41.854 0.0000000000
100976  39.603  24.028  41.138 0.0000000000
101010  40.293  23.149  38.323 0.0000000000
101029  39.683  23.282  37.656 0.0000000000
132842  39.982  23.397  36.700 0.0000000000
101075  39.288  23.723  34.018 0.0000000000
101053  38.954  23.858  34.668 0.0000000000
99744  37.859  22.714  34.005 0.0000000000
100466  41.357  23.173  32.101 0.0000000000
100467  40.371  22.662  32.326 0.0000000000
99093  38.356  20.903  32.056 0.0000000000
99094  37.535  20.490  32.447 0.0000000000
98377  37.075  19.750  31.894 0.0000000000
97202  37.526  17.681  30.273 0.0000000000
97203  37.007  18.268  30.522 0.0000000000
97191  37.079  17.376  30.989 0.0000000000
136204  37.290  16.526  31.464 0.0000000000
125012  40.893  18.321  30.247 0.0000000000
129667  41.030  19.073  30.178 0.0000000000
97788  41.341  19.004  29.074 0.0000000000
97796  41.492  18.398  27.901 0.0000000000
97797  41.220  18.970  28.258 0.0000000000
97810  40.953  18.580  27.783 0.0000000000
95922  42.319  16.402  26.712 0.0000000000
95914  41.759  15.960  26.900 0.0000000000
101013  37.343  23.516  38.675 0.0000000000
130357  36.938  22.803  37.305 0.0000000000
122028  37.539  22.908  36.971 0.0000000000
101043  37.771  23.276  36.144 0.0000000000
102098  39.421  25.608  41.825 0.0000000000
102099  38.870  25.561  41.293 0.0000000000
101572  38.736  24.961  40.959 0.0000000000
101576  37.835  24.989  40.238 0.0000000000
101583  37.487  24.565  39.677 0.0000000000
95129  45.023  14.501  37.349 0.0000000000
95128  46.358  14.741  37.506 0.0000000000
95127  47.454  14.675  37.757 0.0000000000
95126  47.880  14.337  37.557 0.0000000000
101540  45.760  24.626  45.920 0.0000000000
100934  46.228  22.779  46.013 0.0000000000
100318  46.151  22.134  46.144 0.0000000000
99641  45.415  21.781  46.268 0.0000000000
98322  36.271  19.583  40.793 0.0000000000
129802  36.797  19.949  40.106 0.0000000000
97738  36.283  18.273  38.461 0.0000000000
103679  40.983  28.389  44.541 0.0000000000
103692  41.301  29.085  44.152 0.0000000000
103669  42.441  28.251  45.185 0.0000000000
103104  43.264  27.541  45.488 0.0000000000
103103  44.342  27.458  44.928 0.0000000000
102566  44.512  26.518  45.614 0.0000000000
102041  45.368  25.349  46.003 0.0000000000
99753  42.939  22.062  32.177 0.0000000000
99766  42.908  22.178  31.076 0.0000000000
99115  41.691  20.783  29.676 0.0000000000
99075  35.227  20.866  34.403 0.0000000000
98380  34.740  18.814  32.979 0.0000000000
98392  35.943  18.782  31.842 0.0000000000
104322  43.892  29.151  38.457 0.0000000000
104898  42.434  29.863  39.085 0.0000000000
104899  41.028  30.152  39.169 0.0000000000
100410  33.510  22.893  38.067 0.0000000000
99717  32.756  21.784  37.205 0.0000000000
102061  39.510  25.570  44.995 0.0000000000
101543  40.169  24.678  45.350 0.0000000000
131979  39.132  24.735  45.207 0.0000000000
131038  38.711  24.087  45.504 0.0000000000
103150  36.155  27.244  41.800 0.0000000000
103725  36.559  28.005  41.321 0.0000000000
103149  36.792  27.138  42.418 0.0000000000
103148  37.512  27.370  42.632 0.0000000000
103147  38.309  27.644  42.840 0.0000000000
103695  39.132  28.009  43.107 0.0000000000
103134  38.652  27.535  43.671 0.0000000000
137642  39.347  26.944  44.775 0.0000000000
96534  39.761  16.729  32.688 0.0000000000
121731  40.295  16.435  32.253 0.0000000000
95887  40.791  15.867  32.163 0.0000000000
95886  41.433  15.307  32.092 0.0000000000
95201  42.143  14.787  32.049 0.0000000000
126916  46.721  14.660  33.627 0.0000000000
95189  46.176  14.493  32.305 0.0000000000
120486  47.044  14.268  32.902 0.0000000000
95197  46.923  13.932  31.406 0.0000000000
120155  46.623  14.008  30.543 0.0000000000
138130  40.854  23.342  41.888 0.0000000000
100974  40.770  23.147  41.174 0.0000000000
100374  41.549  22.790  41.656 0.0000000000
126873  42.360  22.467  40.981 0.0000000000
99691  45.530  20.774  41.237 0.0000000000
100384  45.826  21.160  40.443 0.0000000000
99699  46.259  20.870  39.927 0.0000000000
99706  46.250  21.343  38.610 0.0000000000
99722  46.212  22.034  37.096 0.0000000000
99723  45.776  22.051  36.400 0.0000000000
99715  45.463  21.583  36.799 0.0000000000
99716  44.175  21.352  36.581 0.0000000000
124583  43.044  21.208  36.445 0.0000000000
99662  41.559  21.320  44.749 0.0000000000
98962  41.157  20.731  43.265 0.0000000000
98985  41.232  20.559  42.378 0.0000000000
99030  39.429  20.400  38.400 0.0000000000
117563  39.918  20.567  39.042 0.0000000000
117990  39.884  20.399  37.838 0.0000000000
99043  40.585  20.459  37.623 0.0000000000
99053  40.832  20.514  36.651 0.0000000000
99054  39.857  20.234  36.328 0.0000000000
98352  39.188  19.532  35.142 0.0000000000
98368  39.077  18.815  33.833 0.0000000000
98360  38.814  18.850  34.696 0.0000000000
141347  38.441  17.738  34.712 0.0000000000
95845  38.170  15.181  36.212 0.0000000000
95159  38.838  14.830  35.845 0.0000000000
95146  39.348  14.303  36.161 0.0000000000
94402  39.942  13.829  36.576 0.0000000000
133212  37.125  32.609  34.910 0.0000000000
106104  37.518  32.642  34.466 0.0000000000
106103  38.245  32.623  34.673 0.0000000000
106102  39.017  32.634  34.763 0.0000000000
106092  39.125  32.582  35.581 0.0000000000
106083  39.674  32.547  36.075 0.0000000000
106082  40.373  32.556  36.612 0.0000000000
106057  36.102  34.294  39.083 0.0000000000
107150  36.132  35.720  39.132 0.0000000000
106042  37.224  33.794  39.339 0.0000000000
106041  38.207  33.849  39.650 0.0000000000
105479  41.870  31.806  42.593 0.0000000000
106023  41.690  32.997  41.456 0.0000000000
105490  42.028  32.479  42.200 0.0000000000
106022  41.964  32.918  41.659 0.0000000000
106027  42.016  33.231  40.986 0.0000000000
106038  42.167  33.168  39.815 0.0000000000
105515  42.588  32.481  40.296 0.0000000000
105514  43.483  31.392  40.108 0.0000000000
104897  44.850  29.945  39.531 0.0000000000
102608  44.532  26.742  43.904 0.0000000000
102590  43.840  26.114  44.380 0.0000000000
102609  42.739  26.420  43.964 0.0000000000
102610  41.494  26.172  43.498 0.0000000000
102085  41.096  25.371  43.380 0.0000000000
101040  40.854  23.363  36.437 0.0000000000
125144  40.277  23.659  35.766 0.0000000000
101065  39.976  23.938  34.329 0.0000000000
99105  39.794  21.232  30.426 0.0000000000
99106  38.715  20.692  31.059 0.0000000000
98390  37.340  19.508  30.940 0.0000000000
98403  37.699  19.312  30.113 0.0000000000
137945  37.561  18.255  29.937 0.0000000000
97199  41.497  16.919  29.685 0.0000000000
97209  41.772  17.767  28.499 0.0000000000
97220  41.911  17.817  27.608 0.0000000000
118259  35.013  22.463  37.041 0.0000000000
100442  35.678  22.362  35.500 0.0000000000
118159  36.363  22.916  36.027 0.0000000000
129603  36.216  22.773  35.611 0.0000000000
119746  36.386  21.885  34.446 0.0000000000
99757  36.757  21.407  33.899 0.0000000000
120799  41.486  28.655  41.522 0.0000000000
103735  40.707  28.795  40.948 0.0000000000
103722  39.706  27.910  41.183 0.0000000000
102640  38.624  26.754  40.810 0.0000000000
127068  35.174  22.824  37.747 0.0000000000
102633  35.391  26.679  42.141 0.0000000000
102623  36.225  26.618  42.747 0.0000000000
102613  36.607  26.501  43.759 0.0000000000
95169  42.720  14.459  34.421 0.0000000000
95179  42.479  14.520  33.552 0.0000000000
120283  43.958  14.590  34.362 0.0000000000
95168  45.515  14.746  34.117 0.0000000000
118997  45.563  14.811  35.687 0.0000000000
123708  45.895  14.859  34.820 0.0000000000
95167  46.826  14.771  34.240 0.0000000000
123202  47.259  14.344  33.665 0.0000000000
94425  47.439  14.128  33.788 0.0000000000
100356  44.488  21.950  43.846 0.0000000000
99672  45.640  21.079  43.264 0.0000000000
100339  46.182  21.769  44.927 0.0000000000
100355  45.716  21.402  44.148 0.0000000000
98994  45.409  20.866  42.189 0.0000000000
99002  45.685  20.779  41.073 0.0000000000
99003  44.965  20.625  40.829 0.0000000000
118529  38.686  19.910  42.833 0.0000000000
133504  39.260  20.299  42.101 0.0000000000
119027  38.988  20.606  39.892 0.0000000000
99019  37.540  20.187  39.485 0.0000000000
99018  38.447  20.445  39.349 0.0000000000
118000  38.768  20.340  38.700 0.0000000000
99031  38.674  20.041  38.069 0.0000000000
97753  38.204  18.486  36.071 0.0000000000
97156  37.655  17.333  36.317 0.0000000000
96506  37.522  16.598  36.441 0.0000000000
95846  37.573  15.665  36.630 0.0000000000
95133  38.589  14.031  37.169 0.0000000000
94391  38.785  13.634  37.901 0.0000000000
106597  37.334  33.628  37.050 0.0000000000
104872  39.598  30.279  41.261 0.0000000000
104885  39.277  30.978  40.577 0.0000000000
104871  40.469  30.478  41.851 0.0000000000
104857  41.308  30.797  42.552 0.0000000000
104257  41.669  29.801  43.865 0.0000000000
133148  41.964  31.089  43.187 0.0000000000
104856  42.401  31.023  43.048 0.0000000000
104843  43.178  30.166  43.112 0.0000000000
104274  44.282  29.439  42.328 0.0000000000
104255  44.155  29.199  43.142 0.0000000000
103114  45.087  27.339  43.725 0.0000000000
103102  44.921  26.696  44.915 0.0000000000
102607  44.967  26.999  44.271 0.0000000000
101558  43.341  24.410  44.746 0.0000000000
101062  43.363  23.398  33.629 0.0000000000
135990  42.458  23.602  33.280 0.0000000000
101073  42.415  23.531  32.614 0.0000000000
101080  42.388  23.343  31.815 0.0000000000
100475  41.440  22.653  31.174 0.0000000000
99775  42.916  22.677  31.155 0.0000000000
99777  42.043  22.153  29.987 0.0000000000
99116  40.244  20.960  29.601 0.0000000000
95912  43.734  15.450  27.435 0.0000000000
140700  43.145  16.171  27.202 0.0000000000
124859  32.840  17.993  34.398 0.0000000000
99065  34.015  20.920  35.213 0.0000000000
99077  33.651  20.263  34.780 0.0000000000
130555  33.291  18.093  33.996 0.0000000000
96530  33.900  16.964  33.961 0.0000000000
97775  34.684  17.981  32.700 0.0000000000
96537  34.940  17.178  32.931 0.0000000000
95881  35.847  16.218  32.899 0.0000000000
104932  43.003  29.868  37.087 0.0000000000
104293  41.060  29.382  40.408 0.0000000000
104307  40.567  29.620  39.728 0.0000000000
101530  43.385  24.555  46.564 0.0000000000
101531  42.125  23.933  46.289 0.0000000000
125285  41.875  22.831  46.519 0.0000000000
100328  41.504  22.169  46.234 0.0000000000
134249  40.395  23.493  45.806 0.0000000000
100322  40.939  22.722  46.169 0.0000000000
99653  40.902  21.877  45.750 0.0000000000
99663  40.653  21.442  45.022 0.0000000000
98947  39.967  20.861  44.262 0.0000000000
98964  38.905  20.124  43.614 0.0000000000
98317  37.415  19.683  42.046 0.0000000000
136625  34.694  34.448  38.731 0.0000000000
106045  34.118  32.285  38.824 0.0000000000
106059  34.334  33.491  38.747 0.0000000000
106043  36.486  32.639  38.879 0.0000000000
105517  37.623  31.779  39.470 0.0000000000
104900  37.915  30.998  39.816 0.0000000000
103739  36.190  28.465  40.812 0.0000000000
104887  37.303  30.195  40.041 0.0000000000
104873  38.732  29.991  40.862 0.0000000000
140783  39.060  29.590  41.392 0.0000000000
104277  39.563  28.987  42.323 0.0000000000
103680  40.184  27.984  44.328 0.0000000000
103106  41.242  27.013  45.292 0.0000000000
130734  41.851  26.062  45.583 0.0000000000
99092  40.023  20.025  32.672 0.0000000000
98375  40.524  19.892  31.671 0.0000000000
97781  39.932  18.654  31.825 0.0000000000
97780  40.351  18.379  31.095 0.0000000000
96544  40.632  16.547  31.431 0.0000000000
96555  40.946  16.954  30.507 0.0000000000
95905  42.070  16.231  29.654 0.0000000000
95191  42.355  14.600  32.772 0.0000000000
95199  44.922  14.500  31.729 0.0000000000
95210  43.153  14.774  30.327 0.0000000000
95221  43.797  14.804  29.385 0.0000000000
95903  43.636  15.310  28.454 0.0000000000
100996  39.312  23.590  39.648 0.0000000000
100995  40.033  23.271  39.240 0.0000000000
100388  41.230  22.847  39.880 0.0000000000
100397  40.980  22.951  38.990 0.0000000000
100421  41.251  22.862  37.942 0.0000000000
101027  41.564  23.014  36.988 0.0000000000
100432  42.812  22.905  36.431 0.0000000000
100365  42.956  22.362  42.665 0.0000000000
100386  43.519  22.298  40.296 0.0000000000
134788  44.939  21.831  40.107 0.0000000000
117833  44.451  22.289  39.283 0.0000000000
117838  43.420  22.505  38.624 0.0000000000
117837  43.779  22.568  37.728 0.0000000000
101038  43.120  23.153  35.461 0.0000000000
100440  44.460  22.679  34.852 0.0000000000
101071  44.365  22.865  33.039 0.0000000000
100454  44.413  22.597  33.241 0.0000000000
99739  45.157  22.005  34.413 0.0000000000
99740  44.849  21.921  34.084 0.0000000000
99752  43.943  22.350  32.854 0.0000000000
99081  40.550  20.729  32.928 0.0000000000
131130  43.771  22.935  46.789 0.0000000000
99642  43.885  21.814  46.373 0.0000000000
99660  44.064  20.811  44.980 0.0000000000
99661  42.611  21.200  44.859 0.0000000000
98945  43.588  20.649  44.028 0.0000000000
134671  44.232  20.504  42.776 0.0000000000
98998  40.304  20.483  41.902 0.0000000000
117566  40.999  20.577  41.029 0.0000000000
99005  41.689  20.558  40.427 0.0000000000
117839  42.548  20.540  39.916 0.0000000000
99014  43.604  20.592  39.523 0.0000000000
99726  42.731  21.322  35.744 0.0000000000
99062  41.559  20.919  35.709 0.0000000000
131429  39.214  17.737  33.069 0.0000000000
97183  39.084  18.221  33.415 0.0000000000
95869  40.528  15.280  33.640 0.0000000000
95181  41.089  14.774  33.953 0.0000000000
129474  38.234  17.257  35.106 0.0000000000
96520  38.619  16.571  34.584 0.0000000000
95863  38.794  15.784  34.856 0.0000000000
95862  39.516  15.358  34.536 0.0000000000
95171  40.297  15.037  34.256 0.0000000000
95157  42.538  14.352  35.332 0.0000000000
95142  43.512  14.370  36.448 0.0000000000
95130  43.902  14.313  37.209 0.0000000000
132664  39.685  32.688  34.424 0.0000000000
106101  40.403  32.624  34.596 0.0000000000
106100  41.391  32.480  34.755 0.0000000000
106099  42.456  32.126  35.044 0.0000000000
139368  43.411  31.728  36.385 0.0000000000
106588  37.733  34.554  37.874 0.0000000000
139796  38.457  34.267  37.952 0.0000000000
130216  39.703  33.086  40.406 0.0000000000
106029  41.119  33.924  41.054 0.0000000000
106576  39.078  34.743  38.655 0.0000000000
106587  38.967  33.462  37.545 0.0000000000
106586  39.735  33.634  38.104 0.0000000000
106072  40.384  32.943  37.562 0.0000000000
106039  42.053  33.339  38.936 0.0000000000
141627  41.825  32.475  37.149 0.0000000000
106080  42.631  32.247  37.120 0.0000000000
105536  43.972  31.546  37.084 0.0000000000
135365  45.035  30.738  37.038 0.0000000000
104320  45.285  28.866  38.531 0.0000000000
104305  45.182  28.685  39.202 0.0000000000
104291  43.859  28.680  40.277 0.0000000000
104284  42.690  28.814  41.179 0.0000000000
104273  45.055  28.449  42.190 0.0000000000
103707  45.230  27.947  41.817 0.0000000000
103708  45.050  27.801  41.942 0.0000000000
103131  44.615  27.292  43.281 0.0000000000
128737  44.573  27.906  41.702 0.0000000000
103719  43.733  28.241  41.570 0.0000000000
103720  42.489  28.367  41.925 0.0000000000
126047  40.522  27.277  42.361 0.0000000000
102611  40.793  26.003  43.132 0.0000000000
102092  39.943  25.568  42.365 0.0000000000
101571  39.279  24.828  41.431 0.0000000000
101042  38.580  23.455  36.082 0.0000000000
101041  39.416  23.582  35.982 0.0000000000
133309  38.905  23.751  35.360 0.0000000000
126720  38.054  23.645  35.162 0.0000000000
100448  37.355  23.076  34.543 0.0000000000
101064  41.213  23.803  33.709 0.0000000000
100456  40.063  23.200  33.184 0.0000000000
99767  39.940  22.091  31.916 0.0000000000
99768  38.830  21.661  32.483 0.0000000000
99755  38.394  22.088  33.341 0.0000000000
99083  37.204  20.865  33.286 0.0000000000
98378  36.279  19.437  32.238 0.0000000000
97782  36.478  18.550  31.206 0.0000000000
96548  36.597  16.921  31.661 0.0000000000
98387  41.099  19.754  30.509 0.0000000000
132562  41.120  19.558  28.588 0.0000000000
98412  41.042  20.282  28.808 0.0000000000
97798  39.720  19.229  28.450 0.0000000000
122855  42.298  16.853  26.827 0.0000000000
96585  42.004  17.173  26.712 0.0000000000
124494  41.506  17.232  27.032 0.0000000000
95915  41.196  15.939  27.649 0.0000000000
96573  40.917  16.873  27.417 0.0000000000
97221  41.000  17.737  27.415 0.0000000000
97222  40.150  18.171  27.899 0.0000000000
97223  39.363  18.482  28.423 0.0000000000
97799  38.716  18.861  28.861 0.0000000000
97212  38.550  18.143  29.020 0.0000000000
138440  38.488  17.560  29.383 0.0000000000
94370  48.200  14.110  38.640 0.0000000000
94386  47.821  13.929  37.031 0.0000000000
93542  47.385  13.414  37.590 0.0000000000
94399  47.709  13.868  36.117 0.0000000000
94371  48.079  13.990  38.004 0.0000000000
94409  47.743  14.192  35.757 0.0000000000
94446  46.663  13.695  31.003 0.0000000000
95147  38.628  14.481  36.484 0.0000000000
95166  47.452  14.329  34.501 0.0000000000
95188  47.074  14.029  32.032 0.0000000000
97232  41.718  17.594  27.174 0.0000000000
97789  37.507  18.769  29.961 0.0000000000
98328  38.026  19.684  37.980 0.0000000000
98388  40.263  19.256  31.580 0.0000000000
98943  45.970  20.614  44.206 0.0000000000
98944  45.034  20.466  44.158 0.0000000000
98958  45.784  20.579  43.673 0.0000000000
98981  45.903  20.692  43.626 0.0000000000
98983  45.027  20.548  42.567 0.0000000000
98987  38.215  19.896  42.107 0.0000000000
99012  46.206  20.798  39.737 0.0000000000
99074  39.664  20.110  34.561 0.0000000000
99114  41.759  21.328  29.553 0.0000000000
99125  40.740  20.659  29.014 0.0000000000
99640  46.139  21.717  45.889 0.0000000000
99648  46.244  21.419  45.316 0.0000000000
99649  45.900  21.219  45.526 0.0000000000
99650  44.667  21.228  45.740 0.0000000000
99671  46.158  20.839  43.847 0.0000000000
99692  44.299  21.532  41.956 0.0000000000
99713  46.191  21.816  37.621 0.0000000000
99714  46.064  21.762  37.255 0.0000000000
99732  45.073  21.802  34.808 0.0000000000
99751  44.590  22.124  33.530 0.0000000000
100319  45.634  22.642  46.408 0.0000000000
100325  46.303  22.011  45.835 0.0000000000
100326  46.212  22.432  45.761 0.0000000000
100393  46.290  21.257  39.208 0.0000000000
100406  46.181  21.832  38.515 0.0000000000
100474  42.512  22.655  30.799 0.0000000000
100936  43.026  23.443  46.729 0.0000000000
100942  46.046  23.815  45.983 0.0000000000
100957  44.444  23.230  44.885 0.0000000000
101049  43.587  23.210  34.534 0.0000000000
101061  44.496  22.702  33.890 0.0000000000
102091  40.480  25.455  42.876 0.0000000000
102589  44.880  26.259  44.615 0.0000000000
102591  40.229  27.003  44.915 0.0000000000
102592  39.093  27.163  44.614 0.0000000000
102632  38.564  26.099  41.037 0.0000000000
103105  42.122  27.586  45.417 0.0000000000
103115  44.957  27.197  44.359 0.0000000000
103119  38.536  27.192  44.434 0.0000000000
103144  44.765  27.564  42.648 0.0000000000
103694  39.824  28.169  43.773 0.0000000000
103718  44.996  27.988  41.318 0.0000000000
104244  42.401  29.383  44.458 0.0000000000
104886  38.259  30.457  40.340 0.0000000000
105534  45.330  30.140  37.399 0.0000000000
106058  35.156  33.794  38.785 0.0000000000
106060  33.526  33.240  38.772 0.0000000000
106071  41.839  32.860  37.910 0.0000000000
106105  36.646  32.641  34.471 0.0000000000
106579  33.429  34.106  38.472 0.0000000000
117567  41.298  20.539  41.667 0.0000000000
117963  37.974  17.903  29.633 0.0000000000
120856  43.587  20.537  42.276 0.0000000000
125163  45.718  22.110  36.443 0.0000000000
126145  44.201  27.030  45.439 0.0000000000
128920  44.889  23.157  46.661 0.0000000000
129344  41.356  23.796  43.223 0.0000000000
129891  37.695  32.777  39.416 0.0000000000
130482  42.503  24.906  44.330 0.0000000000
131090  42.309  23.097  31.280 0.0000000000
135831  40.223  22.728  45.969 0.0000000000
136962  37.575  28.952  41.061 0.0000000000
137388  47.422  14.590  36.164 0.0000000000
137558  39.140  15.089  35.214 0.0000000000
138222  43.365  22.252  46.621 0.0000000000
138744  45.463  20.888  41.858 0.0000000000
139346  47.877  14.396  38.003 0.0000000000
139905  46.273  21.134  44.319 0.0000000000
140644  41.125  31.327  42.013 0.0000000000
141032  45.983  24.304  46.077 0.0000000000
141045  36.719  26.578  44.508 0.0000000000
141078  38.674  32.711  34.262 0.0000000000
